-8.000708928276463183e-01
-3.394611257921497649e-01
5.600264684204907528e-01
7.633558385574383820e-01
2.732987774151020566e-01
-3.145129641389058373e-01
1.549977378744745171e-01
1.082664322630407572e+00
2.145846248088222108e+00
2.523533294252569004e+00
-6.549936276747338193e-02
-5.237951657037380748e-01
7.378532917308586736e-01
2.259925379883288343e+00
3.073277443406827292e+00
-5.721174438891966918e-02
-4.257076069734275214e-01
-4.168053204231842446e-01
8.187169038042657609e-01
1.399874497639575388e+00
-1.137519530627266517e+00
-3.024624232652852185e-01
-7.212134085600867550e-01
2.748532352566184667e+00
4.944849148703202579e-01
-1.134358152590077440e+00
-2.534421433616864117e-01
4.522102916107288428e-01
3.861541935379588342e+00
6.590687053283457164e-01
3.408865544647336487e-01
-6.483644930802235917e-01
-7.694317206054646086e-02
2.240985426212410037e+00
9.838691752120327649e-01
2.568517519863960930e-01
-5.372709631271190833e-01
-2.294074994449117055e-01
8.361099853114632996e-01
1.754033653712040230e+00
3.417089965925326767e-01
1.022991878071281224e+00
5.811036218298487599e-01
1.819635725805525350e+00
2.664958031471496902e+00
-7.520588605658685699e-01
-9.217734957986304378e-01
-4.404697791923186112e-01
-2.959816446847084448e-01
1.231678688682022571e+00
2.778098733949408913e-02
3.505551302511401152e-02
7.330236566271667309e-01
2.524342562377462684e+00
1.986950253985398041e+00
1.098836638140708200e+00
3.593414185392590499e-01
4.068527074386791842e-01
1.208611722196473170e+00
1.791552800991028871e+00
6.379327694646043101e-01
9.395381416566380706e-01
4.314602487472073838e-02
2.202238438098745199e+00
5.090002493850592558e+00
1.018734340685555795e+00
4.782874818733534039e-01
-1.282885312773066888e-01
1.819855089387512725e+00
5.154993995647586758e+00
-1.395960415475841376e+00
1.694896652122133696e-01
-1.722877117599727337e-01
3.834282017419302413e+00
6.243953738681103260e+00
-1.552890695683303568e-01
4.600563298305769266e-01
-3.670675066376742346e-01
5.155156814549294308e-01
4.860288298878959523e+00
6.067105654285059879e-01
2.708371342839540064e-01
-6.616364599494276577e-01
1.138595051182413220e+00
2.063161694059125306e+00
-2.473515577064861748e-01
-8.140152912699692989e-01
2.276520674325485660e-01
2.966483559725861419e+00
1.693879755429171574e+00
7.010429678816034738e-01
-1.042733517056335879e+00
2.333569997172921240e-01
1.601745875161950439e+00
6.053920902815674854e-01
1.347223300024706250e+00
-2.571180145570902909e+00
8.494795875805911944e-02
1.536909101370737885e+00
-5.451725961333184767e-01
-2.321716122902079960e-01
-9.353243966159840994e-01
2.994960143416914855e-01
7.311590742126177211e-01
6.928431643374397542e-01
-7.243401815081981221e-01
-9.735680018121194434e-01
2.114313669299373866e-01
1.112577869887856341e+00
-4.908670747357621877e-01
-2.843975382677365049e-01
1.210009531543106281e-01
7.525516310578076462e-01
3.919121191687188865e+00
1.038533741887202710e+00
6.916270116634920528e-01
-5.144873850199445098e-01
4.056053078827656089e-01
1.740141527559202927e+00
4.188779500423403412e+00
2.447625416610158672e-02
-4.668378313356617015e-01
-1.930997690462486482e-01
7.075421722219994436e-01
1.480427250272495554e+00
-5.867951979957916064e-01
1.344092783380097245e-01
1.055429205940780157e+00
2.110850602198008019e+00
2.703098012846534726e+00
-7.667223501106483763e-01
-6.592996025926127768e-01
5.537509464499049683e-01
2.033651693973665131e-01
4.733380190349432137e-01
9.429502791839778908e-01
-5.894415169371279850e-01
-4.541470123232796419e-01
1.147613356747577251e+00
1.183089209286097843e+00
2.621102943027878496e+00
8.582683721041924063e-02
-4.109953746496142202e-01
1.526094729721605203e+00
5.572657358298161334e+00
7.300815609765557435e-01
-8.897647148290516173e-01
-5.105841318328624423e-01
1.564404450187776519e+00
3.998176270397401311e+00
-3.969654699733036751e-01
6.360169584799169051e-01
4.501536557586479081e-01
8.968436215574167036e-01
6.081713675267149455e+00
-3.802216674076991376e-01
8.579929705513937577e-02
7.906995075368106196e-01
2.529979317719785126e+00
3.608025413989717656e+00
-1.060694630923402215e+00
5.019002132341222611e-01
2.914201229087824974e-01
-1.144135250829761280e-01
5.930413818658497149e+00
-9.171044109378376774e-01
-3.398160090864176253e-01
1.697011636597361428e-01
4.944631060976339976e-01
5.120177262796390405e-01
8.431033847876401310e-01
1.489235026214110746e-01
3.010204874385146723e-01
1.656105339810064025e+00
1.705665160189742124e+00
-1.496501296726925057e-01
1.081847163151016533e-01
-6.648743774563754538e-01
6.950830968007029043e-01
4.422150506776296730e+00
8.138832742940624310e-02
-1.456274498048816708e-02
5.266886893145531490e-01
2.342417289779960665e+00
4.345228698153368541e+00
3.303538871710896552e-01
4.120729032490094701e-01
-1.021946425362559641e+00
1.315290450090535357e+00
2.609146318532324482e+00
3.844184171692964780e-01
5.343179802640857234e-01
-5.947587241081386811e-01
1.034087899317237769e+00
2.124962477235877945e+00
2.324426556489455287e+00
-5.530777830785272853e-01
3.486685126646860144e-01
1.617683308230783545e+00
3.996511643724782736e-01
2.826967246997912353e-01
-1.323396728707955938e-01
-6.393692490057306665e-01
8.810096405955549770e-01
4.374128361598341286e+00
6.172254039613651183e-02
1.155397099343708822e+00
-5.162892477241934341e-02
2.109714875280440882e+00
5.912810749256013132e+00
-8.198535127392357902e-01
-2.731694499509330076e-01
-1.262631790566922652e-01
2.745892493456590699e+00
3.376783926671807490e-01
-1.074897485100703154e+00
-1.380005593481753272e-02
7.491804821167987738e-01
2.402467057635597314e+00
3.534501528835081174e+00
3.838253327497084810e-01
-4.804389896493826417e-01
1.492412951339855964e-01
2.090791918290254792e+00
1.420232659654477425e+00
-8.057585548081387383e-01
5.981627852071909057e-01
-6.183299458258229714e-02
3.208518078276407337e+00
5.630078603474178323e+00
5.029539146515019273e-03
5.360229114728380928e-01
1.262846538945426034e-01
2.466707638078134757e+00
5.003927595251912663e+00
2.628995954701762033e-02
-1.227672318895149051e+00
-5.968599440763546968e-03
2.095112615468120332e+00
5.915846000731940224e-01
9.742494251164035557e-01
2.480571991795290199e+00
-3.853897437157150496e-01
1.589324285714950102e+00
6.889220724949606911e+00
-8.834199115916044898e-01
-3.970696756238188407e-01
6.339772518018420566e-01
6.312225661369996743e-01
2.804993997753675236e-02
3.783635833566407203e-01
1.753159520758368339e-01
1.054962502924346346e+00
1.527007069082393365e+00
2.700407651876102211e+00
-1.867252467439826091e+00
1.664603913653178724e+00
-1.079750261997248550e+00
4.912209608204606281e-01
1.804024036750009774e+00
1.767288031930925596e-01
-6.368336366322544517e-01
-7.155696851815565029e-01
1.893523223544474110e+00
2.814125561480524951e+00
-5.381689298545880296e-02
7.284243732191373333e-01
7.042133182819111312e-03
2.595932936301029503e+00
5.265130988594918904e+00
-7.659866970308788492e-01
-2.435502017641399952e-01
2.132137614312508145e-01
3.552837785302317197e+00
4.130992180033829619e+00
-2.440403946270834623e-01
-2.614961222585485690e-01
9.264027964432436368e-01
1.862237257877965790e+00
4.000054915282037271e+00
-8.079414764274657490e-02
6.082693284157468516e-02
-5.335029519266927256e-01
7.065664063980662268e-01
4.430787869474716700e+00
5.538379479152725215e-01
-3.546499320427984880e-01
-6.817277144872692096e-01
1.462291219351092852e+00
3.992651112330246388e+00
-2.231309901731221013e-01
1.323709175163699348e+00
-2.575022595266976966e-01
1.983524164970680959e+00
6.219580168935884501e+00
-9.974355608522569305e-01
-1.955228882002524593e-01
3.543223717962644403e-02
3.093900854530330924e-01
-1.224572516937575154e-03
7.790591740316169522e-01
-6.124470921307429983e-01
-1.612493760952981914e+00
2.137373739554339291e+00
4.749782844712546748e+00
4.140305442525029633e-01
-7.790985095847253739e-01
-9.943347816508419923e-01
1.485637896318860118e+00
3.653529633971059898e+00
-7.509253257295146478e-01
4.760126234686516411e-01
-8.577611422822988274e-01
1.716581609030155331e+00
5.680577660183840916e-01
2.277009539528870030e-01
-8.065178539832843496e-01
1.167656648069386738e-01
2.092862169976352771e+00
1.287720684294149764e+00
-1.084498066060468613e+00
-1.791365309821257301e-01
-7.837159549989698437e-01
-5.890321852790677548e-01
3.263846339878113678e-01
1.073317769841044267e-01
-1.063015814264898218e+00
-3.181947191275480424e-01
1.961042722523158810e+00
3.873846758505801735e-01
4.187719262342271542e-01
-3.750568554738614724e-02
-6.737346876700589515e-01
9.613928739154792291e-01
1.891044928569506345e+00
-4.475898699422237170e-01
8.578104859485212730e-01
4.613596280146951140e-02
3.890391450838899701e+00
2.761189505518669929e+00
-1.034996223752471911e+00
3.172933215815924579e-01
4.174269210423302567e-01
3.740615948612988184e+00
5.473536557531041957e+00
-2.048535388393042389e+00
1.829349870768866571e-01
1.663169752801884282e+00
2.102635129916167855e+00
2.956404049869831852e+00
2.278211482106518582e-01
2.772101413956685745e-01
3.883351829893721963e-01
2.296688082461365799e+00
4.360175066383655818e+00
-9.945280638742515222e-01
-3.872411851959777218e-01
2.472746527342509548e+00
2.947548656562041791e-01
-3.412646713392687436e-01
-2.928916824984097445e-01
1.131784226115605030e+00
-2.321029862111500530e-01
2.181024158822642889e+00
6.011791506687708342e+00
-1.325221560442424729e-01
3.796265110838992762e-01
-4.225746160524916917e-01
5.146964274576717457e-01
4.872265542876712097e+00
-6.987244416449664985e-01
-3.226042526877082595e-01
-1.304480157604314794e+00
1.090665179371384630e+00
3.615451981526788039e+00
6.384361377700180640e-01
-6.751951411626073707e-01
8.290270837154505024e-02
1.168059769671399684e+00
1.042292630808759890e+00
7.038917846287989777e-01
6.891676672569746476e-01
7.134673282149239792e-02
1.994300675768471809e+00
5.183419394623122400e+00
3.603149181454442379e-02
3.003508678470936943e-02
-9.106133882599816154e-01
9.422269468264459213e-01
2.083202919459318903e+00
1.258219560341049759e+00
-1.020855787265097236e-01
-1.823123610532065564e-01
1.360629468225554195e+00
1.243211761380602631e+00
5.293046596895498723e-01
-1.654051510010305648e-01
3.983859744580392492e-01
2.140098907384095028e+00
1.714067437410575989e+00
-6.080714292979448876e-01
-8.905251398585980471e-01
-3.031932224797221909e-01
1.733519882171451476e-01
1.716361575474843141e-03
-3.269523506588792316e-01
8.393369006413703426e-01
-1.013547382704119260e+00
1.938204635711811008e+00
6.262475328519169437e+00
-7.491311653243907243e-01
-4.410593978024883732e-01
3.457825953276659758e-01
8.966123630098040698e-01
5.791086868232175888e-01
-4.452088923356187222e-01
5.488944846413231771e-01
-7.869163941754715730e-02
3.156000311756659849e-01
5.762228023670531663e+00
-2.913642787145389601e-01
-9.280886834358924586e-01
-1.746458501395235785e-01
2.632258546496771601e+00
8.374917297440902519e-01
2.470713937216220679e-01
1.525310927634767832e+00
-2.355374903086201233e+00
1.393148303849207625e+00
2.848574658657233805e+00
-1.135307213791100223e+00
-7.621768016886192321e-01
-2.855971020447199971e-01
3.276164265877032911e+00
4.911820210123973296e-01
1.015328326187465935e+00
9.060830554422391048e-01
7.806423629134479590e-03
1.609896408725887351e+00
2.337196419232058897e+00
1.049734227163482275e-01
-1.587078305257157984e-01
3.098342539353198255e-01
2.377657243796931219e+00
4.417732002127986668e+00
-2.707056533510485696e-01
-1.036409244217397774e+00
-2.435154139954576191e-01
-6.248254645215785275e-02
1.221714361370670687e+00
1.130056646157552303e+00
-1.334639487443433081e-01
-3.831653455578904605e-02
1.848711742709794770e+00
4.623327132043668186e+00
4.446693826723180365e-01
-1.103033391925589024e+00
2.356638019459334488e-01
1.057172996188524783e+00
8.204431983092934644e-01
6.797920938488410947e-01
1.089600028296599854e+00
-3.015236863158914787e-02
1.286750397973082105e+00
5.568342869195181954e+00
6.367735160991276622e-02
7.581118128878234774e-01
-3.372369017933232183e-01
2.181115407301491338e+00
5.215003892590489798e+00
-4.600330709346791558e-01
-9.270633873388189894e-02
6.465653863773679344e-01
2.414431908088690903e+00
4.551367265302234344e+00
-1.604426470786420866e-01
-2.046106105431051425e-01
-1.363508769155195699e+00
1.375895858433963115e+00
2.787370300254865985e+00
-2.578944165377445308e-01
1.652602483532657485e-01
-4.465400599964488570e-01
5.801285510230175246e-01
4.967866394869910884e+00
-8.963064333593663280e-01
1.707991837423388642e-02
-1.824629107764133562e-01
2.921582340281144496e+00
6.000884443595540851e+00
-5.540295773200847318e-01
-6.344805568274149987e-01
-6.876358049725386223e-01
2.772238103286082556e+00
-6.912016403559784194e-02
1.217188807085889835e+00
-2.453653828023801609e+00
2.912036619517839875e-01
1.410765626461704336e+00
4.634287772249804149e+00
5.763215359796140108e-02
-3.532780523471479861e-01
-3.253736846343528444e-01
8.487850834397734356e-01
1.403557613936921911e+00
-1.108084674299821382e+00
-7.032913274528176384e-01
-2.086995378767291520e-01
1.491089599520552533e-01
1.265232157022342818e+00
-5.918009873229738149e-01
3.875932214604248527e-01
2.446455371751705271e-02
6.019373187008159043e-01
5.867658895009170372e+00
1.570217962855090799e-01
-1.526422782683571011e+00
2.559143044721305049e+00
5.779621184933223521e-01
3.516878299788676721e+00
-7.153517670414836216e-01
5.276450550224650593e-01
-5.820122455587439098e-02
7.169330251749691518e-01
4.908214080263548773e-01
-7.189323475264626229e-01
5.821481150437577412e-01
-2.656121925033620990e-01
3.205496451803137248e+00
6.032900959414637221e+00
3.998508802283081143e-01
9.987048339821662513e-01
-1.543290631171074512e-01
2.089202342862442663e+00
5.158311065940119455e+00
9.200172749541752903e-01
7.569125539890145804e-01
3.277779712996909955e-01
1.456034520603499471e+00
1.861666583727360269e+00
1.092052388965093934e+00
-2.722487758398613455e-01
2.222884815828585214e-02
1.860388244297563221e+00
4.588733326159796455e+00
1.412094711472112740e+00
-5.842943684001954407e-01
-1.740687599237167316e-01
1.532622590310280586e+00
8.965316223421408992e-01
2.667948339266792424e+00
1.184045646332988699e+00
2.625589595611310112e-01
9.873314213346133794e-01
9.601006363865394189e-01
3.012726030738315797e-01
1.471498989663982682e-01
-6.286859839854577192e-01
1.000515099952714593e+00
1.898615366398640925e+00
-4.421426910811215305e-01
7.954763403979010494e-01
3.377375462422124164e-01
1.188603616590055312e+00
2.014405632358503007e-01
1.167168138309111897e-01
5.584781608751605564e-01
-1.959971239034123403e-01
7.762676085976738527e-01
5.103028714217719752e+00
1.014132390007078888e+00
1.551277637313446811e-01
1.097553473809100844e+00
1.453114254077348289e+00
1.107826330473503873e+00
3.504299741902565102e-01
-6.489907490597168760e-01
8.930661961080255118e-01
1.688160684861282235e+00
3.499014750039212363e+00
4.806953293033903660e-03
3.215421904926133584e-03
5.984181064691940222e-01
2.549715868817509445e+00
1.921001266436437982e+00
-1.061306042825823637e+00
2.821027740134675332e-02
2.340918243540922664e-03
3.095011533692914041e-01
6.072851441206086776e+00
-9.083466683391400870e-03
5.990226761090087226e-01
3.341557562854134689e-02
2.526685728015914734e+00
5.029911245271021514e+00
-9.669931663456146076e-01
-2.702691053420264167e-01
-5.767492032657859508e-02
2.962948982042644452e+00
9.129465636369875625e-01
6.585289937381512138e-01
5.628643700595336030e-01
2.782750829291469885e-01
1.359131017643099737e+00
4.977759435040671754e+00
-4.891025198948039110e-01
6.599095590531141031e-01
8.069592600271402461e-01
1.300919645100474531e+00
6.626063019363396478e+00
-4.830890721467213100e-01
-3.867684397398162277e-01
5.419378342186723652e-01
8.503967396611799012e-01
5.808329248544905621e-01
2.622478277041178640e-01
-4.374373926498680287e-01
-7.242224713779951140e-01
1.209142233137544764e+00
1.149174534879042753e+00
2.431572758587595695e-01
-9.457236287104505701e-01
-3.636239756619888408e-02
1.078147562540151760e+00
1.047749462965340328e+00
8.231080844115180525e-04
6.458801987046260962e-01
-1.071515918557816693e+00
1.455048579339373260e+00
2.876191882997078508e+00
5.372368039119532757e-01
-1.350249491297955018e+00
-2.630833285942817401e-01
1.323805190166854162e+00
3.844556032158068515e-01
3.617222511348175407e-02
-7.421577435086917918e-01
2.630238800537752775e-02
2.261933147113381004e+00
1.237828402157138852e+00
-7.322430009175321386e-01
-1.030985509993028945e-02
-2.647211843527252362e-01
2.313372305462136347e-01
9.482731616436852473e-01
-1.351291789194736026e+00
-2.866285825319136449e-01
1.130105946827400787e-01
2.692757474786369176e-01
7.122525168871269852e-01
3.067597186290924038e-01
-9.212193394369500021e-01
-2.162341725075315746e-01
2.045824310637005539e+00
6.007164608018140672e-01
-5.043553675288435789e-01
1.061687521397375544e+00
-9.996546491104414331e-03
9.183016982946806683e-01
5.799250055592786168e+00
1.380408820402102554e-01
-1.020876680542650128e+00
-2.273790606569081330e-01
2.048270857932865674e+00
5.526505235900246449e-01
-2.117718574745676985e-01
8.184849423198209406e-01
-5.336743728407985499e-01
1.751663293911614572e+00
6.041846510412590021e+00
7.398181510672974248e-02
4.469590941568437614e-01
9.019970683170899228e-01
1.794749346231242271e+00
2.933258157740228356e+00
-5.242823513089854837e-01
1.051394875015359220e+00
2.000394546393220452e-01
1.006246439392016967e+00
6.289188257363622192e+00
1.258757347584965325e-01
-9.482047331795704359e-01
-8.588380402230798294e-02
2.062273351953800127e+00
6.724352580107362254e-01
-3.334800534758184942e-01
-8.376558526307541497e-01
-4.543819738034246547e-01
2.593426114286919493e+00
4.493434077378776759e-01
8.572429311920607420e-01
-4.795953244987815611e-01
-4.363210216412373721e-01
1.304986741780771897e+00
4.210211582200403591e+00
2.678534029803896974e-02
-7.570902722204121693e-02
-6.905623807409734249e-01
5.476396380939907438e-01
1.683761275997376794e+00
-5.131470104937748689e-01
-8.344589629772622974e-01
-5.487995682204276360e-01
2.009360545576818424e+00
-1.831609885743678556e-01
-8.450313336667710784e-01
5.082279764474498807e-01
-1.653105603356456732e-01
2.777153568779245241e+00
5.721167979729437469e+00
2.920287325446336624e+00
-6.757305223951152184e-01
7.094709505303360420e-01
1.099593625309257083e+00
3.781345672375221456e-01
4.073482253873323411e-01
-2.830376352185730582e-01
9.428139804012051206e-01
1.537167102804097185e+00
3.711323863559067071e+00
-4.922811242346556981e-01
4.627213488093306348e-01
-2.340015785412777882e-01
2.407434665548771058e+00
4.871267166181421970e+00
-3.939559416595241337e-01
3.148450576788604516e-01
-1.099148741845428490e-01
4.924889498240141439e-01
5.352546774551731446e+00
3.023379431860275801e-01
4.456286139354590503e-01
-9.009068437902258975e-01
1.365956049681226636e+00
2.519922576884202403e+00
3.467111761016325455e-01
9.516286266356065449e-01
3.460924447392003667e-01
1.269286903435221658e+00
5.533020841129895118e+00
5.119262724748553373e-01
5.201397295674050625e-01
-2.783018478507480742e-01
1.002217489732596611e+00
4.706864394863321976e+00
1.421522674787515095e-01
1.072303660269821046e+00
8.353661143335476547e-02
8.814935808286392671e-01
5.388849612544938772e+00
4.769932928173826331e-02
1.496536337681965423e-01
2.670154211310520886e-01
2.207611501057131331e+00
4.496494013573936854e+00
4.097210906063810665e-01
4.942722613503159890e-01
8.374859739626319133e-01
1.634269016092943838e+00
2.685851135023953340e+00
-3.476404324832897408e-01
3.148704158148394328e-01
1.038320766027589048e+00
1.930795992882528234e+00
2.728795861949937507e+00
-2.793275078795349309e+00
2.310025973009416714e-02
2.862344227340999914e-01
3.823584398159427078e+00
7.706827329144448624e-02
2.490856455272499881e-01
2.722638635796174711e+00
5.488173172473334027e-01
1.572122224436873772e+00
2.081812577080661697e+00
-3.363098967503798109e-01
9.902903195613271814e-01
-5.107731409484760343e-01
2.261630430358046340e+00
6.055365150628528426e+00
6.349749659531972457e-02
-6.823913024102194747e-02
-1.289705224737072164e+00
1.385284523702968063e+00
3.459780324312473176e+00
-1.935007346924112193e-01
-5.385333922753984814e-02
1.211734503623592252e+00
1.838148544188078048e+00
3.561033435825864846e+00
-4.205494134627008607e-01
-4.847958160562616525e-01
2.554592495275701536e-01
2.680919717057995477e+00
1.547906156947531864e+00
1.087289267202538934e+00
-1.120682262956798292e+00
-2.246410076345633777e-01
1.413404574560967353e+00
4.182042047049155942e-01
-1.137538956358281839e+00
-9.927822396311158926e-02
2.344661068185917241e+00
1.081084867993815646e+00
3.172856990049604864e+00
-7.345112712295309709e-01
2.195414638567160237e-01
-5.792066927497291351e-01
2.460574431444244592e+00
5.863229449376423652e+00
4.490794883551306182e-01
-1.219271553461873520e-01
8.329428465355784850e-01
1.822211794624158498e+00
4.231285100664214482e+00
1.004802599295615828e-01
-3.545016703397747826e-02
6.500298199816667566e-01
2.339006430307430051e+00
4.317240034580842156e+00
-1.860214435762355401e-01
-8.936425021308356254e-01
-5.292804892570531772e-01
2.455714241236170992e+00
6.143726189546532268e-01
1.942338619570794234e-01
-1.016989059715688759e+00
3.780418990352160669e-02
1.092538404897454019e+00
9.322794239613783063e-01
2.006326572941992126e-01
9.758467497240210786e-01
-1.352463410843729452e-01
2.041513055042334823e+00
5.233525824427094797e+00
-1.607122999332025515e+00
7.703221755501836465e-02
-5.823687373635163533e-01
7.407293526899428882e-01
3.092800530500104284e+00
1.199215945938557848e+00
-6.930871001309553137e-01
-1.594008953258556072e-01
1.614111871790588459e+00
9.036536104549961479e-01
-1.034962817267332108e-01
6.089320986130143387e-01
-3.126140123167854079e-04
2.500438286213531036e+00
5.006416363006257697e+00
-1.805633009455320792e-01
6.683548317628607016e-01
-6.143261043419525613e-01
2.175824130406840418e+00
5.642447401503322801e+00
-2.391098298157545154e-01
6.960998288358329067e-02
-7.680950639037653627e-01
5.514300453766821652e-01
2.198082103869068327e+00
7.483849335174869166e-01
-2.706362079814352839e-01
4.070609978332941914e-01
2.040010041266588914e+00
1.197161478812879709e+00
-1.063924387451207876e+00
3.075482745443183785e-01
-4.595401892080037132e-01
2.658850360361132648e+00
-4.057726160556299894e-02
-6.758061710823670687e-01
-1.497933869128374451e-01
-8.932894787369216605e-01
6.151795352519686677e-01
2.867298506111611633e+00
-5.760078309935547924e-01
-7.455449381595656844e-01
-7.920756930924878203e-01
-6.024077343793340367e-01
1.471710989863901808e+00
3.363595514879489379e-01
-7.540211460971718571e-01
-6.636194722182127137e-01
1.734662680771397847e+00
5.400631146257842685e-01
3.559461438293997082e-01
1.397246045892397981e-01
5.256470345759821639e-01
2.012861998738159297e+00
1.612801463533066748e+00
3.965987477751780621e-01
-2.560402445079613010e+00
-4.209952496533309607e-01
1.315683223590228490e+00
3.446573470818230511e+00
-1.820682043927777938e-01
-2.625049104285629431e-01
-9.757342498888865734e-01
8.753963336476431323e-01
3.951223651759896871e+00
-2.284245967298457469e-01
-5.439173556787936237e-01
4.020106645634778930e-01
2.553141965903780175e+00
1.905986781576856748e+00
-1.535106097776161270e-02
-8.517519711153990203e-01
-1.173547152248626962e-01
2.271733888726053863e+00
1.174285885567216914e+00
7.946394304486936733e-01
1.173718672302287158e-01
-1.279693741402011087e+00
1.727713406984150657e+00
2.080678386133399727e+00
-2.186783316183882331e-01
-1.145330259501882830e+00
2.946801969784817454e-01
1.149947621405748022e+00
5.230913232487891529e-01
-1.126692487568567769e+00
2.306760061154718433e-01
-5.389017420279409443e-01
4.451235837368901910e-02
4.639243266272844224e+00
1.380677709869432945e+00
-3.192555400418767286e-01
-4.531429225927960935e-01
1.636639073410342204e+00
4.411601743853990953e+00
4.237478446442333735e-01
-1.990235008032993080e-01
3.942440235097263712e-01
2.178882670257733523e+00
1.684796964303069799e+00
-5.413689706261205492e-01
2.229157778499009535e+00
-2.217204956072658106e+00
2.569128995852274944e+00
6.528653161408885630e+00
-8.474587003103423166e-01
-3.867983345428801512e-01
-6.008061841710788942e-01
-3.679958103712689943e-01
1.100026216860981343e+00
7.805728710460316799e-01
2.257555916796834539e-01
2.984005052712603370e-02
1.696205602152836889e+00
4.697986521205975485e+00
2.254627654675531168e-01
-9.437225423818499381e-01
-4.648025720430378205e-01
1.810280131429276684e+00
7.002838358479214209e-01
1.553916035667487483e+00
3.086642680421748386e-01
-4.988805001739284734e-02
1.492785281335793357e+00
4.946110795003952454e+00
2.320635695453905634e-02
-1.949018588705832278e-01
-1.199069853572419353e+00
1.111090143776438444e+00
2.796577335832612476e+00
2.671897581890341211e+00
-2.326361330297911367e-01
1.769298707364065915e-01
1.607174491797267457e+00
6.352420504541788082e-01
-1.209272091425811047e+00
-1.942588715062434357e-01
1.353083116652153625e-02
2.871728313181249326e-01
4.754592620940769621e-01
-5.009241962479578369e-02
-6.437923731784158665e-01
-7.385422091861976179e-02
7.742579452203641743e-01
1.194636194413576380e+00
-1.168939834214480777e+00
-2.150460124938002870e-01
-1.284439241202475435e+00
6.787884865347765251e-01
3.700993022430422830e+00
4.624870667477151143e-01
-1.129688259313315735e+00
8.452781313882927472e-02
1.711833953077464443e+00
5.743578728717126936e-01
-8.685621253362669769e-01
-3.418001501683159415e-01
-4.121138263935568147e-01
2.400490355662509234e+00
7.549880302458571169e-02
-2.402810677006692874e-01
6.907329446144530039e-01
1.650266316211158324e-01
6.965857781333437693e-01
5.844811413917584630e+00
4.003626402659832828e-01
2.904016831670899745e-01
-3.040952322250273232e-01
9.488890514657075670e-01
4.547529907996927356e+00
2.788254672379057442e-01
8.045320969326004157e-01
7.164286698710792267e-01
1.398649664879101806e+00
2.888575083264004029e+00
-1.204704079084194506e-03
2.561123619682222907e-01
8.463920587254937233e-01
2.367212938200667693e+00
2.826374979116370145e+00
5.229406582940965276e-01
-4.047475940237207914e-01
5.748853907587526679e-01
2.116820670857544329e+00
4.131839050909581701e+00
-1.812044184009590775e-01
-7.043223228223813304e-02
4.706443725756320751e-01
2.548180499736768745e+00
1.706793401164580004e+00
-1.059393675629652476e+00
-1.572928239354997038e-01
-3.314706440711717023e-02
3.045093120763750605e+00
1.760899753088508712e-02
1.523492265247490263e-01
-5.358826320687293254e-01
1.266740108182826119e-01
9.781230612074854891e-01
1.390952683126243761e+00
1.933663593660970570e-01
8.571630241677807849e-01
-5.962452579283104015e-01
2.221418008413286849e+00
5.547182464653554135e+00
6.387295084789669231e-01
1.047860253107531836e+00
-3.340225121578058176e-01
2.061583383584599805e+00
2.908813992637120371e+00
-1.418238856909856960e+00
-6.869188202137008203e-02
-1.080336507653737177e-01
3.116912154408623348e+00
6.157409593631139266e+00
-2.489996902697959036e-01
-6.796817283706034774e-01
4.059878051237750946e-02
4.995598003796667408e-01
7.246150787559518802e-01
7.581677923702065391e-02
1.068385577102678896e+00
-3.422660795686853774e-01
2.212226973913246297e+00
5.783873479703270704e+00
8.149180802174657012e-01
1.715828190560961808e-01
1.975719736579706343e-01
1.651390658190392990e+00
1.577687072980161531e+00
-3.855075071389027497e-01
-9.929625484324851037e-01
3.916900483170343561e-01
7.620261604457413407e-01
2.652024900030388044e-01
4.402153347877370282e-02
-1.068139233775668329e+00
2.541906244019543348e-01
1.170445029013841953e+00
3.017731287326068657e-01
-3.409647204334916304e-01
-5.392352865381123683e-01
-1.183925819240777555e+00
1.133157122725453103e+00
3.318350443904251712e+00
-8.757103540137735065e-01
2.568780266572849233e-02
2.656426455073768733e-01
3.564215024394772335e+00
3.792579217972149586e+00
6.668692463246702617e-01
4.961789862337333545e-01
-2.420754200034829287e-02
1.180880585042358044e+00
4.826672430545682957e+00
-2.841521299598973038e-01
2.959716660837005131e-01
-3.708149232304356890e-01
7.606535315337131786e-01
4.738254164627736742e+00
3.254686347188691375e-02
9.744857209048609636e-01
1.679865724919498982e-01
1.860327105337360898e+00
5.840873468102609323e+00
-1.997086223245017333e-01
-4.888035204707453785e-01
-1.768018569689406572e-01
2.588071003080344656e+00
1.170697109359746246e+00
-8.548424527117061134e-01
7.189605108676888623e-01
-4.435477559634861122e-01
2.666291748519686422e+00
6.203203676949065937e+00
-3.610664347404670682e-01
-8.266032339700848386e-01
-2.618842058335033030e-01
1.578265494247699519e-01
1.369569621705907236e+00
1.429776198649973795e-01
6.868346418886909222e-01
-8.256987480860757955e-01
1.676619430465186467e+00
2.559815286421257774e+00
-9.741759985173951142e-01
-2.867184795649126983e-01
3.090201876825562355e-01
2.615397326114978216e-01
5.511277734903240466e-01
-1.236516317763252992e+00
1.413806214160462371e-01
2.325288891352936815e-01
3.337962505040913630e+00
5.583543395223615313e+00
-3.200549713211737757e-01
-2.211453483712809698e-01
5.127181733109196227e-01
3.672004050827732513e+00
5.189089338527282713e+00
-1.475933574660407976e-01
-8.375827509067607091e-01
-8.652717244473061564e-01
2.169868985112140436e+00
2.743229758867904988e-01
9.835513134096970228e-03
-3.722575325096046384e-01
-4.693961054588438042e-01
8.361594646518726304e-01
1.431107354987753988e+00
-1.367674757133184427e+00
1.797263829263326951e-01
4.928723618523597749e-01
4.572238990413688420e-01
7.639445467678160351e-02
7.579937751855210515e-02
-6.674286858626019558e-01
-4.300457669414849415e-01
1.381683188553512576e+00
2.576217114257545404e+00
3.022209264885044044e-01
8.236078134074783508e-01
-5.148934150718913472e-01
1.778570087993547988e+00
5.866702873931401108e+00
4.321449957231056072e-01
3.489693584820646732e-01
-1.225138409336288037e+00
2.053009412881618534e+00
3.866586345230506261e+00
6.746639157902966089e-01
-4.678581512143596410e-01
-8.681414580939060821e-01
1.381660790529644300e+00
4.138976403358398670e+00
2.861557184374197704e-01
-8.052448976785249179e-01
-6.667577776473442019e-02
2.196287527786819904e+00
8.969604550081670125e-01
-5.730942324515849728e-01
-7.381085167541997505e-01
6.019202858300481962e-02
4.856780069064914329e-01
5.622312831406126588e-01
-1.144229386076858201e+00
-5.051846153539011341e-01
4.279965481765615753e-01
-4.429053502904353734e-02
6.860599435082586073e-01
-9.602359667397289966e-01
2.592104482529659082e-01
-8.543086316946710834e-01
-8.450102512007411359e-01
5.684268481401819173e+00
-1.087194869027323207e+00
-4.395139885812983371e-02
-5.659427507643173261e-01
-4.519374496804829389e-01
1.727640452562978837e-02
-4.573910769122561670e-01
-5.220610674907693038e-01
3.684218601159145595e-02
2.463194961410822614e+00
1.063942764942332309e+00
1.098030265892811830e+00
4.486450567092188646e-02
-3.448815216062294658e-02
1.847871077602815326e+00
4.356962750882596325e+00
2.247324813395968832e-02
-3.261124439730853086e-01
9.514921023725115834e-01
1.515724673046251469e+00
3.395738158451623079e+00
-1.049933653571070380e+00
-5.022001761040678636e-01
3.948392297093805126e-01
3.330059866252288447e+00
1.530571395328555573e+00
8.500786462136110666e-01
4.165872585184388077e-02
-4.186647794651502941e-01
1.323972978700585612e+00
1.875470088746275188e+00
-8.816103323726667274e-01
4.603345875613911592e-02
-9.847754644821100634e-01
-8.340381542193230358e-01
2.737656175728460373e-02
3.207008775656210453e-01
6.136979062019273234e-01
-5.002836798168744381e-02
9.748689158786469910e-01
4.900039244539066807e+00
9.624416966193811707e-01
4.048501802934399429e-01
4.397470799629686344e-01
1.435534416095289201e+00
2.122893643176356093e+00
3.162612189112719574e-01
-1.759826265956868363e-01
6.313627150093052975e-01
2.210059353663964998e+00
4.188533784778898372e+00
1.402644726716626211e+00
-1.174422582539695004e+00
-3.102972510036645648e-01
1.616260098755876173e+00
4.572818734832115872e+00
5.753258493064529189e-01
6.035437480231032881e-01
3.799970626604035617e-01
1.384313779371602493e+00
5.125521388432137115e+00
7.756650567971091759e-01
7.857620096349711147e-01
3.786148760991627227e-01
1.895180557365952145e+00
2.108318802964778360e+00
-9.778462935753522434e-01
2.615460865554969372e-01
-9.699676340755550852e-01
8.747596027574209288e-01
2.821594854292730492e+00
-1.216368121376866451e+00
2.505480178947970260e-01
1.005330098029791064e-01
-2.258635758109639735e-01
5.818065105606375020e+00
9.657485545011524897e-01
-7.678468392325126235e-01
9.286362189955758850e-02
1.548044863772390922e+00
1.006324509614301865e+00
4.718977104484340379e-01
-1.334453170649976261e-01
9.862342330365903020e-01
1.495203460075449353e+00
3.704075507388058242e+00
1.411189444267435977e+00
1.584628386157408420e-01
-3.816792765928945369e-02
1.578073660344659679e+00
4.891512834555830302e+00
2.809019104141149970e-01
-1.033728953005732754e+00
1.258378674474912029e-01
1.221522755007460992e+00
3.003437038145427285e-01
-1.618349125344061001e-01
-9.311834796202153597e-02
-9.322946546655703770e-01
6.784410483126517288e-01
4.074850614252206071e+00
4.280510579756857115e-01
-1.754505934964668279e-01
-1.022232380730128343e+00
1.718403468226205044e+00
2.210948408785315511e+00
7.022704369687969850e-01
8.076892032687325029e-01
-6.800649051895473196e-01
1.687002833460370610e+00
2.410028739900453409e+00
3.401526292656572026e-01
-8.054310861276559041e-01
-7.582353140958114635e-01
1.443628396134245095e+00
3.660719412519337190e+00
4.745862375959193358e-01
5.873698716871749159e-01
4.008508715108102805e-01
1.366266748847233981e+00
5.134321678891932805e+00
7.276747741359577970e-02
2.881148263244489582e-01
-7.526258360972075678e-01
7.033504445249042503e-01
1.903214322135892145e+00
1.313800402516220323e-01
1.863102396441072622e-03
-1.361094216482143349e+00
1.667887019476302912e+00
2.895625555526330608e+00
-5.014456017768116336e-01
9.305638269631912873e-01
-3.355543735200797184e-01
-3.971673643836415996e-02
4.393544571121519304e+00
4.452800205110704068e-01
-4.952352951170015949e-01
-7.625234921160833901e-01
1.694426016781176214e+00
1.300925337705663098e+00
-3.769432687160901296e-01
-9.761160646879215586e-01
-7.144869375904358555e-02
7.232580385760379871e-01
2.787136931500142079e-01
3.217984755125962715e-01
9.484071141610703748e-01
-2.235241480698495764e-01
2.177039123915446517e+00
5.297775582565963148e+00
5.934939061627044765e-01
-2.449679458253014794e-02
6.675322190897966523e-01
1.821216187159771405e+00
4.025890803392834449e+00
6.128380627862504149e-01
5.482326872114448024e-01
5.309130243289529316e-01
1.524896627119420645e+00
5.250550442851816157e+00
-1.418859962632288196e+00
2.728910533835633423e+00
-3.145670875929076904e-01
1.418537233507534578e+00
1.643153845290447279e+00
-2.223105825813562197e-01
1.012147248648608944e+00
-2.693538963656925134e-01
2.352946940719888413e+00
5.780044737161667889e+00
-6.203948991620086284e-01
8.714889670202313754e-01
-2.671063992343487570e-01
-1.664290978660970532e-01
5.877277061268475933e+00
1.982540488484032803e-01
1.640446246345906856e-01
5.044637630550553586e-01
2.212542904939351907e+00
4.710746512262945274e+00
-3.981860997081119735e-01
9.854223059858858713e-01
-3.238190053228322540e-01
2.299776924635642761e+00
5.970382948712365412e+00
-1.055492345511416380e-01
-3.251088719925541715e-01
-7.649980730409825513e-01
6.716181981056550399e-01
4.012205801944427108e+00
-5.310365061605362147e-01
-1.087638379613863782e+00
-6.977756493682742145e-02
2.813775741836130884e+00
7.306538515016252067e-01
6.255631177031369949e-01
-6.854424525621846120e-01
-6.660478390126621795e-01
1.290463125814995449e+00
4.096372699256162875e+00
-3.361808715227889155e-01
4.801331740880073196e-01
-9.636109323583309516e-01
1.035173349413881283e+00
3.119315701175828348e+00
-5.519222392187644877e-01
-9.906464551115282680e-01
5.026302409937510873e-01
1.014269043727038966e+00
3.989869726531881586e-03
-3.395298227853447148e-01
6.911480597185956642e-02
1.168170776852156534e+00
2.122884335426805880e+00
2.499045588783689542e+00
7.243413363900983448e-01
2.559287767749769404e+00
8.437440391555232899e-02
1.383739551031325510e+00
2.475899694778469051e+00
1.091277505488058797e+00
2.944283893636199731e-02
1.694263093802232389e-01
1.384570718858447957e+00
4.708308220027965341e+00
6.508970138432834673e-01
-1.985497087983437048e+00
4.076702307011378368e-01
1.797186562998128734e+00
4.326954921654622588e+00
-2.735211775988884764e+00
2.101693115422401462e-02
1.298832549415083859e+00
1.665033397281470595e+00
3.187291491589402170e+00
1.042758482085208493e+00
2.272523811131869562e-02
-4.565890553252605066e-01
1.633993483902515198e+00
1.500561912385915520e+00
-7.461967608897031035e-01
-5.768083320431199867e-01
-4.762188915853579618e-01
2.891107620220967345e+00
6.432403509541535502e-01
-4.646578895588686087e-01
4.631618892853570646e-01
-6.631328422334611394e-01
4.137865616185231188e-01
2.092281399863402225e+00
-4.051210074649867765e-02
-2.760775642533034105e-02
1.150129198783133910e+00
1.770838810169439004e+00
3.026538546861624379e+00
-5.023106246286702659e-01
6.269410712018681497e-01
6.807486894572923886e-01
3.716074544548738867e+00
5.002889192631894133e+00
-9.688672773456346032e-01
1.568737802292365924e-01
-9.355018312128029478e-01
-7.994916792115970283e-01
5.810461769674317267e+00
-9.979285219688699415e-01
4.303515697130819717e-01
3.439491299937496582e-01
2.874066005825124837e+00
4.693712609593358565e+00
-1.818412421892749153e-01
1.230706722694695499e+00
5.599053624109288918e-02
1.128836381771702202e+00
6.214964618420308895e+00
-5.609231764423042721e-01
1.707486607391324185e-01
3.722183405278159940e-01
3.601718607001179517e+00
1.656875044649331663e+00
-6.520372033575287940e-01
-6.606274540988887889e-01
-2.605948296250295559e+00
2.399627471150123981e+00
3.013458032611975757e+00
2.756420293395812626e-01
-5.206334707336792711e-01
1.613982144678330621e-01
2.187870966075649459e+00
1.371667428410489942e+00
-1.124633198826850755e+00
2.633675503720681599e-01
7.490287484437990750e-01
3.583344962882757390e-01
1.852563053576214702e-01
-4.779952972985920812e-01
5.430324456158460711e-01
1.623942038825117729e-01
3.203983060445543263e-01
5.610790253161349384e+00
1.402096656150857656e+00
3.111680608025257366e-01
1.280059417353457130e-01
1.614199697371327735e+00
1.823848710518920502e+00
5.089298838808912206e-01
-4.100338287344902910e-01
-5.717851084030494135e-01
1.188336533346875834e+00
4.021844144473587512e+00
1.107095394610057432e-02
-2.338979819836934093e-01
7.274932880076523389e-01
2.511180751614319195e+00
3.012033403826901878e+00
1.040337898187933652e+00
-6.293614104705886891e-01
-3.282331428053807953e-01
1.147157896873767458e+00
1.176352318567846167e+00
-3.903469269462742086e-01
1.192466545284429635e-01
6.354582859239500392e-01
2.534013947506514874e+00
3.631983693922775203e+00
-1.082681625532346592e+00
6.623261507181424923e-01
-3.622812187128149897e-01
2.673328009797339089e+00
2.884703309960592321e-01
-4.570736471972057235e-01
-7.896633661625821476e-01
-3.848896813967205288e-01
2.681980647909732784e+00
2.613353735593508254e-01
-3.701078484193323637e-01
-7.120640782347453790e-01
-8.951634518223229309e-01
-7.758407054768355904e-01
1.091917510921196710e+00
-5.944667087237406333e-01
1.454794881157938924e-01
1.164562463779210688e+00
2.108488810125021651e+00
2.675229077810570733e+00
1.006461480736717151e+00
-2.624620391192364344e-01
2.807548336485946594e-01
1.798711555001036633e+00
4.460355124367873181e+00
-1.613339878584018339e-01
-9.365564932045131741e-01
2.508197017115529004e+00
3.883886011623877144e-01
9.253247467525096415e-01
7.517720630794980652e-01
4.395408384320856898e-01
-7.624399788584906856e-01
1.712277416231137384e+00
2.317457763482876576e+00
-6.329688354905269598e-01
4.386374762307483355e-01
-9.730007567750291742e-01
2.093474880187913278e+00
9.288785999937675120e-02
-3.584607374683536629e-01
6.068569091590338971e-01
-2.302064472205346823e-01
5.375055961972482477e-01
5.228085166407601569e+00
-6.739103110820005016e-02
-2.231174799307509421e-02
-7.688559577034246306e-01
6.757282657833102446e-01
4.206241407776166064e+00
6.145072551369127334e-01
3.004008984863357767e-01
-2.090230640282777219e-01
1.330495381967377932e+00
4.529293217692853979e+00
1.259848462443572181e+00
-5.743067538526135385e-01
4.203920453608748359e-02
1.890463325814077944e+00
1.331927904638980031e+00
8.668333743131073632e-01
1.697090854858779585e-01
-1.160479734412063202e-01
1.046155244566543852e+00
1.928959423539317708e+00
-9.141428809007705325e-02
1.392877246430788141e-01
-9.541917756673606865e-01
7.463122229094016902e-01
2.498443454014028120e+00
-3.222071484868681557e-01
5.638797651088137686e-01
-3.380054568728896314e-01
5.325671640079208125e-01
5.141636485400887580e+00
1.020850643980593997e+00
-5.367711597954383240e-01
1.617201244259237058e-01
1.707647625420039450e+00
1.299060460218680380e+00
-5.368447914895403406e-01
-6.563157083877954046e-01
6.329202822764362635e-01
3.700501540409246726e+00
1.198179118715206215e+00
-7.805399958884111644e-01
-2.981937761708317591e-01
7.307290026786794623e-01
7.555636121173772146e-01
8.110033710939142104e-02
9.475460445522309039e-01
9.597084748824992184e-01
-9.494018924782274271e-02
1.666515544503873736e+00
5.463046993125357353e+00
6.035964759454529593e-01
2.143452425033741116e-01
3.841071229837401679e-01
1.793635862193373232e+00
1.828810964026893693e+00
7.025233355414304270e-01
7.382846414400159318e-01
-3.212430192781118854e-01
1.386528646834135126e+00
2.009526897545359958e+00
5.412464340266580631e-01
-4.131121890417939202e-01
1.704459070753143457e-01
1.942102429118969686e+00
1.419641301559805280e+00
8.801097410425406942e-01
6.230154067784310357e-01
2.429359785947238781e-01
1.527336158563923352e+00
5.410257778606127665e+00
2.895043087332843657e-01
-6.801903523701892107e-01
1.490756617863313593e-01
2.095446213456808593e+00
1.276863279302694609e+00
-1.848420534254049674e-01
1.086274982696686514e-01
-9.919073903744179965e-01
1.042801791874429229e+00
2.775951459801985433e+00
-2.530259593775928129e-01
-5.564106203311338650e-01
6.324061667202579562e-02
2.433605619027908062e+00
1.271233483790398910e+00
1.235249891989844417e-01
4.335209319282419815e-01
-7.586582534719262805e-01
9.429843236212501756e-01
2.282043322505099781e+00
7.797360764671252831e-01
-9.152302822527699222e-01
-4.050972879100077084e-01
1.914722917887607068e+00
9.226376089458642182e-01
-4.177524729473860443e-01
-5.615028924697205159e-01
-3.853295059944268353e-01
2.426257063162972294e+00
8.862666011337660965e-01
4.411628445385483155e-01
-3.930710271871392658e-01
2.095947684435744973e-01
2.081278757763768805e+00
1.610939844065906845e+00
1.370701624939459073e-01
-8.395641710608306996e-01
-1.928457502824173012e-02
2.217374273431399256e+00
8.860117985597815160e-01
3.995705258235562884e-01
-7.938928550448086652e-01
3.495787630091553022e-01
1.166131806023303907e+00
1.044623314088110710e+00
-4.731099925771011794e-01
-9.034760720653083332e-01
-8.599821225087541654e-01
2.090449028211282645e+00
-6.846927707006430497e-01
4.795293873146063146e-01
-4.750869912980638654e-01
9.810110852236149370e-02
1.972369978591612449e+00
1.063669224438765548e+00
4.068941062642110196e-01
-4.015457984293940297e-01
3.875328140057754389e-01
2.133023430858371317e+00
1.543048309789988970e+00
8.812473816875259214e-01
-2.740493447164151219e-01
7.009088138412080671e-01
1.048306885040359182e+00
1.864961539811822666e+00
5.116588229091472151e-01
8.436800572638510909e-01
5.051874003590826057e-01
1.794910260574931193e+00
2.123303997543240840e+00
-1.112573250084030602e-01
-1.057576087666525888e+00
1.748948450094224283e-01
9.899430926160887045e-01
6.396567511241388893e-01
1.622648895354464327e-01
3.658150666160310815e-01
-2.798090478340700682e-01
7.592243648431846736e-01
4.977695619355302803e+00
-7.047214736184118644e-01
2.607763196770691502e-02
6.126722513109205126e-01
2.810123981046509289e+00
2.143980198981461083e+00
-2.923167098477225112e-01
7.666310163119897103e-01
2.671056777386034420e-01
7.774622892047987621e-01
5.608078462522292362e+00
1.040250848622177759e+00
-3.511564684791804170e-01
-2.285096743011062470e-01
1.408019100600563789e+00
4.461132958362636458e+00
-1.036996083044768202e+00
-3.652262369900645123e-01
-1.166247587177976219e-01
1.351764543145083687e-03
1.214656259919922432e+00
1.612443795274577929e-01
-3.069995160815041854e-02
9.237298563313268707e-01
2.022395772072965059e+00
3.792265058842547276e+00
1.887280716727408880e-02
1.248470849773660074e+00
-2.384256133978784054e-01
1.953014890837138084e+00
5.683659764126618441e+00
1.021683809198681708e-01
2.970062928244260325e-02
-6.606374459373433039e-01
6.376634169260188001e-01
1.919613872859112114e+00
2.209946998279763847e-02
7.356033299648158108e-01
8.155349061568616109e-02
5.755806509401434345e-01
5.335454764655849225e+00
1.275217575060430875e+00
1.580480382890977697e+00
-6.731930174563445501e-02
1.525879573029159664e+00
1.819486093929322479e+00
-9.755706094609443157e-01
-1.174910145944061020e-02
6.138204416270597319e-01
2.825267453515889038e+00
3.679140067217932408e+00
-4.480096488972696855e-01
-7.131345032668120476e-01
-2.825340721361740970e-01
2.438763612588236374e+00
6.984947260610847586e-01
3.749554450863292754e-01
-2.303709604646294318e-01
-5.301513172543035335e-01
1.084535745290762465e+00
1.747355408117534203e+00
6.437183550391158970e-01
-3.038558124032609276e-01
-3.332462036089737789e-01
1.331843578624185120e+00
4.526070740928248348e+00
-1.876524895880898047e-01
7.954609069163795509e-02
6.092640779173653931e-02
2.579819690067160831e+00
5.469094437280933363e+00
3.330099430141466588e-01
-7.831988416792301511e-01
-3.741704627755023660e-01
2.184462815152025339e+00
8.887447668914141286e-01
-1.438662880252787657e+00
-1.428820502383083280e-01
7.641559548229559518e-02
3.446766540364111009e+00
3.941297154606153708e-01
-3.773656757279205687e-01
4.499688091648573196e-01
-1.579971342383508504e-01
4.576734470464672300e-01
5.170628290539915461e+00
4.955076923629106456e-01
1.985470473355637422e+00
-5.096442958913556254e-01
1.341811723749979812e+00
2.623353635687817320e+00
-2.439790516366608486e+00
5.764518376655074494e-01
-3.620366631717484851e-01
-6.516043877554146546e-02
5.119849365920396522e+00
8.493615756343333434e-01
-1.373314710894337209e-01
-5.774809796102358117e-01
1.068253694409214027e+00
4.422802143431442623e+00
-5.407111784708501512e-01
-9.943557910574588043e-02
4.047420085782101329e-01
2.658373363579487059e+00
4.656834511610909999e+00
9.259557626205354719e-01
-5.642324835913884590e-02
-3.735069095174525788e-01
1.509025251487786878e+00
4.657930920532894703e+00
5.596744014477172957e-01
-2.266212945758662167e-01
6.166776097071892115e-01
2.038978699174642362e+00
3.962950729002170380e+00
-8.188144276651896369e-01
7.575423913640874085e-01
1.813256899465977845e-01
7.385349047562230762e-01
2.271226091269138436e+00
-6.726351634189173256e-02
-6.958476060285648801e-01
1.394555304060336384e-02
7.790704291647386759e-01
1.150111907455384275e+00
2.421953003891184342e-01
-1.895808694181051468e-01
8.946704435069916528e-01
1.773212082323893712e+00
3.496797488829455514e+00
3.401227817321685332e-01
9.081291537157779592e-01
5.569690818833563650e-01
2.026731649984612194e+00
2.446825766842113836e+00
7.161219028005376686e-01
8.541861826666014013e-01
-1.846836855025190127e-01
1.745839223382948502e+00
5.369806110894979945e+00
-1.650163186571756979e-01
-1.990674191918029023e-01
9.969524847830931735e-01
1.905037685768871336e+00
2.732059418451302069e+00
1.178026653305503046e+00
-3.421139761993474693e-02
3.200700576144148712e-01
1.917008254428284042e+00
1.927025590302707148e+00
-5.764665033238476344e-01
1.085936620101018019e-01
-9.659414118511113756e-01
-6.877886237505725919e-01
5.789635125467921917e+00
-8.060323083047288284e-01
-5.295034716652491369e-01
-4.091047837073654159e-01
-9.895036539532135744e-02
9.731653734259572142e-01
1.158797964650897683e+00
2.553105678092000286e-01
1.163213289655045390e-01
1.366042958581162647e+00
1.823194823130201092e+00
8.361533967466212858e-02
2.719486949988957125e+00
-3.222719627126771069e-01
1.938089110280145633e+00
7.100537049867302386e+00
5.877593427860006159e-01
1.868737313174332337e-01
5.906261459650681278e-01
1.918501156396545282e+00
2.095129123776765301e+00
3.308453435995375447e-01
3.406461221485624913e-01
-1.358736547514784176e-01
1.060860566337801014e+00
4.752078508466403228e+00
1.575640285274043650e-01
9.587270231456370695e-01
3.757232427391965501e-01
1.118269593076500756e+00
5.719802025339603802e+00
-1.011432452218517380e-01
-1.263970906141178019e-01
1.080251514983596062e+00
1.854504617875929684e+00
2.848052832046358063e+00
-2.763359859378374250e-01
-1.021465343561595851e-01
-9.323144867428165838e-01
8.537892527041041069e-01
4.334084711583544802e+00
-3.978130555629200704e-01
-5.333866961492121916e-01
7.399186980011162040e-01
2.598251952144293053e+00
4.073994645029511474e+00
-2.814853826071234688e-01
-8.495728630837569295e-02
3.864807156900949558e-01
2.564462536329112918e+00
1.659643146934726365e+00
-4.764006877475335244e-01
7.186747928925860673e-01
-1.670011112040531431e-01
2.927257942286262793e+00
5.499433333555693082e+00
4.830468790044594729e-01
2.872243303041409068e-01
-8.493097345943714238e-01
1.364788072955234632e+00
2.486058796563078044e+00
1.256990290348014572e-01
-1.666921959878776782e+00
-1.707074595344500179e-01
1.926580357034902269e+00
5.281114588625250850e-01
4.522417616459143419e-01
3.303410620626055089e-02
-7.536449795176911604e-01
1.051611963510269421e+00
1.936714765121900328e+00
-5.890054972410210810e-02
6.782897003747562215e-01
1.632386664994941450e-01
6.459736668441967700e-01
5.333402128587539259e+00
-3.614923160585257755e-01
7.551602330165527732e-01
5.343162057788218566e-02
2.584495338275476506e+00
5.515608746260605599e+00
-3.592600841696731995e-01
-2.490261032719997658e+00
2.135151230123215171e+00
7.864856079032707115e-01
5.347904444436771598e+00
2.101075978664663502e-01
7.936775203693828828e-01
4.198628306032849145e-02
1.015987768706129613e+00
5.209557925523412791e+00
-4.750256937424524040e-02
5.793983038810098796e-01
9.969957468715257010e-01
7.497370680956987332e-01
6.061085976932426789e+00
-3.685472422344152621e-01
-1.042566513556601571e+00
-7.213162912550228345e-01
2.329531653889700848e+00
2.954914501402318150e-01
-6.197294326413643750e-01
1.912844898760256152e-01
2.100359464471833193e-01
2.680725938098533323e+00
5.033505451060432456e+00
-5.220701949943712394e-01
7.388629473690577765e-01
3.175752574543961315e-01
3.010601884695082386e+00
1.749861621514419152e+00
-2.041974644357004987e-01
-6.329999772005102665e-01
5.297793848560279351e-01
9.957748791660668841e-01
3.492034520905510364e-01
8.166553196411251436e-01
7.269913405803862805e-01
-3.906748266194808861e-01
1.518936435004471841e+00
5.522840498733974535e+00
-8.731448126498344564e-01
-1.245669520389044993e-01
1.930643937948512412e-01
6.012638712709579281e-01
3.750844155200659391e-01
-1.084521762290591163e+00
-2.478822795854885574e-01
-2.730631138976695738e-01
2.908981955246185525e+00
6.143882279558009252e+00
-1.168005386000797508e+00
-2.925388780213840079e-01
6.814684546318293679e-01
1.735729311857469259e+00
3.292595648898624994e+00
-6.323907839641467188e-01
-6.086771851456778126e-01
-4.031128293941658725e-01
-1.356471327206656419e-01
1.168105884215700163e+00
-7.484545566682090367e-01
5.881464118125983020e-01
5.246284439156465723e-02
5.414751597386676663e-01
6.373376522845866532e+00
-1.127094593777149045e+00
-3.572031665666492439e-01
-1.987061439212602643e-01
2.969110094184484794e+00
1.190322803474807706e-01
-5.223414099415530920e-01
-7.296443317940796147e-01
-5.825263189319301871e-01
2.491416170810694553e+00
5.362273252036942051e-01
-1.001339984915738668e-01
-1.093198191090611893e+00
-8.501730401462483794e-03
8.866995927983987169e-01
8.487819766707886959e-01
-7.245617060799072195e-01
1.637010583895330829e-01
4.958382782852992499e-01
2.790547796012796233e+00
1.365097011634615054e+00
8.114574792471579423e-01
-6.217470639236147845e-01
2.067413775093804029e-01
2.229895281520974049e+00
1.368021791714325808e+00
-1.137447336818317334e+00
8.358617583138731877e-02
-1.597192508025152002e-01
3.829206669365025489e-02
2.829642276188469641e+00
-8.771598781998511951e-01
-6.544532027296823262e-02
-1.212062766660092938e+00
-9.378899127334319186e-01
3.373942830195135190e-01
-3.882216381298611574e-01
-2.203591419678050112e-01
1.282152885378156748e+00
1.759982189252886853e+00
3.249701365074184611e+00
-5.227392385384664886e-01
3.414305159467156403e-01
-8.392747148960383319e-01
6.903307277043838619e-01
1.961218461801622848e+00
-3.502058112877202700e-01
2.621643340931577582e-01
-1.110949943701519338e+00
1.063458093842301722e+00
3.263708841747755773e+00
8.488977104644115368e-01
-8.858026968674354018e-02
-4.896054256987549813e-01
1.067524020846551291e+00
4.443380570240560878e+00
1.118298572779055922e-01
-2.468662860793319758e-01
-4.432422505932532841e-01
8.956478038578566947e-01
1.592218593878369948e+00
-7.064798595541633697e-01
-4.990114104880397639e-01
4.571856243124399199e-01
2.747771840721020986e+00
4.386592133005957628e+00
1.046672811822041638e+00
-1.188564033428829436e-01
2.086699134917426035e-02
1.852371843678950025e+00
4.381994084066615613e+00
3.871319768913937254e-01
-7.736484567575637739e-01
1.907146102787024899e+00
1.417496103227191995e+00
5.050747353016288299e-02
1.561229234416088296e+00
-2.543680436582236304e-01
-2.431188620332390027e+00
2.920133945660650099e+00
2.367442953707316278e+00
-3.623680660455596003e-01
-9.693566956261712164e-01
-2.852035746601042088e-01
2.033769210807416794e+00
6.974269754988822283e-03
-2.420998164367280936e-01
7.963161534756266757e-01
1.812164502397632937e-01
9.302736324077642838e-01
5.882560173332270992e+00
7.306551969383555667e-01
9.331530782154869030e-02
-3.790050362559063135e-01
9.555775020203860493e-01
4.485241404340839289e+00
2.327881573479023913e+00
1.739622879097324770e-01
-1.334180592537284049e+00
1.657526167374339776e+00
4.764421590877997659e+00
-2.175202100683184814e-01
1.829482944259851473e-01
9.420474564818278607e-01
1.991905890956865210e+00
4.102139697995260015e+00
-7.269218703098813128e-01
7.186988440502928288e-01
-1.111977872227548764e-01
8.104527443430450170e-04
5.750407991749280967e+00
4.316794626764804410e-01
5.096631985418541566e-01
5.636001197116828898e-01
1.800009227912143128e+00
2.264301843674709769e+00
-5.844672281106043643e-01
5.174982707910258384e-01
4.152305752662462934e-01
2.366721483887952004e+00
3.809899217884377354e+00
-1.161075617190847176e+00
1.996066258724621956e-01
-1.678003651297155230e+00
1.552859885767972070e+00
2.839295280944076794e+00
5.141051565589431771e-01
-8.540855884847746715e-01
-9.508660099428675738e-02
1.788134927297216681e+00
1.219321703788149636e+00
1.107811102285017446e+00
-4.842099891618968366e-01
-3.658253992641986030e-01
1.779957232274514078e+00
1.412844285731960969e+00
-8.839834646742947832e-01
-2.799043197471894340e-01
-6.896494236400800837e-01
-5.089122344746888071e-01
7.821222497051963929e-01
2.730122000906834434e-01
-2.687374086816017194e+00
4.400501088694909191e-01
1.658449108719343368e+00
4.263501973625047903e+00
9.842271502735208122e-01
-3.872594762968435966e-01
4.926281584377686235e-02
1.218057551561736673e+00
1.551841114591591797e+00
-5.674704840487112545e-01
1.045137756897456027e+00
3.928964042446867477e-01
1.087530916837590622e+00
2.144278720619255396e-01
8.816782875074515025e-02
1.004437579877817538e-01
7.887108675811849157e-01
2.345116927204978552e+00
2.239128637462668436e+00
6.500079319781474352e-01
-5.741518990410252599e-01
5.205084164123262580e-01
1.685468664323052757e+00
3.926807937807365256e+00
-8.423203329883294233e-01
-2.510414768651360262e+00
1.532805724251452784e+00
6.981589869717474972e-01
5.183302277087868504e+00
-3.442785415756944301e-01
6.165378004188035721e-01
-3.044867201221744188e-02
7.409911053167772543e-01
5.668947008218640171e+00
1.386286003279453005e-01
4.699221183764455412e-01
-2.468047458899206570e-01
7.636307081827842236e-01
5.028644792493107474e+00
-9.494010352551583987e-01
-9.529018323357858755e-02
2.526962676840537880e-01
3.803968172453767171e-01
1.791460850591156811e-02
5.583321388298162491e-01
2.248741901361813511e+00
1.697285948716732717e-01
1.462185143236878204e+00
5.888870931287640609e+00
-1.011982672296019459e+00
7.193746482829140032e-02
7.386551223129205201e-01
2.652832419986780987e+00
3.733483255034789838e+00
-7.860529253894300572e-01
9.207596014379141325e-01
1.841684149653744385e+00
1.237247551620108410e-01
6.656798054902591133e+00
1.795264270608906809e+00
-2.505522311510682165e+00
-2.161733470645428590e-01
1.701962720751871938e+00
-4.839287667536216198e-01
-1.399993541552489729e-01
-8.090997572194674747e-01
1.932471218305716887e-01
9.170003838318593337e-01
9.642439106583157171e-01
6.983583805107099751e-01
-1.378929673844861946e-02
3.749290293190986056e-01
1.885765019535864839e+00
1.736393936113040048e+00
9.571965866660399058e-01
3.115752452736110234e-01
4.038335137181872647e-01
1.922962763124911545e+00
4.694840289014533319e+00
-6.737674198678131887e-01
4.790383718458843948e-02
-6.559692087993099774e-01
6.414086663197960947e-01
1.932980493740129146e+00
1.852302870180865035e+00
6.962442311488304947e-01
-4.752323908687244303e-01
1.962600303965526649e+00
2.111251701891768473e+00
-9.347069510236788448e-01
1.667352723020809335e-01
2.866485708676689073e-02
5.557527278278686644e-01
7.578843054669737178e-01
-8.934410693010430560e-02
8.381737536491234986e-01
5.943853201278049836e-01
1.262789023784828046e+00
5.911917556240221749e+00
-4.080753297383133971e-01
9.121419199101057362e-01
2.152696998283643470e+00
6.031394629674061703e-01
6.700892771769568768e-01
8.199752656743254375e-01
8.025508934667052729e-01
-2.906949880054530144e-01
1.674587527043407631e+00
5.618921565437300814e+00
5.510676775466714084e-01
-7.746084880787974802e-02
4.964286046648086481e-01
2.108443524506151689e+00
1.832511276052783522e+00
-1.587454542395905221e-01
2.726499063293585379e-01
8.229699226338054174e-01
2.198339937831676139e+00
2.850438189451196092e+00
3.964967595890708796e-01
-4.033024762443064848e-01
-5.898431596823723311e-01
1.422331822258114942e+00
1.133047550348948329e+00
1.159248930616198381e+00
-2.070775565007546837e-01
5.104628850861250289e-01
2.310749185165352770e+00
4.826008660351200241e+00
-3.192373345112936023e-01
1.634340543111450217e-01
5.740040534724306642e-01
2.436201199651217841e+00
4.030251020602020340e+00
-6.042188993864117293e-03
-1.493449785135418373e-01
-6.234596847871836101e-01
5.393616806014194243e-01
1.553607647296101790e+00
9.470754549842264058e-02
2.106369936171109125e-01
8.032372807998962028e-01
2.283850447906725201e+00
2.318532239797392869e+00
-2.285738283522538994e-01
-7.978627254180724604e-01
-2.504599281296672419e+00
1.604850693627084102e+00
3.296139216410875594e+00
-2.349644822130300126e-01
7.271548052025419429e-01
-3.515548985313320940e-01
2.487555849134885033e+00
5.127539351640687748e+00
4.700803176352483792e-01
-4.383171454531095690e-02
2.462640241983157896e+00
4.933217715424093597e-01
3.291097604549278355e+00
8.494583057806655013e-01
-1.057107161454962529e+00
1.842669809483803989e-01
1.652272171217093799e+00
6.569298240092078522e-01
3.293682198694438679e-01
4.556494537484483964e-01
-6.721374746310940784e-01
1.034165156179094991e+00
2.124914455690340542e+00
1.225613345297297041e+00
6.591849514939331078e-03
-3.760677121352136720e-01
1.420027661535753882e+00
4.643338565680855012e+00
5.209323195038323417e-01
4.251127091062942287e-01
2.341799421688058325e-01
1.749903959859564706e+00
4.952766560008939223e+00
-1.003944685813484172e+00
-4.003891912433792111e-02
-1.757387272013062884e-01
4.906825249849889881e-01
1.063712534620825600e+00
3.427108653012848616e-01
8.854885747955212327e-01
-1.403766018576325103e-01
1.147644178534886095e+00
5.190042811161196923e+00
1.073045262717650328e+00
-6.105036047150727008e-01
-4.621316940042531907e-01
1.661268096859956467e+00
1.198422200906732682e+00
-6.991049921489780328e-01
-2.938498620650686344e-01
4.070339708316413896e-01
2.924692917000728087e+00
4.973186523599532727e+00
2.757486849457442268e-01
6.646440955322931166e-02
-5.452863793195303899e-01
8.767699078242675581e-01
4.421010222445850957e+00
4.019385847319145166e-01
3.095889833038713013e-01
5.460830612122071770e-01
1.871696496172275737e+00
2.069143022996709824e+00
4.467046942316164615e-01
-1.409674810401958210e-02
5.484050859954838764e-01
2.285257209678971613e+00
2.062557772472580986e+00
1.731158691227989432e-01
8.240656016377703175e-01
-1.603908669238175433e-01
2.138782857496521750e+00
5.231349388375893916e+00
-1.225044766053565493e+00
-1.777082963746375310e-01
3.361577129137910958e-01
2.779558610004732588e-01
2.336082486816088710e-01
-2.116809754501567664e-01
7.163304078755352577e-01
-3.387019443485738551e-02
2.380440305024515535e+00
5.386145893883895752e+00
-1.893332319577131773e-01
-8.757677963910875940e-01
-7.077176782781494091e-02
7.746126628213499954e-01
1.130093492604889782e+00
-2.447131125202671176e-01
7.093611291176393774e-02
-4.874038874669260335e-01
5.666944739386198249e-01
4.880538982831810202e+00
2.114713448850273902e-01
-6.324276953964393932e-01
-5.671139471263316745e-01
1.159564633128886468e+00
1.000055577779642713e+00
4.265556694575187158e-01
2.238880707240017282e-02
-1.075279300147599093e+00
1.267345635451835317e+00
2.377229381425521204e+00
-1.807563619669656507e+00
1.376856888189899264e+00
2.075342888425854015e-01
-6.548388835265031016e-01
5.212018820253828011e+00
-7.170054763289542832e-01
3.814233762140709638e-01
-3.607389396503734025e-01
2.521716285209847364e+00
6.223104235417961760e+00
4.682354257269838449e-01
-2.681382515766669861e-01
7.004028910868359548e-01
1.807320647510090916e+00
3.790069524091037145e+00
-8.813617245575102732e-01
-7.368659420504697355e-01
-3.357882965256749341e-01
3.428432078577868580e+00
1.798777439563181424e-01
-2.106001533662879566e-01
-6.075357178061749908e-01
-4.117277200301511231e-01
2.399828063883495677e+00
4.017219528208400003e-01
-7.551369812207460175e-01
6.258488898876155004e-02
-9.874323195238681183e-01
6.582235888100991250e-01
3.119491356699559237e+00
-7.723343476014465914e-01
-4.496082957771004862e-01
-4.589337685282853241e-01
3.237983867935236404e+00
3.352690734498182223e+00
-6.634482113739924580e-01
-3.217645016157341664e-02
-7.836332052905488066e-01
5.970643362935269538e-01
4.070867539418902226e+00
-3.418161953539674003e-01
-4.681216643843192915e-01
3.575372378012489083e-01
2.507922391225930081e+00
1.796005523110951962e+00
-7.691792178255212331e-01
8.790343243300412224e-02
6.576474628909360076e-01
3.889991714752571106e+00
5.724622943368645522e+00
3.973445375494141785e-01
-5.379127673045162039e-01
-8.777795200674352039e-01
1.216328217697175251e+00
3.855285438799269215e+00
-3.141135770877585554e-01
9.939246484079263325e-03
-7.200018391569368292e-01
2.464204213198041282e-01
2.119727019663604217e+00
6.658897845973665852e-01
-1.238924866410345479e-02
-4.096684905299570745e-01
9.630133502020616909e-01
4.517051947195005468e+00
-1.942156717897287388e+00
-7.911714574069303452e-02
-2.610836067095668733e-01
-5.648206552484370535e-01
4.167581502685820116e-02
8.093774589278635023e-01
-3.198889379972225666e-01
1.147289626372043764e-01
1.730066313759241359e+00
1.417111391023356592e+00
7.090846224408085818e-02
-8.927226332143172183e-01
-1.528467463302482232e-01
2.061260125199964932e+00
6.733636062130893274e-01
-4.939243421105072862e-01
-7.759347228220139225e-01
5.834734159839199963e-01
1.316828096665916936e+00
-8.927169862879179296e-02
5.265964806012419785e-01
4.626168491310136410e-01
-1.239030070570444758e-01
1.000810765447502915e+00
4.681255584185406882e+00
-9.220111314425255555e-01
-1.009217388248569436e-01
5.897564506433657927e-01
2.369172382431689705e+00
3.946876041743935026e+00
-1.555072935779989451e-01
3.417252830587984014e-01
-9.457277880507486412e-01
-9.848809318016272796e-01
5.659920121417979288e+00
