-8.000708928276463183e-01 -3.394611257921497649e-01 5.600264684204907528e-01 -1.343798239624353075e-01 -1.528593706682699338e-01 1.282546492930386695e+00
-3.145129641389058373e-01 1.549977378744745171e-01 1.082664322630407572e+00 -9.984363428472748936e-01 6.412558638979666270e-01 5.387876390593517861e-01
-6.549936276747338193e-02 -5.237951657037380748e-01 7.378532917308586736e-01 -8.354991924008604576e-01 -4.711104807448159848e-01 1.019880651809756955e-01
-5.721174438891966918e-02 -4.257076069734275214e-01 -4.168053204231842446e-01 6.700045549003069700e-02 2.939210586166423611e-01 2.663534554571281299e-01
-1.137519530627266517e+00 -3.024624232652852185e-01 -7.212134085600867550e-01 -8.003827678444668248e-01 -1.206907932956202967e-01 -1.644954648149673071e+00
-1.134358152590077440e+00 -2.534421433616864117e-01 4.522102916107288428e-01 -1.655613053717485350e+00 -6.572133521226013464e-01 -2.996288793736019973e-01
3.408865544647336487e-01 -6.483644930802235917e-01 -7.694317206054646086e-02 7.749059077666684558e-01 4.183981232848243970e-03 -6.980773682138837755e-01
2.568517519863960930e-01 -5.372709631271190833e-01 -2.294074994449117055e-01 1.216417408838092740e-01 1.923475510065045802e-01 4.409469416764114635e-01
3.417089965925326767e-01 1.022991878071281224e+00 5.811036218298487599e-01 -5.194668360740266611e-01 1.467652091416845828e+00 3.348243496640103123e-01
-7.520588605658685699e-01 -9.217734957986304378e-01 -4.404697791923186112e-01 -8.490873541181535034e-01 -1.196840907708842661e+00 5.160464989462145713e-01
2.778098733949408913e-02 3.505551302511401152e-02 7.330236566271667309e-01 -2.061943169196747694e-01 5.644505113585579492e-01 -8.244951444369208460e-02
1.098836638140708200e+00 3.593414185392590499e-01 4.068527074386791842e-01 8.940743700451077025e-01 1.271772895389095215e+00 7.611706629785758293e-01
6.379327694646043101e-01 9.395381416566380706e-01 4.314602487472073838e-02 9.355415084780107637e-01 1.892289798377687626e-01 -5.471633856495532466e-01
1.018734340685555795e+00 4.782874818733534039e-01 -1.282885312773066888e-01 1.433814149654208059e+00 -3.974696240878802800e-01 -3.747804044596725892e-01
-1.395960415475841376e+00 1.694896652122133696e-01 -1.722877117599727337e-01 -2.034078070746478506e+00 1.945368732196997019e-01 -9.418190596613652543e-01
-1.552890695683303568e-01 4.600563298305769266e-01 -3.670675066376742346e-01 -8.264265902089881766e-02 -2.754525606274227378e-02 5.029711088667723207e-01
6.067105654285059879e-01 2.708371342839540064e-01 -6.616364599494276577e-01 1.774667249503747435e-01 1.071022789663756081e+00 -2.427657849959508063e-01
-2.473515577064861748e-01 -8.140152912699692989e-01 2.276520674325485660e-01 -2.687405056434128414e-01 -6.411177039275444134e-01 -7.570554714831032594e-01
7.010429678816034738e-01 -1.042733517056335879e+00 2.333569997172921240e-01 1.522928207573624793e+00 -4.739215234816400724e-01 2.024123920776913499e-01
1.347223300024706250e+00 -2.571180145570902909e+00 8.494795875805911944e-02 2.201770209305300430e+00 -3.089448102606085378e+00 1.188286988556677970e-01
-2.321716122902079960e-01 -9.353243966159840994e-01 2.994960143416914855e-01 2.816041960080732931e-01 -5.088251075173071403e-01 1.043896964909173608e+00
-7.243401815081981221e-01 -9.735680018121194434e-01 2.114313669299373866e-01 6.660670354234232704e-02 -1.396331027766820609e+00 6.537824140796778538e-01
-2.843975382677365049e-01 1.210009531543106281e-01 7.525516310578076462e-01 -6.404080089278467725e-01 -4.834717463054292730e-01 3.990213769643458086e-02
6.916270116634920528e-01 -5.144873850199445098e-01 4.056053078827656089e-01 1.987702060073410770e-01 -1.368119310791153342e+00 2.370683551912188547e-01
2.447625416610158672e-02 -4.668378313356617015e-01 -1.930997690462486482e-01 8.313333736237564497e-02 1.804778514292453284e-01 5.668619098807270440e-01
-5.867951979957916064e-01 1.344092783380097245e-01 1.055429205940780157e+00 -1.363332364372310312e+00 4.985608145409298197e-01 5.412466625605326653e-01
-7.667223501106483763e-01 -6.592996025926127768e-01 5.537509464499049683e-01 -5.869619346582024555e-01 -5.672312843641160729e-01 1.533143420290163039e+00
9.429502791839778908e-01 -5.894415169371279850e-01 -4.541470123232796419e-01 1.287666373994334368e+00 2.546706224845152189e-01 -4.348229499329808734e-02
2.621102943027878496e+00 8.582683721041924063e-02 -4.109953746496142202e-01 3.378363356695900155e+00 -5.657556700240466974e-01 -3.663086634550775100e-01
7.300815609765557435e-01 -8.897647148290516173e-01 -5.105841318328624423e-01 7.507220555692983854e-02 -1.645358447454335460e+00 -5.041922987501641362e-01
-3.969654699733036751e-01 6.360169584799169051e-01 4.501536557586479081e-01 3.685910322189020483e-01 4.796577102703637463e-01 1.074232999632949381e+00
-3.802216674076991376e-01 8.579929705513937577e-02 7.906995075368106196e-01 -8.930748181715999490e-01 -1.724152399097693689e-01 -2.802321637619853423e-02
-1.060694630923402215e+00 5.019002132341222611e-01 2.914201229087824974e-01 -1.167828334675941049e+00 5.413438926302890364e-01 1.284882032433227073e+00
-9.171044109378376774e-01 -3.398160090864176253e-01 1.697011636597361428e-01 -5.034038214039850967e-01 -1.073118307857028886e-01 1.049924788252971197e+00
8.431033847876401310e-01 1.489235026214110746e-01 3.010204874385146723e-01 7.091320275780639282e-01 1.136238895616572764e+00 2.158149113167983912e-01
-1.496501296726925057e-01 1.081847163151016533e-01 -6.648743774563754538e-01 -3.329343682863316056e-01 -5.054781737728724078e-01 1.031261077027770812e-01
8.138832742940624310e-02 -1.456274498048816708e-02 5.266886893145531490e-01 -1.759121038894466416e-01 -6.835709251571326917e-01 -1.706093408704364434e-01
3.303538871710896552e-01 4.120729032490094701e-01 -1.021946425362559641e+00 -5.032435890472539697e-01 9.032351174568095109e-01 -7.692115307063231988e-01
3.844184171692964780e-01 5.343179802640857234e-01 -5.947587241081386811e-01 -6.782552833506738654e-02 1.265096672065575412e+00 -8.344872287253846110e-02
2.324426556489455287e+00 -5.530777830785272853e-01 3.486685126646860144e-01 3.244610948482249402e+00 -1.644083783088808870e-01 3.017987086448170042e-01
2.826967246997912353e-01 -1.323396728707955938e-01 -6.393692490057306665e-01 2.671616595610809552e-02 -8.600097928200103325e-01 -2.996598683321582968e-03
6.172254039613651183e-02 1.155397099343708822e+00 -5.162892477241934341e-02 8.617894126210434713e-01 8.447358293381341809e-01 -5.648370456033138254e-01
-8.198535127392357902e-01 -2.731694499509330076e-01 -1.262631790566922652e-01 -4.561671862880671280e-01 -1.454693949486501603e-01 -1.048990089851467022e+00
-1.074897485100703154e+00 -1.380005593481753272e-02 7.491804821167987738e-01 -1.697207383490802357e+00 -2.717222257142439812e-01 1.012260569440592839e-02
3.838253327497084810e-01 -4.804389896493826417e-01 1.492412951339855964e-01 5.139945866244897132e-01 3.775644461626615489e-01 -3.476350169200408402e-01
-8.057585548081387383e-01 5.981627852071909057e-01 -6.183299458258229714e-02 -8.588710460678408154e-01 6.388001147178504757e-01 -1.059594324121079900e+00
5.029539146515019273e-03 5.360229114728380928e-01 1.262846538945426034e-01 1.846156310215381069e-01 -6.241948500659200150e-02 -6.544941455749437864e-01
2.628995954701762033e-02 -1.227672318895149051e+00 -5.968599440763546968e-03 7.448433233721877267e-01 -7.449100362073777237e-01 -5.065898552316309145e-01
9.742494251164035557e-01 2.480571991795290199e+00 -3.853897437157150496e-01 1.796021104364127430e+00 3.050087629161311042e+00 -4.039166425914256786e-01
-8.834199115916044898e-01 -3.970696756238188407e-01 6.339772518018420566e-01 -2.935198696379208716e-01 -3.805186738552877035e-01 1.441283887996231527e+00
3.783635833566407203e-01 1.753159520758368339e-01 1.054962502924346346e+00 -5.250158985492825447e-01 6.019179186301327755e-01 1.098737767668182208e+00
-1.867252467439826091e+00 1.664603913653178724e+00 -1.079750261997248550e+00 -1.976271974429258727e+00 2.123535616452337571e+00 -1.979926766816212380e-01
1.767288031930925596e-01 -6.368336366322544517e-01 -7.155696851815565029e-01 -7.212487715296986845e-01 -3.317931349603947533e-01 -1.032723540013487984e+00
-5.381689298545880296e-02 7.284243732191373333e-01 7.042133182819111312e-03 2.186605996225106374e-01 2.867248635919510957e-01 -8.477429621582128760e-01
-7.659866970308788492e-01 -2.435502017641399952e-01 2.132137614312508145e-01 -5.464467612919003958e-01 9.052021382693664631e-02 -7.034100294680093457e-01
-2.440403946270834623e-01 -2.614961222585485690e-01 9.264027964432436368e-01 -8.700806068753959011e-01 -9.864192749047248077e-01 6.390701052895630951e-01
-8.079414764274657490e-02 6.082693284157468516e-02 -5.335029519266927256e-01 -2.612101977352142002e-01 -5.628272047318388926e-01 2.270925815578221929e-01
5.538379479152725215e-01 -3.546499320427984880e-01 -6.817277144872692096e-01 -1.014730089697207793e-01 -1.102206166024413347e+00 -5.734353933296748584e-01
-2.231309901731221013e-01 1.323709175163699348e+00 -2.575022595266976966e-01 6.910467528072112842e-01 1.265484233718375595e+00 -6.586118585555320593e-01
-9.974355608522569305e-01 -1.955228882002524593e-01 3.543223717962644403e-02 -6.929580515049038603e-01 -1.958957431765998847e-01 9.879516896218319966e-01
7.790591740316169522e-01 -6.124470921307429983e-01 -1.612493760952981914e+00 8.106026320805196361e-01 -1.455600235771512985e+00 -2.149241175127474701e+00
4.140305442525029633e-01 -7.790985095847253739e-01 -9.943347816508419923e-01 -4.546075281532900858e-01 -1.267190154917738010e+00 -9.092792414241122056e-01
-7.509253257295146478e-01 4.760126234686516411e-01 -8.577611422822988274e-01 8.308027817660512682e-02 1.008301498404951868e+00 -1.003030568770587383e+00
2.277009539528870030e-01 -8.065178539832843496e-01 1.167656648069386738e-01 4.698044800148129529e-01 2.577552221524093135e-02 -3.819061898273914402e-01
-1.084498066060468613e+00 -1.791365309821257301e-01 -7.837159549989698437e-01 -1.610725518765622422e+00 -3.572594264332196179e-01 4.776278924862897846e-02
1.073317769841044267e-01 -1.063015814264898218e+00 -3.181947191275480424e-01 9.636185097748712902e-01 -7.136500001748062871e-01 -6.986110163490015790e-01
4.187719262342271542e-01 -3.750568554738614724e-02 -6.737346876700589515e-01 1.606371189903822438e-01 7.407933501956758260e-01 -1.013562881382432668e-01
-4.475898699422237170e-01 8.578104859485212730e-01 4.613596280146951140e-02 1.845054253714821790e-01 6.050480553839640008e-01 -6.863711643566056120e-01
-1.034996223752471911e+00 3.172933215815924579e-01 4.174269210423302567e-01 -1.423903746928950387e+00 7.255359947742840987e-01 -4.084597892280447118e-01
-2.048535388393042389e+00 1.829349870768866571e-01 1.663169752801884282e+00 -2.895674671685289248e+00 3.416338726888579203e-01 1.156050734810429859e+00
2.278211482106518582e-01 2.772101413956685745e-01 3.883351829893721963e-01 -3.018957301909724888e-02 -4.247845164340064983e-01 -2.754674745144241044e-01
-9.945280638742515222e-01 -3.872411851959777218e-01 2.472746527342509548e+00 -7.207755804514168751e-01 -4.844672362979072222e-01 3.429619911237659746e+00
-2.928916824984097445e-01 1.131784226115605030e+00 -2.321029862111500530e-01 4.966299734038305824e-01 9.120925028340071128e-01 -8.051571735119200657e-01
-1.325221560442424729e-01 3.796265110838992762e-01 -4.225746160524916917e-01 -5.415447133132322843e-02 -1.063661622496163139e-01 4.478675861981110673e-01
-6.987244416449664985e-01 -3.226042526877082595e-01 -1.304480157604314794e+00 -1.487930883859830189e+00 -7.273334706546483730e-01 -8.425846589355939775e-01
6.384361377700180640e-01 -6.751951411626073707e-01 8.290270837154505024e-02 1.102334457583603378e+00 1.192753806202840883e-01 4.748401254321680254e-01
7.038917846287989777e-01 6.891676672569746476e-01 7.134673282149239792e-02 1.117604863761177514e+00 -1.232086226284122565e-01 -3.396109922389572433e-01
3.603149181454442379e-02 3.003508678470936943e-02 -9.106133882599816154e-01 -3.605379615396148707e-01 7.350191820695433087e-01 -3.226252131562578063e-01
1.258219560341049759e+00 -1.020855787265097236e-01 -1.823123610532065564e-01 1.572896639545035447e+00 8.239029429265454230e-01 2.631072872939171914e-02
5.293046596895498723e-01 -1.654051510010305648e-01 3.983859744580392492e-01 4.090430956957348263e-01 6.682421986148561199e-01 -1.406587850046320254e-01
-6.080714292979448876e-01 -8.905251398585980471e-01 -3.031932224797221909e-01 -4.355866224041391455e-01 -8.902290932729847173e-01 6.818189113273824820e-01
-3.269523506588792316e-01 8.393369006413703426e-01 -1.013547382704119260e+00 6.061089259762897363e-01 8.200104583766378852e-01 -1.372745298446035545e+00
-7.491311653243907243e-01 -4.410593978024883732e-01 3.457825953276659758e-01 -9.529129865306773528e-02 -1.351659093964607816e-02 9.700426189164498281e-01
-4.452088923356187222e-01 5.488944846413231771e-01 -7.869163941754715730e-02 -1.759969280698576166e-01 3.944116046931297470e-01 8.719186688050611922e-01
-2.913642787145389601e-01 -9.280886834358924586e-01 -1.746458501395235785e-01 3.499760540706142731e-02 -5.658211517495245202e-01 -1.047715238034017116e+00
2.470713937216220679e-01 1.525310927634767832e+00 -2.355374903086201233e+00 -6.952379679689921765e-01 1.809608024676437887e+00 -2.178659800494751497e+00
-1.135307213791100223e+00 -7.621768016886192321e-01 -2.855971020447199971e-01 -1.253611397586472664e+00 -8.254585867840235069e-01 -1.276555999159857624e+00
1.015328326187465935e+00 9.060830554422391048e-01 7.806423629134479590e-03 3.223120897057749623e-01 1.625944471619096277e+00 -3.128369625559847267e-02
1.049734227163482275e-01 -1.587078305257157984e-01 3.098342539353198255e-01 -9.592423197728940087e-02 -8.206624885918468726e-01 -4.122849626786320165e-01
-2.707056533510485696e-01 -1.036409244217397774e+00 -2.435154139954576191e-01 -2.920629859441861709e-01 -1.095085091170532543e+00 7.545331866893179029e-01
1.130056646157552303e+00 -1.334639487443433081e-01 -3.831653455578904605e-02 1.044525328446911372e+00 -1.091282076861572081e+00 -3.126681832490114110e-01
4.446693826723180365e-01 -1.103033391925589024e+00 2.356638019459334488e-01 1.038581267197036251e+00 -4.659640581792092728e-01 7.270000792756676766e-01
6.797920938488410947e-01 1.089600028296599854e+00 -3.015236863158914787e-02 1.404727493289100959e+00 4.603677699452309868e-01 2.500893693169666254e-01
6.367735160991276622e-02 7.581118128878234774e-01 -3.372369017933232183e-01 4.584290539202529047e-01 3.999324091261879932e-02 -9.103658664316335303e-01
-4.600330709346791558e-01 -9.270633873388189894e-02 6.465653863773679344e-01 -5.666104974657885096e-01 -7.488583207686722032e-01 -1.004994224751319942e-01
-1.604426470786420866e-01 -2.046106105431051425e-01 -1.363508769155195699e+00 -1.080601535262488477e+00 1.356833536086711200e-01 -1.169839880434943913e+00
-2.578944165377445308e-01 1.652602483532657485e-01 -4.465400599964488570e-01 -1.193775642526090364e-01 -3.650803775706331078e-01 3.898521339697939014e-01
-8.963064333593663280e-01 1.707991837423388642e-02 -1.824629107764133562e-01 -6.867053187568985528e-01 -4.371427615800210775e-02 -1.158358109385659418e+00
-5.540295773200847318e-01 -6.344805568274149987e-01 -6.876358049725386223e-01 -1.938780364771983122e-01 -6.594140103925664187e-01 -1.620196360926847046e+00
1.217188807085889835e+00 -2.453653828023801609e+00 2.912036619517839875e-01 1.140163907415216560e+00 -3.437866821069038181e+00 4.505521766974818210e-01
5.763215359796140108e-02 -3.532780523471479861e-01 -3.253736846343528444e-01 1.825568947342199599e-01 3.867294322147804553e-01 3.355217169568263658e-01
-1.108084674299821382e+00 -7.032913274528176384e-01 -2.086995378767291520e-01 -1.063394073331636935e+00 -5.616158394034400647e-01 7.802043028838744343e-01
-5.918009873229738149e-01 3.875932214604248527e-01 2.446455371751705271e-02 -7.374545384129127523e-02 1.590180714012068286e-01 8.487047280626015544e-01
1.570217962855090799e-01 -1.526422782683571011e+00 2.559143044721305049e+00 -3.512742629396554683e-01 -1.726669328182756979e+00 3.396720764811691939e+00
-7.153517670414836216e-01 5.276450550224650593e-01 -5.820122455587439098e-02 -1.358463987774005677e-01 8.373580542065599541e-01 6.956232817381982070e-01
-7.189323475264626229e-01 5.821481150437577412e-01 -2.656121925033620990e-01 -7.808029031982629542e-01 5.979650027501747234e-01 -1.263571039552750852e+00
3.998508802283081143e-01 9.987048339821662513e-01 -1.543290631171074512e-01 7.744737123391082223e-01 2.150331985154538827e-01 -6.498252804853247300e-01
9.200172749541752903e-01 7.569125539890145804e-01 3.277779712996909955e-01 6.351176931390870584e-01 1.708605610270613084e+00 4.422880359533195582e-01
1.092052388965093934e+00 -2.722487758398613455e-01 2.222884815828585214e-02 9.738474738413057663e-01 -1.223291583842130992e+00 -2.633323105936284381e-01
1.412094711472112740e+00 -5.842943684001954407e-01 -1.740687599237167316e-01 2.035962971744643468e+00 1.963027539193833437e-01 -1.359042941090502776e-01
2.667948339266792424e+00 1.184045646332988699e+00 2.625589595611310112e-01 3.146515676150174468e+00 1.867757328125315475e+00 8.134778648902689646e-01
3.012726030738315797e-01 1.471498989663982682e-01 -6.286859839854577192e-01 3.024706104450886057e-02 9.440732593998927280e-01 -8.881719144128896737e-02
-4.421426910811215305e-01 7.954763403979010494e-01 3.377375462422124164e-01 4.669446941732134371e-01 9.811212867626980527e-01 7.106934147583787720e-01
1.167168138309111897e-01 5.584781608751605564e-01 -1.959971239034123403e-01 3.834993466472485513e-01 -8.936212255434916596e-02 5.175363702999589144e-01
1.014132390007078888e+00 1.551277637313446811e-01 1.097553473809100844e+00 1.457650826358484419e+00 1.043669344463060700e+00 1.214964103341470647e+00
3.504299741902565102e-01 -6.489907490597168760e-01 8.930661961080255118e-01 -5.799273320965490086e-01 -9.964443699711180713e-01 7.759710896589721019e-01
4.806953293033903660e-03 3.215421904926133584e-03 5.984181064691940222e-01 -1.866098370545547225e-01 5.272705948945441978e-01 -2.314769399287518459e-01
-1.061306042825823637e+00 2.821027740134675332e-02 2.340918243540922664e-03 -7.634351491639495002e-01 -3.538262727924706974e-02 9.548265471027700402e-01
-9.083466683391400870e-03 5.990226761090087226e-01 3.341557562854134689e-02 1.710271202259648904e-01 5.097742778319058754e-02 -7.834115678177691056e-01
-9.669931663456146076e-01 -2.702691053420264167e-01 -5.767492032657859508e-02 -8.583474678878861841e-01 -1.296575016681482118e-01 -1.041760530992079881e+00
6.585289937381512138e-01 5.628643700595336030e-01 2.782750829291469885e-01 9.149426042211756815e-01 -3.805946657924225152e-01 4.883634167993478048e-01
-4.891025198948039110e-01 6.599095590531141031e-01 8.069592600271402461e-01 4.185992880561831830e-01 9.839391223024929189e-01 1.073571844094221017e+00
-4.830890721467213100e-01 -3.867684397398162277e-01 5.419378342186723652e-01 1.452046284869913939e-01 2.561813294526621432e-02 1.201622865436636101e+00
2.622478277041178640e-01 -4.374373926498680287e-01 -7.242224713779951140e-01 6.450159655431904060e-01 4.159667778657221149e-01 -3.704006597244364762e-01
2.431572758587595695e-01 -9.457236287104505701e-01 -3.636239756619888408e-02 6.832776717129953603e-01 -1.824401813317453325e-01 4.365989286654392565e-01
8.231080844115180525e-04 6.458801987046260962e-01 -1.071515918557816693e+00 -9.577073340694268744e-01 9.064211264206210039e-01 -9.560264538900140607e-01
5.372368039119532757e-01 -1.350249491297955018e+00 -2.630833285942817401e-01 1.436107280332649783e+00 -9.865769464960708612e-01 -1.859580994240483953e-02
3.617222511348175407e-02 -7.421577435086917918e-01 2.630238800537752775e-02 2.880168262043445448e-01 -1.395565796877995535e-02 -6.111111508504480927e-01
-7.322430009175321386e-01 -1.030985509993028945e-02 -2.647211843527252362e-01 -5.985532332926901677e-01 1.759589287546451386e-01 7.086394816872341185e-01
-1.351291789194736026e+00 -2.866285825319136449e-01 1.130105946827400787e-01 -1.149933355688100178e+00 -1.127650546726156056e-01 1.076974419178282405e+00
3.067597186290924038e-01 -9.212193394369500021e-01 -2.162341725075315746e-01 1.040354169481427560e+00 -4.185684034345924509e-01 -6.735975053345244490e-01
-5.043553675288435789e-01 1.061687521397375544e+00 -9.996546491104414331e-03 1.989762516781080626e-01 6.920002571996989316e-01 5.971739074291804172e-01
1.380408820402102554e-01 -1.020876680542650128e+00 -2.273790606569081330e-01 8.939845056697166559e-01 -5.546423971265344033e-01 -6.869166879099463108e-01
-2.117718574745676985e-01 8.184849423198209406e-01 -5.336743728407985499e-01 7.434078587863610643e-01 5.833806930822282855e-01 -7.135568390072360989e-01
7.398181510672974248e-02 4.469590941568437614e-01 9.019970683170899228e-01 -8.799620885583732122e-01 6.486246413447336323e-01 6.799114187636037254e-01
-5.242823513089854837e-01 1.051394875015359220e+00 2.000394546393220452e-01 3.205319391087183556e-01 1.056466314032774134e+00 7.350750564569247247e-01
1.258757347584965325e-01 -9.482047331795704359e-01 -8.588380402230798294e-02 8.155864238377086295e-01 -3.990394030420262306e-01 -5.578124061908993347e-01
-3.334800534758184942e-01 -8.376558526307541497e-01 -4.543819738034246547e-01 1.359126239829669958e-01 -6.112933371239323010e-01 -1.307863388903657720e+00
8.572429311920607420e-01 -4.795953244987815611e-01 -4.363210216412373721e-01 3.928121071325751945e-01 -1.325348070503641562e+00 -1.736305149824210470e-01
2.678534029803896974e-02 -7.570902722204121693e-02 -6.905623807409734249e-01 -3.190749936055060909e-02 4.416458344437437233e-01 1.631934963594935395e-01
-5.131470104937748689e-01 -8.344589629772622974e-01 -5.487995682204276360e-01 3.770711614520397825e-01 -9.993603755141861056e-01 -9.734395692575168457e-01
-8.450313336667710784e-01 5.082279764474498807e-01 -1.653105603356456732e-01 -5.434307496175808661e-01 3.182909770222246415e-01 -1.099634392821218887e+00
2.920287325446336624e+00 -6.757305223951152184e-01 7.094709505303360420e-01 3.748363917572851811e+00 -3.467760170685977861e-01 1.163429198607758730e+00
4.073482253873323411e-01 -2.830376352185730582e-01 9.428139804012051206e-01 -4.342216666389751567e-01 -8.221383849811334521e-01 9.764368660637133823e-01
-4.922811242346556981e-01 4.627213488093306348e-01 -2.340015785412777882e-01 -3.862859746558575114e-01 -1.988030234623986980e-01 -9.763967113083661387e-01
-3.939559416595241337e-01 3.148450576788604516e-01 -1.099148741845428490e-01 -1.115298487751125167e-01 -6.435770747204599962e-02 7.712438884456385146e-01
3.023379431860275801e-01 4.456286139354590503e-01 -9.009068437902258975e-01 -4.935739554148395047e-01 1.015846383483313575e+00 -6.974960649277652802e-01
3.467111761016325455e-01 9.516286266356065449e-01 3.460924447392003667e-01 1.045286015493007037e+00 3.006241431101941419e-01 6.430543214155283183e-01
5.119262724748553373e-01 5.201397295674050625e-01 -2.783018478507480742e-01 5.072709100839900564e-01 -3.225144407025475335e-01 2.601331778744246925e-01
1.421522674787515095e-01 1.072303660269821046e+00 8.353661143335476547e-02 6.252585254282306826e-01 4.705451803999453064e-01 7.195358845734642905e-01
4.769932928173826331e-02 1.496536337681965423e-01 2.670154211310520886e-01 -1.245335606239805215e-01 -6.356753553901126619e-01 -3.276224606275127127e-01
4.097210906063810665e-01 4.942722613503159890e-01 8.374859739626319133e-01 -4.864056362370358100e-01 9.335142386327274222e-01 7.740558956878745844e-01
-3.476404324832897408e-01 3.148704158148394328e-01 1.038320766027589048e+00 -1.204924286378484366e+00 6.903267762585851841e-01 6.860468452600436695e-01
-2.793275078795349309e+00 2.310025973009416714e-02 2.862344227340999914e-01 -3.421744547551579529e+00 -2.543091905979894332e-02 -4.900843594208375564e-01
2.490856455272499881e-01 2.722638635796174711e+00 5.488173172473334027e-01 -2.399778460839712135e-01 3.594885815883055002e+00 5.474914199938452075e-01
-3.363098967503798109e-01 9.902903195613271814e-01 -5.107731409484760343e-01 4.144904403733252751e-01 8.162208784265391204e-01 -1.147953400716426930e+00
6.349749659531972457e-02 -6.823913024102194747e-02 -1.289705224737072164e+00 -8.700097027912361280e-01 -3.757170341895679777e-01 -1.105255645510450524e+00
-1.935007346924112193e-01 -5.385333922753984814e-02 1.211734503623592252e+00 -1.074370850081777462e+00 -4.466350614347570636e-01 9.475558547629074901e-01
-4.205494134627008607e-01 -4.847958160562616525e-01 2.554592495275701536e-01 -4.103744543296820035e-01 -4.036128155215407132e-02 -6.402942962353024292e-01
1.087289267202538934e+00 -1.120682262956798292e+00 -2.246410076345633777e-01 1.989813689591553025e+00 -7.195820482373196381e-01 -6.789827337436057930e-02
-1.137538956358281839e+00 -9.927822396311158926e-02 2.344661068185917241e+00 -2.019576319995548541e+00 -1.268635252869679819e-01 2.815032347388519263e+00
-7.345112712295309709e-01 2.195414638567160237e-01 -5.792066927497291351e-01 -1.596333507519486217e-01 -3.715279638419943797e-02 -1.356138757544804729e+00
4.490794883551306182e-01 -1.219271553461873520e-01 8.329428465355784850e-01 8.699885661213602184e-04 -9.805418282032426491e-01 5.841676712196758325e-01
1.004802599295615828e-01 -3.545016703397747826e-02 6.500298199816667566e-01 -1.763555405342972782e-01 -6.991870233464931861e-01 -4.481931843178299513e-02
-1.860214435762355401e-01 -8.936425021308356254e-01 -5.292804892570531772e-01 3.315136458356595650e-01 -5.285486956517149171e-01 -1.303143489857293780e+00
1.942338619570794234e-01 -1.016989059715688759e+00 3.780418990352160669e-02 7.233661046410015949e-01 -3.041044862700926776e-01 4.980374510826472978e-01
2.006326572941992126e-01 9.758467497240210786e-01 -1.352463410843729452e-01 6.443528241778703203e-01 2.029125199613611708e-01 -5.887715222617038169e-01
-1.607122999332025515e+00 7.703221755501836465e-02 -5.823687373635163533e-01 -2.281146225106736036e+00 1.099453643596277896e-01 1.556078312913913297e-01
1.199215945938557848e+00 -6.930871001309553137e-01 -1.594008953258556072e-01 1.817379436166809636e+00 9.176883317024631115e-02 -2.027028965581975650e-01
-1.034962817267332108e-01 6.089320986130143387e-01 -3.126140123167854079e-04 6.984462054521954621e-02 3.647982101917113251e-02 -8.017184546930337108e-01
-1.805633009455320792e-01 6.683548317628607016e-01 -6.143261043419525613e-01 4.787868302889785044e-01 1.766831005502779162e-01 -1.183111048910157059e+00
-2.391098298157545154e-01 6.960998288358329067e-02 -7.680950639037653627e-01 -5.466160623436040478e-01 4.937765174994770967e-01 8.368112023645335462e-02
7.483849335174869166e-01 -2.706362079814352839e-01 4.070609978332941914e-01 1.073938931910693562e+00 5.597511793253971968e-01 -4.512412037818430699e-02
-1.063924387451207876e+00 3.075482745443183785e-01 -4.595401892080037132e-01 -6.000966627167352296e-01 2.887170792066107161e-01 -1.345265444493069840e+00
-6.758061710823670687e-01 -1.497933869128374451e-01 -8.932894787369216605e-01 -1.231337188216634182e+00 6.525665585138756830e-03 -7.661962939270738904e-02
-5.760078309935547924e-01 -7.455449381595656844e-01 -7.920756930924878203e-01 -6.320605344633507539e-01 -1.309393687136987783e+00 3.189802172511668754e-02
3.363595514879489379e-01 -7.540211460971718571e-01 -6.636194722182127137e-01 1.182546286931562829e+00 -2.467191507429292718e-01 -8.267534486574674713e-01
3.559461438293997082e-01 1.397246045892397981e-01 5.256470345759821639e-01 3.179901299234497158e-01 1.042797195934186627e+00 9.783955945441091817e-02
3.965987477751780621e-01 -2.560402445079613010e+00 -4.209952496533309607e-01 -5.263822928439081394e-01 -2.850958854242354512e+00 -1.686403968128080133e-01
-1.820682043927777938e-01 -2.625049104285629431e-01 -9.757342498888865734e-01 -7.116685390035556447e-01 -8.184153997203730269e-01 -3.350416453775714176e-01
-2.284245967298457469e-01 -5.439173556787936237e-01 4.020106645634778930e-01 -4.110153122435562523e-01 -1.973548686247317274e-02 -4.297909938938859753e-01
-1.535106097776161270e-02 -8.517519711153990203e-01 -1.173547152248626962e-01 2.797990373129925490e-01 -1.468080570954782837e-01 -7.622892061347790182e-01
7.946394304486936733e-01 1.173718672302287158e-01 -1.279693741402011087e+00 3.125617189309775612e-01 9.794504857775346851e-01 -1.435967653176850156e+00
-2.186783316183882331e-01 -1.145330259501882830e+00 2.946801969784817454e-01 5.720113826329521478e-01 -6.893601666246882420e-01 7.032154465943457611e-01
-1.126692487568567769e+00 2.306760061154718433e-01 -5.389017420279409443e-01 -1.129944399147024825e+00 1.862973301318962271e-01 4.601077465100962272e-01
1.380677709869432945e+00 -3.192555400418767286e-01 -4.531429225927960935e-01 1.085047496664120814e+00 -1.272289522114709470e+00 -5.189381052020214380e-01
4.237478446442333735e-01 -1.990235008032993080e-01 3.942440235097263712e-01 3.303851764302327965e-01 6.163918143089839319e-01 -1.770538638172776680e-01
-5.413689706261205492e-01 2.229157778499009535e+00 -2.217204956072658106e+00 -1.590268388605098338e-02 2.360797502883392962e+00 -3.057773908903778537e+00
-8.474587003103423166e-01 -3.867983345428801512e-01 -6.008061841710788942e-01 -1.010629751501947338e+00 -7.074110256932425456e-01 3.322440343736406954e-01
7.805728710460316799e-01 2.257555916796834539e-01 2.984005052712603370e-02 7.662840147510214805e-01 -7.662880670417897555e-01 -9.524075446026490643e-02
2.254627654675531168e-01 -9.437225423818499381e-01 -4.648025720430378205e-01 9.682991111575609544e-01 -3.176796071186190895e-01 -7.020037666625285055e-01
1.553916035667487483e+00 3.086642680421748386e-01 -4.988805001739284734e-02 1.784811409061817455e+00 -6.611882664499457718e-01 2.804389391000369075e-02
2.320635695453905634e-02 -1.949018588705832278e-01 -1.199069853572419353e+00 -8.201647270201567475e-01 1.081971381429977785e-01 -7.553850412059064379e-01
2.671897581890341211e+00 -2.326361330297911367e-01 1.769298707364065915e-01 3.476293125424895436e+00 3.603436493574192490e-01 1.405597288372331666e-01
-1.209272091425811047e+00 -1.942588715062434357e-01 1.353083116652153625e-02 -9.574465882692535512e-01 -6.460576171984885874e-02 9.725793112146700059e-01
-5.009241962479578369e-02 -6.437923731784158665e-01 -7.385422091861976179e-02 2.067547177482542686e-01 6.507751013347884417e-03 6.410858440514770606e-01
-1.168939834214480777e+00 -2.150460124938002870e-01 -1.284439241202475435e+00 -1.701089283416828746e+00 -5.482325111805914641e-01 -5.061053020693584426e-01
4.624870667477151143e-01 -1.129688259313315735e+00 8.452781313882927472e-02 1.293692323825351265e+00 -5.917870124790383102e-01 -5.604270034330428862e-02
-8.685621253362669769e-01 -3.418001501683159415e-01 -4.121138263935568147e-01 -1.953837600879380076e-01 -2.908792016064001285e-01 -1.149838670464259138e+00
-2.402810677006692874e-01 6.907329446144530039e-01 1.650266316211158324e-01 3.406535697672278262e-01 4.183933790823964882e-01 9.320638589027215870e-01
4.003626402659832828e-01 2.904016831670899745e-01 -3.040952322250273232e-01 2.669764603307354101e-01 -5.113471687794872711e-01 2.784911608572577801e-01
2.788254672379057442e-01 8.045320969326004157e-01 7.164286698710792267e-01 -6.750258998652458597e-01 1.051158689261135759e+00 8.877263447877659086e-01
-1.204704079084194506e-03 2.561123619682222907e-01 8.463920587254937233e-01 -6.660235726575328696e-01 4.729033114041654162e-01 1.315371390216885095e-01
5.229406582940965276e-01 -4.047475940237207914e-01 5.748853907587526679e-01 5.420866220222908538e-02 -1.119327403156521017e+00 5.559162782734172747e-02
-1.812044184009590775e-01 -7.043223228223813304e-02 4.706443725756320751e-01 -2.570188349743780520e-01 4.835976139789061046e-01 -3.583930835694355554e-01
-1.059393675629652476e+00 -1.572928239354997038e-01 -3.314706440711717023e-02 -9.630587804682825270e-01 -1.555962876486625124e-01 -1.028494596547964601e+00
1.523492265247490263e-01 -5.358826320687293254e-01 1.266740108182826119e-01 3.007177834547552497e-01 2.801901316133269537e-01 6.852543682341500908e-01
1.933663593660970570e-01 8.571630241677807849e-01 -5.962452579283104015e-01 7.831111832579991106e-01 3.229801646878636134e-01 -1.201926457348078126e+00
6.387295084789669231e-01 1.047860253107531836e+00 -3.340225121578058176e-01 -2.194454110478860631e-01 1.251313165354154044e+00 -8.053427005578444042e-01
-1.418238856909856960e+00 -6.869188202137008203e-02 -1.080336507653737177e-01 -1.393755803186043307e+00 -7.178759706791307260e-02 -1.107729102704966939e+00
-2.489996902697959036e-01 -6.796817283706034774e-01 4.059878051237750946e-02 1.096831100916347279e-01 -3.621519103564775910e-01 9.183923003089172754e-01
7.581677923702065391e-02 1.068385577102678896e+00 -3.422660795686853774e-01 7.792357085552924501e-01 6.847343721016705409e-01 -9.406084253691564534e-01
8.149180802174657012e-01 1.715828190560961808e-01 1.975719736579706343e-01 8.080497555113465014e-01 1.168313189465122637e+00 1.170648632886608781e-01
-3.855075071389027497e-01 -9.929625484324851037e-01 3.916900483170343561e-01 2.807447874791597076e-01 -8.120084455577852856e-01 1.115128706787107404e+00
4.402153347877370282e-02 -1.068139233775668329e+00 2.541906244019543348e-01 9.233300209594158536e-01 -7.944279863721324109e-01 6.439325093582747295e-01
-3.409647204334916304e-01 -5.392352865381123683e-01 -1.183925819240777555e+00 -1.232606828459955617e+00 -6.985021150903529819e-01 -7.601234731913073528e-01
-8.757103540137735065e-01 2.568780266572849233e-02 2.656426455073768733e-01 -5.494388361396582710e-01 2.742291375498457362e-01 -6.463738573466788484e-01
6.668692463246702617e-01 4.961789862337333545e-01 -2.420754200034829287e-02 7.723447575632187423e-01 -4.227284833077138426e-01 3.559029405568958082e-01
-2.841521299598973038e-01 2.959716660837005131e-01 -3.708149232304356890e-01 -2.663227893887104014e-01 -3.931927426173337237e-01 3.535707008639072391e-01
3.254686347188691375e-02 9.744857209048609636e-01 1.679865724919498982e-01 8.986948687394394897e-01 5.642712424690904394e-01 -1.175159925625667567e-01
-1.997086223245017333e-01 -4.888035204707453785e-01 -1.768018569689406572e-01 5.051294438635750561e-03 -4.634710896400384694e-03 -1.027480374578569000e+00
-8.548424527117061134e-01 7.189605108676888623e-01 -4.435477559634861122e-01 -3.986993203042855094e-01 6.823994451261632399e-01 -1.332702821871222021e+00
-3.610664347404670682e-01 -8.266032339700848386e-01 -2.618842058335033030e-01 -3.296522133263087295e-01 -6.726024904429660500e-01 7.256870157429644586e-01
1.429776198649973795e-01 6.868346418886909222e-01 -8.256987480860757955e-01 -6.878359192079416262e-01 1.233270433184013193e+00 -9.313244517975941550e-01
-9.741759985173951142e-01 -2.867184795649126983e-01 3.090201876825562355e-01 -7.538928019893728072e-01 -1.513196529993717232e-01 1.275013185116839587e+00
-1.236516317763252992e+00 1.413806214160462371e-01 2.325288891352936815e-01 -1.385789862017115626e+00 2.670206454615633995e-01 -7.482524286638025934e-01
-3.200549713211737757e-01 -2.211453483712809698e-01 5.127181733109196227e-01 -5.521817472026365747e-01 2.283433459520827213e-01 -3.498808491754004102e-01
-1.475933574660407976e-01 -8.375827509067607091e-01 -8.652717244473061564e-01 6.473856818046217487e-01 -6.138614713121288702e-01 -1.429148587048384211e+00
9.835513134096970228e-03 -3.722575325096046384e-01 -4.693961054588438042e-01 1.131583082976444637e-01 3.625884024237676084e-01 2.009216191400882146e-01
-1.367674757133184427e+00 1.797263829263326951e-01 4.928723618523597749e-01 -9.275034653307010490e-01 2.134185980985749131e-01 1.390153849742152614e+00
7.579937751855210515e-02 -6.674286858626019558e-01 -4.300457669414849415e-01 -7.535337970658999573e-01 -1.412471317269351490e-01 -2.420578481247455949e-01
3.022209264885044044e-01 8.236078134074783508e-01 -5.148934150718913472e-01 1.197069618004645397e+00 4.277624734039786603e-01 -7.211754697673111725e-01
4.321449957231056072e-01 3.489693584820646732e-01 -1.225138409336288037e+00 -2.310073380342460014e-01 -2.385450930617661891e-01 -1.688879448558966434e+00
6.746639157902966089e-01 -4.678581512143596410e-01 -8.681414580939060821e-01 1.418363297837000880e-01 -1.292932108217331733e+00 -6.801315406271921660e-01
2.861557184374197704e-01 -8.052448976785249179e-01 -6.667577776473442019e-02 7.920076189871469996e-01 -1.717554994120484846e-01 -6.521713259922222727e-01
-5.730942324515849728e-01 -7.381085167541997505e-01 6.019202858300481962e-02 -1.781429685137606023e-01 -4.892646471542960729e-01 9.445506818885860412e-01
-1.144229386076858201e+00 -5.051846153539011341e-01 4.279965481765615753e-01 -1.178487896511763333e+00 -5.332332088871347686e-01 1.427015882756022425e+00
-9.602359667397289966e-01 2.592104482529659082e-01 -8.543086316946710834e-01 -1.578025885800298678e+00 6.808816222708100607e-01 -1.905850168446736603e-01
-1.087194869027323207e+00 -4.395139885812983371e-02 -5.659427507643173261e-01 -1.523838985034197790e+00 -5.149578985684197946e-02 3.336599382718113960e-01
-4.573910769122561670e-01 -5.220610674907693038e-01 3.684218601159145595e-02 -1.527620274528850297e-01 2.658773553175186599e-02 -7.417370541222787494e-01
1.098030265892811830e+00 4.486450567092188646e-02 -3.448815216062294658e-02 7.633127101542029891e-01 -8.568773124275987918e-01 -3.080312956914849076e-01
2.247324813395968832e-02 -3.261124439730853086e-01 9.514921023725115834e-01 -9.439378745867550435e-01 -5.771497315023668140e-01 1.006535922658064575e+00
-1.049933653571070380e+00 -5.022001761040678636e-01 3.948392297093805126e-01 -1.057467901888043738e+00 -6.894020934104218012e-01 -5.874533322390051993e-01
8.500786462136110666e-01 4.165872585184388077e-02 -4.186647794651502941e-01 5.591880875807879736e-01 9.666928148939131216e-01 -1.743399608150726920e-01
-8.816103323726667274e-01 4.603345875613911592e-02 -9.847754644821100634e-01 -1.621983399233824841e+00 2.575952457142719615e-02 -3.128850794792609191e-01
3.207008775656210453e-01 6.136979062019273234e-01 -5.002836798168744381e-02 4.750957065216330766e-01 -1.994016413565705692e-01 5.112481793208074610e-01
9.624416966193811707e-01 4.048501802934399429e-01 4.397470799629686344e-01 4.427581268605814691e-01 1.248499698505655120e+00 5.745969140119873142e-01
3.162612189112719574e-01 -1.759826265956868363e-01 6.313627150093052975e-01 -8.518481247997800043e-02 -8.708959770683613044e-01 3.475855879259104331e-02
1.402644726716626211e+00 -1.174422582539695004e+00 -3.102972510036645648e-01 1.263670924739992207e+00 -2.163675205235843890e+00 -3.557453626580536210e-01
5.753258493064529189e-01 6.035437480231032881e-01 3.799970626604035617e-01 9.698453356797940295e-01 -2.964450781458387585e-01 5.654006431079368067e-01
7.756650567971091759e-01 7.857620096349711147e-01 3.786148760991627227e-01 2.903583763043188770e-01 1.599943610068327526e+00 5.988968508840031291e-02
-9.778462935753522434e-01 2.615460865554969372e-01 -9.699676340755550852e-01 -1.706280009636686579e+00 5.029395233543909605e-01 -3.287862790943816282e-01
-1.216368121376866451e+00 2.505480178947970260e-01 1.005330098029791064e-01 -1.416525679012675898e+00 3.509955066248167665e-01 1.075134084155506375e+00
9.657485545011524897e-01 -7.678468392325126235e-01 9.286362189955758850e-02 1.500579746713278428e+00 7.680578526729453515e-02 1.156131221697565548e-01
4.718977104484340379e-01 -1.334453170649976261e-01 9.862342330365903020e-01 -3.716201319993739927e-01 -6.652105321943579952e-01 1.061755127169406343e+00
1.411189444267435977e+00 1.584628386157408420e-01 -3.816792765928945369e-02 1.589352240723627352e+00 -8.255112765469572178e-01 -4.544519697513019207e-02
2.809019104141149970e-01 -1.033728953005732754e+00 1.258378674474912029e-01 1.178461176744470151e+00 -7.557432857500534507e-01 4.680531976490020507e-01
-1.618349125344061001e-01 -9.311834796202153597e-02 -9.322946546655703770e-01 -5.353825948875584606e-01 -5.974187181577198524e-01 -1.537426232450171959e-01
4.280510579756857115e-01 -1.754505934964668279e-01 -1.022232380730128343e+00 -1.627710303442819195e-01 6.178331954762382727e-01 -1.169304098291122918e+00
7.022704369687969850e-01 8.076892032687325029e-01 -6.800649051895473196e-01 -3.684142768628440034e-02 1.471217933294089786e+00 -7.960100472051799825e-01
3.401526292656572026e-01 -8.054310861276559041e-01 -7.582353140958114635e-01 -5.210890178062517197e-01 -1.297547057671886606e+00 -6.314098596320353307e-01
4.745862375959193358e-01 5.873698716871749159e-01 4.008508715108102805e-01 8.755747882517164182e-01 -3.059139047723363758e-01 6.039574370304833240e-01
7.276747741359577970e-02 2.881148263244489582e-01 -7.526258360972075678e-01 -1.382948840106619226e-01 8.994843430972397913e-01 1.005364674668030034e-02
1.313800402516220323e-01 1.863102396441072622e-03 -1.361094216482143349e+00 -8.339544035468759997e-01 2.442107701914765783e-01 -1.458032441814318902e+00
-5.014456017768116336e-01 9.305638269631912873e-01 -3.355543735200797184e-01 -4.889988921972863722e-01 9.682688575469363679e-01 6.636570205749445783e-01
4.452800205110704068e-01 -4.952352951170015949e-01 -7.625234921160833901e-01 7.098522603196086855e-01 4.612138363597908519e-01 -8.858384904738775267e-01
-3.769432687160901296e-01 -9.761160646879215586e-01 -7.144869375904358555e-02 2.593473495653268457e-01 -7.940337596087579941e-01 6.782047483487817496e-01
3.217984755125962715e-01 9.484071141610703748e-01 -2.235241480698495764e-01 7.758577924977951845e-01 2.634425075285221629e-01 -7.933079880650297788e-01
5.934939061627044765e-01 -2.449679458253014794e-02 6.675322190897966523e-01 -2.056840011411298352e-02 -7.738413872063995003e-01 4.197214737308366805e-01
6.128380627862504149e-01 5.482326872114448024e-01 5.309130243289529316e-01 1.124856427265054304e+00 -3.095154641134937323e-01 5.767966089219325188e-01
-1.418859962632288196e+00 2.728910533835633423e+00 -3.145670875929076904e-01 -1.490317981633574318e+00 3.714755103271222048e+00 -1.628956122431537978e-01
-2.223105825813562197e-01 1.012147248648608944e+00 -2.693538963656925134e-01 3.991747818827739436e-01 6.700895511826641116e-01 -9.741605885595050474e-01
-6.203948991620086284e-01 8.714889670202313754e-01 -2.671063992343487570e-01 -7.725957561478744573e-01 9.369011070174517730e-01 7.190762162450319295e-01
1.982540488484032803e-01 1.640446246345906856e-01 5.044637630550553586e-01 1.969383479095151712e-01 -6.370057813651249790e-01 -9.413168963292661839e-02
-3.981860997081119735e-01 9.854223059858858713e-01 -3.238190053228322540e-01 3.114751280518435750e-01 7.559035318603328779e-01 -9.899286615643071441e-01
-1.055492345511416380e-01 -3.251088719925541715e-01 -7.649980730409825513e-01 -5.065031514207465335e-01 -8.009612017520572058e-01 1.781768868675326356e-02
-5.310365061605362147e-01 -1.087638379613863782e+00 -6.977756493682742145e-02 -2.912479585754066957e-01 -8.727648871687765375e-01 -1.016525068071356452e+00
6.255631177031369949e-01 -6.854424525621846120e-01 -6.660478390126621795e-01 7.032976870207729991e-02 -1.469767893849478479e+00 -3.893719811815909981e-01
-3.361808715227889155e-01 4.801331740880073196e-01 -9.636109323583309516e-01 -1.195918342547000579e+00 4.992886736427499250e-01 -4.532340640015244393e-01
-5.519222392187644877e-01 -9.906464551115282680e-01 5.026302409937510873e-01 2.971656601622422178e-01 -9.872586870299093764e-01 1.030870964672051304e+00
-3.395298227853447148e-01 6.911480597185956642e-02 1.168170776852156534e+00 -1.021161925661580483e+00 5.793235046558622425e-01 6.437046100542427318e-01
7.243413363900983448e-01 2.559287767749769404e+00 8.437440391555232899e-02 -4.842801943640395734e-02 3.166118462174767778e+00 2.703422263988171648e-01
1.091277505488058797e+00 2.944283893636199731e-02 1.694263093802232389e-01 1.087267312338155989e+00 -9.532590448475078970e-01 3.545773989220725175e-01
6.508970138432834673e-01 -1.985497087983437048e+00 4.076702307011378368e-01 2.845290362585207733e-01 -2.888487459902886023e+00 1.832088905527146372e-01
-2.735211775988884764e+00 2.101693115422401462e-02 1.298832549415083859e+00 -3.729735370467134992e+00 -2.446330594877293638e-02 1.204734897695626916e+00
1.042758482085208493e+00 2.272523811131869562e-02 -4.565890553252605066e-01 1.112795075808070466e+00 1.018268461216274678e+00 -5.197441538486144985e-01
-7.461967608897031035e-01 -5.768083320431199867e-01 -4.762188915853579618e-01 -5.478588786043703251e-01 -4.281357141514886000e-01 -1.445011200152998443e+00
-4.646578895588686087e-01 4.631618892853570646e-01 -6.631328422334611394e-01 -6.649610252432982538e-01 8.117968475703545295e-01 2.524720505541446780e-01
-4.051210074649867765e-02 -2.760775642533034105e-02 1.150129198783133910e+00 -1.014090655998897139e+00 8.490334652215600353e-02 9.514182316318652299e-01
-5.023106246286702659e-01 6.269410712018681497e-01 6.807486894572923886e-01 -6.579574880807221859e-01 1.147572929565739308e+00 -1.587252660375283453e-01
-9.688672773456346032e-01 1.568737802292365924e-01 -9.355018312128029478e-01 -1.607236629639657188e+00 4.833339151661854016e-01 -2.384305648786790854e-01
-9.979285219688699415e-01 4.303515697130819717e-01 3.439491299937496582e-01 -1.002865275279390289e+00 1.660507930129681564e-01 -6.204785385757847216e-01
-1.818412421892749153e-01 1.230706722694695499e+00 5.599053624109288918e-02 7.199712429022466775e-01 1.169088832990371252e+00 4.837024455929833655e-01
-5.609231764423042721e-01 1.707486607391324185e-01 3.722183405278159940e-01 -5.227461644908277805e-01 -2.716681741402640071e-01 -5.237782331117005752e-01
-6.520372033575287940e-01 -6.606274540988887889e-01 -2.605948296250295559e+00 -1.322235328731996340e+00 -5.742787819063168708e-01 -3.343090331108659274e+00
2.756420293395812626e-01 -5.206334707336792711e-01 1.613982144678330621e-01 4.369753628637847997e-01 2.788248845148958432e-01 -4.172535752271535614e-01
-1.124633198826850755e+00 2.633675503720681599e-01 7.490287484437990750e-01 -7.799192523122517873e-01 3.279687140929214983e-01 1.685510987850527886e+00
-4.779952972985920812e-01 5.430324456158460711e-01 1.623942038825117729e-01 -2.316040022721839453e-01 3.468655662181641675e-01 1.111504252908748214e+00
1.402096656150857656e+00 3.111680608025257366e-01 1.280059417353457130e-01 1.151972145443496576e+00 1.278409012807637302e+00 8.461619746727480629e-02
5.089298838808912206e-01 -4.100338287344902910e-01 -5.717851084030494135e-01 -8.200688499096953077e-02 -1.125235029287331656e+00 -1.985814402497749764e-01
1.107095394610057432e-02 -2.338979819836934093e-01 7.274932880076523389e-01 -5.734661318122504792e-01 -1.577391944536494506e-01 -8.029148187544443704e-02
1.040337898187933652e+00 -6.293614104705886891e-01 -3.282331428053807953e-01 1.390660903290985573e+00 2.122365108493637909e-01 8.284681404669230753e-02
-3.903469269462742086e-01 1.192466545284429635e-01 6.354582859239500392e-01 -8.939490452568161771e-01 -1.496217543248337667e-01 -1.855744084030434005e-01
-1.082681625532346592e+00 6.623261507181424923e-01 -3.622812187128149897e-01 -6.499924380493289355e-01 7.907256541934450933e-01 -1.254634083079026130e+00
-4.570736471972057235e-01 -7.896633661625821476e-01 -3.848896813967205288e-01 -2.853532597488928069e-02 -6.750499671046480410e-01 -1.281114360816086650e+00
-3.701078484193323637e-01 -7.120640782347453790e-01 -8.951634518223229309e-01 -6.928027422683473713e-01 -1.333603400860328581e+00 -1.813309253051402781e-01
-5.944667087237406333e-01 1.454794881157938924e-01 1.164562463779210688e+00 -1.361637702035820574e+00 5.316730465531824823e-01 6.524070162420160246e-01
1.006461480736717151e+00 -2.624620391192364344e-01 2.807548336485946594e-01 7.635363295107460146e-01 -1.205825835854452688e+00 5.480767630609392760e-02
-1.613339878584018339e-01 -9.365564932045131741e-01 2.508197017115529004e+00 6.648105557675557109e-02 -6.340467887939709168e-01 3.433717511065870198e+00
7.517720630794980652e-01 4.395408384320856898e-01 -7.624399788584906856e-01 7.936621594229453791e-02 1.166167758428415357e+00 -9.034495383654511658e-01
-6.329688354905269598e-01 4.386374762307483355e-01 -9.730007567750291742e-01 2.297809157298459359e-01 5.190077364135441407e-01 -1.472203609378391675e+00
-3.584607374683536629e-01 6.068569091590338971e-01 -2.302064472205346823e-01 -1.059752463359621144e-01 1.614471230949884317e-01 6.287820272341673178e-01
-6.739103110820005016e-02 -2.231174799307509421e-02 -7.688559577034246306e-01 -3.706239690300938139e-01 -5.693557532172935920e-01 1.139569510322091528e-02
6.145072551369127334e-01 3.004008984863357767e-01 -2.090230640282777219e-01 4.376644533100887413e-01 -6.546305326469907815e-01 2.897187076964802266e-02
1.259848462443572181e+00 -5.743067538526135385e-01 4.203920453608748359e-02 1.484465495239666533e+00 3.480781144257640847e-01 -2.722112423195346964e-01
8.668333743131073632e-01 1.697090854858779585e-01 -1.160479734412063202e-01 5.634271398088415150e-01 9.802900193204920898e-01 3.848544188147573486e-01
-9.141428809007705325e-02 1.392877246430788141e-01 -9.541917756673606865e-01 -6.347062692446185928e-01 5.464580557962090968e-01 -2.199941560567931775e-01
-3.222071484868681557e-01 5.638797651088137686e-01 -3.380054568728896314e-01 -1.108897537695395230e-01 1.021963136634284064e-01 5.235009849784508784e-01
1.020850643980593997e+00 -5.367711597954383240e-01 1.617201244259237058e-01 1.286745203335611265e+00 4.175288087364744660e-01 2.529559083540161568e-02
-5.368447914895403406e-01 -6.563157083877954046e-01 6.329202822764362635e-01 -7.298887376873591792e-01 -1.150189396402417241e+00 -2.149139085434490504e-01
-7.805399958884111644e-01 -2.981937761708317591e-01 7.307290026786794623e-01 -9.709474969736686667e-02 -2.426442949932119397e-01 1.458614193213395582e+00
9.475460445522309039e-01 9.597084748824992184e-01 -9.494018924782274271e-02 1.626543653138078582e+00 2.318156074128906452e-01 -1.905133079662713613e-01
6.035964759454529593e-01 2.143452425033741116e-01 3.841071229837401679e-01 3.547442247265536475e-01 1.157336032504976853e+00 1.631072880619937604e-01
7.025233355414304270e-01 7.382846414400159318e-01 -3.212430192781118854e-01 2.849241413709557302e-01 1.628250317162191596e+00 -1.380163589239456201e-01
5.412464340266580631e-01 -4.131121890417939202e-01 1.704459070753143457e-01 6.815651281335105560e-01 5.081168789357795035e-01 -1.923869310158911883e-01
8.801097410425406942e-01 6.230154067784310357e-01 2.429359785947238781e-01 1.522089174998276118e+00 -1.424745076077104100e-01 2.863824669565135927e-01
2.895043087332843657e-01 -6.801903523701892107e-01 1.490756617863313593e-01 5.402557669676975038e-01 1.481893103228755226e-01 -3.518343507207452037e-01
-1.848420534254049674e-01 1.086274982696686514e-01 -9.919073903744179965e-01 -9.915581887698032837e-01 4.174844643300909541e-01 -4.881053940594475282e-01
-2.530259593775928129e-01 -5.564106203311338650e-01 6.324061667202579562e-02 -6.111903376557956125e-02 6.493428325352990083e-02 -6.964318408328584731e-01
1.235249891989844417e-01 4.335209319282419815e-01 -7.586582534719262805e-01 -4.047785489368773693e-01 1.046615970022153341e+00 -1.712828659574718859e-01
7.797360764671252831e-01 -9.152302822527699222e-01 -4.050972879100077084e-01 1.348100577020292956e+00 -1.647190048348969871e-01 -7.422836117423078361e-01
-4.177524729473860443e-01 -5.615028924697205159e-01 -3.853295059944268353e-01 -3.039637302907904903e-03 -5.338898159965033141e-02 -1.140202685761755985e+00
4.411628445385483155e-01 -3.930710271871392658e-01 2.095947684435744973e-01 4.061466752117526280e-01 4.787349365850062100e-01 -2.790034605923051858e-01
1.370701624939459073e-01 -8.395641710608306996e-01 -1.928457502824173012e-02 6.419050030142958718e-01 -2.213527287718864978e-01 -6.217432013419631476e-01
3.995705258235562884e-01 -7.938928550448086652e-01 3.495787630091553022e-01 8.612355658149236648e-01 1.001800245633677200e-03 7.432891614500118926e-01
-4.731099925771011794e-01 -9.034760720653083332e-01 -8.599821225087541654e-01 1.992479920357984602e-01 -1.452424448351999020e+00 -1.356560838020691495e+00
4.795293873146063146e-01 -4.750869912980638654e-01 9.810110852236149370e-02 9.265609983924356641e-01 3.295157064503118072e-01 -2.927661803023702825e-01
4.068941062642110196e-01 -4.015457984293940297e-01 3.875328140057754389e-01 4.303678585692915504e-01 4.441985094966224845e-01 -1.455389903165532628e-01
8.812473816875259214e-01 -2.740493447164151219e-01 7.009088138412080671e-01 6.299904240637921315e-01 5.553058484529067584e-01 1.199947795092915381e+00
5.116588229091472151e-01 8.436800572638510909e-01 5.051874003590826057e-01 -3.951779729949311815e-05 1.673603584106327258e+00 2.829448578258965674e-01
-1.112573250084030602e-01 -1.057576087666525888e+00 1.748948450094224283e-01 5.594618480498555479e-01 -5.585540265262697313e-01 7.236322807538558832e-01
1.622648895354464327e-01 3.658150666160310815e-01 -2.798090478340700682e-01 3.427562002436880806e-01 -2.984597563676550380e-01 4.455610965121205580e-01
-7.047214736184118644e-01 2.607763196770691502e-02 6.126722513109205126e-01 -8.812064979136091658e-01 2.994987194016258680e-01 -3.328931589838812766e-01
-2.923167098477225112e-01 7.666310163119897103e-01 2.671056777386034420e-01 2.552813486223988182e-01 3.282238706656676608e-01 9.798016444775756728e-01
1.040250848622177759e+00 -3.511564684791804170e-01 -2.285096743011062470e-01 7.949166235656027757e-01 -1.306953459286968044e+00 -6.645033214932613563e-02
-1.036996083044768202e+00 -3.652262369900645123e-01 -1.166247587177976219e-01 -1.036524778153842030e+00 -3.639592965941007008e-01 8.833743276486514251e-01
1.612443795274577929e-01 -3.069995160815041854e-02 9.237298563313268707e-01 -5.546659173625216877e-01 -5.756980748483114807e-01 4.873246633379303971e-01
1.887280716727408880e-02 1.248470849773660074e+00 -2.384256133978784054e-01 7.849002225349038797e-01 7.249366815585173152e-01 -6.114054702487106141e-01
1.021683809198681708e-01 2.970062928244260325e-02 -6.606374459373433039e-01 -1.013040188543488235e-01 5.891686512204865611e-01 1.428515178691631693e-01
2.209946998279763847e-02 7.356033299648158108e-01 8.155349061568616109e-02 3.397263677081056588e-01 2.935630962258387044e-01 9.204298734024393136e-01
1.275217575060430875e+00 1.580480382890977697e+00 -6.731930174563445501e-02 1.029331576699247464e+00 2.548738570289752037e+00 -2.241764982542238799e-02
-9.755706094609443157e-01 -1.174910145944061020e-02 6.138204416270597319e-01 -1.242774814524720384e+00 -1.710297073842459437e-01 -3.365645337236989887e-01
-4.480096488972696855e-01 -7.131345032668120476e-01 -2.825340721361740970e-01 4.699443348620352401e-02 -2.974704440634914904e-01 -1.045550682905765250e+00
3.749554450863292754e-01 -2.303709604646294318e-01 -5.301513172543035335e-01 2.196716590860793017e-01 6.399714885267369091e-01 -6.282812364078349532e-02
6.437183550391158970e-01 -3.038558124032609276e-01 -3.332462036089737789e-01 4.637396361502096331e-01 -1.258626857246064601e+00 -9.656094281546928615e-02
-1.876524895880898047e-01 7.954609069163795509e-02 6.092640779173653931e-02 1.780533138757991740e-01 -3.077719357459706151e-01 -7.853855983320732204e-01
3.330099430141466588e-01 -7.831988416792301511e-01 -3.741704627755023660e-01 8.483778038749746342e-01 -1.485563789526287426e-01 -9.500392954935515943e-01
-1.438662880252787657e+00 -1.428820502383083280e-01 7.641559548229559518e-02 -1.716086051033514304e+00 -2.582597527953708338e-01 -8.773791256535585781e-01
-3.773656757279205687e-01 4.499688091648573196e-01 -1.579971342383508504e-01 -1.818992079321090083e-01 5.369231701178278637e-02 7.390858060376769290e-01
4.955076923629106456e-01 1.985470473355637422e+00 -5.096442958913556254e-01 -3.505099800715441583e-01 2.467891664929936280e+00 -2.826555476049672500e-01
-2.439790516366608486e+00 5.764518376655074494e-01 -3.620366631717484851e-01 -2.465593955354338451e+00 6.362352763853101889e-01 6.358411464779309963e-01
8.493615756343333434e-01 -1.373314710894337209e-01 -5.774809796102358117e-01 5.991112589407565636e-01 -9.772022330146830082e-01 -9.582562330464483580e-02
-5.407111784708501512e-01 -9.943557910574588043e-02 4.047420085782101329e-01 -5.665103020802466638e-01 -5.633510380399273654e-01 -4.807617193545833945e-01
9.259557626205354719e-01 -5.642324835913884590e-02 -3.735069095174525788e-01 8.716284288243945078e-01 -1.053036375751773779e+00 -3.117751096791669396e-01
5.596744014477172957e-01 -2.266212945758662167e-01 6.166776097071892115e-01 -4.824631650201782751e-02 -8.799147212659054196e-01 1.654126106976659960e-01
-8.188144276651896369e-01 7.575423913640874085e-01 1.813256899465977845e-01 -1.252726408163121530e+00 1.272251743692464299e+00 9.207813517722850394e-01
-6.726351634189173256e-02 -6.958476060285648801e-01 1.394555304060336384e-02 2.196754522741540538e-01 -5.449086990993090573e-02 7.255125318449974214e-01
2.421953003891184342e-01 -1.895808694181051468e-01 8.946704435069916528e-01 -6.762382288946418019e-01 -5.302628886811555642e-01 6.936340934649481982e-01
3.401227817321685332e-01 9.081291537157779592e-01 5.569690818833563650e-01 -3.496079384971393922e-01 1.482938192152221113e+00 1.166667960572074225e-01
7.161219028005376686e-01 8.541861826666014013e-01 -1.846836855025190127e-01 1.317858480145021494e+00 7.470896232279478077e-02 -3.588340643445954714e-01
-1.650163186571756979e-01 -1.990674191918029023e-01 9.969524847830931735e-01 -1.031558841832802775e+00 1.770782209753734293e-01 6.688998778560288905e-01
1.178026653305503046e+00 -3.421139761993474693e-02 3.200700576144148712e-01 8.499766232472785177e-01 8.473971415007717223e-01 -1.926688633400291950e-02
-5.764665033238476344e-01 1.085936620101018019e-01 -9.659414118511113756e-01 -1.135533764344681229e+00 4.093478288707006474e-01 -1.932896605616639674e-01
-8.060323083047288284e-01 -5.295034716652491369e-01 -4.091047837073654159e-01 -8.616194429260354282e-01 -6.111694453859231047e-01 5.860036220459208245e-01
1.158797964650897683e+00 2.553105678092000286e-01 1.163213289655045390e-01 9.142872972149010957e-01 1.203399803513823585e+00 3.196470151220410782e-01
8.361533967466212858e-02 2.719486949988957125e+00 -3.222719627126771069e-01 7.221392546609282093e-01 3.400178885865819289e+00 -6.813620606307642102e-01
5.877593427860006159e-01 1.868737313174332337e-01 5.906261459650681278e-01 1.170832058030005784e-01 1.000728523559982097e+00 2.498852602196126593e-01
3.308453435995375447e-01 3.406461221485624913e-01 -1.358736547514784176e-01 3.654763120540015509e-01 -5.314424103523707199e-01 3.522475264159390385e-01
1.575640285274043650e-01 9.587270231456370695e-01 3.757232427391965501e-01 9.179182163367026748e-01 4.784320361454742487e-01 8.129625759920225958e-01
-1.011432452218517380e-01 -1.263970906141178019e-01 1.080251514983596062e+00 -1.020102871143450773e+00 1.513786022408972753e-01 8.003339014167630827e-01
-2.763359859378374250e-01 -1.021465343561595851e-01 -9.323144867428165838e-01 -5.547394558003149179e-01 -8.026246123249823894e-01 -2.751828635092087305e-01
-3.978130555629200704e-01 -5.333866961492121916e-01 7.399186980011162040e-01 -7.058959442666237205e-01 -9.485641853509668708e-01 -1.160676255742715268e-01
-2.814853826071234688e-01 -8.495728630837569295e-02 3.864807156900949558e-01 -3.298983332686645786e-01 4.585117630190081450e-01 -4.515512518573446266e-01
-4.764006877475335244e-01 7.186747928925860673e-01 -1.670011112040531431e-01 -3.257535242676612430e-01 5.685228023512539641e-01 -1.144119226823625546e+00
4.830468790044594729e-01 2.872243303041409068e-01 -8.493097345943714238e-01 -2.929138024343730939e-01 8.839173844229826216e-01 -6.447555363306551879e-01
1.256990290348014572e-01 -1.666921959878776782e+00 -1.707074595344500179e-01 9.353651543190107942e-01 -1.194576556369371767e+00 -5.190328610641007367e-01
4.522417616459143419e-01 3.303410620626055089e-02 -7.536449795176911604e-01 1.415850094854655961e-01 8.437779513405395670e-01 -2.574728320587614805e-01
-5.890054972410210810e-02 6.782897003747562215e-01 1.632386664994941450e-01 2.913649919452339088e-01 1.887088509103229117e-01 9.617526877644750893e-01
-3.614923160585257755e-01 7.551602330165527732e-01 5.343162057788218566e-02 1.897561569400901815e-02 3.880173350292794865e-01 -7.953617850076319939e-01
-3.592600841696731995e-01 -2.490261032719997658e+00 2.135151230123215171e+00 6.092933034301417639e-02 -3.059934886411750821e+00 2.841488653987668034e+00
2.101075978664663502e-01 7.936775203693828828e-01 4.198628306032849145e-02 6.155064855023569814e-01 4.658049973439548630e-02 5.687668670437433516e-01
-4.750256937424524040e-02 5.793983038810098796e-01 9.969957468715257010e-01 6.172055271643863694e-01 4.292907517453665722e-01 1.728863815028508721e+00
-3.685472422344152621e-01 -1.042566513556601571e+00 -7.213162912550228345e-01 3.257066987244457978e-01 -8.312334422359272113e-01 -1.409320505216871133e+00
-6.197294326413643750e-01 1.912844898760256152e-01 2.100359464471833193e-01 -4.793627276139393323e-01 -2.307073640631805145e-01 -6.856314378695034240e-01
-5.220701949943712394e-01 7.388629473690577765e-01 3.175752574543961315e-01 -5.453342834082314239e-01 8.673909559932586610e-01 -6.738577121352626875e-01
-2.041974644357004987e-01 -6.329999772005102665e-01 5.297793848560279351e-01 5.843348873980978020e-01 -3.458747889229243921e-01 1.073632174099605985e+00
8.166553196411251436e-01 7.269913405803862805e-01 -3.906748266194808861e-01 1.540279574700996079e+00 3.874654452864367826e-02 -3.388381774536409763e-01
-8.731448126498344564e-01 -1.245669520389044993e-01 1.930643937948512412e-01 -3.467879705101508669e-01 8.267240832353997537e-02 1.017685714310701872e+00
-1.084521762290591163e+00 -2.478822795854885574e-01 -2.730631138976695738e-01 -8.562361008079080182e-01 -2.798904749736004227e-01 -1.246131010906614378e+00
-1.168005386000797508e+00 -2.925388780213840079e-01 6.814684546318293679e-01 -2.143209865803417991e+00 -4.409272394639927040e-01 5.172822287744884839e-01
-6.323907839641467188e-01 -6.086771851456778126e-01 -4.031128293941658725e-01 -6.853873422852763131e-01 -7.330915365041164033e-01 5.877011965371257141e-01
-7.484545566682090367e-01 5.881464118125983020e-01 5.246284439156465723e-02 -2.351486989156083007e-01 6.345680309745743708e-01 9.094121600872172584e-01
-1.127094593777149045e+00 -3.572031665666492439e-01 -1.987061439212602643e-01 -9.566804365636399909e-01 -3.368220318329985252e-01 -1.183867868902584330e+00
-5.223414099415530920e-01 -7.296443317940796147e-01 -5.825263189319301871e-01 -1.976844638401753507e-03 -4.203849509840747456e-01 -1.378503300105302198e+00
-1.001339984915738668e-01 -1.093198191090611893e+00 -8.501730401462483794e-03 4.120552699616000236e-01 -5.115866642032178557e-01 6.234715167167337313e-01
-7.245617060799072195e-01 1.637010583895330829e-01 4.958382782852992499e-01 -6.543237807317385801e-01 5.003306626153291026e-01 -4.431756424856172494e-01
8.114574792471579423e-01 -6.217470639236147845e-01 2.067413775093804029e-01 9.706634615189779769e-01 1.526002969139357290e-01 -4.056634069043153490e-01
-1.137447336818317334e+00 8.358617583138731877e-02 -1.597192508025152002e-01 -1.173882399514061703e+00 9.533573143118272142e-02 8.395476975899374139e-01
-8.771598781998511951e-01 -6.544532027296823262e-02 -1.212062766660092938e+00 -1.638012170615894991e+00 -3.323582402276066827e-01 -6.205720378345773725e-01
-3.882216381298611574e-01 -2.203591419678050112e-01 1.282152885378156748e+00 -1.364645412062716723e+00 -3.263322333423856469e-01 1.094093539417275496e+00
-5.227392385384664886e-01 3.414305159467156403e-01 -8.392747148960383319e-01 -7.650888687002083133e-01 9.303031575213431825e-01 -6.823926255588341760e-02
-3.502058112877202700e-01 2.621643340931577582e-01 -1.110949943701519338e+00 -1.217737727216126942e+00 1.556948794546624826e-01 -6.250974660145476314e-01
8.488977104644115368e-01 -8.858026968674354018e-02 -4.896054256987549813e-01 6.160758472207680247e-01 -9.330835654461488993e-01 -7.310740420905070813e-03
1.118298572779055922e-01 -2.468662860793319758e-01 -4.432422505932532841e-01 9.510861187859802335e-02 5.335687345156070460e-01 1.817710121310454063e-01
-7.064798595541633697e-01 -4.990114104880397639e-01 4.571856243124399199e-01 -8.292945990106594945e-01 -8.625457582038081883e-01 -4.662640591046391947e-01
1.046672811822041638e+00 -1.188564033428829436e-01 2.086699134917426035e-02 7.350321208925414407e-01 -1.027519509628720185e+00 -2.570024726657780811e-01
3.871319768913937254e-01 -7.736484567575637739e-01 1.907146102787024899e+00 1.374144215835746641e+00 -7.237545284564594894e-01 2.059846581151500544e+00
1.561229234416088296e+00 -2.543680436582236304e-01 -2.431188620332390027e+00 1.404173924198829804e+00 -1.008068393404337737e-01 -3.406766698223150591e+00
-3.623680660455596003e-01 -9.693566956261712164e-01 -2.852035746601042088e-01 5.323389076129405595e-01 -9.631166666672972276e-01 -7.318135760320397809e-01
-2.420998164367280936e-01 7.963161534756266757e-01 1.812164502397632937e-01 4.961963595321685627e-01 4.836253579432963079e-01 7.788310609539446094e-01
7.306551969383555667e-01 9.331530782154869030e-02 -3.790050362559063135e-01 5.467468326439726134e-01 -7.023544234156680055e-01 1.981322024797861348e-01
2.327881573479023913e+00 1.739622879097324770e-01 -1.334180592537284049e+00 2.379695222897672657e+00 -8.209307325048723625e-01 -1.420801742750300578e+00
-2.175202100683184814e-01 1.829482944259851473e-01 9.420474564818278607e-01 -7.405261011436048424e-01 -5.649615934916895066e-01 5.332741238688538665e-01
-7.269218703098813128e-01 7.186988440502928288e-01 -1.111977872227548764e-01 -7.262237466199451541e-01 7.182871927165733750e-01 8.888018843604377217e-01
4.316794626764804410e-01 5.096631985418541566e-01 5.636001197116828898e-01 -1.908385197123832477e-01 1.258560044678514567e+00 3.363890384478910311e-01
-5.844672281106043643e-01 5.174982707910258384e-01 4.152305752662462934e-01 -1.133582639027322703e+00 8.397082125830629407e-02 -2.992805974913383960e-01
-1.161075617190847176e+00 1.996066258724621956e-01 -1.678003651297155230e+00 -2.115577106035342325e+00 4.972729262422337926e-01 -1.660068171994521613e+00
5.141051565589431771e-01 -8.540855884847746715e-01 -9.508660099428675738e-02 8.502884891062911787e-01 6.269343607303168309e-02 -3.107182012948834227e-01
1.107811102285017446e+00 -4.842099891618968366e-01 -3.658253992641986030e-01 1.261678984116676228e+00 4.818182980071826771e-01 -5.734645654391115066e-01
-8.839834646742947832e-01 -2.799043197471894340e-01 -6.896494236400800837e-01 -1.229632190068012054e+00 -6.232958008194049437e-01 1.836255899499853461e-01
2.730122000906834434e-01 -2.687374086816017194e+00 4.400501088694909191e-01 -1.592848689971342879e-01 -3.584846030638686898e+00 3.525095233720143550e-01
9.842271502735208122e-01 -3.872594762968435966e-01 4.926281584377686235e-02 1.002014226211809911e+00 5.510020106914641502e-01 3.947320647850616204e-01
-5.674704840487112545e-01 1.045137756897456027e+00 3.928964042446867477e-01 2.977327609264757147e-01 1.233558151935324698e+00 8.575695147408504138e-01
8.816782875074515025e-02 1.004437579877817538e-01 7.887108675811849157e-01 -3.548376197966565115e-01 6.615345076269850688e-01 8.948033104360464396e-02
6.500079319781474352e-01 -5.741518990410252599e-01 5.205084164123262580e-01 -5.258325868972502093e-02 -1.276486158092001499e+00 4.060872323631400937e-01
-8.423203329883294233e-01 -2.510414768651360262e+00 1.532805724251452784e+00 -5.506778779645330468e-01 -3.083256336067013326e+00 2.298832627870686540e+00
-3.442785415756944301e-01 6.165378004188035721e-01 -3.044867201221744188e-02 2.073559369756727278e-01 2.274996261215750382e-01 7.073512337975084163e-01
1.386286003279453005e-01 4.699221183764455412e-01 -2.468047458899206570e-01 3.537072917044522535e-01 -1.873301745703823129e-01 4.755252202141488915e-01
-9.494010352551583987e-01 -9.529018323357858755e-02 2.526962676840537880e-01 -5.781716627942656839e-01 -8.863904282090173670e-02 1.181213642509911566e+00
5.583321388298162491e-01 2.248741901361813511e+00 1.697285948716732717e-01 1.476152102855707193e+00 1.866830345528369683e+00 2.781263677103742449e-01
-1.011982672296019459e+00 7.193746482829140032e-02 7.386551223129205201e-01 -1.401641035111663269e+00 -1.900287951782054785e-01 -1.442605242275859512e-01
-7.860529253894300572e-01 9.207596014379141325e-01 1.841684149653744385e+00 -6.711570010268792519e-01 9.658017053192543555e-01 2.834040000869837872e+00
1.795264270608906809e+00 -2.505522311510682165e+00 -2.161733470645428590e-01 2.672834499539617603e+00 -2.966786130472089500e+00 -3.469639530408041850e-01
-1.399993541552489729e-01 -8.090997572194674747e-01 1.932471218305716887e-01 3.124860775139519653e-01 -1.569150309031199786e-01 8.014510488869561744e-01
6.983583805107099751e-01 -1.378929673844861946e-02 3.749290293190986056e-01 5.416258004699949780e-01 9.240097735454823047e-01 6.514232507184447574e-02
9.571965866660399058e-01 3.115752452736110234e-01 4.038335137181872647e-01 9.407257452668945641e-01 -6.269078728753308960e-01 5.890142136805065487e-02
-6.737674198678131887e-01 4.790383718458843948e-02 -6.559692087993099774e-01 -8.857643714078864416e-01 6.074123532529259739e-01 1.452845044430829402e-01
1.852302870180865035e+00 6.962442311488304947e-01 -4.752323908687244303e-01 1.376766295404228346e+00 1.488740744859911924e+00 -8.570887012859882415e-01
-9.347069510236788448e-01 1.667352723020809335e-01 2.866485708676689073e-02 -5.515277497852542066e-01 5.293885645574479826e-01 8.781684117318467875e-01
-8.934410693010430560e-02 8.381737536491234986e-01 5.943853201278049836e-01 7.986699333072792006e-01 4.924500419296967135e-01 8.975456399195305135e-01
-4.080753297383133971e-01 9.121419199101057362e-01 2.152696998283643470e+00 3.650100962021551876e-02 1.264423988259838705e+00 2.976255874625707953e+00
8.199752656743254375e-01 8.025508934667052729e-01 -2.906949880054530144e-01 1.603108937209419160e+00 1.893888701770083394e-01 -3.942999381924459645e-01
5.510676775466714084e-01 -7.746084880787974802e-02 4.964286046648086481e-01 3.288339224047495679e-01 7.522070339822938267e-01 -1.568794685641616837e-02
-1.587454542395905221e-01 2.726499063293585379e-01 8.229699226338054174e-01 -9.341495273868749560e-01 5.050156247273098753e-01 2.358117699526008915e-01
3.964967595890708796e-01 -4.033024762443064848e-01 -5.898431596823723311e-01 8.157351658541460715e-01 4.924424205087658546e-01 -4.419234562850646864e-01
1.159248930616198381e+00 -2.070775565007546837e-01 5.104628850861250289e-01 1.242976685486758770e+00 -9.408162174289907975e-01 -1.637902131815612838e-01
-3.192373345112936023e-01 1.634340543111450217e-01 5.740040534724306642e-01 -7.279807872721553164e-01 -3.398184298002823178e-01 -1.873537645479840252e-01
-6.042188993864117293e-03 -1.493449785135418373e-01 -6.234596847871836101e-01 2.785282624215641885e-03 3.641675481861636476e-01 2.345770047939299552e-01
9.470754549842264058e-02 2.106369936171109125e-01 8.032372807998962028e-01 -4.196075778758542318e-01 7.652285948268304772e-01 1.490904244013182556e-01
-2.285738283522538994e-01 -7.978627254180724604e-01 -2.504599281296672419e+00 -1.216082375629781387e+00 -9.517055588080580719e-01 -2.538647066369544625e+00
-2.349644822130300126e-01 7.271548052025419429e-01 -3.515548985313320940e-01 1.041801282938137341e-02 1.704394114742376898e-01 -1.145189198138336195e+00
4.700803176352483792e-01 -4.383171454531095690e-02 2.462640241983157896e+00 1.808650511325782251e-03 -1.143669602068700109e-01 3.343404923886585500e+00
8.494583057806655013e-01 -1.057107161454962529e+00 1.842669809483803989e-01 1.638702297921590167e+00 -4.484444603491862802e-01 1.028812503067223216e-01
3.293682198694438679e-01 4.556494537484483964e-01 -6.721374746310940784e-01 -1.228614164494681305e-01 1.186483451265416100e+00 -1.608938691862596970e-01
1.225613345297297041e+00 6.591849514939331078e-03 -3.760677121352136720e-01 1.157400480364654483e+00 -9.797080689362511752e-01 -2.258695899070839730e-01
5.209323195038323417e-01 4.251127091062942287e-01 2.341799421688058325e-01 7.551933052922134015e-01 -5.305984474758045355e-01 5.602838948973742905e-02
-1.003944685813484172e+00 -4.003891912433792111e-02 -1.757387272013062884e-01 -7.751022025622842371e-01 3.718918262554507526e-01 7.062727119933767117e-01
3.427108653012848616e-01 8.854885747955212327e-01 -1.403766018576325103e-01 7.618620473038517638e-01 7.574178865485392542e-02 2.702600123899422391e-01
1.073045262717650328e+00 -6.105036047150727008e-01 -4.621316940042531907e-01 1.435385160076142252e+00 3.171531019518980532e-01 -5.524800938684855112e-01
-6.991049921489780328e-01 -2.938498620650686344e-01 4.070339708316413896e-01 -6.436146283581393179e-01 -5.017757333567903766e-01 -5.695353567503479431e-01
2.757486849457442268e-01 6.646440955322931166e-02 -5.452863793195303899e-01 5.492848616588727473e-02 -6.698116732150062314e-01 9.435099431828863903e-02
4.019385847319145166e-01 3.095889833038713013e-01 5.460830612122071770e-01 -5.456005817439146810e-02 1.148497711424561807e+00 2.497030097451315989e-01
4.467046942316164615e-01 -1.409674810401958210e-02 5.484050859954838764e-01 8.999842484256087571e-02 6.518313123698744604e-01 -1.068051517542174533e-01
1.731158691227989432e-01 8.240656016377703175e-01 -1.603908669238175433e-01 5.912180204901468228e-01 9.207130469676372275e-02 -6.983266811877841818e-01
-1.225044766053565493e+00 -1.777082963746375310e-01 3.361577129137910958e-01 -9.581073687667081007e-01 -1.141898322975722219e-01 1.297776052303701633e+00
-2.116809754501567664e-01 7.163304078755352577e-01 -3.387019443485738551e-02 2.186761233271145854e-01 1.772975205006471766e-01 -7.579118464551684031e-01
-1.893332319577131773e-01 -8.757677963910875940e-01 -7.077176782781494091e-02 1.090302628915550964e-01 -2.431584692579144003e-01 6.439202386794948829e-01
-2.447131125202671176e-01 7.093611291176393774e-02 -4.874038874669260335e-01 -1.548672169850550118e-01 -4.583384246242589999e-01 3.562762527352152930e-01
2.114713448850273902e-01 -6.324276953964393932e-01 -5.671139471263316745e-01 7.066853262690866444e-01 1.389166729194439842e-01 -1.673753098780423887e-01
4.265556694575187158e-01 2.238880707240017282e-02 -1.075279300147599093e+00 -2.622881598190255903e-01 6.828460482612224158e-01 -7.764642880935237468e-01
-1.807563619669656507e+00 1.376856888189899264e+00 2.075342888425854015e-01 -2.099350995048131718e+00 1.911440323854861845e+00 1.000680352239728954e+00
-7.170054763289542832e-01 3.814233762140709638e-01 -3.607389396503734025e-01 -1.371191358936431071e-01 3.465412014723573408e-01 -1.174689224410954580e+00
4.682354257269838449e-01 -2.681382515766669861e-01 7.004028910868359548e-01 -3.065792493242128769e-01 -8.552957678708636990e-01 4.660777529037152811e-01
-8.813617245575102732e-01 -7.368659420504697355e-01 -3.357882965256749341e-01 -1.159719137215389217e+00 -7.874833523813111746e-01 -1.294931157933614685e+00
-2.106001533662879566e-01 -6.075357178061749908e-01 -4.117277200301511231e-01 4.112054563659467976e-01 -3.433774863551854462e-01 -1.149005288156436322e+00
-7.551369812207460175e-01 6.258488898876155004e-02 -9.874323195238681183e-01 -1.366700120794461792e+00 7.610342869692517109e-02 -1.963521874266838108e-01
-7.723343476014465914e-01 -4.496082957771004862e-01 -4.589337685282853241e-01 -6.782287661954216063e-01 -4.294423467474660083e-01 -1.454291731297443269e+00
-6.634482113739924580e-01 -3.217645016157341664e-02 -7.836332052905488066e-01 -9.998874299946175492e-01 -4.826170790710576641e-01 4.335645123580189608e-02
-3.418161953539674003e-01 -4.681216643843192915e-01 3.575372378012489083e-01 -4.740396542032908056e-01 1.090325717558811580e-01 -4.483225171408520282e-01
-7.691792178255212331e-01 8.790343243300412224e-02 6.576474628909360076e-01 -1.346226980003705886e+00 4.485286324614958242e-01 -7.513172981963744945e-02
3.973445375494141785e-01 -5.379127673045162039e-01 -8.777795200674352039e-01 -3.116086372397942061e-01 -1.151845030499895284e+00 -5.306879296131263857e-01
-3.141135770877585554e-01 9.939246484079263325e-03 -7.200018391569368292e-01 -4.413923614330721445e-01 2.180352533829623407e-01 2.497899750837894173e-01
6.658897845973665852e-01 -1.238924866410345479e-02 -4.096684905299570745e-01 5.065523003073364450e-01 -8.176933828942315463e-01 1.613803843415271833e-01
-1.942156717897287388e+00 -7.911714574069303452e-02 -2.610836067095668733e-01 -2.476956276808202517e+00 -1.014182661383679768e-01 5.836010041468752130e-01
8.093774589278635023e-01 -3.198889379972225666e-01 1.147289626372043764e-01 9.605206341726362229e-01 6.558172582323920086e-01 -4.386851280318394830e-02
7.090846224408085818e-02 -8.927226332143172183e-01 -1.528467463302482232e-01 7.604824833472243473e-01 -3.426193341134958770e-01 -6.238818084413757514e-01
-4.939243421105072862e-01 -7.759347228220139225e-01 5.834734159839199963e-01 4.701443580008020096e-01 -8.622281317657456423e-01 8.347202846978610813e-01
5.265964806012419785e-01 4.626168491310136410e-01 -1.239030070570444758e-01 5.003892356143651021e-01 -3.788839242766607329e-01 4.157168857049661215e-01
-9.220111314425255555e-01 -1.009217388248569436e-01 5.897564506433657927e-01 -1.405570602659566681e+00 -6.041054058042307773e-01 -1.264672819161509754e-01
-1.555072935779989451e-01 3.417252830587984014e-01 -9.457277880507486412e-01 -8.320515545881870256e-01 8.280590451041551781e-01 -3.927654613150216578e-01
