5.842992307187573342e-01 -1.729152299957987526e-01 7.267032991418036214e-02 -4.017185868390992232e-01 -3.070776458724566726e-02 -1.419681140241110806e-02
-2.992521599597505744e-01 -2.935586745896165417e-01 -2.019340597111092192e-02 4.977616743354677520e-01 3.044757534405722610e-01 6.420902783644709400e-02
-1.879158482655323426e-01 -1.461857573301132696e-01 3.472836997531901226e-01 3.966712969408702216e-01 1.285090558663143090e-01 -4.161300997437853977e-01
4.004676507376878081e-01 2.499928471359640081e-01 -2.327791538538576122e-01 -2.227064267052686897e-01 -3.473886237635867014e-01 2.719875719007320836e-01
1.930802583180957210e-01 1.495061816773791616e-03 4.716073716873566690e-01 -1.045598536371246667e-01 -4.707530193340678237e-02 -4.818344375073413399e-01
2.792554344578398462e-01 -4.549167731225046696e-01 1.180412646561245643e-02 -2.573231741067777412e-01 3.885606839595163731e-01 3.688751190909365929e-02
-3.457058433002453968e-01 5.813096763470600170e-02 -8.242649142492962377e-02 6.341977651842571895e-01 -4.097296527058770510e-02 9.068424932143150097e-02
1.214183594437595048e-01 -8.702129980424096189e-02 4.916152076457909748e-01 2.008015961694113727e-02 1.251367042313596412e-01 -4.803516387947087130e-01
-1.078108399680626460e-02 -1.953871680120212312e-02 -4.726798688923981584e-01 2.630001776474285569e-01 -1.282013739239244998e-01 4.829540818018625559e-01
1.086488432700505741e-01 -4.135955510558826653e-02 5.071370935919666811e-01 2.003290417084760411e-03 4.364786157582457859e-02 -4.835194892690356516e-01
7.474698620473634036e-02 -5.181525541392925094e-01 8.173371486471146807e-02 1.754510395657729038e-01 4.730713175819933891e-01 -3.904651341802761744e-03
1.825016711759635257e-01 4.634916805068510226e-01 -6.136724969280238362e-02 -1.244510701017777776e-01 -4.713764229813667828e-01 1.169629039616563448e-01
-8.143104911325692308e-02 -4.784930223583529485e-01 2.116934450358125275e-01 2.801891478426539739e-01 4.003068929406457532e-01 -9.966092224372477548e-02
5.718680277991722988e-02 -4.256017729631216273e-01 2.996694839705846825e-01 8.455673691698437078e-02 3.761209190848362471e-01 -2.973997010998793433e-01
-7.610705647367820015e-02 -4.098243032214812231e-01 2.160660958065501180e-01 2.204621568855167357e-01 4.289374277516713185e-01 -2.405797848739057443e-01
-1.052057706628536232e-01 3.952438611286455267e-02 4.618628400452192695e-01 2.977889194451376342e-01 -1.636886533565734547e-01 -4.304934454900800622e-01
4.012214093863962772e-01 3.374083993303291229e-01 -8.601264707889566541e-02 -1.451957261638820995e-01 -4.763018794697630454e-01 1.122394554373324915e-01
-6.998253700214611406e-02 4.089464615535362557e-01 -3.492915171681054004e-02 2.264481104849975224e-01 -5.435752580743657969e-01 3.457800523452144587e-02
2.482150291500071569e-05 -2.458883553875209071e-01 -4.621082050640235583e-01 2.005124413517454796e-01 4.635076684170275074e-02 4.729859130471127382e-01
-2.008585681058813743e-01 -3.742325985857631876e-01 -1.007650040037287170e-01 3.897601881587549610e-01 3.860261106550557653e-01 1.697459565355767808e-01
-3.618989691228486905e-01 -1.002596467645518324e-01 1.818263387230140693e-01 5.894637331356084031e-01 2.444215901227636545e-02 -9.988001262087131682e-02
1.883838630206518816e-01 -2.313805281744282516e-01 4.379993391820350968e-01 -6.262568484389247070e-03 2.402409589037221849e-01 -4.220506242669190278e-01
-2.046049929747323082e-01 8.188610927126026284e-02 4.390370221034959330e-01 3.276133430140582004e-01 -1.198599640215806533e-01 -3.831808108022630721e-01
-3.194199476575048102e-01 -2.532889762414331503e-01 2.859772158687090005e-01 4.603189596082772894e-01 6.599141263466062890e-02 -2.526017196413001265e-01
-2.594964361472159031e-01 2.621397797533728605e-02 3.740840846940494124e-01 4.457428512357130557e-01 -1.313981192886438387e-01 -3.171437896915746402e-01
2.718415774060789925e-03 -4.499476343796550704e-01 1.825448664699367562e-01 2.359109773007884991e-01 4.517697528466265156e-01 -1.814976898643625158e-01
9.550456229826212451e-02 -1.434592043113050164e-01 4.682759851593725209e-01 1.170631624107341950e-01 1.393359950351514553e-01 -4.906620222153422750e-01
2.000468613929033412e-01 -4.148660623869071529e-01 2.530764298328401773e-01 -4.310798166165558110e-02 4.402748667410781858e-01 -2.047551042812253419e-01
2.739739272079669274e-01 -9.839668677054377866e-02 -4.325877026823237714e-01 -1.948840481084815335e-01 4.952136006774326971e-03 4.446187837350437655e-01
4.934447542881180704e-01 1.005791799573422379e-01 1.643829276758889679e-01 -4.099750724553047343e-01 -1.841967942785248669e-01 -1.561404897913793444e-01
1.359107957111354570e-01 1.126212701411664352e-01 4.885001170200928278e-01 7.029105437709444459e-02 -1.263147884438449720e-01 -4.803154533828159489e-01
1.154350738233698020e-01 2.029805491099154480e-01 -3.934506869524554973e-01 5.388001683841192602e-02 -2.600348800604661559e-01 4.907595184341064232e-01
9.214360884921547756e-02 3.888976475288609680e-01 -5.705115525013138011e-02 1.516485479253237567e-01 -5.995787842961390890e-01 8.213758693854067428e-02
-3.456101982528057559e-01 -2.209323630293131002e-01 -8.803399456339230933e-02 5.497492196591600155e-01 1.958101741252822048e-01 6.899202392493508640e-02
-1.905346142269254694e-01 -1.469842243411239036e-01 2.598428792412567634e-01 5.091977350331162722e-01 1.187750911297572043e-01 -4.032910632164277698e-01
-1.639457885374618062e-01 2.431720659677789886e-01 2.239520330237761980e-01 4.071296582251745511e-01 -4.528405729180225991e-01 -2.112941508952538294e-01
-9.189228068159943641e-02 3.043122379565983415e-01 -2.758403809199806989e-01 2.812687695244213693e-01 -3.941806016097110232e-01 3.347810924034962388e-01
-1.492951959371049686e-01 1.208052896780517221e-01 -3.436916336688087825e-01 2.962725796679153145e-01 -2.486086263950655906e-01 4.717853531026869329e-01
2.031344266186454750e-01 -3.508891081936449940e-01 -2.601492915158256092e-01 -6.116389008935077531e-02 3.693403934170615410e-01 3.812677840246630478e-01
2.381948709036031120e-01 1.785482280729610849e-01 -2.472619114352810621e-01 -1.933818615118099993e-01 -3.722884910805938086e-01 4.671052440735529165e-01
1.519610755113595668e-01 -3.270104680343353665e-01 4.292309547337359588e-01 3.815743662429092742e-02 1.916245590393386711e-01 -4.181570558425000694e-01
-2.885795459298560739e-01 2.286138033658217106e-01 -4.361252890552301531e-03 5.847870969386692597e-01 -2.472411974780527322e-01 9.952678923383176390e-02
1.703279766063990341e-01 4.016517627018844627e-01 1.383841534305251531e-01 -3.077364452212488777e-02 -5.259721472764311567e-01 -1.763729268965446295e-01
8.448615333379008718e-02 -4.183039072867088953e-02 4.950620648352628828e-01 1.052163497837013684e-02 -9.432102032499470323e-02 -5.008164336920586379e-01
4.995081097772608447e-01 1.885339767358906460e-01 2.589883861187022296e-01 -2.017995863560392844e-01 -3.353239134523429144e-01 -2.244787029698265268e-01
2.967433783061734220e-01 -5.273882071405926464e-01 -6.748070694513637335e-02 8.616645848493420523e-03 4.187799163640898437e-01 7.999426756541701267e-02
-2.616821906373780759e-01 -3.530498286726001522e-01 1.136991046697674590e-02 4.448936299755619217e-01 3.495697849623018438e-01 9.549058723964357065e-02
4.869011947753217884e-01 -7.639514433715895170e-02 3.024733552506920775e-01 -3.200266395604627334e-01 6.693577685272096567e-02 -2.705220349620226505e-01
2.454873540125015463e-01 -2.288757105124386571e-01 -3.403174194495292570e-01 -8.407347888021510229e-02 2.108346888921946438e-01 4.951731083713891146e-01
1.502420079873751368e-01 -2.440588762322113206e-02 -4.748282205052148930e-01 -7.841319998055351626e-02 -8.748899673852715553e-02 4.966332132189910098e-01
1.016614734159573957e-01 -4.641499868829640496e-02 -4.530755901424732279e-01 9.883667038794408111e-02 -1.523112371532756026e-01 5.412975828498501896e-01
-6.727212769876679543e-02 1.105895989977229710e-01 4.121254269216300115e-01 1.734233953982625698e-01 -1.975817620407218089e-01 -5.082527982644942099e-01
3.604833566703870562e-01 3.012511705696258035e-01 -2.087506620970387972e-01 -2.466245943412369024e-01 -3.740857796615394415e-01 2.099854594293184551e-01
-3.831574375563818746e-01 -8.789116904393516486e-04 7.459824899898900939e-04 6.122988871533913136e-01 -7.629485739742790373e-02 -5.738439449512156010e-02
-3.591428562771118438e-01 1.598217851248663612e-01 2.669062182445072762e-02 5.532469607879906270e-01 -2.379615648493903779e-01 -6.981444643192022403e-02
4.788935316925235774e-01 -3.790444853193492558e-01 7.077080540266532382e-02 -2.606999616280692988e-01 2.936709675483548110e-01 4.943107459737607762e-02
-1.214683750015580765e-01 1.055372830846608850e-01 4.278332074927658768e-01 3.881118035701160984e-01 -2.116289767045678172e-01 -3.720002784642627569e-01
-1.248242198232392686e-01 4.288162318709566323e-01 2.015589658279691096e-02 3.078177719102960785e-01 -4.677494257295279345e-01 1.149764038597060889e-01
7.043627141092163868e-02 -8.137278351450545621e-02 -4.645400342207997024e-01 6.786334958456954891e-02 1.114342481590015060e-01 5.166932859485302565e-01
3.614454078329257247e-01 3.290120217456387608e-01 4.165599298338745066e-02 -2.081559374707788179e-01 -4.894694864430585990e-01 -3.345943939482168977e-02
4.539510014912482433e-02 1.156429763790534360e-01 -3.998092015160743529e-01 1.333524021866788201e-01 -2.838814154621961405e-01 5.126839619334685461e-01
1.049609307428231580e-01 2.240730632261318245e-01 4.400408999016635070e-01 1.994658627194913214e-02 -3.121182397368545969e-01 -3.997635105779686615e-01
1.414203313422297270e-01 3.292100007813927309e-01 -3.451364422608553806e-01 7.458508858517333417e-02 -3.448071318941005048e-01 3.905496016366157841e-01
-2.021954241807590869e-01 -1.701364557598662730e-01 -3.296438583556164925e-01 4.190068209957417134e-01 1.344009281870758576e-01 3.924120621702298362e-01
-2.388503536052185780e-02 4.114462834495878907e-01 -1.270066470016543436e-01 1.674802976891919815e-01 -5.110960528921846269e-01 2.080977351896800276e-01
2.000492791292189376e-01 5.450058309289242814e-02 -4.394963503468259924e-01 -9.855384992288496182e-02 -1.796976850318008079e-01 4.856994897474141704e-01
9.789695306381730744e-02 -3.158350602324833112e-02 -4.059845580761729522e-01 2.124295943643591256e-01 -4.785400242781137625e-02 5.873016771166190697e-01
1.420070346959668994e-01 -2.246463060821876079e-01 4.552394974384942339e-01 -3.214650413687963892e-02 1.864805505476824776e-01 -4.395483280652049407e-01
-1.277797422398100902e-01 -1.776575003929311003e-01 4.464659085575688469e-01 2.569214209281421302e-01 9.138124385728552124e-02 -4.364968138432645528e-01
-3.854438650941182654e-01 -1.261151772392303805e-01 1.250484085863875217e-01 5.707808286596225411e-01 1.214333685455901424e-01 -3.100944137760969221e-02
3.828234777091134577e-01 -1.089152402974732370e-01 -3.628207845731436509e-01 -2.403218806287626408e-01 1.127780122698631982e-01 3.872071910038178966e-01
5.505848752627444664e-01 -1.064612566561265114e-02 -1.631663816877479967e-01 -3.948769562518109622e-01 6.663553711052910139e-04 1.623700262944258732e-01
-3.251008133891877261e-01 -6.168296320870653160e-02 -1.394288936080039232e-01 5.994206544577068696e-01 6.383969656659507774e-03 2.355737039037003044e-01
4.464600939188990703e-01 1.155782572307028633e-01 2.804167673210395950e-01 -3.184505084344931847e-01 -2.689035481283903462e-01 -2.363863980670829479e-01
-3.125805191508520542e-01 -2.552258897876458765e-01 1.026665338953056672e-01 5.127296493195351301e-01 2.786196230864448897e-01 -8.137719515727637187e-02
-3.174979960230884801e-01 9.765367116415595017e-02 -2.029506929656754999e-01 4.913687772951169652e-01 -1.783668646117932965e-01 3.162286660729450860e-01
1.274264919091504245e-01 -4.719215765317106293e-01 -1.758059938304584180e-01 4.466946356665453532e-02 4.032291896729831571e-01 3.009144805266395495e-01
1.688139552105242247e-01 4.359493281767058415e-01 -1.154585491193976798e-01 -3.238118640519083158e-02 -5.203186011880096551e-01 9.684350517766276978e-02
2.175316436637040329e-01 1.933042346549282975e-01 -3.472184840382794846e-01 -8.217672101019024566e-02 -3.324279816952364630e-01 4.488848590246947712e-01
3.818511713362410798e-01 -9.091148461178776008e-02 4.303033158148867332e-01 -9.024467976662442492e-02 -8.163421562778883089e-03 -4.473516650478087109e-01
3.152571990830534410e-01 -1.676584637037732348e-02 4.849860197372451442e-01 -2.038283699044941000e-01 -4.750885459950453249e-02 -3.691831903809244531e-01
3.750477474912504716e-01 1.244983724623518889e-01 -2.704257160174266539e-01 -2.630973401501178754e-01 -2.683813911477488934e-01 3.917044361919873041e-01
-1.723668996621915417e-01 -1.153563805186276145e-02 -3.020426205791505447e-01 4.263827514725753165e-01 -1.431103654028862728e-02 4.988888074652391147e-01
-1.532978051501653061e-01 -1.282919212614586635e-01 -3.923480344845027279e-01 3.420057912055810556e-01 2.167854217774906056e-02 4.633290117969159905e-01
5.284121680636293394e-01 1.806667326865896150e-01 -4.176239058347746766e-03 -4.129987161138352070e-01 -1.471734460717593618e-01 7.498413198612319253e-02
-4.144205862927524131e-01 8.383813326957458012e-02 2.797604142117196893e-02 5.778455412695693294e-01 -4.028545878208979192e-02 2.910120303911652856e-02
-2.703272872273050353e-01 -1.323452081433592609e-01 -3.285789994935721103e-01 3.754438494711993535e-01 6.998623281383106742e-02 4.076557640209664268e-01
2.278095600998674697e-01 1.494008314582923880e-01 4.724457595846719427e-01 -7.347539964495364284e-02 -1.623080506504778475e-01 -4.287007023437219289e-01
-2.336548749159806371e-01 -3.774549742153924803e-01 1.192085397261704316e-01 4.575949881894579296e-01 3.001741806041582916e-01 -1.317742391556761261e-01
-1.728205946649685396e-02 -1.776601283634682005e-01 4.795311565556034661e-01 1.608583451327829927e-01 1.650097077573892124e-02 -4.851280909666809138e-01
2.732228542773977309e-01 -4.703542431048323147e-01 1.963144826101405616e-01 -1.226539206837143903e-01 3.680418036748852595e-01 -1.783502312214805818e-01
3.814580537645770875e-01 1.094723518803974657e-02 -4.567724124532147600e-01 -2.239476003691229788e-01 -6.199343317360624106e-02 3.357953466954293198e-01
-3.413505531650445901e-01 -3.215428464727203284e-02 2.717075948937305307e-01 5.126723059844081609e-01 -5.225858548398368275e-04 -2.475653503688730606e-01
1.761660304731224036e-01 -1.575865267693193073e-01 4.442959713837286717e-01 -9.558332275523045984e-02 1.722050485202265280e-01 -4.598001550807152560e-01
-4.882803277156225891e-02 -5.274676817117750910e-03 4.638119925816039379e-01 3.135509489524159754e-01 -4.379485689445346275e-02 -4.674224941785794507e-01
7.110106010316145919e-02 -4.884270099903291751e-01 -1.070252880661892309e-01 8.991491672690593573e-02 4.642298363815927642e-01 1.964396553121944833e-01
4.753309292876954362e-01 -2.835356560036395024e-01 -1.393590067694221342e-02 -3.667107595140479126e-01 2.438623434823493641e-01 9.927692747466256018e-02
2.411397169419669251e-01 -2.277084290288334256e-01 -4.067296820906155519e-01 -1.263501951505051901e-01 1.100268705796090818e-01 4.598071214605450319e-01
-2.990214581366733571e-01 -1.677525085299798879e-01 -2.468830378908771772e-01 5.427692098398982923e-01 8.140893656402847789e-02 2.319771145401041679e-01
4.040125813088720208e-01 -1.689338169789881758e-02 -3.176243068942616876e-01 -2.971235766703761993e-01 -1.097287469228061391e-01 3.893337420291922424e-01
-2.924581286706089828e-02 -2.818030594782899856e-01 4.463031202469683878e-01 2.469046948108740702e-01 1.740858637909258322e-01 -3.998092758031390748e-01
-1.544456654579586252e-01 2.634976279517852182e-01 -2.386713205402375415e-01 3.839964057377412421e-01 -4.027253525155333191e-01 2.773006518223393169e-01
8.259441532782846318e-02 -4.362851356183052864e-01 -2.279373938077592365e-01 1.431206735858236434e-01 4.304383322455659355e-01 2.671656281132459565e-01
2.432761867383673726e-01 3.279392666439981396e-01 -2.543638535750986085e-01 -3.648799174166927894e-02 -4.260248989943474229e-01 3.400013888244409754e-01
5.070282660140417175e-01 1.146167650347632572e-01 -2.046047193114414742e-01 -3.482807940480013853e-01 -1.148278646227343658e-01 2.599397604718383659e-01
1.344003849553926377e-01 4.349396839114741398e-01 -2.026823691146637796e-01 1.345517019236594503e-01 -4.523445837023945537e-01 2.585405764855044364e-01
-3.291265322658072368e-01 -4.047747687312634735e-02 -2.850373432731580503e-01 5.103601553095139520e-01 3.588816261727696688e-03 2.565531507286923918e-01
3.659901451655131477e-01 -3.380166446823462123e-01 3.409924617804923064e-01 -2.444460121073985248e-01 2.246207383723983209e-01 -2.165080970382318726e-01
1.837822949649787485e-01 2.260775634454069150e-01 -2.890877217001079913e-01 5.066187184397302756e-03 -4.404436195895427564e-01 4.346595169028801831e-01
-3.975131390171556672e-02 -1.071236784572659811e-03 -4.642104955708115099e-01 2.454434357863633231e-01 -1.868097520935710354e-01 4.760900726950824113e-01
7.295222715437475747e-02 4.265069632939867406e-01 -1.196548332534726616e-01 1.785931515647181528e-02 -5.276238702563262883e-01 1.746224569273638338e-01
1.722912419812601403e-01 2.494818309494627739e-01 3.345271655044321779e-01 -4.496439970990950830e-02 -4.184811708272176967e-01 -3.772490734996838402e-01
-2.269083417212020004e-02 -2.701584955888620132e-01 -4.171108639184840094e-01 1.975888916239660342e-01 2.167709002275564623e-01 4.280971612996032349e-01
1.558142704124424183e-01 2.305377554508709348e-01 -3.898139546505478559e-01 -3.345752061260567900e-02 -3.523776768107840240e-01 4.003669030987261901e-01
5.936911053977734776e-01 -1.163566374480565907e-01 -9.707112488763031122e-02 -3.828494605314841648e-01 -3.657566345148891007e-02 1.029376731256675392e-01
4.915525107955177192e-02 3.976889266668880984e-01 -2.005983482411204388e-01 1.209436103904936721e-01 -5.408348056840281970e-01 1.370695881720793152e-01
4.042169257601255228e-01 2.655636415025117714e-01 2.111313000412705088e-01 -3.384514257520777059e-01 -2.883722233426564419e-01 -1.651648297559703549e-01
-1.082999584099010593e-01 -4.807069077430540793e-01 -9.856707514027940320e-02 2.766309812055288697e-01 4.228732495375576161e-01 8.950490867317176247e-02
-1.328319258883682852e-01 -6.190659496757038721e-02 -4.157130993359235971e-01 2.643283397628924392e-01 -5.162425578936521986e-02 5.019785683220345796e-01
-3.366896651599829982e-01 -3.739815860939611075e-02 -2.113349397932950402e-01 5.455080387940021147e-01 -9.894359311127587375e-02 2.555048299674781975e-01
1.936253547379665763e-01 -9.270733153414888184e-02 5.304083268003052520e-01 5.655275088610500767e-02 -1.627994252632333771e-02 -4.571998725797511431e-01
5.476732438773154049e-02 2.474107115989840344e-01 3.911421160645238149e-01 1.031117465380633758e-01 -3.625665640489679764e-01 -3.998007011100510044e-01
1.811347982678648272e-01 -5.380274425192479448e-01 -1.187154898983526913e-01 -1.058338367725214502e-01 3.623086299269240307e-01 2.084602414071018983e-01
5.338302344371588515e-02 3.122206656841267081e-02 4.847733713504310260e-01 2.466380193000369814e-01 -8.618855940641852176e-02 -4.893248020821914790e-01
1.267821580677999105e-01 -9.115645857094710480e-02 -4.839216801162686821e-01 1.016020790034886517e-01 -3.037510605999638180e-02 5.139117683135053793e-01
1.256761310325578695e-01 -4.099869611483999976e-01 3.074206511073220849e-01 7.393884335074818459e-03 3.702649884694986793e-01 -3.067586429377181512e-01
5.413598218309282339e-01 1.666651509561808686e-01 -1.248045584987341611e-01 -3.090288009598354257e-01 -2.464201774376368614e-01 2.010783985484242975e-01
-3.735152571772960839e-02 -5.195606631904975403e-01 -1.362073320261750209e-02 8.451861380437010463e-02 4.720488285486110769e-01 2.948709654756288129e-02
-4.035936333824099997e-02 3.410606744904443044e-02 4.519700503395984170e-01 2.495678663174255296e-01 -1.675117749349897267e-01 -4.836006028644219135e-01
8.533050365999661491e-02 6.538472824429771013e-02 -4.831821896046523679e-01 4.297012530289650439e-02 -6.382247203489875564e-02 5.075302296883807962e-01
-1.341558107325955818e-01 3.885348996077196415e-01 -5.979728883865571831e-02 3.912748103024144553e-01 -4.437735162239287434e-01 1.167964919538045793e-01
1.810136940168769748e-01 8.867282529396149082e-02 -4.249829863487533665e-01 -3.463982394979719937e-02 -2.440856390218156258e-01 4.930395431214133484e-01
-1.232559847323565494e-01 3.595013956335398331e-01 7.013491536784847991e-02 3.912852652847892410e-01 -4.769499787029490290e-01 -1.185351681149128117e-01
7.737653259913220005e-02 -1.907435321026485775e-01 -3.968362576735413039e-01 1.203006585397550232e-01 1.632023723989596553e-01 5.374441157148608372e-01
-1.273509280583382253e-01 3.336208406124116510e-01 1.379514958866191743e-01 4.764999246260072097e-01 -4.317073261705801079e-01 -8.484200680359446634e-02
-2.715295642604086401e-01 2.283352591876203763e-01 2.117470247449791398e-01 4.106058840806823262e-01 -3.370402069225972297e-01 -2.519789853484304398e-01
-3.565196602550115834e-01 7.893666792101773633e-03 -2.095365891199778841e-01 5.451229687301740734e-01 -1.826495186920565339e-01 1.787080039682356347e-01
-3.664301648854752930e-02 4.820850778398989150e-02 -4.153454588621878218e-01 1.295034866957453790e-01 -1.012617721409257709e-01 5.593616637642959688e-01
-1.142229164989663238e-02 8.469662421433429844e-02 4.484145435898858056e-01 1.774267736012995478e-01 -1.036706979080219415e-01 -5.153560631989921870e-01
-1.674414519226607168e-01 2.582403209251444842e-01 -1.778725151692154283e-01 4.664987763353853900e-01 -3.794050660884346060e-01 2.597667739907494888e-01
-3.727771507980964238e-01 3.710095460385556126e-03 -1.172971173813646406e-01 5.690153627704161998e-01 -9.160857129439058111e-02 2.051020345319041482e-01
-1.181057222379103683e-01 -4.127058885840986791e-01 2.756568781513762945e-01 3.099774644348592401e-01 3.159410419414018789e-01 -2.589630203969783828e-01
-2.985516937733422305e-01 -2.156530398895489808e-01 8.965552390014704456e-03 6.410678751122089736e-01 1.198515125543975768e-01 7.643229276420372698e-02
-3.528968017961141568e-01 -1.804421584312706495e-01 -2.104357762851397640e-01 4.728208767794332967e-01 1.839145846624535285e-01 2.201852625064442681e-01
1.765074779101088662e-02 4.437818542265811739e-01 -3.091907759743259048e-04 3.015393126641720267e-02 -5.561399060270821870e-01 6.998490339525702481e-05
-3.932608859985304850e-01 -9.895569800653113146e-02 3.279313781270026124e-02 5.968722067740129811e-01 -2.585865633349734849e-02 -8.676137316588530823e-02
1.333619456849846341e-01 -2.908012121796796912e-01 -4.334276515754337811e-01 5.822072155523964898e-02 1.206230454063923485e-01 4.749136260873359494e-01
2.545730723953792962e-01 1.751778347288646398e-01 -3.086441584835974417e-01 -1.375638536733207462e-01 -2.712351353970108292e-01 4.956841894669052340e-01
-2.084928847012422481e-01 -3.470560452459714451e-01 -2.664996475078331151e-01 4.257955350338264999e-01 2.059984654383218983e-01 2.736937519351311798e-01
2.744119181646942351e-01 2.212460251549392409e-01 3.974765414134677766e-01 -1.104635966072912145e-01 -2.922349013794261485e-01 -3.694707685201474856e-01
3.058248718824924661e-01 1.708363834651516755e-01 -2.543805422574510477e-01 -2.139836355010103497e-01 -3.629926002915043193e-01 4.125720285847870872e-01
-1.499395142317138940e-01 9.873275858647599657e-02 2.690869502399894642e-01 4.055983560957843181e-01 -3.511336706482955372e-01 -4.301968765996880273e-01
-1.265165211427108638e-01 2.429824039553412085e-01 -1.322239577900504448e-01 3.638054719017590477e-01 -5.183539724590062736e-01 2.919826723858223172e-01
4.429310849276201223e-01 -3.522837197402252096e-01 1.234033829438706820e-01 -3.652048307326157817e-01 1.962593838434352200e-01 -9.111189700326383090e-02
4.195855122494985268e-01 -5.887264381386390216e-02 -2.726429353241247022e-01 -3.029236715476000819e-01 -1.870607192067050284e-02 4.175506069748447513e-01
1.430520703211835276e-01 3.760938437729219874e-01 -2.444561893874607206e-01 2.890245550614345404e-02 -4.931217977429789290e-01 2.366197235220082185e-01
3.202224094845867453e-01 -1.495958332207331654e-01 3.906424224756914199e-01 -1.937805899773227813e-01 6.144433126935658351e-02 -4.407798321676132391e-01
4.973657780876988288e-01 -2.680599402792337438e-01 -1.152454100346585325e-01 -3.624644703414859337e-01 1.650364446724759127e-01 1.551607016343768408e-01
3.740166414393778505e-01 3.083525684229954655e-01 2.267221348564016914e-01 -2.045206320611878681e-01 -4.053291957820855385e-01 -1.681866680483383725e-01
-2.010941963281423217e-01 3.070281361340207460e-01 -2.837251878485810494e-02 3.918369531692373897e-01 -4.981730496410449738e-01 -3.752141938242133101e-02
3.949171477454327395e-02 -4.790725574509633322e-01 -2.315029217956146856e-01 1.906120590284142435e-01 3.530529422302126630e-01 3.020978600000502334e-01
-1.465256240689986021e-02 -5.126171275565619689e-01 5.603187714986036794e-02 3.105474109786434678e-01 4.299843322037919524e-01 -1.978016257795378596e-02
-1.577251278120507250e-01 -3.811468788695865362e-01 1.955005591544502763e-01 3.577739620551699806e-01 3.895161599091789828e-01 -1.791181389992138884e-01
2.098890763872359178e-01 -2.909420307051348575e-01 3.793716589532813988e-01 -7.200562819238653933e-02 2.617041329689895890e-01 -4.049226692846832343e-01
4.740914916348774599e-01 1.762892996833708703e-01 1.207336693670438832e-01 -3.320042723165886334e-01 -3.658814279428813099e-01 -1.164593352615128918e-01
-1.782949767321435064e-01 -1.928595016308936039e-01 3.405876483742881766e-01 3.566514347112094696e-01 1.491150246872066654e-01 -4.319961724719613705e-01
4.621607191584539143e-01 -2.434281641614343406e-01 -2.142721120198785023e-01 -2.929813208894516130e-01 1.975587554395620560e-01 2.707959616492838784e-01
5.141200550894466925e-01 2.199538797290275793e-01 -1.892830636711108905e-01 -2.624518879418077377e-01 -3.209474434819719058e-01 1.337676689472379332e-01
8.907443638173327682e-02 -3.765405940940982354e-01 -2.911109608160796780e-01 1.082060714578400723e-01 3.844672253840611953e-01 3.573495848090274540e-01
4.113462846713165921e-02 -1.588048022526516306e-02 -4.740674597341504315e-01 6.392436006726164022e-02 -3.245703757372091908e-02 5.255353843394683366e-01
-2.280970470269413075e-01 -2.175347413591092460e-01 -2.681679935661600012e-01 4.193254980593311698e-01 2.247863219485461139e-01 3.524737106951621457e-01
1.477362563858767019e-01 -1.372154335460883112e-01 5.068662102732057750e-01 -3.557873401192077067e-02 1.095588867069091088e-01 -4.447104020702915550e-01
1.402660902093930406e-01 -4.110693343376737308e-01 -2.330719611430184246e-01 -6.109832630638548090e-02 4.167592474446287221e-01 2.905235038350137966e-01
4.019025774260446271e-01 -5.468834221083590345e-03 3.396277885515555095e-01 -2.527878495512958512e-01 -1.040344271494780537e-01 -4.098155173194767409e-01
2.431684351920420650e-01 2.462076333530735170e-02 -4.060864621190611312e-01 -8.389569406798708107e-02 -1.004237751219571595e-01 5.306060801558245554e-01
2.995001027908877345e-01 6.998458352216166412e-02 4.428024692221489422e-01 -8.086218702464503805e-02 -1.131406801748544577e-01 -4.637236838932384808e-01
-2.170534669839155884e-01 1.529845938982621056e-01 -2.262785630775881462e-01 4.899054794494891452e-01 -2.878200835837007032e-01 3.268039663588364063e-01
4.679074877496517404e-01 -3.771789358330034925e-01 -4.939993141399825344e-02 -2.146942294203719737e-01 3.375206883562041349e-01 1.031102089057208404e-01
3.067468740072618050e-01 -2.321031062236072195e-01 3.405540476585667831e-01 -1.477621439196222797e-01 2.400277524325441780e-01 -4.147697272404791136e-01
4.725057041013479980e-02 -1.711806145346788655e-01 4.850374240392860137e-01 1.741532434134134832e-01 1.600707945255591125e-01 -4.499322094677224437e-01
4.085332504073416748e-01 -4.434242937644058968e-01 5.492421109104794752e-02 -2.710268777056555889e-01 2.804070737008082514e-01 -6.451691981654592012e-02
7.934933280423790702e-02 2.513983011341255347e-01 -3.854242723778096291e-01 6.736406575490594406e-02 -3.126690294893079702e-01 4.402175385166667843e-01
-1.356965321696364767e-02 -1.543787702674025430e-01 -4.559408918352698681e-01 1.229494303465071686e-01 2.058699516230622084e-02 5.191229628689162379e-01
2.271913473829654737e-02 3.915340353140758789e-01 1.990769675465974553e-01 2.332466521969148443e-01 -5.016324840861712264e-01 -1.983292893431989612e-01
-8.717043815864539136e-02 -4.495602547296567719e-01 2.622911312117690019e-02 2.065004485671348977e-01 5.053076384698881318e-01 7.077927391052177275e-02
2.663256550948873702e-01 1.074261903315379824e-01 4.433846609109687864e-01 -1.231841911288772962e-01 -2.512822702185666390e-01 -4.049138243078326815e-01
5.313676980067851829e-01 4.251601583913923454e-02 9.848439237823307379e-02 -4.578039935919946402e-01 -3.366638150613894542e-02 -2.695725490979687666e-02
-2.047759659300851520e-01 3.036637559997055757e-01 1.788891362482275815e-01 4.734475271237781335e-01 -3.332355508797620325e-01 -1.876789561524478678e-01
5.537521796634070625e-01 -6.163113046123065014e-02 1.392858651734735498e-01 -4.185062082814613449e-01 -1.152913294846336922e-01 -8.838541125729276748e-02
2.628636887006615894e-02 -3.838944127634071335e-01 -3.110408623941837702e-01 1.381834368385548018e-01 2.581686894209287986e-01 4.474009738684807114e-01
-9.183999915043362938e-02 4.954967981316697745e-02 -4.025618437259732008e-01 3.308163322168587994e-01 -1.175592954421471464e-01 4.881885230683718491e-01
2.167079024661307945e-02 -1.411788037115948580e-01 4.641804082934744002e-01 1.188705512525550234e-01 4.748148998360712802e-02 -5.130398841908906382e-01
-1.568440208429389138e-01 1.649846191984515320e-01 4.011558561397980394e-01 3.279735487985245834e-01 -2.245837360128852267e-01 -3.819076283778229386e-01
2.862179292856648627e-01 -3.286348083590167612e-01 -2.645484587875161497e-01 -1.436371956938091721e-01 3.010169342146941651e-01 3.825707378082655041e-01
4.273611209429069024e-01 2.669454045056077751e-01 1.361020063045699224e-01 -2.517745470524818119e-01 -4.492824210694297271e-01 -2.449826246391884066e-02
-3.682451305661572638e-01 8.609727821321969121e-02 8.804565043058935891e-02 5.876130899920857242e-01 -1.967944625794530167e-01 8.626980191655558849e-03
5.795364535304438069e-01 2.756511562715595678e-02 6.890406426257934293e-03 -3.997567146568559160e-01 -1.729291587162277155e-01 -2.116198557872236985e-02
-3.322529038947187596e-02 -4.809523534555772833e-02 5.426420562203650988e-01 5.346326305962212366e-02 -3.528325409424187126e-02 -4.535110182803963053e-01
6.744366382222678757e-02 3.886848024856466299e-01 9.791138025961836078e-02 1.818947334802160920e-01 -5.921043896807658413e-01 -6.005543012692539373e-02
3.975179049101236206e-01 4.626273411493098120e-02 -3.293760686955947703e-01 -1.866275994270335525e-01 -1.093304482126120636e-01 4.672196828471034680e-01
