5.570743830487052684e-01 -2.993293935141819184e-01 1.124168832687436337e-01 -4.382723216944629518e-01 -2.727595647952942848e-01 1.979409147986886663e-02
-3.506671436703148736e-01 -2.208355757588184309e-01 -2.913619544166185307e-02 4.325341157137893577e-01 3.985483369845630452e-01 2.526376718564514109e-02
-2.139327667021975188e-01 -9.253256803250427265e-02 3.438573476087062875e-01 3.532687275576744668e-01 1.830842505989536684e-01 -4.322340350240623796e-01
4.003825327121380839e-01 2.198326206598917587e-01 -2.661436277902964886e-01 -2.162337011312182034e-01 -3.620042920134217690e-01 2.641866723167428099e-01
1.183334019744748111e-01 6.937048853960532668e-02 4.929623561135126897e-01 -2.158209978671542795e-01 3.318926920379484946e-02 -4.488612772881208635e-01
1.255152740404757439e-01 -5.594731490428278553e-01 2.654955683043388678e-02 -4.419528119839656877e-01 2.638879324980265562e-01 1.903285890968880317e-02
-3.262825162751831209e-01 2.101764631294363861e-01 -1.189499738578991550e-01 6.580281583459101080e-01 1.652866363106277603e-01 5.168823779220491077e-02
7.327383951698442088e-02 5.912639642898412373e-02 5.706456881958782423e-01 -3.800497748468355252e-02 3.393660837410016340e-01 -3.828126184657040243e-01
6.059076443997751110e-02 -1.114217526059209928e-01 -5.093685706020520954e-01 3.830730515520445745e-01 -2.406898163689775161e-01 4.283387089846645290e-01
4.298457662902248344e-02 1.076930870724643885e-01 5.453163171986131763e-01 -9.729853528300487497e-02 2.212859681571172632e-01 -4.382574247644210885e-01
2.213239185361887407e-01 -5.257091330781412664e-01 1.496955118500039317e-01 4.308316912481345851e-01 4.502791642046827247e-01 9.008564068545855952e-02
-1.591009317929411443e-02 5.993689359467986311e-01 -4.853776806358714446e-02 -3.698396563458346553e-01 -3.158260197908128175e-01 1.442109214499168179e-01
9.894012002680205309e-02 -5.036815954655844418e-01 2.554400534887614760e-01 4.409619005698010019e-01 3.895471166458617240e-01 -3.638792579685096173e-02
1.816816486989357785e-02 -4.333794107016322728e-01 2.853613382331726678e-01 5.493252063050715894e-02 3.748412207724504674e-01 -3.023697167614922687e-01
-2.043895437204324705e-01 -4.024388744687358299e-01 1.566330268869129960e-01 8.593517758007304663e-02 4.486054283713220014e-01 -2.809000013581141597e-01
-9.476748844030757901e-02 -4.831399414170271106e-02 4.862304968440069319e-01 3.350354682259682471e-01 -2.587278479588671076e-01 -3.918329567644076028e-01
5.332424838384812738e-01 2.406078115267354101e-01 -1.008017559642630789e-01 6.341898725298966699e-02 -6.197369835413907291e-01 9.686643989780971409e-02
-1.586357940034007208e-01 3.789159723123204926e-01 -1.141193048019293471e-01 1.044160726212369217e-01 -5.858101610185879604e-01 -1.037654101874296436e-01
4.700964694871808541e-02 -3.553203423302157549e-01 -4.404869575214317989e-01 2.364825482922853217e-01 -9.269341370826883475e-02 5.056246194181244213e-01
-2.997429574876842584e-01 -3.222661486009673060e-01 -7.315597996208592080e-02 2.388077146850226540e-01 4.570779576462509763e-01 2.471344157104194139e-01
-3.407584490104763053e-01 -1.126742325535411288e-01 2.170300816382023656e-01 6.116122410765090223e-01 1.299567376802017449e-02 -6.081365737415950212e-02
2.403799410938260717e-01 -1.277428057236622561e-01 4.569711837256356102e-01 4.256312455981708931e-02 3.280205837302331839e-01 -4.108699537700739590e-01
-2.286728256321071406e-01 1.085285990916238646e-01 4.175158269777320963e-01 2.825341802308255490e-01 -5.607739686129363521e-02 -4.260316010030564260e-01
-2.769528217619728894e-01 -4.008391295574215141e-01 2.750706587557216198e-01 5.148632817461046285e-01 -1.304613436985100905e-01 -2.725817046458416937e-01
-2.376753984589868862e-01 1.209100143712076372e-02 3.998338549006476006e-01 4.686927150546968956e-01 -1.954710022936847480e-01 -2.768951180407897006e-01
6.206712116116178818e-02 -4.562149515996953286e-01 2.037966603790233311e-01 3.313008573809163582e-01 4.267166640063492777e-01 -1.808394760466270346e-01
1.364390371696336812e-01 -7.690268193676284836e-02 4.916945555213937946e-01 1.467125257022767471e-01 2.145712034558391879e-01 -4.648290613159062334e-01
2.275485638224752638e-01 -3.512198304634758239e-01 3.238537091782355271e-01 -4.644025445619062720e-02 4.756245000369495601e-01 -1.673270931517858440e-01
2.160114456029172680e-01 -1.173127156516316633e-01 -4.604424293367357923e-01 -2.665191907512280967e-01 -3.628584875215645766e-02 4.116807453468167011e-01
4.853379545998667277e-01 1.328796201113387199e-01 1.538025535819945167e-01 -3.947764505914537203e-01 -1.674330676779473837e-01 -2.139078261022114846e-01
1.956307662631681654e-01 1.686626393849020855e-01 4.684557897019421824e-01 1.330828174490462645e-01 -6.498977305422731776e-02 -5.018505043416041644e-01
1.364975741976383050e-01 2.521453872870193513e-01 -3.679692317550911640e-01 8.442007814678170741e-02 -1.684315662675297531e-01 5.377917524696917972e-01
2.700421680117183754e-01 3.913286173399960766e-01 -1.026410543713524443e-01 3.611326834533297725e-01 -5.972505473065548021e-01 1.741623704949116225e-02
-3.535758719392995131e-01 -1.735330422267893080e-01 -1.826314041498306451e-01 5.381893317514399033e-01 2.595940891878578682e-01 -5.165159838217439625e-02
-2.167708831349678400e-01 -1.914883337859881185e-01 1.919061095328708777e-01 4.665780258312249851e-01 5.024834962413771144e-02 -4.970043668779515755e-01
-1.669804475209935857e-01 2.185411935294798991e-01 2.840596075057091330e-01 3.936750314734872580e-01 -5.174636018042856334e-01 -9.536413334239718376e-02
-7.157499773166449419e-02 2.979444828937518053e-01 -2.968314545386443459e-01 3.187613115717958800e-01 -3.941912013446790541e-01 3.102811875988362722e-01
-2.404046768543274815e-01 1.025356820557921794e-01 -3.179698048524896015e-01 1.919417692441334755e-01 -2.739237155387557188e-01 5.013926744622400067e-01
1.955855797579010569e-01 -3.778015865132039464e-01 -2.376176141115119156e-01 -6.431538580444159936e-02 3.464569452329098187e-01 4.010537155195631476e-01
1.886928351497711709e-01 2.350433524192691581e-01 -2.310329154043533340e-01 -2.523436016126460180e-01 -3.075280087251399119e-01 4.838818903689036111e-01
2.101290524633380175e-01 -3.780541656243591730e-01 3.827955041276995818e-01 9.519476681218191905e-02 1.272242487632799235e-01 -4.724727777206171320e-01
-2.258839622178143991e-01 3.489772211521672274e-01 2.974509387106032826e-02 6.639606258622737789e-01 -9.268025114963263089e-02 1.442670840064188553e-01
1.817322850305872206e-01 4.134021430060258462e-01 9.178463573752483617e-02 -3.428771910783950938e-02 -4.856687052131927196e-01 -2.890131684767443532e-01
-4.268922978764570775e-03 -1.085189137525612996e-01 5.184959879447864628e-01 -1.282197301612439666e-01 -1.969188060272857865e-01 -4.698468961013470002e-01
6.185797701551406513e-01 7.003933428468761546e-02 2.483162256787731226e-01 -6.102534794626590653e-02 -4.767066987277581158e-01 -2.407703298873422326e-01
4.443531195484521912e-01 -4.446409372394928283e-01 -6.156839576650273427e-02 2.406599220798786021e-01 5.230478794166305567e-01 8.705002645530761363e-02
-3.276012479589713311e-01 -3.122650295386859010e-01 1.298205563304354326e-01 3.674535702895269096e-01 3.952767655454693663e-01 2.574270132150234813e-01
4.770562065705375998e-01 1.425293281771934997e-02 3.451799444527249849e-01 -3.440063647785398526e-01 1.506280388528462577e-01 -2.091287099840868913e-01
3.386551059217372539e-01 -2.259062346972784407e-01 -3.096655090506991725e-01 1.549899992356390532e-02 2.234022193878509310e-01 5.232162618170084212e-01
4.016537014292048680e-02 -7.445907383514697997e-02 -5.147767546278153583e-01 -2.672414139327896065e-01 -1.615452783523226299e-01 4.328081028319387125e-01
1.555613460913649326e-01 -1.629243812275456282e-01 -4.677696045835322280e-01 1.524001689935080561e-01 -3.116220899694381874e-01 5.211080412221898994e-01
-1.836661943244885242e-01 1.505285097008544071e-01 3.571242728679335787e-01 5.199821347594221765e-02 -1.613449202252981718e-01 -5.633089135188728003e-01
2.465374744604035551e-01 3.234672249438123592e-01 -2.745364438670543361e-01 -3.584095185620974622e-01 -3.682306534865955050e-01 1.199165705819504879e-01
-3.905484564341006881e-01 1.233368533573375378e-02 -1.158617144197006676e-01 5.992126831893689332e-01 -6.254800511203578717e-02 -2.373755775256647382e-01
-3.616474125307593823e-01 1.752712054921176932e-01 -1.890553960946218248e-01 5.298549788387220127e-01 -2.340480971525281950e-01 -3.831718422422807357e-01
5.147604323394591175e-01 -3.378832238528467480e-01 1.495714729623069950e-01 -2.267376443965725130e-01 3.329813009542993418e-01 1.605892564076387974e-01
-8.883731807216733306e-03 8.215010861160981781e-02 5.447983258159146969e-01 5.195268524597134174e-01 -2.552636563387453150e-01 -2.342614958003126358e-01
-7.151059656854723279e-02 4.774777946182106048e-01 2.457311610560003190e-01 3.773497220923542339e-01 -4.096554905430324078e-01 3.530575263659954111e-01
5.941334647605459734e-02 2.179890250934326049e-02 -4.842280525711568639e-01 5.808092454994992493e-02 2.182345511552446493e-01 4.962877609641858090e-01
4.643299606556547388e-01 2.842869693024555611e-01 -7.143234965568481809e-02 -9.272013503592663186e-02 -5.316003879775200724e-01 -2.264259337832135455e-01
8.440540593475140407e-02 3.225830932339310200e-03 -4.578536606570929868e-01 1.342168206525025942e-01 -3.614789176359481382e-01 4.719362453623036080e-01
4.186018817915582169e-02 1.925044709134788312e-01 4.830788618543883639e-01 -5.573591429218759108e-02 -3.669156648567608037e-01 -3.400396669597853250e-01
2.148640589284129820e-01 3.539615772804627913e-01 -3.155867104562101177e-01 1.401043734176273259e-01 -3.163382514762478892e-01 4.227283503349488214e-01
-1.917296805774003077e-01 -1.460244634139055142e-01 -3.561312450722534662e-01 4.008060996401576204e-01 1.888025750603373187e-01 3.765297976129283741e-01
-6.095349071847463995e-02 4.175637046846018552e-01 -5.536075697923514144e-02 1.256788344635739740e-01 -5.064690172535273316e-01 2.783036012982922358e-01
9.228470620962307691e-02 3.373599038658522953e-02 -5.100808705793409281e-01 -2.207355682445055756e-01 -2.234364234295121709e-01 4.041842208206665177e-01
2.330395939414917350e-01 -1.199801744385999187e-02 -4.205917632992041688e-01 3.617716261626454655e-01 -2.757883064959511243e-02 5.709652457224958511e-01
1.134951127405597615e-01 -1.949612454573905751e-01 4.856551100713486502e-01 -5.776349380957743196e-02 1.980339806321346208e-01 -4.177967380939801023e-01
-2.683324466087837479e-01 -1.754476423866745682e-01 3.889639198278760923e-01 7.390798933557540806e-02 1.106156994119762149e-01 -5.060440401834320756e-01
-3.946011062683649762e-01 -5.344241273309670304e-02 2.147351488703333200e-01 5.504348587560355943e-01 2.392285840551397480e-01 6.895890783846919669e-02
3.390140085948051829e-01 -2.783632238060229289e-02 -4.701472135630384019e-01 -3.379677108972206079e-01 2.089468094851889834e-01 2.267240083549336149e-01
5.234499493835723660e-01 7.064472426875052780e-02 -2.539686217806339519e-01 -4.102205233314967225e-01 1.013703489153840037e-01 1.028441924092345916e-01
-3.344286462794082704e-01 -4.668367274519817645e-02 -1.264771853613445296e-01 5.901348379140139988e-01 6.249739340200738402e-02 2.385733022305485396e-01
4.358910757838874717e-01 -3.463799253252570001e-03 4.658615121309738760e-01 -3.460627898237998434e-01 -3.675548709757911481e-01 -4.008892373515743346e-02
-3.620527469548027732e-01 -1.895618277321572398e-01 9.249040492708446304e-02 4.576650753681298922e-01 3.513940174346726897e-01 -9.573675928145850000e-02
-3.687379333062126285e-01 1.259719266477488664e-01 3.611185802021811553e-02 4.114005397890151405e-01 -1.587624151069314538e-01 5.931668978701196693e-01
1.287399154499110354e-01 -5.006889519190784732e-01 -1.298607040242930610e-01 5.705462229438230948e-02 3.177843567025360194e-01 4.401942598337488244e-01
9.607706676974292481e-02 4.396543468245508457e-01 -1.453094935561229373e-01 -7.430460304636285485e-02 -5.281783465448246506e-01 3.981199151801917413e-02
2.170424220841389307e-01 1.932303556522609878e-01 -3.517556541047831553e-01 -1.096407434236191802e-01 -3.395759338443540276e-01 4.288822691648206398e-01
5.071621098527259175e-01 -1.232712098058447170e-01 3.252153438711987699e-01 6.792394325683093204e-02 -8.499944128387296183e-03 -5.657938533766586620e-01
1.791452391159655544e-01 9.403265405573903515e-03 5.687598511216499508e-01 -3.570650576230905981e-01 -2.323559023457828776e-02 -2.746933027485070067e-01
3.961468901742790094e-01 1.000904837564200872e-01 -2.654271453507231482e-01 -2.222242208040168809e-01 -3.191172368188384678e-01 3.993149520957707810e-01
-2.106963046146639318e-01 6.979657443329122246e-02 -2.755206088137188147e-01 3.853781554979104351e-01 9.258355460734374320e-02 5.270851421848958829e-01
-1.482631063010331485e-01 -1.854707111829154709e-01 -3.913529407871180199e-01 3.631380975824116675e-01 -3.147568093427868807e-02 4.540785107956136768e-01
4.900451633412533647e-01 3.101279086555746578e-01 3.586329514319834544e-02 -4.708180685767844320e-01 5.284119049027424797e-02 1.385540649511624034e-01
-4.017786680528877552e-01 2.275269997604823513e-01 4.240598289216493400e-02 5.962307878583185117e-01 1.663029991618485970e-01 5.753038907940603158e-02
-3.825479547558460758e-01 -9.748261086547246879e-02 -2.618820842645340208e-01 2.421029375443752296e-01 1.228497377147224900e-01 4.872940758725013422e-01
2.377254731471586391e-01 2.226946623188714725e-01 4.177632250771431410e-01 -8.465494365465764393e-02 -9.478907876149816891e-02 -4.740186658649750973e-01
-1.888161297856712773e-01 -4.297719784599097204e-01 9.803429275187298952e-02 4.666589658940257790e-01 2.593613379144605324e-01 -2.109117724545866990e-01
-1.542949427739460366e-01 -2.233772879347770413e-01 4.138102949906299899e-01 -5.384174466820713933e-02 -1.138408415737255514e-01 -5.750834919799028278e-01
2.598661577861665628e-01 -5.136490875597050643e-01 1.413291609465861520e-01 -1.720683362867954092e-01 3.137781367534142607e-01 -2.175535236390891414e-01
2.202077598181311491e-01 2.646966597650022082e-02 -5.414804380650115601e-01 -4.441045500267934987e-01 -1.841078563583472757e-02 2.046260557088823706e-01
-3.849856189116608873e-01 7.541170621662890428e-02 2.236666953528670398e-01 4.765831727699901266e-01 1.668864445803186491e-01 -2.756644467177174485e-01
9.247134194331087242e-02 -9.198523771826026818e-02 5.549143591236508355e-01 -2.241830106246362475e-01 2.904170341890152662e-01 -3.131285680636677338e-01
4.657880619477600126e-02 5.178340715040449099e-02 5.021364639976799715e-01 4.479246362649910718e-01 1.372917875710312485e-02 -4.129992638518235060e-01
1.368525201723371464e-02 -5.144975535883107298e-01 -2.623059854960636816e-02 1.285737783600054973e-02 4.330646336504339056e-01 2.933397629354136948e-01
5.093180771688115005e-01 -2.604645714672851331e-01 4.916325404995187942e-02 -3.422641496719580623e-01 2.398685525884555747e-01 2.056064574866582895e-01
1.792378717498262497e-01 -3.250115749788579089e-01 -4.016562698641174545e-01 -1.820893930727717214e-01 -1.682525469406115359e-02 4.783799792103947124e-01
-1.803970345881921455e-01 -2.115274447088108523e-01 -3.568961050153531267e-01 6.974579312026406575e-01 2.922804949068352753e-03 7.133484839419312884e-02
3.758198872591817508e-01 -1.071758055338463411e-01 -3.689944437024709201e-01 -3.341878361370548833e-01 -2.118717836301485802e-01 3.273731207978809454e-01
5.523931301703016022e-02 -3.732627415629818923e-01 4.390444282929716335e-01 2.993263744470054943e-01 9.642430806965540668e-02 -4.093750327343365081e-01
-1.516483778663969550e-01 2.161850165320809702e-01 -2.773871918936269276e-01 4.111203622842092287e-01 -4.322266420481920557e-01 2.353053730285484813e-01
1.618993539185242803e-01 -4.249954264702565099e-01 -2.720810394107606167e-01 2.244503931462282775e-01 4.514893658056286507e-01 2.052676553613447252e-01
3.008516574568088631e-01 3.193983861348638764e-01 -2.383808659919395834e-01 -9.985402173856239294e-03 -4.303481767842393668e-01 3.457941195656016320e-01
5.014807386437972747e-01 2.778569762916601738e-01 -1.536170859915400588e-01 -3.513203783391136703e-01 5.815409854452660565e-02 3.201559613447638175e-01
2.458959310706963219e-01 4.441115071458572316e-01 -1.900052242175454265e-01 2.815313689394463026e-01 -4.327859231755571967e-01 2.893495632453552124e-01
-2.836660330375532779e-01 4.826888993049689019e-02 -3.874246612549720470e-01 5.722426145854040413e-01 1.573386767695561517e-01 1.180693234007532122e-01
3.130558309643310944e-01 -3.491594845709056205e-01 3.653730699560652218e-01 -3.572654343846388691e-01 1.978658843781777588e-01 -1.360575303737063813e-01
2.766334060063082023e-01 1.672386492596661112e-01 -3.099878884676898205e-01 1.106603764183219096e-01 -5.072019250058558137e-01 4.094444330426649237e-01
-7.458454749161661304e-03 -1.748138690282105001e-01 -5.676178397767834838e-01 2.950122416352268795e-01 -3.745364944589885670e-01 3.643812754158116674e-01
-6.841458966106502004e-02 4.327717780815979465e-01 -1.285507906140768153e-01 -1.607607465666254232e-01 -5.210476254127731632e-01 1.572826098527262406e-01
1.593337751048721496e-01 2.492994462342304762e-01 3.435580195681249838e-01 -7.526689624768209685e-02 -4.198294048167346970e-01 -3.615867213837920535e-01
1.275470594809507627e-02 -2.286235625939421201e-01 -4.802575739199712590e-01 2.438805526808137392e-01 2.479899140796018031e-01 3.679289838756831799e-01
1.051096765235992464e-01 2.085601831259362160e-01 -4.139907430639129804e-01 -5.701132086888059669e-02 -4.212678074017405794e-01 3.456364579711316831e-01
5.615679070262629136e-01 -2.237107967607031012e-01 -1.170142347591430071e-01 -4.198096147344247964e-01 -1.335606866097334700e-01 5.260627527021370653e-02
5.444785650353412693e-02 3.589565827274588949e-01 -3.124048499759494169e-01 1.200936585435070092e-01 -5.876236404475042585e-01 3.311018755043582118e-03
2.994578363550537414e-01 3.322304722121650067e-01 2.569499771701729829e-01 -4.609995562768336441e-01 -2.121879851049366938e-01 -9.704592298119696370e-02
-1.127194602001509449e-01 -4.697952939993591537e-01 -1.705871726971429914e-01 3.156883874304903248e-01 4.240836974069895904e-01 -3.849983488291552902e-02
-1.807181724298937697e-01 -1.017450953269127267e-01 -3.950224362124871158e-01 1.945323827361320201e-01 -8.891575727454120726e-02 5.318121924741666673e-01
-3.450613495955279775e-01 -1.897367909123493512e-01 -2.193852676542805691e-01 5.428762404263101082e-01 -3.218464576911815311e-01 2.211982910151230608e-01
2.738539922478268607e-01 -1.368253052591735797e-01 5.082723284297642197e-01 1.121721141677767819e-01 -5.589988958070396530e-02 -4.752468871414287088e-01
4.362089538113275017e-02 2.357091822188525643e-01 3.994061158127764632e-01 7.625615911253569301e-02 -3.397452625030353279e-01 -4.177763127862515469e-01
6.365004166102550265e-02 -6.375636511465451184e-01 -2.054638130895720949e-02 -2.867276721198072642e-01 2.310971648966844150e-01 3.296876038450073376e-01
2.037418267343034106e-01 6.707121730139989357e-02 5.022549316662771046e-01 4.437412492536847997e-01 -5.972382087202257606e-02 -4.602019741144252052e-01
2.074666050012680674e-01 -1.546650701603930755e-01 -4.838272132950736104e-01 2.137180113424342887e-01 -1.693637716549246108e-01 5.160452126139182250e-01
6.135428807947259505e-02 -4.259060645649295207e-01 3.022439674585007396e-01 -4.124634103059653806e-02 3.634359157605330237e-01 -3.030760710352659593e-01
5.930750332710990058e-01 1.256718312342638144e-01 -9.418681499891079500e-02 -2.503499517457522527e-01 -3.105106869783393897e-01 2.194676213718129154e-01
-1.721556921116776662e-01 -4.881886317618010507e-01 -6.628924286987060432e-02 -7.176867101972957130e-02 5.042398784764359210e-01 4.478674031774015907e-03
-3.215905549741505248e-02 -4.457736654862309855e-02 4.705595280281738013e-01 2.571017574787869409e-01 -2.426410880361646316e-01 -4.659760795740424122e-01
2.720802630438096809e-02 2.247865170813087565e-01 -4.661196511267522435e-01 -1.981977466805345811e-02 1.244083775890394844e-01 5.277176670736499764e-01
-7.553127750836599597e-02 4.445320435945440130e-01 -2.615722143339564362e-02 4.993804669689473341e-01 -3.531173592789358384e-01 1.561390104465686657e-01
1.884371725517704210e-01 6.026293686756877335e-03 -4.571821974417615286e-01 -4.893185765276500399e-02 -2.969828244455673949e-01 4.657703570421780070e-01
-7.622780776235173195e-02 4.829528482311110649e-01 -3.019556731092113561e-02 4.505461484703218167e-01 -3.363802258594611461e-01 -2.564752896376689129e-01
9.979735725467867025e-02 -1.714496457685274478e-01 -4.076178678488930895e-01 1.364326593670652787e-01 2.085303057065900911e-01 5.166510817085944174e-01
4.166196664419659357e-02 4.550299151986595958e-01 1.474947751631312809e-01 7.130018481217884618e-01 -2.589014497597094677e-01 -5.151469613492831723e-02
-3.844775757833696073e-01 1.996117708298152937e-01 1.180596600059193035e-01 2.866874901419380617e-01 -3.617570957755155137e-01 -3.660916075621041266e-01
-3.452972247511764681e-01 -1.241844882538972045e-01 -3.056405958388326849e-01 5.495709921454050573e-01 -3.795793999560180820e-01 6.039808171450838925e-02
-1.425502820760368716e-01 1.212898939525180741e-01 -3.763084127467409834e-01 1.161312781826628893e-02 -2.565488380935815327e-02 6.007488400989016153e-01
-2.271692584962243643e-03 1.660047681393833352e-01 4.356533589345224500e-01 1.702602640275689971e-01 -1.795434982602070462e-02 -5.320200192591955091e-01
-8.474708870916847214e-02 3.263574537399540620e-01 -1.732844282177132822e-01 5.510750475141147353e-01 -3.250603053875235071e-01 2.407024244500932109e-01
-3.992424784501945045e-01 -2.302984057963562356e-02 -6.149364503643997559e-02 5.528151058003256679e-01 -1.064471515067228341e-01 2.328325490217129923e-01
-5.918149985466161084e-02 -4.536796942062961135e-01 2.705299842663220766e-01 3.448764699540964873e-01 2.587275441186174807e-01 -3.032409489607755249e-01
-2.505698081732709026e-01 -3.448482224591615242e-01 -8.355135629428062701e-04 6.940913813557095802e-01 -2.453364864040002979e-02 6.997275429468007013e-02
-3.877578680038361036e-01 -5.512755257104016938e-04 -2.304164917544815616e-01 4.094398732919822259e-01 4.349806210546851015e-01 1.876597313603103057e-01
-1.154124796147225768e-01 4.688595517941407387e-01 -2.814711708925430114e-02 -1.766800982306686307e-01 -5.289119733776692645e-01 -5.457177348155730495e-02
-4.025109560677477272e-01 -1.330115021092266592e-01 -8.778219838393673535e-02 5.745496578832902657e-01 -8.957893978202854934e-02 -2.962676156085350954e-01
1.475465766565257908e-01 -3.673093371780021266e-01 -3.964887973834133605e-01 1.035357187896316089e-01 4.428944275413021492e-02 5.138130694433004075e-01
2.822298637482007488e-01 2.261552461352060450e-01 -2.304617430990391624e-01 -1.266784008403976647e-01 -2.089580350353617555e-01 5.717043642005170678e-01
-4.642544288506861988e-02 -4.465475433223602963e-01 -2.982488870708467354e-01 5.829653216721727427e-01 1.040018814805741543e-01 2.501693806219873473e-01
2.846770081291640220e-01 1.977647055682750510e-01 4.077909615932963638e-01 -9.399710385509640886e-02 -2.992756542838196365e-01 -3.729502231734815321e-01
3.120675941144752108e-01 1.305159841094016837e-01 -2.754588215996149891e-01 -1.855379929828027130e-01 -3.778583848733245709e-01 4.273528036962306320e-01
-2.534654719197224071e-01 2.942425231308638117e-02 2.507080143566609576e-01 3.168991725410065796e-01 -3.932392486181331970e-01 -4.535928711530417545e-01
-2.550485857955823721e-01 1.872057239530242612e-01 -1.235832238218712575e-01 2.408667715149693800e-01 -5.686702380762055364e-01 3.038737780039661440e-01
3.782154370234907526e-01 -4.438405663643363863e-01 1.314660371723349874e-01 -4.275084837861408693e-01 9.873965384408217583e-02 -1.060537895237503303e-01
5.013942134481401691e-01 -6.536411873909471482e-02 -1.854914816284626289e-01 -1.867825843545295461e-01 -3.161259900243645199e-02 5.392660846525175744e-01
1.731629153050809611e-01 3.189444933250498160e-01 -3.246170869295595951e-01 7.618944202495078755e-02 -5.739990799856936610e-01 1.149826405078316904e-01
3.273472282764183783e-01 -1.976306166177404511e-01 3.731852935087365819e-01 -1.652151555257919124e-01 3.135412175608362495e-02 -4.664266928605358964e-01
4.594826750486615818e-01 -3.702368775086459785e-01 -9.498925944358377338e-02 -4.008841454239432389e-01 6.037420184561470560e-02 1.776699281280423870e-01
3.761329865367281644e-01 2.993261995869765379e-01 2.363162221434993993e-01 -1.801064670977555182e-01 -4.369059603243467538e-01 -1.491184376014680901e-01
-2.338149915125204981e-01 2.874488815567117772e-01 -1.524961282659045847e-01 3.971273151998843121e-01 -4.861366319733569918e-01 -2.114644151398638316e-01
1.350861771999583294e-01 -5.197058341366243006e-01 -2.072912565228913762e-01 3.340524821811780010e-01 3.005561605525338686e-01 3.289760924278757326e-01
2.028009733149215565e-01 -6.615029455388962143e-01 7.835899387924011306e-02 5.768159617731379862e-01 2.605142965965808743e-01 -2.162597305824093263e-02
-1.935528179472636445e-01 -3.394968145480379840e-01 2.301560386766776933e-01 3.153185536186243754e-01 4.359698015072414612e-01 -1.436105389950367572e-01
2.174077808046618043e-01 -2.914286143546543362e-01 3.743307683973229882e-01 -7.228357787272374213e-02 2.867258876110903576e-01 -3.884380619598122864e-01
5.291461588046098008e-01 1.029638310907720483e-01 1.102619805912002510e-01 -2.402509951978669678e-01 -4.911873319617461875e-01 -1.242852744689024597e-01
-2.181375408444042041e-01 -2.018370037634525105e-01 3.142563729831510111e-01 3.150241424631120557e-01 1.584827826882394264e-01 -4.511900790591214516e-01
5.058345335563838585e-01 -1.919223903161293987e-01 -2.150827144878284247e-01 -2.601457304481959998e-01 2.270081221194464871e-01 2.725354362263753272e-01
5.343010908159325778e-01 1.140918040024578584e-01 -2.729095300476587216e-01 -2.438447829449914561e-01 -4.273370782602345930e-01 4.543582424641551265e-02
9.792792008890223443e-02 -3.364597357820937606e-01 -3.367008787129713854e-01 1.595485255128852864e-01 4.016187321383986042e-01 3.351942590721747051e-01
-5.777928047371849729e-02 1.305412234750320984e-02 -4.784676840924753094e-01 -9.659396738454448239e-02 4.130238522422668285e-02 5.203793791381586820e-01
-2.701725735634739611e-01 -2.177676609164844457e-01 -2.361186714963810496e-01 3.503682233298353599e-01 2.744561134866244645e-01 3.743277842254733589e-01
7.496681914942750213e-02 -3.859607027706045412e-02 5.614761538617752956e-01 -1.477806798875259120e-01 2.854621897110250495e-01 -3.579637820809032922e-01
4.872143137844515276e-02 -3.964066694728630713e-01 -2.941285779154355629e-01 -1.387353258583924331e-01 4.389316775821988648e-01 2.226593961179840209e-01
4.573159887224942377e-01 -4.780419552405692357e-02 2.975892336107214819e-01 -1.914925877445038394e-01 -1.328116928950039133e-01 -4.585993384356933933e-01
2.571134216299677533e-01 5.575727956743173341e-02 -3.999727569922956749e-01 -4.441142529384350945e-02 -9.022551331401365560e-02 5.422436676523318955e-01
3.814178284100432359e-01 1.238248965470442886e-01 3.485741405531848636e-01 1.966618778542073009e-02 -2.894454938360127572e-02 -5.710982178959735922e-01
-2.041293838103176994e-01 1.211365890476355234e-01 -2.793884564825895866e-01 5.095314182610928277e-01 -2.961920127386419854e-01 2.832171760149010398e-01
5.925673479947153321e-01 -2.944651686508459321e-01 -1.879143888821587297e-02 -2.287832330546013537e-02 4.734928009053306353e-01 1.585984781674923960e-01
3.866789423022287675e-01 -1.905739252897399594e-01 3.272883526249961705e-01 -9.529342473060015140e-02 3.017079245368677887e-01 -3.975297057510800980e-01
1.341894439073730572e-01 -4.003533651227729473e-02 6.118359287679678848e-01 2.679905242986695413e-01 3.164063210556426475e-01 -3.128513781830659646e-01
3.545189608468820031e-01 -5.276151869900874702e-01 -2.026404083185374613e-02 -3.516811203298269572e-01 1.651263382913980005e-01 -1.665193808939877673e-01
4.449417489632703088e-02 3.179612410451270743e-01 -3.442832659841774112e-01 8.263235379178168749e-03 -2.285104557195560271e-01 4.924102284669465424e-01
-1.268944623622197121e-01 -2.198891839151284888e-01 -3.635354877195908774e-01 -4.576420504599594541e-02 -9.586625357623379529e-02 6.254216367797258425e-01
1.258409168243135035e-01 4.744489339839424447e-01 1.666068079101922506e-01 3.747831697718326804e-01 -3.985586032729290795e-01 -2.527803575945540837e-01
-2.556079279780637536e-01 -4.081696106283977388e-01 4.970451772318913025e-02 -1.349108257383976883e-02 5.617493826133992396e-01 7.493504923415827967e-02
2.578433079113592319e-01 1.923119391818038301e-02 4.920519810752065903e-01 -1.243481640700986879e-01 -3.722944685175345603e-01 -3.449888389562427160e-01
5.221325723221394988e-01 2.428272121688720142e-01 1.786054148654315221e-01 -4.700791761016180903e-01 2.815924028719873351e-01 6.022844801959169325e-02
-1.486468229279249986e-01 3.944730646600631552e-01 1.639354730595208864e-01 6.022477273328594727e-01 -1.595716960782594951e-01 -1.954971040492728962e-01
5.520555183904304331e-01 -1.894616178178631372e-01 1.712807307198918605e-01 -4.217742337311661815e-01 -2.795516014212922618e-01 -3.738025925457297283e-02
1.353447066411279931e-02 -4.662203506615395510e-01 -2.340808805715907381e-01 1.271141224032426575e-01 1.614386854952195582e-01 5.360774129250035491e-01
-2.961607682256764060e-02 9.988091473874723125e-02 -4.179926874906964573e-01 3.782320273495797247e-01 -8.086804287244934997e-02 4.769876129883984794e-01
-5.504771974671609364e-02 -1.852286664022333718e-01 4.414747271886021451e-01 2.550024190371005112e-02 -9.909399328972917642e-03 -5.397363512582610268e-01
-1.322475521673251719e-01 2.259401665286044636e-01 3.846692516563086639e-01 3.437500085109576053e-01 -1.770318076221532311e-01 -3.970211667814291245e-01
3.104249635068932478e-01 -3.447230283295004138e-01 -2.180849386148942248e-01 -1.331282056378398360e-01 2.984735588568933062e-01 4.060614675859584022e-01
4.759893716207603265e-01 1.942343644557935622e-01 1.952328501826232354e-01 -2.200825789306546931e-01 -5.074484759943045376e-01 4.316368475639129065e-02
-3.705020206796091897e-01 6.134179858672639957e-02 2.145184197096433043e-01 5.929690915442147325e-01 -2.001205509188476173e-01 1.565455320705679831e-01
6.049703929811292014e-01 -5.212492828236823389e-02 -4.562871683098872200e-02 -3.642417455901360013e-01 -2.936007816691497685e-01 -9.376646373755173625e-02
-2.125076888182576840e-01 -6.297121501163727153e-02 5.315691217559055382e-01 -1.478353640997186469e-01 -5.325072536340751117e-02 -4.662900880009110960e-01
1.593382402445274459e-01 3.929311487273669523e-01 1.429419956180721096e-01 3.010423507535056609e-01 -5.907294547202646129e-01 3.189352741656630019e-02
4.650954089341856057e-01 6.901908885347217415e-02 -2.686937297567497662e-01 -1.098394483218554929e-01 -6.977089189338696318e-02 5.376481649481341663e-01
