# rod_radius=0.05
# rod_length=1.0
7.999505822754658935e-01 8.826014583330229479e-01 3.597433008637117569e-01 1.417187828364256053e+00 1.081314287493891912e-01 4.983591560803922738e-01
-5.509508486918799353e-01 3.583543590774970755e-01 -2.564198686054965926e-01 4.224376518419517001e-01 5.691192560115938548e-01 -3.463808893247971588e-01
3.760473688136640735e-01 -6.993741712534021771e-01 -8.627677409067840975e-01 -5.377968620853449400e-01 -1.092927727808222560e+00 -7.627461443605860758e-01
-3.632361832348467989e-01 9.528937940601798218e-01 3.170854678567960883e-01 -4.353450135573669888e-01 1.030071574357730668e+00 -6.773208408610544851e-01
3.089256011609013974e-01 9.337525668313038929e-02 -2.823818499832991269e-01 -1.451621721163204870e-01 -1.390655453571236766e-01 5.777202182080392046e-01
2.818166512602524043e-01 2.312410563169432220e-01 7.020444602581868976e-01 -5.683569057117860979e-01 -2.931944206162560018e-01 6.554359464505169486e-01
7.384598065318466187e-01 5.896881004315802227e-02 -8.259293640921105961e-02 1.248774950142822471e-01 5.688791552276314389e-01 5.203234648162106124e-01
7.468936964303479753e-01 1.441078282458921681e-02 -4.271748041622291936e-01 8.126604700850349472e-01 -9.033354525856727157e-01 -3.549051947193793133e-02
9.276546133300822561e-01 1.117893029603642119e-01 2.446002746374079384e-01 5.231664013066877894e-01 1.025995648185914932e+00 2.197800271878217748e-01
-7.592581365469024124e-03 8.684125268611951887e-01 3.569602690919979615e-01 -2.604059499120003895e-01 1.618934506522339278e-01 1.017956634919368941e+00
-8.161554085523094193e-02 -4.560999617175313936e-02 7.735173195951583480e-01 -7.122890963353488425e-02 -8.535899071421721995e-01 1.843988413922604819e-01
-8.035088444521559792e-01 7.497897567945922825e-02 4.538364855037357870e-01 -1.424335560142964141e-02 -2.295622052634072041e-01 9.870481294305617492e-01
-3.276719172170442507e-01 -4.688648249196624707e-01 -4.258357706520730646e-01 4.993885004754873291e-01 -6.501692501194265006e-01 1.062354378240463748e-01
-5.029977939489472805e-01 -7.029284788083977054e-01 3.191097779795136757e-01 -6.385228747280142780e-01 -8.153064384601530490e-01 -6.652703044400443133e-01
-5.366061254503528000e-01 1.863343579230509306e+00 1.743466995722224855e-01 -1.467890756379913508e+00 2.224926019285785816e+00 1.299949776432570703e-01
-3.738972135019386078e-02 -5.341196747486032237e-01 -1.320038662508136659e-02 2.786677653598900739e-01 3.468937038968745723e-01 -3.652275045324738234e-01
3.361217386286015074e-01 5.907643425414519367e-01 7.367722651204153816e-01 1.714057301789941867e-01 1.031525877160392568e+00 -1.456096851487327370e-01
2.939595029512903634e-01 -2.561615859720154376e-01 5.810166899314991307e-01 1.945417063438441563e-01 4.355591263477641695e-01 -1.342724529090288943e-01
4.837210119335738634e-01 -5.825381014200224916e-01 7.598726583148089908e-01 -1.080389108734154391e-01 -1.319331849488104336e+00 4.328326507205486062e-01
7.331754178463801841e-01 7.275987194266342328e-01 1.574771789831727886e-01 1.596784064282725346e+00 3.181968826341291523e-01 -1.367510348769306605e-01
2.120680274286893541e-01 -1.191603794505482927e+00 -5.315405765329712928e-02 1.121173775054689958e+00 -1.090315697478877910e+00 3.509096267259098068e-01
1.199442421742251019e+00 -4.363885585627780284e-01 -3.311743196353485463e-01 1.910653696883638286e+00 -6.732535730634825466e-01 3.306968815944245077e-01
2.162366299632366928e+00 -1.396223959441758256e+00 2.273380134206472863e-02 3.153869716257994060e+00 -1.286340386014288129e+00 -4.688354642785467347e-02
4.436602249462079373e-01 -9.303648281892072935e-01 -1.046193017003619989e-02 8.946838481167393997e-01 -1.949911086686229034e-01 -5.162318224932025412e-01
1.071216709072783324e+00 -2.667863735744915518e-02 -5.268567160403044014e-02 8.692453344447514940e-01 -7.831813686382285700e-02 9.253434311948557367e-01
-7.817835924375700074e-01 -8.652760575885311278e-02 -8.048374925348400488e-02 -3.247368460593723638e-01 8.026230468172617094e-01 -1.032738490464344822e-01
6.166288885347035453e-01 4.636404796805217998e-01 1.985135761019335421e-01 5.660787264195644708e-01 -2.460751645896951390e-01 -5.041587411187209433e-01
-2.659104008508637040e-01 -5.828497339342664230e-01 1.652894742080321944e+00 -7.697511490418403879e-01 8.673664224675292633e-02 2.198603991860025975e+00
9.041079188288043689e-01 1.782619889014757375e-01 -6.467791837697719481e-01 1.795716245407483758e-01 5.819815444005463911e-01 -1.205400413913206625e+00
-9.069772076232649471e-01 4.652171471458696472e-01 4.434907514261499650e-01 -9.350087301615127577e-01 5.059603411463795553e-01 -5.552856128751006981e-01
5.341586174048893465e-01 4.726465446275113225e-01 6.626222126007512425e-02 1.842058245435489461e-01 3.135388669243978632e-01 9.894186487762733906e-01
2.737658402749106323e-01 8.991688896815804855e-01 -3.804495617684086062e-01 -7.258774596075430185e-01 9.119627040368230020e-01 -4.038929257412329221e-01
-1.184054147029307835e-01 -6.318471217347532143e-01 1.461398817243354797e-01 -6.706019092594786013e-01 -6.460786989958633431e-02 -4.648582054878428460e-01
-2.537583828778238737e-01 -7.109591224116402763e-01 3.329319910219342704e-01 -1.006369240601011850e+00 -1.562244732927814406e-01 -2.181632244008052668e-02
-2.277164381578646868e-01 1.388617326932862217e-01 3.323550394832894272e-01 -3.885274018026610432e-02 -4.497596570893006018e-01 -4.536827223810134257e-01
-7.102157242931006476e-01 1.567972518729300949e-02 6.434654519637428294e-01 -4.381445013600008820e-01 9.629262825280131555e-01 4.740511395286920449e-01
-3.634226583999732862e-01 -9.391018371340814630e-02 -4.468856312687713439e-01 1.180757745425442540e-02 -4.442978266856679181e-01 4.112698148790258079e-01
2.293162019725290268e-01 1.189607707816140003e+00 -3.091715071235525691e-01 -7.426550234950027862e-01 1.309730421727944849e+00 -1.070763056327522778e-01
-1.304761441430224087e-02 1.036764277914542287e+00 -9.417964125726014692e-04 -1.648809642005638065e-01 4.972859575249265474e-01 -8.291384975182228834e-01
-3.059597070824151416e-02 8.443671955010267904e-01 -5.802803588749672059e-01 6.490120123275393560e-01 4.237822590420055047e-01 -1.181313885908026329e+00
-6.947777405283880880e-02 2.614080843552630817e-01 -3.902821943708807417e-01 -2.528543120371057329e-01 3.550101200183075623e-01 5.882941717021196171e-01
4.829417570225282286e-01 3.466051288653382856e-01 2.992706938172222039e-02 -2.410884463560542534e-01 2.914371125781579641e-01 7.174856156703316445e-01
-8.590509146228151316e-01 3.738848894623610364e-01 -3.504631038366616547e-02 -4.637040356032073318e-01 1.291698212676208657e+00 1.279286385125595615e-03
9.462558433564441929e-01 -7.143174461804298048e-01 4.345813863091477214e-01 1.035322987520012283e+00 -1.223114180733704259e-01 1.235578206849310412e+00
-3.756381508091874433e-01 2.076226525425212355e+00 -7.242499307444971723e-02 -2.417400742406133896e-02 1.996405696119111228e+00 -1.005217355352060693e+00
-3.548680618244646756e-01 3.753116193273671741e-01 1.506656173590655179e+00 -7.462187615044891809e-01 -5.343043651587846554e-01 1.646095732637735232e+00
-1.211191410553675435e-02 1.186350853886286139e+00 5.001509109199085978e-01 -3.626964093775751630e-02 8.014404145622744391e-01 1.422788628517501763e+00
1.582753891849084660e-01 -5.300478800134136304e-01 -4.202933361850100247e-01 7.403052190229574003e-02 4.281439197942548125e-01 -6.937367071375272198e-01
2.877223479477492019e-01 1.256133488551053057e-01 6.137734234446355908e-01 -6.811563277559296026e-01 -1.022109533578316465e-01 5.169736347678315358e-01
1.028665717631099596e+00 -3.254414543375322433e-01 5.987110462968791014e-01 1.730377002964910371e+00 -4.690717302701855607e-01 -9.912246957254455815e-02
4.445668606579444848e-02 -1.198797257579253955e-01 -4.195050597223051736e-01 -6.087001846673663341e-02 7.488305068548855026e-01 6.448751983456452175e-02
4.572154946635826334e-01 4.762936841457024451e-01 -8.516864978318277046e-01 -5.312726537031382534e-01 5.835153783609787759e-01 -9.584324056135182790e-01
-6.286659059569160712e-01 -3.947616946742084632e-01 4.574749096570815410e-01 1.624255945482222518e-01 -8.147931070079411642e-02 9.828589460727905625e-01
-2.235808779537056257e+00 4.877004469907211121e-02 4.226782195753993610e-01 -2.319550226169266871e+00 1.004900056612349379e+00 1.419599080339873365e-01
9.984036962682471539e-02 6.471859729280171787e-03 9.331026909473459918e-01 -8.083528103333875725e-02 9.107162228269366500e-01 5.461938631020248902e-01
-1.148444761383802470e+00 -7.460229085567325891e-01 -3.777336098355124072e-01 -1.951500560544434659e+00 -2.600219076128363338e-01 -3.290842149218775603e-02
-1.369389053226653274e+00 -1.467100148011572625e+00 6.677614354203822433e-01 -1.065970961268107420e+00 -1.942133042675798116e+00 1.493764589445330415e+00
-6.238889163334319088e-01 -7.281837041752881046e-01 5.432200104249915729e-01 2.586348151626790548e-01 -1.175956646012038975e+00 3.995145620069099346e-01
2.831004393049151302e-01 -3.958849715463094721e-01 3.417682552873920199e-01 -2.989214475469459398e-03 -2.633500752620624441e-01 -6.072244798095336460e-01
6.231071501192442241e-01 -4.238353299509798888e-01 5.209266986776827091e-01 6.697657095514144565e-01 -1.993426126627668438e-01 -4.524314053704980854e-01
-1.550223260183326845e-01 -3.365352951120857972e-01 6.807040676050090111e-01 -4.298243734402134031e-01 3.115114361049570180e-01 -2.959113081016284674e-02
-6.642787446979986354e-01 -3.109377854202263203e-01 -6.565031861005314884e-01 3.333837372345660466e-02 2.034671176290187011e-01 -1.155219490029169904e+00
-1.418662141334883220e-01 -1.094724120329803929e+00 3.916485957698926379e-01 8.057772564310627939e-01 -1.032115475196781818e+00 7.851601961247633987e-02
-3.125761517697278613e-01 -5.729623016680852610e-01 3.429900677489902683e-02 -2.529903189464987046e-01 -3.373640011071457057e-01 1.004321155645510721e+00
7.790321608542198906e-01 5.402050784600621602e-01 8.526875652699178725e-04 6.691225302480179327e-01 -1.396392409210561736e-01 -7.242208083682336595e-01
6.776288518570425801e-01 6.665773381097119810e-01 -2.200100105419715013e-01 4.420733157096826127e-01 1.919090638577300445e-01 -1.068068746013150383e+00
1.160454842582758772e+00 -1.354558109776629882e-01 3.200835773113489546e-01 7.574186753129534821e-01 7.376061205540813681e-01 5.945370553044782014e-01
-7.653560401976982064e-01 -8.837126800616852684e-02 3.100997639983198439e-01 -4.370724673363258761e-01 -4.643455013072195214e-01 -5.564296767496901275e-01
-4.013808143204847800e-01 -5.134205912540028560e-01 -1.683990717728761077e-01 -7.806054494399936594e-01 1.874605808450947597e-01 4.357153699643418476e-01
-6.086925691859951248e-01 -4.386056064132045629e-01 -3.444195421517732281e-01 2.695804895937621293e-01 -9.165995903595267613e-01 -3.318423591296433273e-01
-5.293327929190019265e-01 2.338773276689823377e-01 1.493625537581933505e-01 4.022169675402130773e-01 2.089919601866971344e-01 5.121238558201013369e-01
-3.400921215085416227e-01 -7.008490838329125561e-01 -1.842263175950507592e-01 3.921814245760767426e-01 -6.240035262607652733e-01 4.924347600398934488e-01
-4.601769530076899734e-02 9.530060409534314436e-01 5.351615148831696117e-02 1.975123915991256751e-01 4.226849283851069616e-01 -7.585507265080856376e-01
6.932244133660515617e-01 2.466927183031910886e-01 -4.875090324022054999e-01 2.049417461701497079e-02 9.865734394945651076e-01 -4.842618363815755500e-01
1.368887256974675448e-01 1.000684777880018084e+00 -5.195431087772127698e-01 3.817730184015493133e-01 1.291515291338390936e+00 4.053619110104197398e-01
-2.676930338568975221e-02 -1.883523388993287306e-01 -3.177720617254077839e-01 2.005180270508476192e-02 -1.685443936909514218e-01 6.809348168586231154e-01
6.869514294259596587e-01 7.289345307319751166e-01 -4.347507713594130352e-01 7.060231187097000261e-01 9.454095505619773965e-01 5.413510862648127642e-01
4.442645724285995690e-01 6.459436324900252879e-01 7.743118168987347394e-01 5.083462046736818563e-01 -2.582087266410346693e-01 1.196688492256814618e+00
-3.058257305534134440e-01 3.572002216004287467e-01 -4.193162093222401188e-01 -4.593778033684237094e-01 -2.522900914980984455e-01 3.584648133141270510e-01
-1.600178744594730196e-01 -1.016452097461439052e+00 -1.070613799462507149e-01 -7.946823826175444250e-01 -5.192387946158389944e-01 -6.986523649670192126e-01
9.741213148754661599e-01 -9.419542456755775062e-02 3.036915687980582326e-02 7.112172522614298442e-01 -1.213847274462794834e-01 9.948079551817011756e-01
-1.055094524432558023e+00 6.927692153472124748e-01 2.923315387237719332e-01 -1.030329774267719323e+00 4.966789648901520082e-01 -6.879415460974733776e-01
7.631986923998780314e-01 -3.120556950017976394e-01 -2.188407132691368162e-02 1.830039716257785276e-01 -1.125621202183181069e+00 1.665488961604397189e-02
2.749640011616834995e-02 4.035815965214875622e-01 -3.709197809064963547e-01 3.587343733862095596e-01 -1.622147429119554229e-01 3.841669077244658226e-01
-7.487639976883065929e-01 -5.171717209355668476e-01 -2.532625131723432732e-01 -7.504008360768985586e-01 -5.196987984690142337e-01 7.467329541369989165e-01
-1.141806090961415832e-01 4.890714101061727770e-01 3.143462463089681247e-01 -2.452134676609837860e-01 2.347800503596901289e-01 -6.438636964147603781e-01
6.018570494048718356e-01 -2.558354790528616363e-01 3.664910211893410152e-01 -1.341470706013165870e-01 -7.292935992289194536e-01 -1.173843178942599597e-01
9.878579868476038417e-01 -5.742376694979119955e-01 -9.009466708409610836e-02 1.373861739970018814e+00 3.030305507094127604e-01 1.952149408678313935e-01
-5.915048359999571792e-01 -5.298773736572427728e-02 3.642505139574957196e-02 3.083531893928329604e-01 -7.241715646617059854e-02 -3.993249133886527247e-01
-2.481859843861000062e-03 -8.542746402218551194e-02 -8.609506009953278305e-01 -5.559103065970968371e-01 -4.633847362399093894e-01 -1.187476269363187953e-01
-2.370374523777733500e-01 5.648455261775120473e-01 -5.315001236433438692e-01 5.457975040879068374e-01 6.348147684853110428e-01 8.678276959101449695e-02
5.461255408059059180e-01 -3.364341701383018468e-01 6.437442621413062005e-01 4.385543434678728092e-01 -6.391689782855307644e-01 -3.032404650002261670e-01
-3.857908031562263806e-01 1.142750642538823191e+00 2.918462715621289449e-01 4.121074452779425190e-01 9.515397052360501373e-01 8.635076771174454713e-01
-3.869224313383182734e-01 -2.619866637158239642e-01 8.487115546510985986e-01 -7.913840066331718770e-01 -8.040644253127593455e-01 1.121231115622447483e-01
4.221393930099708869e-01 -3.533509870555042176e-01 -5.466149971309309796e-01 -5.526671065198149879e-01 -3.613395471052628372e-01 -7.695241072696081819e-01
-6.489317330881427814e-01 5.161190562866024845e-01 -3.977659307678489409e-01 -2.086715611916822866e-02 1.215308634370737995e+00 -5.619775154836786912e-02
1.151162349403367195e-02 1.463180844610474096e-01 -4.783669486248794400e-01 -3.787618694099638139e-01 -6.711067827783856465e-01 -5.468878402926491411e-02
-7.670012805749744089e-01 7.895066894507174471e-01 -2.488872483260534674e-01 -8.121423852241882457e-01 9.085554193200902073e-01 7.429744762039023342e-01
7.845245957888877797e-01 1.269061890698756079e-01 -5.432277539225314200e-01 5.832091920578985622e-04 7.554314977725977431e-02 -1.161934259929430446e+00
-2.716670737918688294e-01 -8.954665362756010216e-01 -7.969093657883168091e-02 1.088476630621221242e-02 -6.442477451657961929e-01 8.460809449613870825e-01
9.957089118460342725e-01 5.918086713476671257e-01 -6.170178522277347533e-01 1.846588934673686566e+00 8.331987287490705274e-02 -4.849484440343813096e-01
1.007389001561618480e+00 -6.733215636050871034e-01 1.353399047571989255e-01 1.366522448949738955e+00 1.375931838167897547e-01 5.973360512571861403e-01
3.966961579291508055e-01 -3.464934828544617429e-01 -8.258436571130526316e-01 1.046692410645229554e+00 -7.376798937965932668e-01 -1.743238467087416810e-01
-9.964557174746027091e-01 4.228801285963110224e-02 -1.505174665785377341e-01 -5.600964907524823566e-01 7.766070802296963782e-01 3.694499675471301092e-01
-4.394090263444240807e-01 8.402061141381820253e-01 6.287659285065313464e-01 -1.136976746727945242e+00 1.333764623377184932e-01 5.113303341810740976e-01
1.354488298270733471e-01 -6.490079508224664284e-01 -1.811499212378625323e+00 3.678190011988197172e-01 -1.580420296730907559e+00 -1.531365056399745184e+00
-2.560419137975308290e-01 2.546665160290701446e-01 -2.031481768799376086e-01 2.751029862562933692e-01 -8.728446229951042357e-02 5.720644543167809903e-01
6.934157860676255503e-01 -4.197266266531677892e-01 6.199280183987609938e-01 1.035435163420330706e+00 -4.247533052235050732e-01 -3.197514365313861573e-01
-1.134309008551929177e+00 -3.003517332005110063e-01 1.105567844897432789e-01 -8.448766118737003339e-01 3.482632256429496476e-02 -7.860393111334872396e-01
3.937751450148974791e-02 8.997115671058799613e-01 9.733318610366649415e-02 -6.805032000448579810e-01 3.388676808218994418e-01 5.062658114126793452e-01
5.086132531640923382e-01 -6.213721416872478587e-01 -4.782725366218956164e-01 1.040391707831497481e+00 2.241601524738969786e-01 -5.260931878317834931e-01
1.465356846248713762e-01 -5.525448875379257441e-01 1.825471544471611585e-01 -6.669319807191131932e-01 -1.379419626644996510e-01 -2.253434830112233944e-01
4.974448079215543217e-01 1.707433558993414618e-02 4.596542485830176772e-01 3.593168941488346646e-01 3.493625905733841464e-01 -4.733544303888607696e-01
-9.094024190065789215e-01 -2.193422382060151443e-01 -4.125761046798935849e-01 -1.121064822729811894e+00 -3.768015250097440094e-01 5.519992422211995597e-01
2.312921201660191883e-01 -4.904894745125775168e-01 -1.571699630626385152e-02 1.031595963471543476e+00 8.648739907030200680e-02 1.474131533930869986e-01
-3.177950752194849127e-01 -5.083292773952624577e-01 6.979645515566123004e-01 3.982858287015007548e-01 -8.689799862373233097e-01 1.003365692369897477e-01
-5.024564420238754048e-01 -1.858760794613985648e-02 -4.148460017707144565e-01 -3.059430334960270836e-01 7.891370073491787984e-01 1.409987842215591480e-01
2.506361621094445602e-01 8.486464418884294147e-01 -8.021024469448129190e-02 2.453053588525650475e-01 4.418321196391872818e-01 8.332850698799976197e-01
8.570488170508306913e-01 -8.499477724688339619e-02 -4.091736211027111603e-01 8.986923633446954884e-01 -9.125256114625279746e-01 1.507000552515447289e-01
-3.483557331093915105e-02 -5.703255274479060999e-01 1.346418801388075126e-01 -6.811456214038562607e-01 -6.723710138334570985e-02 7.083886511920435280e-01
-3.035001406854822559e-01 -2.610396482668915219e-01 5.571488847814999312e-01 -5.254782109224711562e-01 6.053780487845625835e-01 1.098837390682246840e-01
6.433289854855142043e-01 3.548765744982893544e-01 2.352582531246623920e-01 2.477868927552058231e-01 -2.653394972407573382e-01 9.126639493179509177e-01
4.322890267771532513e-01 6.170337335234746812e-01 3.727570692613781378e-01 4.659556233983287443e-01 3.192746416024950795e-01 -5.812901431187749157e-01
-3.742750273020093443e-01 7.137981548643397289e-01 5.721926872755335181e-01 -8.379482715075322607e-01 3.159622113887505246e-01 -2.194724469111459797e-01
1.957603998593681061e-01 1.018097928564448140e-01 4.621856401159206151e-01 -5.445156509048105775e-01 2.258619135632343178e-01 -1.985733477254400525e-01
2.373081017991633401e-01 -8.245612925636813806e-01 3.477858080434571009e-01 1.027699101032841789e+00 -3.401054622082212986e-01 7.227319598639405651e-01
1.090274912786473455e-01 -3.444037865908922136e-01 4.617978023013587507e-01 5.337494473255313121e-01 1.108651538890721433e-01 -3.207246905932284453e-01
-1.098685539526776500e+00 5.589801263403091358e-01 6.582070872660134020e-02 -1.137156784823108557e+00 6.356061241939563455e-01 1.062138137931913473e+00
-6.878386716268399814e-01 -6.439517649518694542e-01 5.869145619632152103e-03 -3.142270909583645966e-01 -5.736273941088695372e-01 9.307847469887190472e-01
-1.017937442564217365e-01 2.275500954532445885e-01 -6.207024636430715780e-01 5.454267377049002441e-01 8.917990112821951865e-01 -2.466984188122465782e-01
3.182430008982039538e-01 -1.252519965802056934e+00 6.709647504250589034e-02 1.006237875176363872e+00 -8.618396617670834869e-01 6.786779929173676340e-01
-1.451527862876636210e-01 -4.571767368097414130e-01 -7.821205573115309617e-01 -5.660531173262783877e-01 -9.008546971640816192e-01 9.076497048125409250e-03
3.896701294184193864e-01 -6.819660943059321356e-01 -4.002929238530233413e-01 -2.403682377159461758e-01 -1.150892578410070533e+00 2.187059521107329041e-01
-2.413389348829318992e-01 -8.218121192438033740e-01 -3.334185811796200327e-01 -4.625597056131400264e-01 -6.963398937766394070e-01 6.336998661854635895e-01
-3.704182005583090409e-01 8.486111095248777270e-02 6.787055548790209558e-01 5.829536324538582281e-01 3.485035741667030784e-01 5.318219288025879399e-01
4.596604542858475084e-01 3.360032662480121335e-01 -9.196101369417170046e-02 -2.186207713830018995e-01 5.311247835582740828e-01 6.164612984810622365e-01
-6.245946788485495782e-01 -1.713929616259287914e-01 7.849985795815851430e-01 -1.011777681315738420e+00 -4.127456458771738834e-01 -1.048543320870859441e-01
2.607485292646720132e-01 -7.473959546286296218e-01 5.099094731612273668e-01 -2.311480499458816174e-01 -1.534944853461678305e-01 1.146556000007238563e+00
3.296221839339097959e-01 6.940493880978880759e-01 7.802181253616594786e-04 -4.362036013180936034e-01 5.011123946622810799e-01 6.142019190841564447e-01
2.506301676577752380e-01 6.293551312288829525e-02 7.809845576983539539e-01 5.899955779723642380e-01 -1.970936159837419210e-01 -1.230154258735807193e-01
-2.221679102939366213e-01 6.651232699965483608e-01 -4.831996102143221727e-01 -8.727343947809365066e-01 5.893181695823211941e-01 2.724569493505473727e-01
7.541764124777706746e-01 -1.897426636976636549e-01 6.036159438992688697e-01 7.585801549345194683e-02 -3.299885020069917574e-02 1.321470754597820152e+00
-4.252916291437088270e-01 5.551169507837212524e-01 8.300768641846814622e-02 -7.652657818735458806e-01 -3.599533290290349852e-01 -1.339346065514216977e-01
-7.035102086940663302e-01 3.166243250059420089e-01 1.044233059752126824e-01 -6.425671761378615177e-01 2.729701824802350796e-01 -8.927628665237840044e-01
-3.675313456766727271e-01 5.427266234183397708e-01 -3.241286439893235061e-01 1.173652131751861116e-01 7.780989508316896730e-01 5.181748611094316725e-01
-1.894068518974598048e+00 2.135926217451883935e-01 -1.194053576678597128e+00 -1.901691479462252365e+00 -7.108779135132632376e-01 -1.575230858153182645e+00
7.854058101132166403e-02 6.358305544121177766e-01 -6.360265614690417957e-01 9.144705690004958920e-02 1.147074405611733017e+00 2.233122235806725975e-01
-3.895859861980048855e-01 2.484153672526347861e-02 -4.082547555774827530e-01 -4.867833554866797252e-01 -4.533915247244716396e-01 4.645830359621450634e-01
-4.227496081870460443e-01 4.830194241689670376e-01 -2.378998632191324514e-01 3.534868949772393409e-01 5.446839348709603401e-01 3.895189596377899299e-01
3.344150632577983506e-01 9.676525350483575760e-01 -2.185032041210429876e-01 2.756772087101460600e-01 8.813393522387688028e-01 7.760318123144857028e-01
5.369214623307608236e-02 -7.152999019139116843e-01 -2.677436771817027772e-01 9.208131141043806034e-01 -2.304837875378596412e-01 -1.534871136098936439e-01
-9.185760657125664475e-01 6.714698109831925832e-01 1.260590783392636638e-01 -1.425484120325409609e+00 -1.827243910728658660e-01 1.031587403578564099e-02
-4.807875660908039195e-01 3.454017680727024531e-01 9.450313660371856272e-01 -1.126698774741158315e+00 1.539907273619145478e-02 2.566296434866996989e-01
-8.469366711650007096e-01 -1.587880719248207784e-01 7.724388532588044587e-02 -2.228872289344564495e-01 -7.753146854410660760e-01 5.573034946224104669e-01
-2.633158979642949982e-01 2.204155435790649264e-01 6.288416417649584922e-01 3.052971459599591597e-01 5.149119174281038269e-01 -1.392410960107067774e-01
5.997153530268342081e-01 -1.259322445962274620e-02 -8.276813450187846533e-01 1.406232731057922347e+00 -1.405175320152627638e-01 -2.504767968122854072e-01
-6.695442860095960347e-01 8.063704264203063188e-01 5.570564953506821348e-01 -7.543806939619825958e-01 1.056253195900584085e+00 -4.074959321526665512e-01
1.842681803585606848e-01 -6.833320492895925691e-01 5.371681036630700928e-02 8.538013043072798514e-01 3.962407590161043380e-02 2.241862709274021204e-01
2.070705019200221875e-01 7.707168586573881486e-02 -6.148733344939563139e-01 8.662510809434906256e-02 7.722702917974433312e-01 9.378159240403194374e-02
-3.767268308522249698e-01 3.139970365285542631e-01 -7.524480919828951953e-01 5.544385368295494665e-01 6.748979226929650022e-01 -8.042323405128173341e-01
6.939622594126699795e-01 4.921154683585332590e-02 4.846182504395670776e-01 6.802087771339959676e-02 -2.338321754361534777e-01 1.211311884620309920e+00
1.556038650689816338e-01 -4.961014436527457216e-01 -5.455885364019010808e-01 -7.755060119801217011e-01 -1.422081781801468603e-01 -6.338719069466660638e-01
2.593418974142442934e-01 -9.149029816986028463e-01 -4.505125377808868459e-01 -6.333849276869716327e-01 -1.140460661681518273e+00 -6.043235532421836753e-02
1.104456168133452820e+00 -2.358619225953698106e-01 2.591177106013112796e-01 6.338749568176663685e-01 -1.063409812507323915e+00 5.652513635355149724e-01
-4.387728924104731254e-01 -1.107892995316078988e+00 -2.601898334133574409e-01 5.339656181253568112e-01 -1.122619142504465817e+00 -4.916265001486030406e-01
3.972222564772261988e-01 -2.142208366243797679e-01 -4.814552171133276715e-01 6.055649848912564304e-01 8.569032157814690520e-02 4.494833440724342322e-01
-1.538186951585303497e+00 -1.806092322244435611e+00 -8.828096404888419180e-02 -2.535558850325779989e+00 -1.829730959935355505e+00 -1.567682651413815353e-01
-6.211712367075986618e-01 -2.455563919726319322e-01 -8.123122097439423595e-01 -1.394203240096167473e+00 -1.953811265543841380e-01 -1.799326050148963851e-01
-6.513562496375590039e-01 -5.708318770141161957e-01 -6.008411697983629535e-02 -6.200931069974990884e-01 1.036595403007480876e-01 -7.977045775697341190e-01
4.785899667534149193e-02 -1.557556315872796748e-01 -6.921019049614312024e-01 -2.622866380531947428e-01 7.011476156560310091e-01 -2.803659335881457659e-01
-2.507744704327276031e-01 4.803717684481266237e-01 7.759229309264649155e-01 -8.738275329022678894e-01 6.545819717229084400e-02 1.128606339147445459e-01
4.274800720761739448e-01 -7.249074518396041444e-01 -2.462852828139495964e-01 -7.009374343324598078e-02 -9.615550364198384159e-01 5.882314748558641337e-01
3.719143995618889309e-01 2.761214394046820342e-01 3.291118233371000401e-01 2.367008020759794051e-01 -2.730221626394732093e-01 -4.956054539094051914e-01
-2.358976390431975489e-01 4.676957199120385100e-02 3.972205662141485849e-01 3.703940317808144811e-01 -2.606238611851429132e-01 -3.362095171131490590e-01
-6.810429433299399760e-01 -8.118280122267571564e-01 3.617921342808738117e-01 1.545125655255245034e-01 -1.234422444866654534e+00 7.128775044161859142e-01
9.842775482708628898e-01 -2.143177515489252116e-01 5.482333223471975714e-01 9.658086904570870601e-01 -3.600113040386808683e-01 -4.409240412982283752e-01
7.711855931933191410e-01 2.328151759292149403e-01 2.064863595587198009e-01 5.095620375254404921e-01 2.090826146089208859e-01 -7.583918092547707879e-01
-7.499631911418804670e-03 -2.235598155026537359e+00 8.052637439019285637e-01 7.978863038799743901e-01 -2.751231306320557568e+00 1.097626442815486936e+00
4.634432878319458271e-01 8.483667202186381262e-01 9.174313610675588482e-02 1.650107292901346057e-01 7.525649130889090488e-01 1.041353594006660499e+00
-5.170473858684210278e-01 6.367886972680163460e-01 6.537141058544350125e-01 4.575662056458057458e-01 6.852603563524259922e-01 8.722978323789516431e-01
3.053032225594042859e-01 -2.796528777913174224e-01 3.973321994664259504e-01 -4.319902429054408022e-01 3.922320297279457968e-01 4.678234530421022108e-01
3.567327125363844997e-01 -5.393000120480122561e-01 2.133135011777880508e-01 3.425453059211393536e-01 -2.074834783196909394e-01 1.156550748872160916e+00
7.866661883641576924e-01 1.829232402800023416e-01 -8.135801194027511563e-02 3.390614328501718178e-01 -2.511098206797888754e-01 -8.631925755374206810e-01
3.433669006618139674e-02 -2.948715086427008414e-01 5.844395302503090361e-01 -4.232957863907658713e-01 -1.790383132385349185e-01 -2.971245271694237244e-01
6.824867870580346718e-01 -5.575820820194903327e-01 3.981889452121605832e-01 -6.787022177854962202e-02 -1.173254260215075062e+00 1.575395565037777390e-01
5.571254649659130864e-01 6.679083268831240705e-01 -1.813223226624166851e-01 -4.017164072504904038e-01 8.377031310916112083e-01 4.625621004298485772e-02
7.017275626459061888e-01 -1.105218346741507381e-02 2.654275553976709889e-01 2.347669613531083166e-01 2.736824191520305649e-01 -5.717546248423379662e-01
-8.135483647765618942e-01 -6.451078675734874812e-01 1.285247965291572148e-01 -1.047653811544788871e+00 7.668070192131670737e-02 7.798433827372379668e-01
-9.560918653265007006e-01 1.461365715571258383e-01 7.625780081643872277e-02 -6.332865141159201849e-01 -4.677968415854116269e-01 -6.440771694973509431e-01
-2.788562989618509347e-01 9.182482376046460226e-01 -5.819157891416663064e-01 -1.660232717272021596e-01 1.387546349676950452e+00 2.938855524709369504e-01
5.634499394137800765e-01 3.242055498047344275e-01 8.974355991829480184e-01 1.051569157160901602e+00 4.660103363329637371e-01 3.625557631686837645e-02
7.832789243807192214e-01 2.011675598889267891e-01 5.115558605414955995e-01 6.048263380494800501e-02 7.047406279266311691e-01 9.848207836839135698e-01
-4.995307447641769705e-01 -7.133168259601369021e-01 -7.384318031886372147e-01 -5.684463462142239631e-01 -1.131143594512445283e+00 1.674773707123196065e-01
-1.770648768727793032e-01 4.771555313924764202e-02 9.630600199983434528e-01 -9.137532631723506160e-01 -5.190783205572249148e-01 5.942308912253021491e-01
-1.419906724905315887e+00 -1.121812530502670269e+00 1.277077836459772131e+00 -1.435079928573365748e+00 -2.051217827122258974e+00 1.645826488668701959e+00
-8.505932158263399545e-01 5.272238119652840060e-01 6.658246850716615928e-01 -8.917334569306306635e-01 9.359594026256958799e-01 -2.459004366011839915e-01
-2.950598666386741176e-01 -6.791402942475571747e-01 2.040107589843403457e-01 -1.027223403510956867e+00 -9.301221854014229962e-02 -1.429624880278640986e-01
-2.847725681407469178e-01 2.204446205991230923e-01 -4.122741195627622202e-01 -2.574650900588286717e-01 -2.621167906168919703e-01 4.631622208104334004e-01
2.606154769367783897e-01 -1.336858027419476569e+00 1.391134756143574736e+00 -2.457232731728836161e-01 -2.059307894037597286e+00 9.202979899911801764e-01
-1.328501488252895879e-01 1.343454713603839112e-01 8.841339244703046996e-01 1.652689695996798769e-01 7.883438327837437587e-01 1.888561853724105566e-01
