# rod_radius=0.0033333333333333335
# rod_length=1.0
2.890414995139400367e-01 -5.425552347604184478e-02 -3.452488935623230226e-01 -3.257876799511092991e-01 -2.650741482613929723e-01 4.147120182758764484e-01
2.371066230290933552e-01 -2.966064921852528125e-01 4.103832235108269555e-01 -1.832537239602773926e-01 7.672938165216580675e-02 -4.166098260276965282e-01
-3.926986035860546148e-02 -6.041501458469513697e-01 -1.610878775234579063e-01 2.007363143311876319e-01 2.299768730961314622e-01 3.355298349877838815e-01
2.465538247474888534e-01 -3.845228406942161614e-01 -3.854803786083030870e-01 -3.026801784701086406e-01 1.217266557533424054e-01 2.793906292241676859e-01
4.025817967744327874e-01 -1.656597892895366464e-01 3.392732414813446895e-01 -3.586845613717198344e-01 2.751656538096641791e-03 -2.869145233856636446e-01
1.363708516323507980e-01 -5.611516370278474275e-01 -2.343818933050934583e-01 6.308335700990788664e-02 2.163360091432255938e-01 3.902315096757660862e-01
-3.402093148157134261e-01 -3.606881743189438994e-01 -1.376872900840274139e-01 3.647794970546294757e-01 2.048790975876722542e-01 2.902431202466127513e-01
4.359720774060334425e-01 -3.248612470964684640e-01 -1.296427687490199765e-01 -3.426324878585884082e-01 2.740053074610914186e-01 5.779730375802541453e-02
2.823536443428457596e-02 4.367335841484574210e-01 -8.788374548769257305e-03 3.851543049859681989e-01 -4.925506778916283190e-01 8.628859532341859317e-02
4.352012434798460117e-01 9.885787094692041754e-02 7.711233652623310231e-02 -4.696833466350637254e-01 -2.498994768603887973e-01 -1.669208393392287437e-01
-1.128644256732710682e-01 2.589254900635314938e-01 2.125821102071749347e-01 1.295229277658992983e-01 -6.501875113074928603e-01 -1.261831796779054327e-01
1.576934204560464237e-01 -2.247988358193920844e-01 -4.416849036763409453e-01 -4.005681848041189319e-01 -1.505012158900608799e-01 3.846466543348364686e-01
-1.143601349435028891e-01 -6.089934737805657253e-04 -4.425197526441008167e-01 -1.370211903062582004e-01 -1.746230429462405642e-01 5.419626429100514731e-01
4.763603964437582161e-01 -4.108169326359044082e-01 1.402593836029966956e-01 -4.473661242249851733e-01 -1.704403237167956831e-01 -1.579828013705032175e-01
-4.344691950324521268e-01 -1.169468639060904647e-01 -6.247978524222410485e-02 5.114035192075743197e-01 -2.937190938180356259e-01 2.096899911624382218e-01
-4.845857072702342699e-02 -3.433995206395047406e-01 3.959379593382457707e-01 9.764189064855383071e-02 -2.513991027712925153e-02 -5.407399338554776946e-01
2.565771298088880825e-01 1.458044526041320788e-01 2.939701548714080404e-01 -2.892868849289156885e-01 -4.897582380290631532e-01 -2.520083645681573947e-01
-4.400663211647088957e-01 -3.389693002368096009e-01 -1.767337906272782588e-01 4.285746102740887187e-01 -1.710683252943825949e-01 2.893908652776850943e-01
3.964292538702096635e-01 3.306540361994119576e-02 1.401283086894376528e-01 -5.543482425012538073e-01 -2.070186888642499556e-01 -5.578437831590721263e-02
1.091320906499802929e-01 -4.511043258166323455e-01 4.460299944339482514e-01 1.842731293726569963e-01 -1.651324678886356701e-02 -4.514578429929200776e-01
-2.088304145726873617e-01 1.789671569330363032e-01 3.539343843525930011e-01 3.664661767915770030e-01 -3.929440086489141004e-01 -2.308317660420356465e-01
-2.867854976513540752e-02 2.256756393477534206e-01 3.666749351804046153e-01 -2.434843869165409166e-02 -4.453775944677912935e-01 -3.747215899826090713e-01
3.917999332125590706e-02 -5.690485620409261314e-01 -3.114738461651904433e-02 -3.929154943658793586e-01 3.325801946576492085e-01 -5.009664883964904530e-02
7.964628018154319700e-02 -8.609817564089390640e-02 -4.605478902930748020e-01 2.045871868062388438e-02 -3.538556756464286135e-01 5.011187638830805202e-01
2.311788072192764443e-01 -1.500133362211831523e-01 4.325839959278364177e-01 -2.461230200710529392e-01 -1.297549764783756387e-02 -4.354042508039141501e-01
-3.182286689619326925e-01 -3.046395784414444030e-01 2.470204099270376652e-01 5.521991176368242771e-01 -3.943910108720388719e-02 -1.677375618201871199e-01
-4.395233334244916246e-01 2.989856581946542802e-02 -2.027787889655783271e-01 5.127595441124650488e-01 5.044490725216851240e-02 1.017457075920288334e-01
3.531198752501597538e-01 -5.179847242902625437e-01 3.112648698728484598e-02 -2.382035565517989228e-01 2.000786660537400286e-01 -3.359178787910649389e-01
2.860103528352782587e-01 -4.483534671436485985e-01 2.898532132698153352e-01 -4.283439149538605384e-01 1.737117020264513090e-01 -3.066652933088354072e-02
-3.383991247036383099e-01 -4.453794583170458954e-01 -7.306702155093967865e-02 4.705223918168580655e-01 4.227580661229102255e-02 2.553204366396534808e-01
4.672514916114915429e-01 -3.948902187386584273e-01 9.106584874343053027e-02 -2.054208695592955602e-01 3.435033820351552358e-01 4.324550941799200354e-02
3.803807498115918118e-01 2.258741058990419714e-01 -5.950519292898927282e-02 -1.837538339417948419e-01 -5.968205496712970515e-01 -1.296883469575332293e-01
-1.105897422513840295e-01 1.405941850674597704e-01 -3.906598190457734598e-01 2.292444655702504108e-01 -3.874120808603681576e-01 3.876216816563786138e-01
-1.926741873506038483e-01 -3.508905535856206570e-01 4.379627723731744360e-01 1.330058914691097105e-01 -4.641274589374344561e-02 -4.571493719322938243e-01
1.950886403059628738e-01 -1.140857302514036720e-02 -4.069630811675113424e-01 -1.761885618681356680e-01 -8.768792006227060787e-02 5.184204611333892432e-01
2.510418764991594887e-01 -6.269982612787342591e-01 1.945403606318592826e-01 -3.565144833585419115e-01 4.761232751820665410e-02 -2.247159131190578363e-01
2.793206766618235304e-01 -2.358554089854686953e-01 -4.292394002929571517e-01 -2.145473741357396547e-01 1.773676695211580112e-01 3.358364363343159242e-01
2.447862605886137188e-01 2.606819790495371048e-01 6.308365893394125845e-02 -7.942630843010278774e-04 -7.086937730462770091e-01 6.215756973110998090e-02
-9.499507383554076090e-02 -3.277983995211489199e-01 -4.580201832911034443e-01 3.770488001875987871e-01 9.185897019702282673e-02 3.172618770188537218e-01
-1.290216154924419233e-02 -2.829300019648261499e-01 -4.189065583370714663e-01 -1.426929012051494222e-02 1.896957707958965011e-01 4.623556103061758904e-01
4.369128858576179497e-01 1.701201649830064722e-01 1.790280654590560225e-02 -2.564350488881562140e-01 -5.309655502263384008e-01 -1.486728858980132240e-01
-4.004274719158009144e-01 -9.952929062052624787e-02 2.764679113912252850e-01 5.158148860703810623e-01 -3.622042512551247595e-02 -1.191226964114059927e-01
-3.039928711313910625e-01 2.661010212068303238e-01 5.410785379930549421e-02 1.163343209889679541e-01 -6.410645745737347800e-01 7.348911785269202079e-02
2.776085762804382795e-01 -6.265225191384474757e-01 -9.765149653346455461e-02 -4.679246013543994498e-01 -2.266690383819025545e-02 1.843745251667489593e-01
4.718800010285055802e-01 1.047907199302791359e-01 3.147230944450439827e-01 -2.917731050428330475e-01 -7.567286257709476827e-02 -3.051695002648792121e-01
3.129590747096035880e-02 7.933427520584349080e-02 -3.761612670398847835e-01 -2.045476198343201824e-02 -3.395594745451935292e-01 5.303981047778345559e-01
4.239091077344762232e-02 -5.765903075631856334e-01 1.039454217543274855e-01 -1.162940134462387143e-01 4.105831884362586282e-01 1.214834838373412690e-01
3.316265496102931420e-01 5.122541890953431071e-02 3.718661858070229642e-01 -3.023446569877050738e-01 -3.008511200995050427e-01 -3.166994391584516122e-01
4.352052503889455859e-01 8.661060847049414924e-02 -2.951100824407315582e-01 -3.541615982285246100e-01 -3.956103881769212904e-01 8.484108375842258631e-02
5.202654313107590855e-01 -1.373134330857068708e-01 -5.305786353263620969e-02 -4.365750475363672223e-01 -4.238016639320139056e-01 -4.264507159508226786e-03
-3.909460125104969319e-01 -2.003689836439350724e-01 -2.567436074916986666e-01 3.056993004547408632e-01 2.575343848442301908e-01 2.955333276149173516e-01
-2.281387670221329822e-01 -4.982238233833060082e-01 1.389053038419284236e-01 4.610527748534976045e-01 1.608319955234400189e-01 -1.621934277599318686e-01
-1.768851940358251995e-01 2.812262966641839723e-01 -1.739672711160537011e-01 -5.253724411496518698e-03 -6.525814214093497156e-01 1.399527573958157523e-01
1.963040352217007845e-01 -1.191047947308038479e-01 -4.645396651193640647e-01 -2.498878996329469693e-01 -1.592318302409366781e-01 4.294975702863176314e-01
-9.530372113844927037e-03 -6.228494392837062577e-02 5.189584641084352690e-01 1.637707706376913541e-01 1.786140891881711490e-02 -4.626439381127012140e-01
2.710716405615824498e-01 -1.457609510427275157e-01 -3.541216744466319510e-01 -2.629774511607103071e-01 -2.837702176360341610e-01 4.799916331830759719e-01
2.850371707303165358e-01 2.624723567351345266e-01 1.564050945292275521e-02 -1.365359845477098211e-01 -6.438311714817306353e-01 4.547320109465848026e-02
-2.462715639212945395e-01 -1.110218616943516451e-01 -3.286768937771602506e-01 4.095353876979492824e-01 -2.285910207892702384e-01 4.170407035997479861e-01
2.028054826866196314e-02 -1.096097654975186492e-01 -4.625245765760703232e-01 2.869037793787793111e-01 -2.812552280231065960e-01 4.858687425836430429e-01
-3.026140181076837354e-01 -3.754025842444415062e-01 -3.809253216842459211e-01 2.297549889785318600e-01 -1.654941262251514167e-01 4.391488698045490913e-01
-4.318035088298499691e-01 -2.218779199114073453e-01 1.289000399915597728e-01 5.344101873235390654e-01 -2.908616813999297390e-01 -1.194391112039394631e-01
-4.257424207551583489e-02 -4.621926439507207524e-02 -4.161445302587415407e-01 1.759058551345498711e-01 -4.349843100048438882e-01 4.789131139380511382e-01
-1.486018756540920527e-01 1.972697693900651861e-01 2.912000281973345928e-01 1.523920828434752739e-01 -4.788746676896872834e-01 -3.812814489855461675e-01
5.852434616251400018e-02 -1.774338535663056438e-01 -4.748315376423024037e-01 1.703612782972164785e-01 -2.333682440786580825e-01 5.173195821820464335e-01
-4.179949910107905731e-01 1.325973903676158361e-01 -1.240644018008980332e-01 3.471101992129968505e-01 -5.108995723486331464e-01 -1.011361033994804814e-01
-4.593525922534319461e-01 -5.175027332265597427e-03 8.439727571710373133e-02 4.595933559068571261e-01 -3.934349562698837288e-01 1.536256798670110613e-01
1.244700622948087393e-01 -4.755059075759994203e-01 3.927254700253456354e-01 2.476021511431183986e-03 -7.095152972414420223e-03 -4.823224252267048762e-01
2.549722933324299889e-01 3.077498343699149874e-01 -8.467753064725282164e-02 -2.274316291232255094e-01 -5.120305694867192114e-01 2.239428592365841908e-01
4.057089991743556001e-01 -3.259003298040568652e-01 3.537583197650366884e-01 -3.778554680928599141e-01 1.491451235839413858e-02 -1.657337100083066117e-01
-3.333814172830142919e-01 -3.761704692304930764e-01 -1.783694052949771347e-01 5.511234592574718594e-01 -1.056591136741584225e-01 2.017289107907084822e-01
1.278320851885416942e-01 2.469197964639180121e-01 -9.667317023887371519e-02 3.029805994011791626e-01 -7.163692735654071386e-01 1.067897638084443906e-01
-1.917321665783487949e-01 -4.723840545622397524e-01 -2.268971355823511393e-01 3.212023619498599603e-01 2.837138239117819039e-01 1.795683212656173922e-01
-3.420309107825877937e-01 -4.969301447789614135e-01 1.655510396824443342e-01 5.252962682090396296e-01 -3.221492598889313941e-02 -1.272775885323226830e-02
4.322986487615919082e-01 -8.138570010281621914e-02 -2.126674152009934426e-01 -4.424027587316967103e-01 -4.025166427228034360e-02 2.702460748006340063e-01
2.592368889138751964e-01 -4.443582184507363642e-01 2.857708319293762456e-01 -2.165260806407380278e-01 2.061184649624843712e-01 -3.062846394044446141e-01
-3.601184446125801353e-01 2.285210976681404937e-01 -6.520203085307886559e-02 1.021620208996110168e-01 -6.236811059511857547e-01 1.798452612196886347e-01
1.070866083449998479e-01 4.348408939716163178e-03 4.538815499151597210e-01 8.496573906235216356e-02 -1.530443770509875012e-01 -5.334067453969363326e-01
4.763523979791297464e-02 -1.076902586235328335e-01 5.168588785190785240e-01 -2.429421026786761362e-01 -1.151819507786874530e-01 -4.399633006698737692e-01
3.541590158172225333e-02 -6.775521479795949126e-03 5.051077316623481250e-01 1.047494379676538329e-02 1.277904385876455773e-01 -4.854829764587692553e-01
1.078221369802871282e-01 -4.588557350871468321e-01 -2.928534859911415267e-01 -6.033462856848313682e-02 1.573238178795902664e-01 4.765918081694556219e-01
-1.132129179186625451e-01 -5.334959747100770366e-01 -1.421955359451269330e-01 5.454550882903919096e-03 4.477007409246930303e-01 1.002482102387186602e-02
-2.042302218052364227e-01 -5.330245778303321219e-02 4.010436246564362262e-01 3.989076805495916922e-01 -2.082153184626390485e-01 -3.814055279017852240e-01
1.844482669200124547e-01 -3.848479803526257403e-01 -4.032246807079815087e-01 -1.933589764290942481e-01 -7.517867446460241299e-02 4.693385593289677860e-01
4.499611534593901396e-01 -1.706539359279180823e-01 3.075589192833468877e-01 -4.424409397960497037e-01 -1.462845518065449824e-01 -1.430236337198226293e-01
-3.867525229732458603e-01 4.281237235697845159e-03 2.211352142638893514e-01 3.628721330828882929e-01 -5.815248242486674712e-01 -8.691369964573417151e-02
2.861743923842138826e-02 -4.944861443525285782e-01 -3.174816116056630166e-01 -6.034087888148435830e-02 2.401957526452792591e-01 3.550724218079951422e-01
-2.095922608436265044e-01 4.195156904427891492e-02 -3.323195395916374584e-01 3.198155557127880799e-01 -1.167072880350398245e-01 5.010799629515629849e-01
5.002222346670414099e-01 -3.735626237943269479e-02 1.218593878093530425e-01 -4.030836647350390933e-01 -1.654193604489456737e-01 -2.875771701800828861e-01
-4.476683727394066385e-03 3.091008032672844519e-01 1.138478220555704662e-01 -3.450289008111095401e-01 -6.066109883416312964e-01 -9.945033111917193913e-02
-2.397094336267198700e-01 2.128396471024664727e-01 -4.888383240340814923e-02 4.222262490586946027e-01 -4.997634218432169817e-01 1.835769559394601069e-01
-1.529547816197403265e-01 -5.256646431170353823e-02 -3.731946043850097317e-01 3.580160788372241942e-01 -3.248976840440875313e-01 4.421240367136354266e-01
-1.377378758448381292e-02 -3.393229912528115122e-01 4.021452317883040806e-01 -8.492299354081911389e-02 2.662944982602120092e-01 -3.904235329808646293e-01
1.432141900155773362e-01 -1.459384861087224816e-01 5.122472878033289545e-01 -2.400279262929054247e-01 -9.485441684647882843e-02 -4.099869005431049374e-01
-4.430289354422278780e-02 2.453786767614918318e-01 -2.387942684684108419e-01 1.095145307144603508e-01 -5.512415834763206846e-01 3.457879421513308515e-01
3.185622428117406146e-01 -9.940452288049157759e-02 3.543280041024343685e-01 -2.410683241969180379e-01 -4.926863553274750673e-01 -3.751533381789909916e-01
-3.202176388365878812e-01 3.659953196098520989e-01 2.376967247449029430e-01 4.076685305691548078e-01 -1.499886246708834747e-01 -2.139029803395104956e-01
1.026832986353812954e-02 -2.066437508703428405e-01 -4.761322706096139945e-01 1.967238073572466772e-01 -3.485082143162849810e-01 4.960348080984587349e-01
4.643545905683973407e-01 -2.126794069971338075e-01 2.533924908483097260e-01 -3.676246657192840939e-01 -1.208500511795565502e-01 -2.937618626179908654e-01
-1.169334001445948221e-02 -5.210085193090467914e-01 2.021422502548915201e-01 1.449697402041628391e-01 3.392337030327929881e-01 -2.830793467467117019e-01
3.655499992503712797e-02 1.823733562365044136e-01 -3.581881556286033996e-01 -1.103836527258443556e-01 -3.043109992259465657e-01 5.029432922382378601e-01
-3.349615734882979701e-01 -1.672995632185736714e-01 2.750263214925495747e-01 4.789616173689832945e-01 -2.089155388465319396e-01 -3.044537471528135919e-01
-4.074270237050967025e-01 -2.096342636079366606e-01 1.448366836377365796e-01 4.471391368551247969e-01 1.146645571050791679e-02 -3.250900650606410869e-01
1.410980722363150142e-01 -1.673734260415797315e-01 5.085833033769361355e-01 2.715676783624207946e-01 -1.359293919686648255e-01 -4.823702548681111368e-01
-3.965578266261130524e-01 7.121644595572990122e-02 -6.782676240523045907e-02 5.926271866458606707e-01 -4.665661797111556042e-02 1.945983632918521500e-02
-2.014912766274866776e-02 -1.047696552167472067e-01 5.660561319368611066e-01 1.706592504450076542e-01 -4.354050924949502410e-01 -3.582124277684547442e-01
-6.452565260075578124e-02 -5.227639362835946324e-01 5.864517939398138091e-02 -2.550562164044551938e-01 3.988029291514221253e-01 -2.796041617567769366e-01
3.523220260951277077e-02 2.968256349936330141e-01 -1.452159020369457876e-01 -1.613924068665693878e-01 -6.282655502230742872e-01 1.796610931207999196e-01
-2.723520000686764642e-02 -5.283695939098800309e-01 2.909082577693259397e-01 -3.918333388814251167e-02 2.522204163871222260e-01 -3.340209205551311067e-01
-1.318684964624463607e-01 -4.845472839907550844e-01 -2.468173196595026819e-01 2.341567549567956652e-01 3.900570792657193087e-01 7.113349901567797562e-02
1.446687404609016681e-01 -1.544754948076289269e-01 -4.738897796192895751e-01 1.331507105056697060e-01 -2.606353256558816556e-01 5.203925873671820801e-01
-3.210740641022853947e-01 -4.378032412106473981e-01 8.856526170601118630e-02 3.167990160102001629e-01 3.187652262223507060e-01 2.325169471907425067e-01
4.819357809587744290e-01 1.453270805051565251e-01 1.434770702069530224e-01 -1.158810844849811339e-01 -6.054778512007943370e-01 -1.374267388042900995e-01
-2.234291949806477551e-01 -4.115245090453477639e-01 3.602919002775060164e-01 1.756353877254627494e-01 1.337248499212769781e-01 -3.768991166075905674e-01
-3.289630689660906770e-01 1.571651408078846290e-01 3.006154184654713513e-01 8.903019475843920727e-02 -6.402066772284116247e-01 -1.346773741263739832e-01
-1.073157425095458938e-02 1.947121167918718920e-01 -3.468177204321279405e-01 5.287055354124872014e-02 -3.001252879959401820e-01 5.198371775308197051e-01
1.395724496694172867e-01 1.228742976688718819e-01 3.665228668526768208e-01 -2.553813199600981076e-01 -4.579104147841439043e-01 -3.453062120955659453e-01
2.887035008196192631e-01 -5.713453017006974166e-01 -1.199749543183137312e-01 -1.893518070799271591e-02 3.788096134384623115e-01 -6.933821997605155163e-02
2.092493554368131115e-01 -4.394222824623161272e-01 -2.795189153917412295e-01 -1.509131102409176917e-01 1.708850474886211557e-01 4.260361578131044435e-01
2.120770208296968440e-01 -4.894153046092978299e-01 -2.194795723109399521e-01 -1.069596409736331410e-02 2.938656674603484786e-01 3.609022985123290228e-01
-2.631935972791858980e-01 3.370611630787819640e-02 3.162930859630582181e-01 3.348856013053665981e-01 -3.223903776415581457e-01 -4.016878046025462168e-01
7.157976857561458572e-02 1.059515807335821014e-01 4.326701635356975384e-01 -5.097795524670836742e-03 -1.789803572075972793e-01 -5.228058130878544540e-01
-6.478458842832662823e-02 -2.589503046415831955e-01 -4.816429946150826424e-01 2.849862353805959758e-01 2.177796459997627387e-02 4.121422198859551189e-01
1.369949931833781831e-01 1.575180356875810761e-01 -3.868214035167773512e-01 -1.220136755720710175e-01 -2.063977213224404139e-01 5.078739811306192120e-01
9.680216059294093067e-02 -5.255802365185301417e-01 -1.971844829034395397e-01 -2.717688280642284737e-01 3.477295125336749004e-01 1.213834196395681686e-01
-4.898994257699450239e-02 1.180863228569429407e-01 4.608379229468648752e-01 -5.896949169462362139e-02 -2.672986413998016952e-01 -4.618639996284793492e-01
5.026307268593358524e-01 -1.796968868312409651e-01 -2.558993048981459198e-02 -4.862486418111762188e-01 -3.112600870626314187e-01 4.375499407344660141e-02
-7.191604020886607773e-02 -4.750023998636159206e-01 3.008583879538189731e-01 2.719228801612826318e-01 3.206623975827295192e-01 -1.978322244937751329e-01
-8.520875169753984457e-02 -2.614198919642807262e-01 -4.362896818973064916e-01 9.284278775674809081e-03 -2.072759185764811163e-01 5.577623777745044364e-01
4.089209620718404770e-01 -4.469880203473666214e-01 2.399284428776886705e-02 -3.120522526772773197e-02 4.371664637865719794e-01 -1.327227816203841448e-01
-6.697181028186049989e-02 3.100035109702472536e-01 3.076893384308653778e-01 3.508422318007407559e-01 -5.299359585256406824e-01 -3.862426774360278037e-02
-2.113381824011564269e-01 -4.877855741671512924e-01 2.990551834692719013e-01 1.148504435272083568e-01 2.538317847082841583e-01 -2.871228384059847927e-01
4.587419215943975281e-01 -6.296515975995839454e-02 3.167143535849888392e-01 -2.244459720807299163e-01 -1.588564819850027399e-01 -4.072049487254795763e-01
5.160510618705772545e-01 -4.223706958676744921e-02 -2.364688396503172862e-02 -3.765584308667820901e-01 -4.919364863496436535e-01 -5.556440326529706042e-02
-6.732195420797895680e-02 2.787129711578339997e-01 2.059789698883597864e-01 -1.170027108991750775e-01 -5.937944546432006865e-01 -2.800895585483639261e-01
-1.234651624510060969e-01 -6.391831344735667830e-01 1.620944646915953649e-02 -1.429308761138072537e-01 3.397605439107294067e-01 2.194097430807088467e-01
2.078483179504780343e-01 -3.541785684373637833e-01 -3.154253539647721705e-01 -1.479495342406929592e-01 5.873861240537403550e-02 5.229703104688145920e-01
1.751619767826153307e-01 -1.353335729729382986e-01 5.039472239949582821e-01 -1.534935357415619095e-01 -2.466919549882443941e-01 -4.339146340856460116e-01
-1.943369683171842222e-01 -2.437194649231361754e-01 -4.162219207854692682e-01 2.732231945652063287e-01 3.256678494353582032e-02 4.234526603589185978e-01
3.315390498363964267e-01 -3.836379010719140337e-01 -2.515068540905048278e-01 -2.275307619302189832e-01 3.563055071244340399e-01 1.225582448401676405e-01
-3.921372271141292942e-01 -1.915725751109462749e-01 1.693184685502032993e-01 5.344532891670599195e-01 1.124107526990396622e-01 -5.209551373484991310e-02
1.102905783434459802e-01 2.068616154508100269e-01 -3.496749893460096015e-01 1.274198118641045319e-01 -4.404184616294097854e-01 4.123847794215191875e-01
5.933953471103651373e-02 -1.438393663402866007e-01 5.239066600506928628e-01 2.572105462106327178e-01 7.129395864424348250e-03 -4.446259907394103372e-01
-6.639934830583042735e-02 3.295611122542336235e-01 2.344585606792430055e-01 3.077783477062862039e-01 -3.989351730348104641e-01 -3.393743541375420225e-01
3.401437183391237684e-01 -1.003092327686780916e-01 3.859653685255834410e-01 -9.122345147961591350e-02 -1.639300123142816701e-01 -5.139650516806568703e-01
2.206942364363158049e-01 -5.615071726441349664e-01 1.626376808132817264e-01 2.265572393599615819e-02 4.010503403160731173e-01 -2.246710521484737710e-02
-3.839482669156074057e-01 -3.763305966684392656e-01 2.675983859922984390e-02 4.343186961746188790e-01 1.925611476598899641e-01 -5.571052183510533107e-02
1.436883525984528065e-01 1.743158717195483634e-03 4.953686745083356602e-01 -1.641177986704475678e-01 -4.648474612744999956e-01 -3.338168093110520651e-01
8.828666010089167293e-02 -2.701760876947902346e-01 -4.507187893676735113e-01 5.939437345919565403e-02 2.621672183489875962e-02 5.039102161793566070e-01
2.499315723173540227e-01 2.111507057347262462e-01 2.277470812219196949e-01 -1.089958207861596029e-01 -4.968297467753908236e-01 -3.804755797695018593e-01
1.213539476680882273e-01 -5.454482447350046392e-01 2.193771503436063308e-01 1.496174739863071479e-01 3.574104826883237607e-01 -2.096301822226182554e-01
-6.005728611215694901e-01 -1.536656602515203418e-01 1.376894474110830213e-01 3.152114795559911586e-01 -3.266565631855875562e-01 -2.248201233202586913e-01
-3.357211706804539841e-01 8.260152395251249557e-02 -1.566735331548962940e-01 5.397498689910382730e-01 -1.687356520153385497e-01 2.560976900099727893e-01
2.780588614370314571e-01 2.940725075213111994e-01 -1.740645497786302842e-01 -3.829104647770084635e-01 -3.254442008597716596e-01 2.493957173549301576e-01
-7.309499736815072701e-02 -3.081326328981289636e-02 -4.277161674343760711e-01 3.752876224728396437e-01 -2.538287235103711126e-01 4.378571285534001434e-01
3.250757617773393504e-02 -2.571142575418862153e-01 4.783077462779463107e-01 2.544735749661510352e-02 2.452266422675326574e-01 -3.863330888037876387e-01
3.085483992761205996e-01 -3.933136939963882139e-01 3.412044827084284582e-01 -3.480315657194719692e-01 -1.868554017417636548e-01 -3.842455315073620148e-01
-2.046191657911983486e-01 -1.688041843739297165e-01 4.827801575368109721e-01 4.490574291922990735e-01 -1.127131082654673350e-01 -2.719122966137360042e-01
1.714920908568850488e-01 -7.196596444181502239e-02 4.735498421329687457e-01 -3.712220053665710728e-01 -2.416160861953990935e-01 -3.490559236803711385e-01
4.386097870469979898e-01 -2.302727943965381628e-03 1.214504393128887777e-01 -5.591944527802843456e-01 -5.013494667947350492e-02 7.563801923341681444e-02
7.210105220374651847e-02 -5.623439987482171665e-01 2.276286367523110976e-01 -2.681202564419121193e-01 3.155692911084514440e-01 -1.092952665796974587e-01
2.172199995204462941e-01 1.323643995966182207e-01 3.422965848903763986e-01 -3.916875724911689227e-02 -6.199331917569872452e-01 -2.645914932967977640e-01
-3.136953714003068439e-02 -4.926024098216948977e-01 3.554404775754561041e-01 1.179208045098462110e-01 1.176866672359320187e-01 -4.225438643712266518e-01
2.298174261737484791e-01 1.804187292424841715e-01 -3.497550342666534973e-01 -2.619579342002245625e-02 -3.788582001546527689e-01 4.387033017520238221e-01
-2.985158417529801822e-01 -6.192694023224298155e-02 3.072400302857470900e-01 4.288844405106994051e-01 -2.997486141588656117e-01 -3.364444271726091396e-01
1.313364164795924327e-01 -1.660400558082480715e-01 -4.690973409646943537e-01 -1.576351900665151629e-01 -2.453770897657319150e-01 4.849472311874617469e-01
-1.094987570773753166e-01 -1.503452492039165644e-01 -4.230024676820087759e-01 1.278040907418923067e-01 -4.389893946719983231e-01 5.045598837013720583e-01
1.005391537670515395e-01 1.637915123413184737e-01 4.155300148979929609e-01 7.944887434730835141e-02 -3.962492130088863806e-01 -4.126665717064276762e-01
-2.595312142187273796e-01 -2.537144884322520277e-01 -2.991986153518683134e-01 4.234381354196757874e-01 -1.748024952419946487e-02 3.919932913007123654e-01
-3.731331821498493628e-01 5.730287842716488833e-02 1.358907093314864201e-01 5.010553469848061381e-01 -3.372293613488119846e-01 -1.471971344674631033e-01
-9.963565706408429590e-02 -2.000870591697014589e-01 5.278863988106469174e-01 3.780758302952347827e-01 -4.570830892207813911e-02 -3.369597934784381854e-01
3.909275919019163936e-01 1.157937663364969755e-01 -2.342294076462410335e-01 -5.115106018452356684e-01 -2.553003227931345820e-01 -1.538132453965573854e-02
2.148504908033661009e-01 1.349386298309372401e-01 4.230699087877188846e-01 -1.839984033549332265e-01 -2.086654735109163550e-01 -4.271393476870283257e-01
-2.472915363431739955e-01 3.511289773932684682e-02 3.701069833207842330e-01 2.266603973539525196e-01 -2.421048905460748135e-01 -4.656680237253135179e-01
-8.513098463633010649e-02 -1.333035202636698169e-01 -4.308446306332666120e-01 1.700191694624773597e-01 3.737891285279654197e-03 5.262959287330295499e-01
5.822516142170394010e-02 -2.541948277166896086e-01 4.875192118853772794e-01 4.475161534647443401e-02 3.376549239382570233e-02 -4.700283418152252368e-01
3.338709864628575108e-01 -1.642284154905140348e-01 -4.112687650752112622e-01 5.957200428665404557e-02 -1.257873224050877203e-01 5.496070597531046431e-01
6.227524397859932059e-02 -5.725613538949854142e-01 -1.793762378380572564e-01 1.043073006657866120e-01 3.644493102516563887e-01 1.673863920488935231e-01
1.140910229558738942e-01 2.913016780238613657e-01 2.737729461824199295e-01 3.265106495547939747e-02 -5.077878127035451161e-01 -3.218977002740830984e-01
-5.611630127494014741e-02 -3.394197059514812986e-01 -3.465900929361427907e-01 7.107282166386759414e-02 3.720682898155128759e-01 3.445016223126529664e-01
-1.680270428555250273e-01 -5.332413033142227032e-01 6.519164476459976543e-02 8.689893755081465332e-02 4.254759910101535425e-01 -6.079999812179898155e-02
-1.378046582559328825e-01 1.066755214968278243e-01 -3.705698162123512440e-01 1.993294266677422544e-01 -2.429760657906518684e-01 5.035493840630014262e-01
9.305138086988941348e-02 -2.153810214078958618e-01 -4.811696529647679910e-01 -3.258025252051895970e-01 -9.042147619443886841e-02 4.182448885152409979e-01
-6.838384298899249925e-02 -4.262760082388521443e-01 3.675342171429989979e-01 2.946760927970367705e-01 5.422264903502832523e-02 -4.307818376780488401e-01
-3.526075399092661322e-01 1.407958463626463319e-01 3.749373936907129251e-02 5.111462793137975247e-01 -3.610474117586688347e-01 -8.142694055925603358e-03
9.075002712681283501e-02 -1.351118074751401499e-01 -4.758960333687742295e-01 1.338144758348891461e-01 -5.101672236284249262e-02 5.196306965171815229e-01
4.993260167422064466e-01 -3.698904975802443929e-01 4.127502383667969177e-02 -4.715663453582967790e-01 -1.406754998039264071e-01 1.107624760083320697e-01
1.471951591338371279e-01 5.344915482165547155e-02 -3.681370463919365066e-01 -3.947316505688114319e-02 -1.259988234564944631e-01 5.977580616998861007e-01
2.965504183446306952e-01 1.576270734078626112e-01 -2.579482911343198848e-01 -2.725664732292683023e-01 -3.764066356333423125e-01 3.672828351965407578e-01
6.287609587335257766e-02 -4.046308872226138109e-01 -3.435605197996035587e-01 -7.989234630868330411e-02 6.291107406958695858e-02 5.288050494131875112e-01
-2.781137814020744892e-01 -3.979505111723075084e-01 -2.812923366959337867e-01 4.497035414739549153e-01 7.441311114251097925e-02 2.158540731625637199e-01
-2.277784171496669285e-01 1.950477333650308398e-01 -2.624479188801945861e-01 5.681886377044211844e-01 -2.041015034716107679e-01 1.926524374365584658e-01
-4.318703202267079044e-01 -2.547759152252935810e-01 -1.631277306484806011e-01 5.402649083897825832e-01 -3.237615644214907329e-01 6.091261725283619866e-02
-8.880745223247990539e-02 -2.392518310756617250e-01 4.620067407541231796e-01 -4.244933007965162597e-02 7.820861267037504394e-02 -4.851309425670679021e-01
-3.930871119625733989e-01 5.581177204962753380e-02 -6.691974500116416869e-02 4.036497931190212718e-01 -4.515953041447822169e-01 2.613307128946970592e-01
6.703055970147309139e-02 -5.881699628258140189e-01 -8.852874017143159968e-02 2.573909379847999501e-01 3.286389165480360086e-01 2.625045988166109234e-01
-1.954059000696127535e-02 -3.484668131762228699e-02 -4.526192922111290096e-01 -2.104374787614782596e-02 -3.142702956604488673e-02 5.473737310136923551e-01
-2.949088645634012629e-01 -2.896792220711025267e-01 2.858499601087143849e-01 3.966887909539353885e-01 1.071854903744127174e-01 -3.176325026840844390e-01
-2.999129125893140735e-01 -7.034912769151292072e-03 -2.664261429149153426e-01 4.084226654476730278e-01 -3.750858020292268113e-01 3.359020498520138287e-01
5.378683002015440806e-01 -1.914166315519149064e-01 -6.041750971615374166e-02 -4.035269556819568448e-01 9.510200979267829924e-02 1.175769855978481132e-01
-1.317161188468395916e-01 -3.299537791499860262e-01 3.719555995401266912e-01 3.490014048513241374e-01 7.193667738740067152e-02 -4.073997259396421322e-01
