# rod_radius=0.005
# rod_length=1.0
-4.466298552689373369e-01 -2.033857603378583234e-01 -5.853845609557249696e-02 3.841702289303600693e-01 8.447500865417129079e-02 4.178095236101859733e-01
8.191794687180681267e-02 -8.048426475032612049e-02 5.699413381705865644e-01 -3.549787402366644806e-01 3.193437817175485138e-01 -2.358246440173720204e-01
2.187220522321780547e-01 -1.007769126380942681e-01 3.853974092743586155e-01 -3.474493027313057536e-01 1.936016764038690774e-02 -4.300883838336357901e-01
-4.670703100759115295e-02 -3.451233910458351151e-01 -4.194639905806820113e-01 5.073284254946227451e-02 3.009580306830684782e-01 3.375593033396200870e-01
-5.009036394367318845e-01 -2.091070577763710081e-01 1.077613578600576244e-01 2.003776061854224411e-01 1.729564187107255901e-01 -4.940958631427590508e-01
-3.003700324823107004e-01 -1.144559869058045520e-01 2.902205935224486666e-01 -2.242353692961007727e-01 -6.520841296276187748e-02 -7.056600165519953949e-01
-5.996469992598556231e-02 -4.782893189913016152e-01 9.120686522165090404e-02 3.012510730963798289e-01 3.674830515080069193e-01 -3.014663610363093049e-01
1.425500351485408379e-01 -4.157881288391495067e-01 -3.090620694070744801e-01 -3.918481979512181135e-02 4.146152159020198846e-01 2.176282832113159982e-01
3.879524275198865668e-01 1.942279588027658044e-01 3.099054797128376060e-01 -5.003299655269538571e-01 4.308256855049443779e-01 -8.376431328929206943e-02
-1.547014624897876389e-01 -2.422742268089385920e-01 -4.722011310754650193e-01 -1.036867398104161231e-01 -1.501041771838775296e-01 5.222344777107753577e-01
7.864124703551685081e-02 -2.412713714336375548e-01 4.003407954751241338e-01 -1.618968617625308748e-01 3.033462302138664191e-01 -4.031099411550561618e-01
4.458947710481794835e-01 -1.355222720417015858e-01 1.160641416861309116e-01 -1.595937032235706377e-01 6.439665102482829973e-01 -4.450031829223777269e-02
2.243633241886135721e-01 4.043822757286143488e-01 2.317432604719201761e-01 4.231401621375487920e-01 -3.983666040019638310e-01 -3.304684476828678719e-01
2.521781317464199534e-01 4.413213295454166962e-01 4.597349869257769811e-02 1.419280572862109402e-01 -5.209148392944613626e-01 -2.029169922022576733e-01
-4.172957358866362099e-01 9.607566847736004334e-02 2.798979459088659083e-01 3.650454595785612710e-03 7.746688342917970593e-02 -6.269967656411392642e-01
-7.630151925186740014e-02 2.235677747392459391e-01 -4.659914774334847354e-01 -5.259370409378050226e-02 -2.535066378386287567e-01 4.125516031060559308e-01
2.670338874966173837e-01 -2.526810179901282094e-01 -3.547613743533771791e-01 -2.068613382950633128e-01 4.147361146157608758e-01 2.196754681941608389e-01
-6.389393957029949889e-02 -2.226617171196728917e-01 4.036501914159463800e-01 -8.106950716832933557e-02 8.032422581829387620e-02 -5.491900461158638613e-01
7.690043629964143923e-02 -5.762024665189657835e-01 4.506376595900306314e-02 5.583547983488126309e-01 2.901154673851303878e-01 -8.795854292173933831e-02
-1.994220149918388418e-01 -5.150410429097318499e-01 7.328936570041191638e-03 5.552390293715613323e-01 1.390341301332083113e-01 -4.436609345403414589e-02
-3.110788696794867803e-01 -3.848763184099147638e-01 -2.908798114294694481e-01 2.795057852915778240e-01 1.042964392409215790e-01 3.509299567144756327e-01
-5.168136210099248951e-01 -2.472574488221096767e-01 -5.908000222955211989e-02 4.364777950670122308e-01 -3.125372215129376685e-01 2.358335907285580291e-01
8.565281428417818865e-02 1.397255484265851055e-01 4.589703457972726386e-01 -2.764721160438146641e-01 -2.642290608516529860e-01 -3.810809672055774366e-01
3.683287539147650502e-01 1.269340025234069191e-01 2.023878845482459110e-01 -3.185076996145494999e-01 -5.412355196464525564e-01 -8.362815651689337049e-02
2.730932264998691544e-02 -3.373299605412931612e-01 -4.016257825416410521e-01 -4.528868272757016061e-02 3.022271425369839060e-01 3.636821564720099653e-01
1.219561431995966894e-01 -9.721622241576931278e-02 6.499099451568621788e-01 -4.225265403155915589e-01 2.488895694759797328e-01 -1.141249939467658958e-01
-4.180674998094031092e-01 -2.457185448907982517e-01 -2.571710245348836077e-01 2.152447221639765540e-01 9.167862227092560268e-02 4.393049485541989929e-01
2.351298243583371805e-01 -4.614340637863523775e-01 -3.019200916149668568e-01 4.378057717719772146e-01 4.336739933394671564e-01 9.519957096600401014e-02
5.056755872773354143e-01 3.150774043486089804e-01 -1.951183864289734449e-01 3.438579896283464610e-01 -6.597992246915108661e-01 -4.204773854871390881e-02
4.319001795215483552e-01 -3.912575158022284227e-02 -2.694856572720600862e-01 -4.622959969080752129e-01 -4.602997058670910135e-01 -1.177434472940693533e-01
-4.239218245791562256e-01 2.676395108921055810e-01 -1.422769098735848781e-01 3.948552865455113303e-01 -3.690077978920364155e-02 3.444049714925571104e-01
1.528807946914146065e-01 1.412888674372166364e-01 4.201598101867455859e-01 -3.263662809798815179e-01 -1.820919330420507909e-01 -3.957734581274586216e-01
-3.682108029863238041e-01 1.744753048784790372e-01 -3.668181200424485144e-01 1.031055138079794986e-02 3.288688547353435521e-02 5.478809035595717525e-01
-4.149821077451736340e-01 -2.220862395905575382e-01 -2.137225850259635851e-01 2.169448387501954345e-01 3.746480486767686524e-02 5.165524245517150170e-01
4.355057145199238700e-01 -3.201347231609318889e-01 1.329452643533295467e-02 9.771310117533932305e-02 6.196917094860707742e-01 -3.791511003911408884e-02
5.923379264261841026e-02 2.164485953899155379e-01 -4.919866557056182810e-01 -1.453919617216468119e-01 -3.138127794177977270e-01 3.307837709857457398e-01
6.290533492467655086e-02 2.953710432108894168e-01 3.732210659670147646e-01 -6.498592407554641681e-02 -4.137683740314475611e-01 -3.201512097871694884e-01
3.534505007570973301e-01 -6.639475409864570299e-02 -4.514905828844403279e-01 -4.076617623368687382e-01 2.246530894302322667e-01 1.281638622336584987e-01
1.756561439342219366e-01 -1.076078517978750204e-01 -5.642022167127074272e-01 -2.357230311360954678e-01 3.820323282714260249e-01 2.045758191208923993e-01
9.543442482215359901e-02 -4.682110794006938970e-01 8.840188425711356657e-02 2.168644986133926034e-01 5.134231582466841637e-01 -5.873397356655074564e-02
2.065663375155398218e-01 2.716122088349099961e-01 -3.407875125145300443e-01 -9.486398166821669031e-02 -4.516336930346114276e-01 2.805458344947233118e-01
-2.328890008612952978e-01 4.837205816438665540e-01 9.235925240200508479e-02 5.504707666605126448e-01 -2.096871955294965506e-02 -2.704577591694597438e-01
-3.371940582690043930e-01 -1.692143570289896537e-01 2.475743744192279161e-01 1.096455296782254951e-01 1.122610521360193070e-01 -6.016052159375708808e-01
-3.035784733707280400e-03 4.866704118525767842e-02 5.855272267052710200e-01 -5.182437469020845233e-01 -1.963786588742022499e-01 -2.357603968473289680e-01
4.286155375395030859e-02 -4.596350150722891548e-01 1.030101297200475968e-01 1.604367386758655534e-01 4.742420802871764596e-01 -2.347022429486852468e-01
-3.430105334243591098e-01 1.776508119564520205e-01 2.138598555327475559e-01 -8.042263184344827787e-02 -5.465362886260191622e-02 -7.226668342733041372e-01
-3.472500383051867895e-02 3.235161124158069668e-01 3.118504686622546873e-01 7.705086434746280522e-02 -3.537921461896233466e-01 -4.153081647307196866e-01
-1.501630348251130898e-01 -5.454781871256114689e-01 1.164201936598599496e-01 4.168433876328809795e-01 1.540908319051274011e-01 -3.184440432046545255e-01
-1.718840937468424368e-01 4.979139436757928916e-01 -1.365099135055163060e-01 7.205294035839578948e-01 5.332285619199594873e-02 -5.945853641344497897e-02
-5.205798296293999705e-01 -1.519114548467658532e-01 -5.929079507743607175e-02 2.962034740213409512e-01 -1.028468627671991625e-01 5.155637088463370654e-01
4.059190643698272205e-01 -1.471342311545507757e-02 3.059158730621776012e-01 -4.763250586339670689e-01 2.791287116981180927e-01 -6.191847448229492734e-02
-1.087900578602721963e-01 -1.231114362635563411e-02 -5.407370849036420291e-01 -1.358209971283076967e-01 2.235364713168070117e-01 4.306769518736270896e-01
2.700793162554235294e-01 -3.574466014983212481e-01 -1.993056040101224835e-01 -6.339488786812421672e-01 4.583527163346590161e-02 -5.754258498586894977e-02
-1.559940487732746628e-01 3.382190238705578000e-01 2.847358804977023206e-01 1.477923392950738490e-01 -2.484165564513420854e-01 -4.659787965432987122e-01
-2.888588572657671549e-01 -2.122156145715879128e-01 2.732401740867714812e-01 2.188162276262650696e-02 3.014088794437627672e-02 -6.458374503606703065e-01
1.734283241996253666e-01 1.445994290052386722e-01 4.340988623986362094e-01 -3.526289650367246953e-01 -2.810575252879501384e-01 -3.021618833315359853e-01
1.864934321999262706e-02 2.620620580376081810e-01 -4.194291387104779889e-01 -9.870088379044986149e-02 -3.976533962844688297e-01 3.228675967997984286e-01
4.385978786766048243e-01 2.707106578167787353e-02 -2.292317521338244624e-01 -3.922321347073677300e-01 -4.994929082722803781e-01 -4.908772617434270513e-02
-3.012082269952654490e-01 5.177895143558896018e-01 2.480266520889986767e-02 5.578496924698197468e-01 7.199444405460014851e-02 -2.267649127883209770e-01
-4.302121060308242151e-01 -4.918227053207650801e-02 -3.300223269207827603e-01 9.989508824238196860e-02 -2.294781006143950530e-02 5.175023722258580428e-01
5.592811531252313006e-01 -7.411448946677826055e-02 -1.574956355848888823e-01 -2.980029596740864095e-01 -5.879095675620976680e-01 -1.903371895510330147e-01
4.134393978934817748e-01 -1.482022004781886372e-02 -4.028518115247620157e-01 -4.866600696374152046e-01 -2.727753107322462567e-01 -5.173912343077619047e-02
-4.982144831972356025e-01 -5.602876363105124650e-03 -2.702248201511984194e-01 4.393964579208980981e-01 3.328024874444037162e-01 -1.904279978969555254e-01
-1.613900743294206450e-02 -5.361867191835010260e-01 1.298040142463744162e-01 2.798762806015596682e-01 2.843695545783735401e-01 -3.591360136096793942e-01
-2.363056761443980691e-01 -1.685244536007233368e-02 -6.407764968083938806e-01 -5.712172386091592946e-01 -1.113418631341875908e-01 2.967233673281941542e-01
-2.304945775280166920e-01 -5.848141388128519358e-01 4.561820050573055230e-02 5.069326439240370297e-01 1.705214911825159163e-02 -2.609075969625047065e-01
1.617219576176438245e-01 -2.935812216418746123e-01 -4.186392855595875706e-01 -5.898252083354549313e-02 4.425050137913173476e-01 2.212564771997699853e-01
-3.781024633575869598e-01 1.797495959390122688e-01 8.249589634003605398e-02 2.147849132461462918e-01 -1.328855488565505449e-01 -6.596252695773634489e-01
-5.537727304474877599e-01 1.377485037341151519e-01 2.994386954747949026e-01 -4.631433379983920795e-01 4.475085574072240613e-02 -6.920943350854606990e-01
-4.811583247167752764e-02 4.013795413787168281e-03 5.744670051131144373e-01 -5.530922708137481214e-01 6.677911844086950599e-02 -2.863810133806630187e-01
1.462541192097054910e-01 2.725230811690348975e-01 2.972640039030148285e-01 -1.626222489300505614e-01 -3.999413667635983716e-01 -3.753331678658328729e-01
-5.329724364624272015e-01 -2.305725891166750946e-02 2.713029579158722782e-01 4.395771567581696626e-01 -2.181154728236829321e-01 3.981870858117835255e-01
-3.554658611624082476e-01 3.456576162182573575e-01 7.659301325099975022e-02 4.702805270642488877e-01 -2.974206028840647997e-02 -3.443796523810136456e-01
-6.313957820261335840e-02 1.810613701003802312e-01 -4.874168931416949513e-01 -2.160024212190331250e-03 -1.888479511689706569e-01 4.396476073291068487e-01
-2.474957056733253363e-02 -4.504540839228064059e-02 -7.915058290233289995e-01 -4.465498475286102664e-01 -2.731957730368912429e-01 8.600880758846030094e-02
6.790543940982343707e-02 -5.438300892374000606e-01 -8.500828537014180897e-02 2.772029284368537905e-01 4.249900404459928671e-01 4.758929155807271882e-02
9.481285413406313756e-02 4.435198581805715468e-01 1.570782033211565454e-01 2.645277675610001045e-01 -4.380360372308892969e-01 -2.834397320978054857e-01
2.157591730344807501e-01 -2.296047358681856942e-01 -4.499416522973495036e-01 -2.691906723756830599e-01 3.993983310976893519e-01 1.576591946278182998e-01
5.675256287123301435e-01 -3.203930492246382933e-01 -1.388739471065117970e-01 2.793396118271639361e-01 6.269879226062096134e-01 4.749455503758326369e-04
1.450427401608074263e-01 -3.343747950395527524e-01 3.216574595336099129e-01 5.254934940431484069e-02 4.318886172216692132e-01 -3.141769180335011180e-01
-2.461813782924416327e-01 -1.924862272738932234e-01 -4.633497654222855089e-01 2.068779145505959538e-01 -1.516420879847903136e-01 4.271944689952413277e-01
-3.873814877834425574e-01 3.394299444917929232e-01 -2.182153100122685985e-01 5.831280335713000529e-01 1.003944038609127509e-01 -2.494127341862465985e-01
-4.392651413950726669e-01 -2.658669162479740389e-01 -1.624389420757720581e-01 2.345282844248682830e-01 2.165846614428810213e-01 3.972421229116301911e-01
-3.636484773351074673e-01 2.315714880583798485e-01 -2.694900264703255499e-01 1.129824283314613820e-01 9.685162523333207263e-03 5.811505781941952442e-01
-1.514430134228722247e-01 -3.584024268301583827e-01 2.340664026095690964e-01 2.657312053140474806e-01 2.338639570250882760e-01 -4.552711067254955335e-01
4.300531367240116309e-01 7.194744828933503922e-02 -5.027520848385393926e-01 -4.712656969477579394e-01 2.126628238011831762e-01 -9.308936605255979657e-02
-3.644839740325947486e-01 -1.937445848949240768e-01 2.065445525636949442e-01 8.402431864167236863e-02 3.909047350131977794e-03 -6.651052355179347675e-01
5.849682931499164962e-01 1.740362607892901037e-01 1.834533472618117556e-02 -3.189680387789002314e-01 5.953928781855905017e-01 -5.485103673732744101e-02
6.250941869719257860e-02 3.634198745202697478e-01 2.326882308366682584e-01 -4.463940596069074229e-02 -4.775753333754453878e-01 -2.976382626283264887e-01
-1.195722270329376696e-01 -2.279924574320643937e-01 -4.503226765042511737e-01 -4.523177766258421051e-02 -1.769853087452014084e-02 5.244849773641537816e-01
5.259102977201864926e-01 2.239343772710001290e-01 -2.154595804015320068e-02 6.647859999643324080e-02 -6.577601316865220316e-01 -1.289578195863706478e-01
5.913006930609430306e-02 -7.241705043795472196e-01 -1.414576696970074599e-01 4.925960271800152168e-01 9.631074075144852031e-02 2.312590991137548069e-01
-4.693149464024810175e-02 6.150463189968916611e-01 -1.553441474157351565e-01 4.023102968310932614e-01 -2.055371718473125719e-01 1.979610285293105787e-01
6.746232328509861598e-02 4.586535311921544067e-01 1.936207160931759097e-01 4.444070068655543992e-01 -3.240843949304928473e-01 -3.015903949793112826e-01
-1.844370180454649732e-01 1.730481267058028017e-01 4.231760902848877848e-01 -2.567111598345755974e-01 -2.496508243209812072e-01 -4.802075741841482781e-01
1.969878315787533807e-01 -2.035452599953216091e-01 -5.296310352744847405e-01 -5.318596682363221362e-01 9.068852043324668322e-02 8.859853735046374634e-02
-9.946511560597816326e-02 2.323543998270964084e-01 -4.671187381362495450e-01 1.488530090764564329e-03 -3.020902167751812195e-01 3.720339971899132014e-01
-4.165943743725507020e-01 5.066539830261880539e-02 2.359383290479723505e-01 2.244939814877893736e-01 -9.934532904580258006e-02 -5.167252755329079239e-01
-4.576174070137505878e-01 -3.500681585855597300e-01 -9.051262537878565495e-02 4.906945192638931252e-01 -2.178780315350923591e-01 -3.790091778537953981e-01
5.298287530888526886e-01 -6.988407749264405333e-02 8.344622730588932558e-02 -4.156324672690705491e-01 -3.946906350328438506e-01 1.080181824212500807e-01
-2.011820256243848637e-02 -3.949241482892206778e-01 -3.536696302877035958e-01 -1.743406909067195948e-03 3.774735340434778874e-01 2.812037328421197468e-01
-2.470804707582428816e-01 -3.715031440159916598e-01 -3.843587917605501003e-01 -1.156691466262727008e-01 6.216246186897306236e-02 5.070811704143058929e-01
-3.460486981847557542e-01 2.656285518517478295e-01 -1.916206605420732734e-01 3.065520955835238648e-01 -1.971933397972827628e-01 4.083027517227125758e-01
3.573209801672805885e-01 -3.282963180094070621e-01 3.052053871418091147e-01 -5.956246085782013200e-01 -4.102626466418490825e-02 2.084034174223862723e-01
-4.841028858756715181e-01 -1.234701983385733531e-01 -1.762419859337280292e-01 2.213043110499005595e-01 2.336846789929906132e-01 4.360006784762939236e-01
-3.863003133658932664e-01 7.999913797279875616e-02 2.584395365181154092e-01 1.140248106513911952e-01 -9.007415522344644487e-03 -6.028110679588887244e-01
-3.467112128313522973e-02 4.906802455340820712e-01 7.785222814617437370e-02 3.303448576169590312e-01 -3.860703357018169246e-01 -2.353118717281873495e-01
5.038851350155093556e-01 -3.631205900160644484e-02 1.077129022142783443e-01 -1.992429301300359112e-01 6.596769521826344462e-01 -3.792438804980341471e-02
4.762633670022399790e-01 3.026248047901375360e-01 -1.401444534033256806e-02 1.323046308847014574e-02 -5.740511629705189467e-01 -1.445509438535757529e-01
3.042844034760186500e-01 -4.857098914593113714e-01 -1.319751327846961086e-01 4.755871622170503854e-01 4.907467548354245701e-01 -8.729483843248897479e-04
5.735534366132779560e-01 -2.641084354954372215e-01 -7.654807894325857398e-02 1.057543468088444349e-01 5.980256818207083658e-01 1.181023136524258221e-01
1.997822172085679526e-01 -3.153443297180174576e-01 -3.977002461830533853e-01 -1.180840145461664881e-01 4.871216235244598125e-01 1.072843601137008496e-01
-4.681363098052454541e-01 2.789280368517094155e-01 3.172437178175588346e-02 5.098642776335037263e-01 1.877186750963723838e-01 2.193295510749874444e-01
-1.122685332605765501e-01 3.351578765746123789e-01 -3.349560236152719361e-01 1.614413492669512784e-02 -3.261746748036162824e-01 4.040632204755623680e-01
4.872302354733195617e-01 -2.395553111777780630e-01 -2.016417188532957424e-03 -5.491324941717301567e-02 5.990884477452174117e-01 5.049155754198474122e-02
4.085204515659393576e-01 -1.063945418557146333e-01 3.558367846775192245e-01 -5.073771506651048036e-01 -3.106491206519261805e-01 1.027687776092350846e-02
-3.521493341509693981e-02 -1.308200531878375705e-01 5.311763496173211863e-01 -2.953027380886939501e-01 2.672188307494396398e-01 -3.485505288705624816e-01
-4.101930338286045585e-01 2.343555581044994354e-02 -3.535450952796292401e-01 9.455253545941294524e-02 -5.670381322649029054e-02 5.059952422348332757e-01
-7.774709125905636398e-02 3.299854123520702398e-01 3.158599900783177206e-01 1.033194787234667372e-01 -2.585688242422203853e-01 -4.720605692559821098e-01
-4.149724279689370188e-01 -1.535996223573116992e-01 3.123743166967929974e-01 -1.477935735462502786e-01 6.851871127521816374e-02 -6.253244119008780633e-01
1.112602334260573977e-01 4.698471473522638497e-01 8.992343660476628114e-03 1.715370324578739947e-01 -5.266588280426257596e-01 6.680712118973586300e-02
-4.745280469235442777e-01 1.290776506321361372e-01 1.644779127882247394e-01 5.231192128978945366e-01 1.723461657055153640e-01 1.113010327169067226e-01
-4.415741944494900317e-01 -2.223426916217854654e-01 -6.300699225260480985e-02 3.695246579473459581e-01 1.629997439661901304e-01 3.770269370933749808e-01
-1.324538331208947040e-01 -3.754583163979174354e-01 -3.679018758969375691e-01 2.106827431682749552e-01 3.895746501821206187e-01 1.770585355627327662e-01
-6.501394497277082629e-02 -5.050616046271758641e-01 -2.061698230650621522e-01 2.481834029854904922e-01 3.361777747976033570e-01 2.345383884955167808e-01
3.038474322707381270e-01 2.054344338538860448e-01 -4.761687386065269201e-01 -5.958074647067117535e-01 1.835528346788536380e-01 -4.011568912511664919e-02
-2.016646891145058018e-01 -4.872797716578013416e-01 -1.206509699063563062e-01 5.087341337080970582e-01 1.819813622208917847e-01 9.711736390658866347e-02
-3.880401081434647903e-02 -3.966455913750742690e-01 2.778941538243640541e-01 2.031763077674749451e-01 3.166296064577618363e-01 -3.798930591674732349e-01
-3.184814460831083549e-01 -8.900368627999852289e-02 -4.129658752273671629e-01 1.136770009217281663e-01 1.625626082556432539e-01 4.530326675750873111e-01
-4.172294161333865437e-01 -1.989197057982355632e-01 -2.423736331862342830e-01 -2.924012267254355590e-02 1.142595581914922220e-01 6.244499110063587155e-01
-1.506007143106178614e-01 -5.189132542346742705e-01 3.217257451840988686e-02 4.340215391180830551e-01 2.190312408089832852e-01 -3.049546166583168572e-01
-3.312473945127635266e-01 3.934019473976365644e-01 -2.114866124879243026e-01 4.123418655620088025e-01 -2.865097845536912491e-02 3.071137539604323896e-01
-1.362656893636915167e-01 -6.657892213660107084e-01 4.583832791086394493e-02 4.416030585407273445e-01 9.583722820624640537e-02 -2.474070667798920486e-01
-3.122832700040064635e-01 4.993028619926734857e-01 -5.595089271361114447e-02 5.856136083769716283e-01 6.402535623833288669e-02 -1.216371833530979080e-01
2.708687689517120245e-01 1.077722368018654148e-01 5.287741688604479240e-01 -6.010378852124038662e-01 2.162309021690254074e-01 5.126447855970506229e-02
-4.578464520188196274e-01 2.350478286447007792e-01 -2.677922934444021755e-02 4.779272927032678919e-01 9.451129876286090692e-02 2.966044165895679874e-01
-2.261532510387240236e-01 -5.791573369651863423e-01 8.767545330164230877e-02 4.197355376877251465e-01 9.213502335892465034e-02 -2.759098043312331328e-01
-3.345610752292558221e-01 -2.774615560234725553e-01 6.052166102463280711e-02 3.143145625849651514e-01 1.216165359607276342e-01 -5.873186612380665306e-01
4.054539552551343351e-01 8.630392148323794144e-02 -2.950459247972855303e-01 -2.536698014358927389e-01 -5.870853324249692973e-01 3.977161668830586638e-02
-4.432384126067868968e-02 -3.454614238731388287e-01 -4.019310023171008828e-01 1.016003077359371037e-02 2.789735596067923762e-01 3.772432138210943808e-01
-4.631815862212914636e-01 -3.133994708786975170e-01 -1.728140023492713284e-01 5.271671911879564076e-01 -2.301584937597453417e-01 -2.836302412869387002e-01
-2.823869225979175890e-01 1.897891326776179055e-01 2.098160757548003241e-01 1.563588590223648489e-01 -1.568699780802828292e-01 -6.192373604234407969e-01
2.653182492555473115e-01 -4.802506604689099623e-01 -9.480185930246720627e-02 3.856515229374502529e-01 4.709637340435428587e-01 1.892950940731435994e-01
4.121330854392937226e-01 -7.059085642179808995e-02 2.007459975429519150e-01 -4.582907946037902969e-01 -3.975873570048897854e-01 -1.672697054605409295e-01
-2.167577254934386632e-01 2.735129502747544183e-01 3.431671899868390940e-01 -4.151136370348657012e-02 -2.411345202267215493e-01 -4.961341228834659778e-01
-2.131127684046824067e-01 2.972069045414720279e-01 -3.563390283872117092e-01 1.159631840939548408e-01 -2.387796598140057291e-01 4.211102756304367367e-01
3.363675563792027368e-01 -4.922866363537203860e-02 -4.747117103039846797e-01 -4.061756515352204500e-01 3.319379378576751138e-01 7.605285490187357889e-02
-9.229879458429240957e-02 5.392854193047301736e-01 -3.295862448607839862e-02 4.702724904319688926e-01 -2.788472390176390814e-01 8.608969621407153161e-02
1.073942268477478257e-01 3.736705558180896114e-01 -3.242008364055178338e-01 2.324970383193769585e-01 -4.035314341893677659e-01 2.924889991604189832e-01
-1.555299817554911257e-01 3.900229502373152579e-01 -2.147182600235346406e-01 3.279526036648859888e-01 -2.793291515949843928e-01 3.493848806944642726e-01
-2.628108220271625772e-02 2.739027049408163106e-01 3.350195505952789365e-01 1.823415435332091661e-02 -3.770788037175730190e-01 -4.227676682855934787e-01
4.222392381215844814e-01 2.695502058487314959e-02 2.473228045418155163e-01 -4.957752832422482880e-01 2.939653295904434138e-01 -4.585774298800096571e-02
2.051396793581438671e-01 1.290331114249386978e-02 6.009479904073191658e-01 -5.074281639190973969e-01 2.387771659316273165e-01 -6.330201557681203184e-02
-4.276537973427699812e-01 -1.822906356561653993e-02 3.598872958879014705e-01 -2.397022055760220094e-01 -8.037720236044414851e-03 -6.222381215988289638e-01
1.265775427062136582e-02 3.303948233808384760e-01 2.599873931063135246e-01 -9.519046311027983265e-01 1.727322035039820791e-01 4.841730302667957009e-02
-3.934904257977999142e-01 3.529967622205488764e-01 -9.996973547909931979e-03 4.505544006811902369e-01 -5.690825362557977440e-02 -3.557804446367353046e-01
2.411911081701152426e-01 1.533012782550746342e-02 -7.131704258092416149e-01 -5.879796381532254035e-01 -2.055631376272890887e-01 -1.996706315354809247e-01
2.647188775443364839e-01 3.712398864530983694e-02 5.157379861657134246e-01 -4.887921162218688553e-01 -2.516893287392866774e-01 -7.486175136789741114e-02
-9.790623578632419444e-02 -2.897454241053513679e-01 3.629237965966962687e-01 1.001583870049949088e-03 1.520860592468579742e-01 -5.287051528714153958e-01
7.658281914213937482e-03 -5.156563239995713976e-01 -1.776658854702601043e-01 5.605957370980223509e-01 2.876384074561498805e-01 4.364327627035677337e-02
2.297596520234040374e-01 -4.543321411321458309e-02 4.653452986640997935e-01 -5.739989442784927398e-01 -6.918279285940977241e-02 -1.291360520780263643e-01
-4.705721356363575802e-01 1.374065644912274287e-01 2.726454157361839215e-02 3.672720088345274858e-01 -1.633774478623029880e-01 -4.283078099671241978e-01
3.037254751774837724e-01 1.589865646931444276e-01 2.011010002278473541e-01 -2.741975400061374413e-01 -5.444862377194302772e-01 -2.125788334441247873e-01
1.908994275866656987e-01 1.933978736849233104e-01 3.031401994359430585e-01 -2.736757162173902858e-01 -4.385598127819904102e-01 -3.171818284454038794e-01
-2.185591113504870009e-01 -4.425286585552098972e-01 1.029272743456778189e-01 3.369721039753207359e-01 1.679806908229173890e-01 -4.615755184911042308e-01
1.954083329877146641e-02 -4.905110653922072350e-01 -2.209205414829107095e-01 3.792421002791270812e-01 3.561950991791277277e-01 1.711300539886768390e-01
-8.261207425956453021e-02 5.354861351396471569e-01 3.053633992882176518e-02 1.602422445553320363e-01 -3.557748018620590091e-01 -3.524463254854151018e-01
-2.776604849287945820e-01 -1.609009506836129103e-02 -5.399321571032489331e-01 -4.551292562540610875e-01 -1.092617533033237408e-02 4.441807272434805665e-01
2.134298845290365232e-01 -5.061714193197243139e-01 -5.680313135529876933e-02 2.795601597853226705e-01 4.915575766166505600e-01 -6.959521337195985480e-02
-1.004524009597395212e-01 3.650769304237380108e-01 2.732988250981034928e-01 1.076917554996903587e-01 -3.025104544336170154e-01 -4.415459788356665416e-01
-2.456815879032995253e-01 4.458392221914371789e-01 2.897606331685933026e-02 3.532350588714644468e-01 -2.682615723267324781e-01 -3.334586280202030406e-01
5.681215120089477821e-02 -1.568749898651684016e-01 -5.604193367378556001e-01 -2.621189105235967598e-01 2.246795990657932673e-01 3.071629783959958226e-01
2.781101916361175541e-01 -4.651999351209730182e-01 1.129319506197867945e-01 2.374424247584337733e-01 5.004235550604811955e-01 -1.438119060680982941e-01
-4.572180235633921397e-01 5.451879411706006540e-02 1.526491035616508452e-01 2.432669329825735138e-01 3.922671447009572904e-02 -5.608542096421965661e-01
-1.889930274010385991e-02 -1.258622910113265658e-01 -5.339181081638448845e-01 -4.529153317130863443e-01 7.208952835597776110e-03 3.571049727131634377e-01
-1.039508694895262403e-01 -1.648475560751330726e-01 -5.828511966569572822e-01 -1.042599303458965482e-01 -3.938438230053793454e-01 3.905760549717396390e-01
-7.570401031330946384e-02 -4.268106214365189333e-01 -2.177845348460251962e-01 4.267849103372304831e-01 3.735927772404864511e-01 1.091088483995736602e-01
2.448832670631364561e-01 -2.357942447441287170e-01 3.166205008989602110e-01 -1.020035907498083594e-01 5.159153004623253658e-01 -2.442736669457122867e-01
4.155540090959687904e-01 -2.492174087333760280e-01 -2.835041902094121991e-01 -5.121933747125333447e-01 -3.347355511366317260e-01 7.977454458850596897e-02
1.224467516462077188e-01 1.050223957118097129e-01 -5.619016431994903193e-01 -2.694634061664724078e-01 -2.955243254122959518e-01 2.663306626181275449e-01
7.086793477142440715e-05 -2.021036346492831315e-01 4.110759772189638284e-01 -1.346173951744608910e-01 2.382540038334573784e-01 -4.765862457073710701e-01
-1.314790876399438146e-01 -3.686202183649028297e-01 2.644583712180215151e-01 2.274178443689577889e-01 2.367008368089040249e-01 -4.460199270838104413e-01
5.225634972478744311e-01 -9.644427401748710549e-02 -1.689274679840032933e-01 -1.217860654980923441e-01 6.678135169470431620e-01 -1.420263538974504969e-01
-2.901767649919125280e-01 -4.852545159811849640e-01 -5.781447396747119161e-02 4.555734686884375662e-01 1.104808129033826303e-01 2.404404620931064329e-01
-3.017277660011914442e-01 3.507094541384513792e-02 -5.331162326543226193e-01 -3.026912975847224074e-01 -1.645124260801306137e-02 4.655551526112851057e-01
4.719741725936316690e-01 1.668792675589148011e-01 -1.397129559278205702e-01 -9.325414172041135430e-04 -7.119155376306065541e-01 -7.584645285003401016e-02
2.128148283733259372e-01 -2.791243292367134865e-01 2.995797862075425533e-01 -8.505733765401518598e-02 5.347733770154053934e-01 -1.992615677956310893e-01
-8.472292520136318617e-01 2.196802869236607059e-01 -2.148403195002608068e-01 1.413616510583068919e-01 3.019231557231213947e-01 -3.410311943488134601e-01
-2.548352770077977336e-01 -2.288738835865139210e-01 -2.953583873092692769e-01 -1.884872637896852221e-01 -1.299495916819367047e-01 6.975222327116812338e-01
3.572366664603429109e-01 3.555703068716759008e-01 9.855495475174176623e-02 1.945529989952133887e-01 -5.893682203452712542e-01 -1.853908219753685471e-01
-1.237380199635176592e-01 -5.527534501406332623e-01 -6.116063572069156684e-02 4.368521694196696448e-01 2.618292298032193210e-01 -2.101361273386530559e-01
3.269678828869129195e-01 3.933020421938893119e-01 -6.267737561383214528e-02 1.701515659296393979e-01 -5.927514370813348199e-01 -6.935302229528247930e-03
1.297962229735431516e-01 -2.143006601407522471e-01 -5.228068144387029159e-01 -5.602930356770270404e-01 1.703465328055050743e-01 9.023751679165037398e-02
4.087383024678238885e-01 -3.268187682022287710e-01 2.748098775319521292e-02 1.201455337789345545e-01 6.229620635083279456e-01 -9.347596977998830214e-02
-4.409290681540796730e-01 -1.084985811681139639e-01 -2.818293248467828582e-01 1.334716758455236074e-01 1.657037715948974643e-01 4.894532790228566799e-01
-7.675252566801400722e-02 -3.842709671109993952e-01 -3.473154188467925674e-01 4.855038439960911167e-02 2.894570346636653468e-01 3.809632093946948017e-01
-2.511132643737642445e-01 1.053432760820824550e-02 -6.028845671629340375e-01 -4.591265161071481637e-01 -1.776028180474846785e-01 3.569773507855970029e-01
-2.356970325213095241e-01 -4.979113811617555396e-01 2.094243460135768869e-02 4.929798200545659204e-01 1.691864378440982031e-01 -1.340109274071802081e-01
-5.478243702221103906e-01 -1.154839247391295232e-01 1.416837887422794408e-02 2.143629698248283866e-01 -7.116185168913304049e-02 -6.316690716601328637e-01
-2.808624378734027593e-01 4.266584159568113099e-01 -2.513047473209086280e-01 3.836264462401868802e-01 -5.942127067955882413e-02 3.163052077793914729e-01
2.084271580051327011e-01 3.540931169195949968e-01 -2.469997332350418184e-01 -6.904420639728015008e-03 -5.395603884366357850e-01 1.467206289547149933e-01
3.877439816817206397e-01 2.661316151693196019e-01 2.271204793371255637e-01 -5.991742742863062077e-01 1.088678010962278175e-01 1.916176791628817488e-01
2.243500694336540702e-01 -1.225410514886471902e-01 3.862796579312802736e-01 -4.249808175066825955e-01 1.547725044107639558e-01 -3.218634003413402001e-01
2.988707724524300446e-01 1.947476130232366764e-01 3.019262941201739103e-01 -3.193267075363149243e-01 -4.103019274685265061e-01 -1.998175940202513434e-01
-6.330361233972157942e-02 -2.002624324102212083e-01 4.080766421699468793e-01 -3.951069246174403193e-02 1.861716953669987629e-01 -5.139334238557660139e-01
-4.316376818619999112e-01 -1.072546948384879156e-01 2.617286617832302320e-01 1.172358919473726058e-01 -1.236382017343029549e-01 -5.740161441686355559e-01
-3.687489268178958165e-03 -4.448977012907651130e-01 -2.811442361576185212e-01 8.093241458668003208e-02 3.121458283262106281e-01 3.667172969933052418e-01
-1.064208671877401313e-01 4.827689228604173377e-01 4.366408005734195158e-02 3.835106533407953711e-01 -3.609941060179412964e-01 -1.754958074463145723e-01
5.343032208890083901e-01 2.139297112444462634e-01 -1.185248198835392452e-01 -3.879261782641777456e-01 2.185080588200906393e-01 -5.051408749963988143e-01
-3.535584288877224868e-01 -5.860459297943055798e-03 3.363270223274483217e-01 4.493999906219420248e-02 -7.035191885686430113e-02 -5.785717997099424359e-01
-3.161988147994181930e-01 -3.789623586004884359e-01 -2.814602298349213605e-01 2.770030959646833657e-01 1.038277785491116267e-01 3.627642469873190167e-01
-2.446104781700314812e-01 4.234165146850035200e-01 9.604660428300833275e-02 3.547407471831630632e-01 -2.410632944146884338e-01 -3.503217323700983932e-01
3.484075705365076714e-01 -3.099247752517547139e-01 1.132994633520416489e-01 -1.767162479830824973e-02 5.996538420560937332e-01 -8.330359277719594224e-02
-3.524027720996717461e-01 -3.983615269856502494e-01 -1.043511040365129039e-01 3.779048179800168494e-01 8.808956231808989790e-02 3.752488976182016822e-01
-2.703301187330117705e-01 -5.973874275744069928e-01 -7.686583795658349927e-02 5.722680798908197364e-01 -9.761022508580713408e-02 1.237607394167620778e-01
1.808354934471915476e-01 -7.870333733317767810e-02 -6.624484810731448015e-01 -4.585694311593901951e-01 -1.793830494608774639e-01 9.980143723103906961e-02
-2.835260765491330881e-01 -1.391263742163553752e-01 3.342523574843025980e-01 -2.246083767722162339e-02 1.298220997261511078e-01 -5.928461590805491621e-01
1.260600210217169559e-01 4.582272113542975589e-01 -1.109317871315264464e-01 1.407683595088004003e-01 -5.040959686036311505e-01 1.605783638658335732e-01
-9.382551247358848767e-02 2.432946287622672898e-01 -4.321003825437638723e-01 -3.550258431740242054e-02 -3.604539694279864648e-01 3.629380229654240453e-01
-2.634780483273110319e-01 4.411253521881901007e-01 7.037167877063432719e-02 5.024079066036967189e-01 -1.309602593171345641e-01 -2.231189635810380545e-01
-1.832805629540204539e-01 -2.810279828649009937e-01 3.085262683599800937e-01 7.078117619258889048e-02 2.165220546862993145e-01 -5.208690492266333516e-01
-4.385838768527321463e-01 2.008902612536934973e-01 6.133985299215972964e-02 3.642493303542800875e-01 6.632659169980614777e-02 -5.194797922006443303e-01
-1.871206282191221759e-01 -2.972199813702269822e-01 -4.239272316379351646e-01 -1.318602211546141267e-01 1.791976312954729478e-02 5.235078473240388774e-01
3.639543536132059942e-01 8.846130281709717325e-02 -5.412825745132461286e-01 -4.433863320142407694e-01 3.442325631260258478e-01 -9.509991795232708434e-03
-3.894662999261941927e-01 -1.713367857398792327e-01 -3.513248749178496944e-01 9.369302186489308903e-02 8.890220839504578421e-02 4.846372867246608873e-01
-2.628439522030210362e-01 7.778697883258781087e-02 3.808873361311593819e-01 -7.784910796115698806e-02 -5.085453727073196983e-02 -5.933961277224399922e-01
-4.073762356219960516e-03 -2.041147198701045717e-01 3.867329972115634007e-01 -1.580266229235163522e-01 2.512332298261449326e-01 -4.901687997021892951e-01
-3.673510191372572620e-01 -4.180729128268490524e-01 -1.436296242806934520e-01 5.351883340303129621e-01 -1.270901864652740354e-02 -2.888977531969452173e-01
-1.282972325182262507e-01 -3.792274799257415729e-01 -4.060634994806259224e-01 2.072888006620529355e-01 3.394510933400898267e-01 2.029382432614729170e-01
-5.133197907987723241e-01 1.723864123230304732e-02 -2.271584465650192952e-01 1.533937388558187509e-01 9.382714798334097772e-02 5.142100650465563083e-01
2.274938789724082755e-01 -3.917284643370076980e-01 -2.200708907145073057e-01 -5.377138741219065210e-01 2.353133157084245086e-01 -7.420896736983842445e-02
-1.105036591789452377e-01 4.632462137300755733e-01 -1.484540875484011146e-01 6.133672577877403720e-01 -2.242798646450614442e-01 -9.084517223215284043e-02
4.140766255959274500e-01 4.401070895854774512e-01 -1.849149645745850612e-01 -3.900091323624326756e-01 -1.340664451173731453e-01 -3.390929328299878143e-01
3.878995046007926994e-01 6.239313701045633848e-02 -2.695178730925884003e-01 -3.283964231170162229e-01 -5.395073120955593549e-01 8.352035897422366295e-02
-1.445545991038335587e-01 -4.563754029251812505e-01 1.306616875774910813e-01 3.611932069635901965e-01 2.946951143285073127e-01 -2.937346304676400899e-01
-3.481259769227826872e-01 -2.565208143255600093e-01 -3.038455602467189931e-01 -8.808007699546421820e-02 1.592501979179788973e-02 6.225179739033943616e-01
-3.401942519653541330e-01 -2.512297000802030666e-01 -1.902572297613163987e-01 -1.488232634769826035e-04 -2.757489502711071849e-02 7.231690861479745935e-01
-1.094209540695321725e-01 -9.728192276437834518e-03 -7.520820682521295319e-01 -4.246460876266686113e-01 2.179964374974524000e-01 1.692075757622977239e-01
-3.156879244460343847e-01 -4.020435561110952127e-02 -5.357096683191442388e-01 -4.800192658717317151e-01 -2.683238078628436690e-02 4.506048862295124469e-01
-2.434156322873214928e-01 -3.031667105032740395e-01 3.172302611439204445e-01 9.119233041881524837e-02 2.168902131313559245e-01 -4.686312454037239728e-01
5.074983611791757943e-01 2.460806782119717151e-01 8.465370342129707737e-02 1.323608798303407830e-01 -6.301645438623493245e-01 -2.177800593750814362e-01
3.136949129642380707e-01 -2.062251743798813319e-01 3.778159677264294469e-01 -6.176704427765320471e-01 -1.988366158031252273e-01 1.380500178168425629e-02
-1.088783581136579387e-01 -3.159225041026274550e-01 3.928975329034708475e-01 -9.600449336775171427e-02 -1.565653122979074885e-01 -5.942395138264235932e-01
3.270018178537637543e-01 -2.952366154322484393e-01 -2.478507930085335487e-01 -4.315373341412814812e-02 5.516067833186094616e-01 1.340407175774685766e-01
-5.775010136907547664e-02 3.284445020711315721e-02 -5.871154908861561106e-01 -4.350024055764885600e-01 2.812647526730127634e-02 3.389830134224648406e-01
-2.775123309241124894e-02 4.255922261792554062e-01 -2.379143981275799180e-01 1.957272506261442668e-01 -3.903411330198232054e-01 2.952929917883539424e-01
5.489894559276613517e-01 -1.004177506190458147e-01 9.273974573490664786e-02 -1.939144694946665082e-01 5.685281110798302562e-01 1.173403901989107517e-01
2.426737958871685585e-01 1.506852878128425444e-01 3.936327972382164808e-01 -2.219686538582957558e-01 -3.878711371184782042e-01 -3.092643297012299120e-01
5.160432214920140925e-01 2.022106849990213881e-02 -1.218940771474590762e-01 -2.873340859821951199e-01 -5.727630399561489671e-01 -6.753647460584352724e-02
1.130449773731278529e-01 4.809114482174675631e-01 4.709190991866871179e-02 2.917604405320135541e-01 -5.023153193601644917e-01 8.350491235936485790e-02
3.402451794733720170e-01 -2.147290768582081066e-01 2.600951552818064338e-01 -3.687361767472657204e-01 3.689672686495578668e-01 -1.356876295540475064e-01
-1.435511926689051754e-01 -6.378384835442767187e-02 -6.283989124717291874e-01 -5.106284472930503471e-01 6.364936562046209778e-02 2.930212224904011897e-01
-3.392951599549100528e-01 1.724760600414969314e-01 -3.452282215934115994e-01 1.697626586464878740e-02 1.207725891668678941e-02 5.752840791077915572e-01
1.359670606604026222e-01 -5.161740139622765788e-01 -6.142254995331566936e-02 3.160346921706533863e-01 4.659906231302688440e-01 -7.309023666838096456e-03
4.583368365375400377e-01 2.627820691232701442e-02 3.330854735868948313e-01 -4.014876391932025723e-01 -3.919765207425945364e-01 4.022910311040844844e-02
3.567610250576765951e-01 3.863398230075451578e-01 -4.623895547754373891e-02 1.798460552152991720e-01 -5.974029196089083449e-01 -7.708226585643383755e-02
-9.996309884884613250e-02 -5.425360917410915196e-01 -1.660582818582517217e-01 5.667452006917401697e-01 1.372166450766556522e-01 1.396151715401133253e-01
-6.908407718290586821e-03 9.746191578885589346e-02 -5.691008671102858463e-01 -1.982933184313760144e-01 -2.742948358684955679e-01 3.392871191315615098e-01
3.625498722895151293e-01 -2.125873472581407131e-01 -2.834109519653293940e-01 -2.678610861348134642e-01 5.509465318148443203e-01 -1.434179556895167906e-01
4.715764684766085013e-01 2.021945344740796666e-02 -3.248054276484385050e-01 -4.668642367027291407e-01 3.545202238542055073e-01 -2.377879709634197480e-01
4.233471699607508354e-01 -2.692800159593654596e-01 -3.576437517751125950e-01 -4.651456820783730350e-01 -4.645228484400328872e-01 5.764011287689818630e-02
1.660252443588061677e-01 4.497500271327061760e-01 -4.278490582231642830e-02 2.549453096768918847e-01 -5.324200332066435504e-01 1.228508226810031134e-01
1.510492797722364500e-01 -2.527224750212661575e-01 -4.156605397394355639e-01 -1.469282218775610216e-01 3.881971174506390621e-01 2.917512812645620124e-01
2.886718426225941547e-01 -1.127066268644391772e-01 -3.823524804840643387e-01 -6.602786714354865749e-01 1.229043739526726464e-02 -9.275162448505486212e-02
-5.829993219837521085e-02 3.284850785246422045e-01 -4.561942122770907271e-01 -1.245546379854930996e-01 9.820253916400623062e-02 5.146715178971077442e-01
3.129492030139551240e-01 -5.068094360104586915e-01 -1.509295860790558219e-01 4.885193313281378513e-01 4.776392278061404317e-01 -1.449330576288486994e-01
-3.600554274587941528e-01 -3.521666437755216483e-01 -2.260523342497311183e-01 3.098285739000727901e-01 -3.978583133693708307e-02 4.475006723827411603e-01
1.420765919536524924e-02 5.326020911931805824e-01 6.146325229619180319e-02 4.599913923629408430e-01 -3.120163685580743529e-01 -2.350102215435389552e-01
3.918889275396638672e-01 7.930953513659870502e-02 2.164551342416125845e-01 -3.098729766982463163e-01 -5.097201592934369474e-01 -1.842620338957669801e-01
2.161850466388707814e-01 4.645028150793066302e-01 1.954410998922787579e-01 4.790166655679351515e-01 -4.926634117868451956e-01 7.398183001985790541e-02
-6.061703891897834984e-01 1.819804186136129986e-01 -1.437888641562867498e-01 2.862302379226743243e-01 6.048801485579136106e-01 1.361805799877499612e-02
-3.193329584708594071e-01 4.431127353395812873e-01 1.121416837597106753e-01 3.920418841858567260e-01 -8.439726382455658982e-03 -4.264176978760572112e-01
-3.670983886894770287e-01 1.442695918288341983e-01 -3.761105988067766637e-01 -1.774956301541165127e-01 5.710905274565349077e-02 6.018739789767950654e-01
4.422943175263532867e-02 3.336772802597340881e-01 2.773718897718238097e-01 1.659503527900009837e-02 -4.894846313260282633e-01 -2.897619634286454637e-01
-3.891755621892261097e-01 3.151518004803179895e-01 5.217948194088432856e-02 3.547081178880576724e-01 -5.740301647133155827e-02 -5.026538073278834506e-01
8.555483718938908244e-02 9.720954103494970633e-02 -5.325331749877237897e-01 -1.843533188994506966e-01 -2.986688384116793493e-01 3.452081855299593549e-01
-3.071759689307517194e-01 -3.246932568658483231e-01 2.322232850004331273e-01 1.518873233430025338e-01 8.659110520876917017e-02 -5.552448522595176961e-01
3.114802281241473847e-01 3.406849767118610289e-02 -3.496957889464006874e-01 -4.159570739806272566e-01 -4.728178847406251939e-01 1.127987157041884791e-01
2.039286310132061228e-02 9.653183690700971320e-02 -6.261203541586438659e-01 -5.946407522061597506e-01 7.668190155267118335e-02 1.621306414691694453e-01
-3.999744038606966035e-01 -3.030656161807078752e-01 -1.497139667380373018e-01 4.869660585807343844e-01 -9.589184296055397461e-02 2.631003302211459838e-01
2.045443230069610152e-01 -1.061065928290558791e-01 4.758212826132629525e-01 -3.790563790568508562e-01 2.712212200460615841e-01 -2.432294403413184369e-01
6.499005656686599464e-01 1.208092027659434520e-01 -2.380434791240615411e-02 -3.003336786703857397e-01 4.035588118828340454e-01 1.069914449467233020e-01
4.087960915644229254e-01 2.361420893715893699e-01 3.228245730720558787e-02 1.764548604114637431e-01 -7.356616118330081555e-01 -7.906081250105632952e-03
4.527193835043543668e-01 -1.464904267359242451e-01 2.364538131464409276e-01 -4.781770190804981446e-01 -4.257847167770059116e-01 1.025294897210121681e-03
-1.443623798630251365e-01 1.210199216997968896e-02 4.960348888180141080e-01 -5.576462123959402550e-01 6.686822811655562457e-03 -4.145512683948692767e-01
3.508067890597803551e-01 -3.320404211954046669e-01 -1.983254828967636052e-01 5.697523326928782827e-02 6.207176970189299814e-01 -1.214165432446098064e-01
-2.288293610815086976e-01 -2.532028676328835215e-01 2.579479487779609559e-01 1.348844186989469618e-01 9.458969667140543214e-02 -6.062005446029286038e-01
-1.102271895967754656e-01 6.795691213927661234e-02 -5.548811998802852807e-01 -1.656741206657633692e-01 2.000767962824371859e-01 4.348005540431811866e-01
3.003580726797563938e-01 -8.190639563739687823e-02 4.503502519249252822e-01 -6.037929449408856453e-01 1.184005534114711544e-01 7.300682280724268836e-02
-1.219099545526116102e-01 8.310744292933031074e-02 4.897765990866281283e-01 -1.714270537208210654e-01 3.082671622599976735e-01 -4.832861726197509866e-01
-1.758106547837670272e-02 -1.032652548556389493e-01 -5.519169240081677197e-01 -3.679862222338742272e-01 1.363388694791038691e-01 3.535145144348191826e-01
-2.612883288404637128e-01 1.950630846882530911e-01 3.824811616314943707e-01 -2.005658559573658128e-01 -1.270501767206621280e-01 -5.622705666609038033e-01
-3.973875582286532371e-01 3.375904060047326127e-01 -1.911258125384911882e-02 4.403358728393044208e-01 -3.829086705212281228e-02 3.770347670963404285e-01
-2.179781524791339631e-01 1.900765356231617631e-01 3.508524191285841698e-01 -5.977048111646462991e-02 -2.582457342494569597e-01 -5.289074771262203267e-01
3.242853734819021172e-01 -2.539820344369119742e-01 -3.401842240547255369e-01 -6.125801951885009311e-01 2.502819224770552742e-02 -1.293852685419419613e-01
-2.533945815591211008e-03 -4.666560944652250464e-01 1.822409777697753530e-01 1.898082286450125944e-01 2.743443928288786804e-01 -4.611273193615547106e-01
-5.466362430387521343e-01 2.609184566005493672e-02 -1.714886792103382795e-01 2.567351434134286237e-01 1.451321522230790140e-01 4.119698204649017148e-01
-2.901136235275377229e-01 1.838711140318999571e-01 -3.607844764791300896e-01 2.468227056437505285e-02 -8.625937937322156190e-02 5.491237944996421039e-01
5.047608822283694563e-01 -2.410297503565585198e-01 4.721262500755565167e-02 3.139452727004415911e-02 6.210063490000118369e-01 -1.339449235505379976e-01
3.708860720125122801e-01 1.448580785484104849e-02 -3.325377036043347667e-01 -4.404857393605931537e-01 -4.948567235448024237e-01 -4.575212269670092535e-02
7.805265820055271031e-02 -1.356900596372863366e-01 4.602168964485171543e-01 -5.571610077392541438e-01 1.211530865964311754e-01 -2.681615744277688895e-01
1.379173715988633586e-01 -4.518739139429414631e-01 -2.258898369632002245e-01 1.527473482299807339e-01 4.390969470497895766e-01 2.279284049079171870e-01
-4.003448282538268205e-02 1.182109844513912628e-01 4.461890422178601545e-01 -2.961700259780868372e-01 -1.857358115110230301e-01 -4.714224925603660576e-01
-5.990348003357071072e-01 -5.393633655319902270e-02 -2.228046908988461083e-02 6.213021576801025514e-02 5.971701539180112456e-02 -7.638623843711548345e-01
-4.247078874305419971e-01 -2.456457382614486429e-01 6.308897651025957565e-02 1.044308969335424608e-01 -2.676478294279105441e-02 -7.567300732077197889e-01
-6.165669429024497883e-02 -3.931295699558376433e-02 -5.795012687457050671e-01 -1.665374395386377548e-01 -3.241404892340188360e-01 3.733225901889382081e-01
9.988229285158828352e-02 2.801669252492068954e-02 5.506134829602687963e-01 -3.900050072428504766e-01 2.479632355346853556e-01 -2.929705089600586065e-01
4.542665878818674674e-01 1.354582193921932964e-01 1.355905213824765698e-01 1.529769646310522035e-01 -7.943663559287557074e-01 -7.571688987088834311e-02
-2.142814152815355755e-01 -4.739750520777828990e-01 1.908411259652783298e-01 3.226801561537422369e-01 3.484679764914992983e-01 3.786168846764177975e-01
4.814118522681209433e-01 -1.799366098379874502e-03 -2.169972127268366413e-01 -4.368810239924212913e-01 3.923800566450518779e-01 -1.801085139859558426e-01
-5.230995521717572982e-01 1.094261848442784069e-01 -2.980169553342355560e-01 3.995168809523123032e-01 1.152985500731479040e-01 -6.836909532340653683e-01
-2.082079155140886539e-01 2.658157788621710038e-01 -3.955912087201098881e-01 8.639339436805301697e-02 -2.141133417979229625e-01 4.307731826703682376e-01
1.647139854291521099e-01 1.570069942778805627e-01 -5.231884256365068042e-01 -2.250934168186867756e-01 -3.367530374322264541e-01 2.541475507845164516e-01
3.075208463164745831e-01 3.108413895529212878e-01 -2.466226207471859111e-01 7.324727119542573384e-02 -6.035150274660241454e-01 8.363218187690682481e-02
1.046713059261381584e-01 -4.739294511635777085e-01 9.631417529420656376e-02 2.247086862453233080e-01 4.732349662939003276e-01 -2.011258919942199852e-01
4.716216930363092419e-01 -1.937664826993551470e-01 -2.150427207491031611e-01 -1.585356601974157731e-01 4.922037425828643675e-01 1.487519468749939067e-01
8.100461273726454470e-02 -1.426388113040221173e-01 -4.902131670554391585e-01 -3.471839869612388108e-01 2.078952433267277078e-01 3.427216440986878832e-01
-1.321557633017088340e-01 2.896874011174044306e-01 -3.867158530009418005e-01 6.361886078710979331e-02 -2.740627857961186464e-01 4.156917886113807858e-01
1.190568839940859408e-01 -4.801072334739863168e-01 1.128088642184682383e-01 3.679898143988195036e-01 4.480499515097612351e-01 -1.638798347252320431e-01
-1.839126843188535199e-01 -2.191828259402188173e-01 5.109945383155484189e-01 -2.159545422927790226e-01 -3.030937042563673911e-01 -4.849634346119197081e-01
-4.915202700813173786e-01 -1.311995868932841480e-01 -1.354476721938792094e-01 3.214654614011883682e-01 2.481420595211922264e-02 4.255459969752537486e-01
1.101626058683186915e-01 5.509905687447145262e-01 -5.357592723131642670e-02 3.905506515257383127e-01 -4.080165463007837667e-01 -9.465995264903112605e-02
3.643270313501904001e-01 -2.242264025892719559e-01 1.819843757250286798e-01 -2.187261522926423618e-01 5.080861562797637232e-01 -1.698213962097737673e-01
4.930082983083227677e-01 -1.273165628759931889e-01 -1.935833500931504192e-01 -2.138266503932481633e-01 5.404935105703450038e-01 3.968486698248116507e-02
1.697216833323356155e-01 -4.179913789963985993e-01 1.710246262499623970e-01 1.344141978148408745e-01 4.783777594560674196e-01 -2.708755311345035222e-01
1.871886806613298482e-01 4.543681645874880215e-01 1.228045396085231666e-01 3.632078709006705264e-01 -5.202828448459722033e-01 -1.529924193935358612e-02
-7.889536463882788897e-02 -4.606724086898679738e-01 1.350441644540963659e-01 2.525383378645321697e-01 3.738791642096893075e-01 -3.050414783653316864e-01
2.392783473509203784e-01 -6.335935667919759262e-02 -5.720420854909864516e-01 -3.863946832273345011e-01 1.529103950124032218e-01 1.774648546438434282e-01
-4.024458096925495609e-02 -3.156782462123108313e-01 2.807846274309307444e-01 2.081334606894995609e-01 3.176933200104443134e-01 -4.521197370821318784e-01
2.382589988565770311e-01 -1.230666654718581138e-01 -4.300979829847631497e-01 -3.545775482652180899e-01 4.020177248343672072e-01 1.805010765080001245e-01
1.049974944644770231e-01 -5.444525025257275219e-01 4.136512629510639104e-03 4.139509398488484537e-01 3.980942141947252377e-01 -1.229597319437295139e-01
-2.685889807648773053e-01 -2.621234521417147856e-01 2.099630757836850325e-01 1.861504184411397200e-01 7.969684847961394647e-02 -6.124546774858410370e-01
1.431558691481847612e-01 -4.506537863719465853e-01 1.211405680909715121e-01 6.745348207978879573e-02 4.822501974945130887e-01 -2.309379820625915847e-01
-8.737741233164708632e-02 -5.015530200202006350e-01 1.476495796822317741e-01 3.512888262530738381e-01 2.185838242505837581e-01 -3.899142366685794947e-01
3.839195788860727716e-03 -6.429683222759943195e-01 -6.251424407686555218e-02 2.183388422175535359e-01 3.103736398111899275e-01 1.499216403817715260e-01
-4.446268505892387868e-01 -3.016945690259713042e-01 -1.461312146290897618e-01 5.309598885660185008e-01 -1.074974225564635233e-01 -2.486884312816122489e-01
3.944976505976365705e-02 -4.508576103195690021e-01 1.433146221828399680e-01 2.292510040690409201e-01 4.369515759436954361e-01 -2.759351106222070471e-01
1.292115605693015257e-01 -4.528973688621712457e-01 1.806961940381710818e-01 1.050964553695038634e-01 4.481513128991029271e-01 -2.523508412795559819e-01
5.311306977942769070e-01 -3.470182388846801413e-01 -3.676200197432454714e-02 9.096404691946224919e-02 5.017822122033541721e-01 2.561391992700514653e-01
3.580785378675157005e-01 -1.413975590384058401e-01 2.224083623901918494e-01 -3.580647436689832763e-01 4.779619287799776184e-01 -9.935649765435139447e-02
-2.555376705609203603e-01 -5.031215361461213176e-01 -1.769891270914089321e-01 3.523290726594670019e-01 1.809076483476060870e-01 2.262503764886419078e-01
5.382169685009039611e-02 3.273811165159263847e-01 -3.804035214859754488e-01 1.205052695068885849e-01 -3.509888409394067432e-01 3.512845964712419944e-01
-1.894571363802435293e-01 -1.099607074540378537e-01 4.679561721702103494e-01 -3.090564377896331538e-01 2.077580754705183330e-01 -4.726557467843204297e-01
-2.415340861650996651e-01 2.675877843530911626e-01 -1.849063755486487493e-01 2.781958508378882255e-01 -3.240813385679597314e-01 4.313796307541917230e-01
5.416672351865633450e-01 9.559317356193973436e-02 -9.071874187422641900e-02 -1.490120605600038228e-01 -6.045038167298920628e-01 9.046159539045760256e-02
-2.547907342100990680e-01 -2.432671025747416005e-01 -3.661867045621500782e-01 -4.521044362185105969e-02 1.534739436864430706e-01 5.274981638386335714e-01
2.648541369022475722e-01 2.502475089060027247e-01 3.818049910694594762e-01 -3.899008264609359342e-01 -3.213351041313963763e-01 -1.127546660242172982e-01
-2.779965218447652542e-01 6.759148537887096353e-01 -3.366593140790216654e-02 2.997726659756859147e-01 -7.676179582843634108e-02 -3.493566451237232195e-01
8.151356147417689046e-02 -2.289002013128531299e-01 -4.571625962410083011e-01 -1.226965566080290976e-01 2.647186727933334982e-01 3.882004232949731737e-01
-1.007370284068865585e-01 3.855200510321782348e-01 -3.071100174152810447e-01 1.698730857961628649e-01 -3.654776270662195570e-01 2.951960954391608660e-01
4.958793417749826626e-01 -1.969864632841455410e-01 -7.644666259516037787e-02 -1.328446780824227846e-01 5.794930313027022439e-01 -1.187042221614448556e-01
-1.492620821002878517e-01 -3.303922423720914020e-02 7.792139997726439393e-01 -3.475217350947917838e-01 -1.547073207337546219e-01 -1.933547557862657085e-01
-2.316709262920594870e-01 -3.587909794318506762e-01 2.210484040997462707e-01 3.257216674840945347e-01 1.141410887899913518e-01 -4.613362053771252747e-01
9.278880510512291235e-02 -3.543698474642449914e-01 -3.997775180353627111e-01 -5.260505337744492138e-02 3.672641273680759544e-01 2.770570498490327327e-01
2.450338005002307695e-01 3.735825291112220836e-01 -1.981980277192083861e-01 3.982635283589774922e-02 -5.779409214078023993e-01 3.091553917603132029e-02
-1.772007819737433376e-01 2.263530030139507265e-01 2.626124659583308207e-01 1.724585931027656782e-01 -1.983824850841658938e-01 -5.724552478057447491e-01
-1.122239338213301268e-01 -5.173668138295154373e-01 1.420499531565672102e-01 2.458349348640989640e-01 2.124057697312813353e-01 -4.403810065620166192e-01
-3.764942199835090708e-01 -1.162238625074893950e-01 3.267604143442003339e-01 -8.990561553168563425e-02 1.872835126030655828e-02 -6.217409677304529536e-01
-1.580737993667725716e-01 3.623354324373764812e-01 -3.012047621704040945e-01 2.363058154233213526e-01 -2.776906295586719087e-01 3.582126772439985785e-01
4.311710908974803469e-01 1.300124167261074160e-01 -3.289597459853119132e-01 -4.775011498780446506e-01 4.173546752182097364e-01 -2.605846614542067785e-02
-3.001789338540403751e-01 2.262943645536153459e-01 -4.326999272730455148e-01 -2.525291934777116332e-01 2.284256905605094867e-02 5.452248495635401149e-01
3.135155008766535301e-01 1.655839884632170356e-01 -4.237550009594979739e-01 -2.384177470878284244e-01 -4.382291999600594345e-01 1.513791775393062422e-01
-7.667691355854371060e-02 2.280788098493871305e-02 4.635132095573779587e-01 -8.556749134003911739e-02 -2.502744691631336171e-01 -4.984363669092457538e-01
3.593374067479128686e-01 2.497843596838026925e-01 -2.301184471416253541e-01 -2.340118026107668725e-01 -5.367613362999441584e-01 -5.899690003877550160e-02
3.919847087549368503e-01 1.227075374531296226e-01 2.210364611839974736e-01 -2.713267811156678810e-01 -5.330454264564166156e-01 -1.395268726832776529e-01
-3.326822329592553085e-01 2.933645949463430380e-01 -2.827722497392683998e-01 -2.660864002877172396e-02 -7.249026459089608077e-02 5.961300073198494420e-01
-7.962973205322557146e-02 -4.449915522749598451e-01 -2.593003882228691603e-01 1.517548877087486758e-01 2.876613067533924650e-01 3.807628476337044932e-01
3.342289895271972067e-01 3.552265123029076793e-02 4.025354206187183870e-01 -5.089015432456396315e-01 -1.926306992340376667e-01 -8.437006649155620597e-02
3.658646356093233631e-01 -8.600771203663970521e-02 3.357097384274975171e-01 -4.053581048847118007e-01 2.904737068909757358e-01 -1.775905886200501715e-01
2.998135424989798944e-02 5.241261065054619861e-01 3.283700976428127749e-02 3.693327249648007404e-01 -3.881414513010289502e-01 -1.965285285532640813e-01
2.716669197820594239e-01 4.041918169644238140e-03 4.995924618514585580e-01 -4.949241370095339154e-01 1.070183502296187111e-01 -1.342324399056006312e-01
3.689968688503657002e-01 -2.590862715218529844e-01 1.557150705252326461e-01 -1.438088743661652402e-01 5.343627850799588241e-01 -1.721093707567379893e-01
-6.154574992009621479e-03 -6.122614905721818213e-02 -6.028085534391850464e-01 -3.998689011039456842e-01 1.929089234513623463e-01 2.805964467364323589e-01
-1.625793684480555668e-01 -2.243714437274676177e-01 -4.577090039870833071e-01 -6.474844718871339277e-02 -1.171933727382603457e-01 5.317059604967679931e-01
4.807648813096235818e-01 -3.437513114944943382e-01 -2.631566184219668106e-02 1.178303861337631764e-01 5.858738394075259093e-01 3.752500718499462984e-02
-4.366438077082264169e-01 3.060026381718071731e-01 -1.223619693494018695e-01 4.817685584527511278e-01 -2.171385177081591733e-02 -3.439937087331848553e-01
3.116750744091980052e-01 -1.897059750543958478e-01 2.831945777501849171e-01 -2.342877787435739267e-01 4.964312921453787886e-01 -1.975758597113023707e-01
1.634390991867691878e-01 4.048773521999479708e-01 -2.231052291201926219e-01 8.051251030098705019e-02 -5.317581654349896603e-01 1.172432510593147958e-01
-1.973870308508406390e-01 5.165315451767460431e-01 -2.080478725562819320e-01 4.659178436231349307e-01 -1.236168915543029989e-01 1.795558199569055602e-01
3.049314963069782447e-01 -8.990400658278742407e-02 3.716760113815832378e-01 -4.793183668909930528e-01 1.420865909964347251e-01 -2.037651365291294203e-01
9.805352499559623347e-02 1.356780058994823679e-01 -5.136600125132900763e-01 -1.742830143640806684e-01 -3.066490930554949257e-01 3.408454274106865745e-01
-7.801792986258233864e-02 -2.749214021107128023e-02 6.435182250063142817e-01 -2.713331120973969113e-01 -2.884607104400737643e-01 -3.022749054773822275e-01
-4.673332853272274545e-02 -2.952952532762886939e-01 3.434864184577183233e-01 -3.226209969385359505e-02 2.409840007171343279e-01 -5.004301326728722854e-01
-4.477610439121877950e-01 2.720890058062183092e-01 1.470125394776888583e-01 -9.926162975946795086e-02 -1.063470810972961256e-01 -7.105038081591166232e-01
4.286035165166475758e-01 -3.799074055294877211e-02 -4.628410594723409432e-01 -4.116155702544555539e-01 3.471965262542474617e-01 -8.118328644114053416e-02
-2.377160306225397091e-01 -6.163876861081786229e-01 -1.088821837192710390e-01 5.423208236853238606e-01 -2.878701648671444513e-02 -3.239820651276522079e-01
1.282764868725881913e-01 -3.614792307925382420e-01 -3.842971305567087215e-01 -1.455737323059337340e-01 4.200374702649304903e-01 1.762719583378953847e-01
-1.392684831806299817e-01 4.423843454908635842e-01 -2.546413738771063362e-01 2.999876151607093755e-01 -2.336577340353972465e-01 3.369845102589348884e-01
-2.912891935497903262e-01 3.301805147341642099e-01 2.472099637547173767e-01 2.448073234696556133e-01 -1.460609906432439042e-01 -4.497796724634111065e-01
-4.364911838156685375e-01 -3.654931118126182876e-01 2.667942990920457169e-01 5.505687648083328334e-01 -4.149777525544046108e-01 1.142691268972897689e-01
-7.330289985092638787e-03 5.722682696191516705e-01 -1.365965624376858367e-01 4.216599585099298220e-01 -2.938225265315297374e-01 1.200239736058231477e-01
-1.840683560798993534e-01 3.062286959499718186e-01 1.935993969963896999e-01 6.954472342568476240e-01 -1.465212783924047524e-01 4.707367540601237188e-02
-3.607476948674728234e-01 -4.004530419459772506e-01 -3.672051956915740184e-02 5.092481489574356424e-01 -7.476284463896215593e-02 -4.069003773484579090e-01
-2.310917775522607076e-01 1.133170866437952229e-01 3.880377889062059382e-01 1.797367094475729732e-02 -1.947208006699609195e-01 -5.301555798044688128e-01
-2.715476389604131180e-01 2.533648310700754025e-01 3.641954960408917974e-01 -2.368256098878065430e-01 4.333833185864185977e-02 -6.128834415716588602e-01
-3.214145080034528923e-01 -4.565303249341944314e-01 -2.480459445136361241e-02 5.054127318301742111e-01 4.897009116352990521e-02 2.218247728067412883e-01
1.075320436159085263e-01 4.572755838208870105e-01 -1.883563044577944434e-01 4.458375257152375482e-01 -4.686638491318950162e-01 -2.047072650477016476e-02
-4.041151721469908864e-01 -1.300212607900771145e-01 -3.657419950931801167e-01 1.406145496230563063e-01 2.112040751964559260e-01 4.003094394079274587e-01
-5.973521691219156882e-01 -8.112316016582235556e-02 1.308355883337486703e-01 4.727114220384565080e-02 -1.194907753180821236e-01 -6.327013869352546838e-01
-3.804762466852329439e-01 -6.588138474170550374e-02 5.510570289708458525e-01 -7.924023632149570506e-01 -7.885029884858835159e-02 -3.600679250215406135e-01
-2.343879017984381863e-01 -2.926191306227729494e-01 -3.285063477837979473e-01 -8.194601370775436711e-02 3.343277375191300305e-02 6.044736232814913457e-01
-4.363878837431649504e-01 1.387385391336724005e-01 -2.727366433670472823e-01 1.879771566356890355e-01 1.106172567984881616e-01 5.078897012002732136e-01
-4.670526715057518041e-01 -1.063200859345935917e-01 2.304156182065826008e-01 3.182121189872011424e-02 -3.514442175877284524e-02 -6.333313779016945810e-01
-3.326682261008317987e-01 -2.781842778824667461e-01 1.359645373153601233e-01 2.494021868317136681e-01 1.221103645136742966e-01 -5.718194930621849359e-01
-2.718892352733326967e-01 -4.031336423960334980e-01 -1.847273569043188512e-01 2.961836939849107897e-01 2.210339009361456664e-01 3.516568569709879188e-01
-9.913595370367070392e-02 -1.595490222529172553e-01 4.158848375509691664e-01 -6.100149277851978080e-02 2.362033766753361685e-01 -5.016803108894457575e-01
8.373834498474155841e-02 -4.135056585800121476e-01 1.879691921828682832e-01 2.066199981251736761e-01 4.224227446829916244e-01 -3.469362236988924875e-01
-3.342752321014562100e-01 6.607939198567688854e-02 -4.465764750162712904e-01 -1.333689749174556682e-01 -4.123373800499208208e-03 5.305152543010367427e-01
2.721402877083850536e-02 2.329267916893586199e-02 -6.614463857289962778e-01 -5.216618298496429329e-01 -1.700999568753208679e-01 1.517784172298675127e-01
1.644867870814449295e-01 -1.084798630756825810e-01 5.116504851490994987e-01 -6.284842965918973068e-01 -6.077853874031246412e-02 -9.573855337116965458e-02
-9.603759611172121846e-02 -9.620823649897472518e-02 -5.755802782844651189e-01 -2.481700802274272588e-01 2.629867541354622418e-01 3.451991013607956793e-01
1.444174687320704809e-01 1.353254668195969790e-01 -4.653015275059724232e-01 -5.560298111191025461e-01 -8.622484697711493840e-02 2.131445400673247503e-01
3.404141259164327193e-01 1.973711604452298152e-01 -3.626068644323350298e-01 -1.161318245566046459e-01 -4.880551512352337973e-01 2.046290356681317313e-01
2.551955971475113050e-02 -3.609094256343228224e-01 -3.792660662617923228e-01 6.391756738030052176e-03 3.805344465596479653e-01 2.914761431892713417e-01
-1.444298581145321558e-01 -1.115846113230263281e-01 4.699331524973110463e-01 -1.180243957123080362e-01 -2.619689092404714481e-01 -5.183417659819559153e-01
3.587462127836963943e-01 3.017041491031506872e-01 1.004524604084097994e-01 -1.070729222172411288e-01 -4.874471243368263540e-01 -2.998634162378218670e-01
-3.630511479908142269e-01 -3.720774532521831102e-01 2.262802462828825689e-01 5.976640191437434524e-01 -9.589491534709809750e-02 1.989019082411926931e-01
4.084255099185427618e-01 -2.937203853611276561e-01 -1.163672709657202348e-01 -3.129360813988801837e-01 3.196506370170030253e-01 -4.379468777177685790e-01
-4.064482586951433385e-01 -4.272776874125116531e-01 -8.056181647714637239e-02 4.990631996732021181e-01 -9.078442644902079417e-02 -3.390599481721123798e-01
-3.531592212427591138e-01 5.263016622601911498e-01 -6.634780599053700934e-02 4.462600631574153986e-01 8.729682016016948598e-02 3.437784627875649091e-01
2.150150102602589319e-01 3.125127869191121621e-01 -3.449719828992057757e-01 1.085439501678830965e-02 -4.861663251891557569e-01 2.210934895201568939e-01
4.152529850681327406e-01 3.682146728126644009e-01 -1.262998847878944175e-01 2.641783359829233957e-01 -6.201685787266698613e-01 -1.428829629193492934e-01
1.476403458211364150e-01 2.468603013975331772e-01 3.599672143173189842e-01 -3.592780208806070075e-01 -3.690244195132759697e-01 -2.431246361076819240e-01
-3.084371417328352627e-01 2.662712348040882637e-01 -3.355180171251612720e-01 6.090591462923178323e-02 -2.841123529481343057e-02 5.458150348668406870e-01
3.677338535127243624e-01 -7.857114510541068908e-02 2.254611331081942394e-01 -3.874895152141457633e-01 4.491781566610398291e-01 -1.632782883734225921e-01
6.419915139792330139e-02 1.714855778609542802e-01 3.927867396496699803e-01 -4.028134079055471495e-01 -2.599384813297070940e-01 -3.790762991106240709e-01
-2.015024819398616995e-02 2.389948926838578180e-02 -6.298356893449700289e-01 -3.657139487315060888e-01 1.167287148803740349e-01 3.039568270863268751e-01
-7.122603123970329408e-02 -5.133487635708468000e-01 6.470200911961859064e-03 4.104999681779035736e-01 3.265735729494885220e-01 -2.434708523372560440e-01
4.005555163385894346e-01 -4.530754063252728780e-01 -3.311565275994110547e-02 3.129002123599019525e-01 5.258559593198603999e-01 -2.175334638318610903e-01
-1.018753193148881769e-01 -5.542356897800738286e-02 -6.639272053102504012e-01 -2.481698161610916831e-01 -3.300724042031142891e-01 2.864232234801028509e-01
4.031465001767717826e-01 -3.704727705843537944e-01 1.536228190133936966e-01 -5.770130264407221654e-01 -3.481505766339986763e-01 -4.332646897265796104e-02
2.865173608608417299e-01 -4.627183540579482557e-01 -9.777558565222618792e-02 1.532439252300812349e-01 4.965177683063828340e-01 1.514316632524066453e-01
-4.784189758752120936e-01 2.396412696997632374e-01 3.166883364618555685e-02 5.085609629220961825e-01 2.055240424064230520e-01 1.888522144899504041e-01
2.173196472546977676e-01 -1.326103784487873138e-01 3.985853894816558385e-01 -2.809929185077097991e-01 3.990025756309437677e-01 -2.863031079089106146e-01
4.376456134315377944e-01 -6.303232005620755529e-02 1.862885399217228122e-01 -4.347715577202275195e-01 -5.135901336134188755e-01 -3.147296503428459458e-03
-8.033664832797007271e-01 -2.377525179288523804e-01 1.568461733540137126e-02 1.766411441926739601e-01 -3.543948393185120116e-01 1.768665609792187121e-01
-2.837825520382518674e-01 2.754690125669956857e-01 -2.821536142114174361e-01 2.759504471675156001e-01 -1.644434510160875940e-01 4.201112887877134772e-01
-9.747155286676457975e-02 3.304625993903831938e-01 -3.428865939235568039e-01 1.936061807251340250e-01 -3.388463700305658910e-01 3.407063086578484556e-01
-5.333333035884164630e-01 8.058023702159188006e-02 -1.680992342699731135e-01 5.767480460578067181e-02 1.692241249267287251e-02 6.360506879615480669e-01
-1.740058523303060212e-01 5.098371887026849070e-01 4.899852626401433008e-03 6.451305170867065453e-01 -6.371554657149336443e-02 -2.371196666790466485e-03
-2.339914377204978246e-01 8.478659976780689167e-02 5.290337907040941756e-01 -5.064356539754731878e-01 -1.540684603622700377e-01 -4.030190024784967573e-01
-4.846912524805606637e-01 3.121734155425478496e-01 -1.504353147729598494e-01 4.044355716017972169e-01 3.748558633516074767e-01 3.029126767676271204e-01
-9.438676899662047648e-02 -5.984440152567213067e-01 -1.141311997470099426e-01 6.521297072279423901e-01 6.692107306591354998e-02 -1.125659628084258734e-01
-1.889681132174411693e-01 -5.197068710061826247e-01 -2.533088840715708723e-01 3.124952830645275070e-01 1.482256308354874541e-01 2.966007768481849216e-01
2.392833558681063399e-01 -3.906498189326113035e-01 1.726116765500108619e-01 -3.172898394162809721e-02 4.674358404232594744e-01 -2.635549348253369284e-01
2.082635404779284716e-01 3.510807586518853163e-01 2.715142424360302842e-01 1.315077405549082701e-01 -5.248101428143050473e-01 -2.048508233558703484e-01
-7.161943115389780845e-02 -2.048318687710697361e-01 -5.167210843729255210e-01 -3.010304880599557475e-01 1.856884198494493932e-01 3.748306365860953893e-01
5.466047323759666288e-01 -7.822838821729714842e-02 -7.440193618775760298e-02 -2.738696175022936607e-01 4.854818071560458304e-01 -1.695473870721458109e-01
-3.792248279127551913e-01 -1.888276793439576384e-01 -2.410333222138375531e-01 1.651065395735291097e-01 1.868807768388458246e-01 5.089976893605147046e-01
-1.908048316348610329e-01 5.812904442247449621e-01 7.028692523615409637e-02 7.006098198315253711e-01 1.291698179909936406e-01 3.919257711528981170e-02
-4.126023209201913344e-01 2.448258913799806480e-01 1.923275418697975025e-01 5.797371627132825722e-01 1.214312999955003414e-01 1.863172141659629466e-01
1.998401242048061244e-01 5.298416323039910614e-01 -8.293095145947380897e-02 4.729201655612884081e-01 -4.318515023373300510e-01 -5.898088263928587954e-02
2.692016735651874826e-01 -3.448104982520509565e-01 1.420403740401862680e-01 -1.068433333325983225e-01 5.001704338739210165e-01 -2.382192440245877174e-01
1.227310291991786789e-01 4.535419695369738435e-02 4.695330829991035682e-01 -2.988669589409083116e-01 1.276838275857991312e-01 -4.335045509432547961e-01
6.226733149775211945e-02 -4.526816311796508230e-01 -2.738416550153990880e-01 1.733901735183376036e-01 4.829977443161209139e-01 6.105507571380724974e-02
3.453767189409081562e-01 1.653352628552705039e-01 3.293533098483863442e-01 1.132486272807496364e-01 -4.276874197523606314e-01 -4.416464612119310185e-01
6.195019290830600101e-02 1.769367472019801046e-01 4.108031089109068779e-01 -3.489550010778086353e-01 -3.142287594617922952e-01 -3.572550702779833109e-01
-5.742572377971798953e-02 -3.378227418077167643e-01 -4.471813732595823487e-01 8.959722396860936300e-02 2.645752954770219656e-01 3.373572539034702111e-01
1.548450278378080691e-01 -2.406067552169247614e-01 3.616729131444816892e-01 -2.654655003013369208e-01 3.487476834162803740e-01 -3.282549132248658852e-01
3.001271513246133171e-01 -2.124919420080433330e-01 -3.393054180122303531e-01 -6.750837807945223590e-01 -9.886628808540386115e-02 -1.494295410663188106e-01
-1.595022639672482589e-01 4.715751346804992195e-01 1.599324809638945077e-01 2.183348777581576861e-01 -1.791107711139030001e-01 -4.987381091897071239e-01
4.757877177983602102e-01 -5.443167199389281619e-02 1.760123313533344946e-01 -5.137624171152128660e-01 -1.951948929736844751e-01 1.447673939726383807e-01
5.226773862893662609e-02 -5.985727398862092929e-01 4.641081842284612569e-02 5.155283218634392206e-01 2.730958993519292388e-01 -1.135373462742220591e-01
2.607805028825068150e-01 -2.484354773070996669e-01 -3.925342128365912342e-01 -2.228489436355913234e-01 4.902512732327005684e-01 7.698090197607265761e-02
3.851706253897607679e-01 2.674249488611621373e-01 -2.354304093126280972e-01 6.372214306926177185e-02 -6.502393338466494477e-01 -1.842872281634683196e-03
2.170985365376401285e-02 4.407578069417280586e-01 1.211121566252409965e-01 2.716651119104688816e-01 -4.714898181632634078e-01 -2.034285023993670505e-01
-3.794993101429313676e-01 -2.668131708394468893e-01 -3.094450881683642463e-01 -1.749671788775136738e-02 2.251083094650954686e-01 4.823676298499293136e-01
-2.592830288087943219e-02 4.715346075875259113e-01 -1.845405660175885032e-01 3.578323039943712147e-01 -3.840254479806652355e-01 1.629429413995162057e-01
3.053697900630521489e-01 -5.071357238652678401e-01 -1.672150749029059080e-01 5.770957716528694048e-01 4.529273251902203867e-01 -1.005522459250594858e-01
-2.818774995228928715e-01 6.890024878089560934e-02 4.051225384342297398e-01 -1.321409101190271496e-01 -2.139821127851697646e-01 -5.422720590321606915e-01
1.528763625275218196e-01 2.854264286000498529e-01 -3.734477639148843231e-01 4.029742272952913096e-03 -3.968198955843702525e-01 3.423627115432771317e-01
2.997992532369316288e-01 -2.109120131840003798e-01 2.885366551817600267e-01 -1.237707640306179857e-01 6.030904014659759227e-01 -1.089410289917995267e-01
1.252109175138633457e-01 -3.414724991716114322e-01 2.891477793303497412e-01 -6.550113409204968984e-02 3.733098820006690022e-01 -3.836932575706024640e-01
-9.798234678760731065e-02 3.836181270027797519e-01 2.028202567209047569e-01 7.133940865286142463e-02 -3.697998872549830285e-01 -4.325469118725375761e-01
-4.894608939077991216e-01 -7.105198642153492949e-02 -2.554546173690547262e-01 1.781584929558613917e-01 6.474674786630077450e-02 4.765584003086446030e-01
-2.215471362018784085e-01 3.472611105127857423e-01 2.519234215673606947e-01 1.687377685024375185e-01 -6.050483961471536665e-02 -5.735489420382049452e-01
-2.663725640379461246e-01 -3.791705708331370994e-01 -2.797133410701881373e-01 2.456805555622950110e-01 1.852708099714805989e-01 3.677490364800735656e-01
-1.410903735029223061e-01 2.188637757885225632e-01 -4.420541450558238550e-01 1.131700509210639694e-02 -2.376656658584213599e-01 4.345032460255138229e-01
-1.491759541371769082e-01 -4.212403227826331809e-01 -3.263309970495706924e-01 1.930004493871518012e-01 4.008237613879945260e-01 1.287799239222984227e-01
3.750878206600213316e-01 -1.285340993807721210e-01 -3.692216562059751905e-01 -3.177878561038549599e-01 4.615742446830730650e-01 4.513982706102293019e-02
-3.166926836456848693e-01 2.482597837351492587e-01 -3.164668063547099730e-01 -1.283573803893858500e-01 -8.713672233083094576e-02 6.065927785400522243e-01
-5.146695619659286125e-01 1.212779159676536933e-01 2.679557039417745923e-03 2.288442841351284729e-01 8.883535769945674621e-03 -6.565280460386919703e-01
3.161246801715032473e-01 1.158046054436054351e-01 3.632232779035361458e-01 -3.330124643095824788e-01 -3.869422406782520585e-01 -2.076239664354966319e-01
-4.008260688065261590e-01 -2.275517899859782478e-01 1.933303912256233714e-01 1.957726339149253869e-01 -5.193911787860858165e-02 -5.897597551217754752e-01
-2.455091923970651735e-01 -3.942402304070627972e-01 1.911105024163208821e-01 3.363712565614362937e-01 1.141424615152821787e-01 -4.436825202876490959e-01
-1.963928193047844439e-01 8.588966213322082183e-03 -6.754537664112074680e-01 -5.674314301233863711e-01 -1.180405350775191528e-02 2.529397245334770172e-01
-4.487549065652294278e-01 -9.978983778004059391e-02 1.794967746339526105e-01 -7.656908522661709515e-03 -8.814774791743446025e-04 -7.124952053666709917e-01
-4.124788858119419165e-03 4.750318438131218707e-02 -5.965853762129861293e-01 -2.149882346295943492e-01 -2.271225459942794456e-01 3.415603030144209740e-01
-2.171395237504189502e-02 -3.340934507284811228e-01 3.321661050287793016e-01 -1.100438944640669547e-01 2.817575873544690412e-01 -4.507293670635698080e-01
-2.181809837749578984e-01 -8.078874485999824884e-02 5.674130167426598703e-01 -4.594438095781663289e-01 5.273934055483815719e-02 -3.938166640781618488e-01
3.700729613531233420e-01 -2.490056700253390209e-02 -3.990289789782760499e-01 -4.203917637639177918e-01 -4.644375970587866220e-01 2.755362445858400289e-02
2.677671991089417350e-02 -2.434926756237066059e-01 -4.541450617424933611e-01 -6.710547359804977519e-02 2.616504426241240688e-01 4.037690154405351173e-01
2.576171075493353668e-01 2.740369737879643774e-01 -3.836385597191996344e-01 -3.909660143707321955e-02 -4.841717574915109235e-01 1.969477772808173044e-01
-4.825539717757205693e-01 -4.874470095297826072e-02 -4.006801070289160438e-01 -1.957489701362141177e-01 -3.461409224039270482e-02 5.572046547937024030e-01
3.382387567289767971e-01 -4.661249202337637842e-01 6.688721328467465976e-02 2.761786313627090372e-01 5.132809992079594430e-01 -1.252392705795643546e-01
-1.219629206747718242e-01 -5.184133164004685046e-01 6.922543659067102728e-02 4.075112135883910969e-01 2.335080117682957201e-01 -3.235486172764290291e-01
-4.639357147818753413e-01 -2.186527961360875405e-01 1.897398293968329264e-01 5.322775998362953009e-01 -1.360887591792987183e-01 2.169833897162174730e-01
8.572647271411180936e-02 3.735690512381106276e-01 -2.941793472918929342e-01 6.871052994952184245e-02 -4.317829844332604083e-01 2.983732295583059746e-01
-1.245838386627224348e-01 -3.068479199399075721e-02 5.338561255496500069e-01 -3.143690469430263645e-01 -2.560776209040643292e-01 -4.217482106658759777e-01
1.037923086111737225e-01 -2.654129914068632107e-02 -6.172378934346546275e-01 -3.409009096460817734e-01 2.101185574687161883e-01 2.466139769144359839e-01
