2.733516454923422545e-01
-6.272767899307696293e-02
-3.666597644117606247e-01
6.973675414908965253e-01
3.485462668685773480e+00
2.249039034856944730e-01
-3.174936059573640890e-01
4.066638024186693401e-01
2.553485299613393877e+00
2.403935104831265157e+00
-3.868775352343888779e-02
-6.507077477000989818e-01
-1.045841608259324984e-01
1.029972305779834896e+00
1.278221449504855611e+00
1.851889441417109150e-01
-3.876576686500943780e-01
-4.273109454888571745e-01
9.015083181992670225e-01
2.417753380748555614e+00
3.859123070454578142e-01
-1.301322973672018601e-01
3.849810040363778607e-01
2.249952516789500034e+00
2.862179393887535284e+00
2.014267554907778479e-01
-6.039136333839956183e-01
-1.724951787293987349e-01
7.999772505561150160e-01
1.637135243224847825e+00
-3.909308998685999681e-01
-3.232958554678298513e-01
-1.199614287380735278e-01
1.146065953087994860e+00
6.786372077308178152e-01
4.651915850312505207e-01
-2.765998245523694221e-01
-1.544691047637742620e-01
1.398699678686198489e+00
2.466343788327045150e+00
1.734742127904229936e-01
5.475558829877962275e-01
-4.292722888110472867e-03
1.425110740534504261e+00
5.083108326058615845e+00
4.000347645685946030e-01
2.219594042373615461e-01
4.745813933983202004e-02
1.771443899966641533e+00
3.527451128191487317e+00
-1.553144481057487092e-01
2.099036994412853407e-01
2.751035345363802564e-01
1.918506776485378040e+00
4.949276410514009683e+00
1.149498841601883231e-01
-2.351228524470263259e-01
-4.637581266397765578e-01
6.134177990212738019e-01
3.012040398364954186e+00
-1.712412724164513733e-01
6.344201911857792753e-02
-4.335270843468709279e-01
1.348692535285954675e-01
4.735616041323279291e+00
4.412827827205274001e-01
-5.184341233353986222e-01
1.564411882339681592e-01
1.896112505094461165e+00
2.938048512505306409e+00
-4.346162678004243940e-01
-1.787220034880752928e-01
-6.921720153556154553e-02
1.284058104780056331e+00
6.107568000117124640e+00
-4.272858804562431473e-02
-4.139455033739856127e-01
3.773069619843708589e-01
2.791430351160480328e+00
1.312173879077317196e+00
2.523478825194638286e-01
1.201196593981931071e-01
3.400999460313260947e-01
2.169927975166321410e+00
3.982636592060818437e+00
-4.449706633529730837e-01
-4.310336991502710657e-01
-1.304409811395701446e-01
1.079530277176393716e+00
2.033113783813728093e-01
3.745828856097729309e-01
6.194292899088444521e-02
1.969909661766010567e-01
1.757822847171629954e+00
3.317470112121845283e+00
9.483252230412304862e-02
-5.178146431202144129e-01
4.245312721977332893e-01
2.660585655472443189e+00
1.400471335617076818e+00
-1.079120981654540790e-01
2.093869763903053738e-01
3.803880162178463475e-01
2.200843603432272921e+00
5.438657557666463305e+00
-3.236586578184070390e-02
2.370835810065575477e-01
3.588122100758906474e-01
2.453042605800382692e+00
4.655488247609136820e+00
-7.916194951631913557e-02
-6.493002348077686614e-01
-8.783269047273303820e-02
1.606861940984860126e+00
2.079525443605474866e+00
9.205136331280054651e-02
-1.668442621532105763e-01
-4.756058577421496958e-01
2.806600191888988238e-01
4.588154706015011186e+00
1.821086037472902930e-01
-1.246181078507618556e-01
4.627156609960088596e-01
2.630992943695734887e+00
2.875090664840040500e+00
-3.085096106165105545e-01
-3.374576982827457439e-01
2.627353729895298695e-01
1.937714370517091611e+00
2.670972523801797838e-01
-4.378780489933255526e-01
9.503960848166510822e-02
-2.027769403875778753e-01
1.267913330254208715e+00
6.306866459100311850e+00
4.189919883189535676e-01
-5.070794192914613863e-01
3.156628927572897869e-02
2.041842059930720321e+00
2.243849359517628095e+00
1.448821256123188628e-01
-5.014959163195140679e-01
3.089354146866331030e-01
1.900431623460848041e+00
2.405821660791435779e+00
-3.472949199663238340e-01
-4.547906755858493466e-01
-7.158619336161744237e-04
1.238563667797268231e+00
4.495677573698338425e-01
5.838023680285800987e-01
-3.217888857773200662e-01
1.238582514806653989e-01
1.554350804454840418e+00
2.249129943647601770e+00
4.380571981986942642e-01
1.967899602514897317e-01
-1.515533298610476087e-01
1.621004446182764847e+00
4.226584222257325330e+00
-7.865084942039841931e-02
1.463532056299129414e-01
-4.027678911677154971e-01
6.794693674536190775e-01
5.246761968481029825e+00
-3.144130235425162678e-01
-3.967096449253872392e-01
3.181715735649681132e-01
2.695675131098167920e+00
7.668018646360562629e-01
2.121563298239313444e-01
9.585733154034284387e-02
-3.875625899353484227e-01
3.217284132140566522e-01
3.303228479869551482e+00
1.712299413606672704e-01
-6.823793020674062682e-01
1.760778967424622143e-01
2.002584230384425457e+00
2.348323116812467859e+00
2.800740341971253433e-01
-1.953474704907099402e-01
-4.862914993777436301e-01
6.228746867401009357e-01
2.440702845100179097e+00
3.408470678653595098e-01
2.324260244530517161e-01
1.168859691531690115e-01
1.602206282826594386e+00
4.490844052932186692e+00
-1.444535036565160711e-02
-3.432545142400609817e-01
-5.019315453122424886e-01
7.116352824200333771e-01
7.116240584372325317e-01
-4.731911900727330672e-02
-2.939424465980756684e-01
-4.122253780473103535e-01
-5.131144974066829123e-01
4.664091903604600908e+00
4.780221365524106591e-01
1.562411483688902480e-01
-2.147481690407572127e-02
1.724830126323982027e+00
3.909741782495518958e+00
-3.768592487552934744e-01
-9.091221495956067211e-02
3.132312847274593137e-01
1.967089815428749944e+00
7.989443492516021261e-02
-4.068961598025717108e-01
2.241430261381705258e-01
8.290391350414959282e-02
1.533828349357161391e+00
5.132118099757960294e+00
2.341756046463624730e-01
-7.234580396926767465e-01
-5.733869663590405313e-02
1.289488243060642247e+00
2.488367154825473548e+00
4.739011277750151407e-01
3.051746916062159087e-01
2.896980747846730209e-01
2.248273470975963750e+00
3.323577606163808706e+00
4.732833049577262613e-02
7.383116713613270543e-02
-3.774090046122158260e-01
3.313125426912260085e-01
4.527485047774778337e+00
-3.253174261063175587e-02
-6.049442769183822621e-01
1.406645735530936137e-01
1.517651963057192077e+00
1.724290461603606772e+00
3.356061998964014470e-01
4.760492659787857184e-02
3.841492819943910231e-01
2.265523464245248420e+00
3.634204503062867353e+00
4.445451099630226555e-01
5.010939536210989864e-02
-3.367553019254767577e-01
1.168611035429644840e+00
3.662001603173608899e+00
5.647775539180152071e-01
-3.195117150605528700e-01
-6.443557660217241745e-02
1.553830473771484533e+00
3.426443927620159702e+00
-4.813565413705672702e-01
-1.526591330612971364e-01
-2.447954047355259399e-01
9.881622628614732395e-01
5.238070214530725632e-01
-1.616364965125849373e-01
-5.559717254719943602e-01
1.276939792379377103e-01
1.869059431787817527e+00
7.675941849651640725e-01
-2.771878394637876664e-01
2.189622576943089094e-01
-2.317503193371989179e-01
1.227826965374117840e+00
4.830955505275202455e+00
2.117189419083515545e-01
-1.332897925982134690e-01
-4.550203551612270747e-01
4.967282248492508323e-01
3.111455553517506356e+00
3.572508348434661613e-02
5.728776084572582972e-02
5.950403936212572686e-01
3.010506245776549239e+00
4.114614167830288327e-01
2.818242719776672400e-01
-2.206079211361086923e-01
-3.538801901837998476e-01
5.761394147180044500e-01
3.432371554615730069e+00
3.188548755710381433e-01
2.477269984515755863e-01
3.323462000390266929e-02
1.531080494638467293e+00
4.279748963741971224e+00
-2.070001963509450482e-01
-1.190754148911114252e-01
-3.725697113119391668e-01
7.299923807406177856e-01
6.117296221235904774e+00
1.082273176652657626e-01
-1.663118098649837284e-01
-5.001798134223791603e-01
3.215129632916778335e-01
5.769928805421908002e+00
-3.376660391242696235e-01
-4.903744621318685826e-01
-3.257465066744472670e-01
6.268504628762381348e-01
3.938620717553558137e-01
-4.298260135667594239e-01
-3.317128094760393719e-01
1.373062352646065298e-01
1.808448479013661236e+00
-1.917847091523696909e-02
-9.725815936026832934e-03
-1.375242976106214599e-01
-4.924413004677185568e-01
4.734794072019472555e-01
5.244959013375400936e+00
-2.003757919214322336e-01
2.042593128067752839e-01
2.595025459142102919e-01
2.295726528115800136e+00
5.133686281520141392e+00
1.945334378535193975e-01
-2.537753373775186727e-01
-5.853717439141700174e-01
1.993545080622834420e-01
5.701697389223491008e+00
-4.479488505277788857e-01
1.079142826251011378e-01
-1.791487943629133661e-01
1.617795227682513604e+00
5.615310314324734264e+00
-4.821472630737013154e-01
-5.319649346296528164e-02
1.867369337126414397e-01
1.473175347386433964e+00
5.871249378519577178e+00
1.181577117742695637e-01
-5.575788704010818941e-01
3.306096502077953692e-01
2.615749844902572452e+00
1.835966778303908420e+00
2.385851213751209732e-01
3.376928712238263519e-01
-1.859723709671618624e-02
1.245272355780784324e+00
4.159548472734195812e+00
3.438311817086504019e-01
-3.770781146420044139e-01
3.967616081886887192e-01
2.064535515125983434e+00
2.695423370518354123e+00
-2.821723063183650404e-01
-4.299612535308927619e-01
-1.926805305138625246e-01
1.177449542750300671e+00
2.833446510645311056e-01
2.864081253177879205e-01
2.511930079917160108e-01
-1.207531776849860156e-01
1.358513534337165041e+00
4.883237878279455657e+00
-1.965464532203141657e-01
-4.418449799541442347e-01
-2.700433952836495122e-01
1.161818404166718777e+00
1.002065416282245769e+00
-2.414461060438307938e-01
-6.347569927848514260e-01
1.937336343368946390e-01
1.737530871144066014e+00
3.957509021090219736e-01
4.374864905407074844e-01
-2.974757534444549822e-02
-2.100397152178025417e-01
1.075689670455059366e+00
3.074427235344713960e+00
2.793926034806948344e-01
-4.450164411364827544e-01
2.761423625538206306e-01
2.117912741091109829e+00
2.177743807551603350e+00
-4.705415115361040734e-01
2.007998376144174701e-01
-5.179003974621362134e-05
1.241827432610404847e+00
5.223679867215051509e+00
1.618062295501976056e-01
8.305668195406235021e-02
4.389666529066392209e-01
3.302412368677114962e+00
1.498682290963009978e+00
-6.852334027391306093e-02
-8.084403710103223173e-02
5.533785762311286271e-01
3.441630915929782208e+00
6.764263688963843835e-02
3.197217300631254033e-02
1.062537373609244162e-01
5.121272515779775603e-01
3.000438940712331970e+00
1.751642092581189081e+00
8.136805804946917187e-02
-4.995966738144811403e-01
-2.731536357395207282e-01
7.136708134667090198e-01
1.864599341785072362e+00
-1.863354259992290596e-01
-3.635290895607918293e-01
-2.652925122662403989e-01
1.428358216333041053e+00
1.465132459400264375e+00
-1.388289062334602531e-01
-4.421305033372669585e-03
4.197624662245453830e-01
2.470100462053305357e+00
5.973902186744023624e+00
1.176437595888014109e-01
-4.313882964952363008e-01
-4.069581505287548917e-01
5.093982900154057081e-01
2.381760940899803725e+00
3.974590354390919456e-01
-1.831801314059594565e-01
3.998960856190360014e-01
2.130194941992572311e+00
3.133653135285253022e+00
-4.404277996034775544e-01
-1.366325167208820579e-01
2.576888322117740215e-01
1.889612146563011796e+00
5.622988943900398162e+00
2.908878387551743980e-02
-4.924288091762120123e-01
-3.186627689410686526e-01
8.211489164396515994e-01
1.740694181350797676e+00
-2.178201889059644680e-01
1.224719831191901781e-01
-3.151194618769949107e-01
5.260998787931978615e-01
6.021952148599940102e+00
5.445047393795030555e-01
-3.053505775874716666e-02
-1.398707130085680497e-02
2.046973521509906746e+00
3.296374461011234214e+00
-1.375127891643711242e-01
3.566963218194680318e-01
1.270108665079552890e-01
1.798171135216268590e+00
4.321636588943150059e+00
-2.383359768107065901e-01
2.285981109175143078e-01
-1.432385749378785843e-02
1.377155038153256905e+00
5.509725584490217543e+00
-1.164280947576941949e-01
-5.003418894365927599e-02
-3.961628323877824931e-01
6.256504437259368112e-01
5.755084097194627546e+00
-1.669846823440386263e-01
-2.993940031481820974e-01
4.710416760254974022e-01
2.519979474998339075e+00
1.756111335336877799e+00
4.107372432647154320e-02
-1.274561412849744835e-01
5.546072000431138127e-01
2.713750696125006634e+00
2.968568564039498980e+00
-4.864506777643618635e-02
2.816846191491806928e-01
-1.882374533351861556e-01
1.060830981082701685e+00
4.874881048111907589e+00
3.288771293827060793e-01
-3.402692677378053032e-01
3.689297869230928062e-01
2.398502502030899652e+00
3.708474590567618634e+00
-2.879347126075799124e-01
4.635700600965158569e-01
1.754826602206794595e-01
2.056979520052121480e+00
5.731341202456191830e+00
2.756951228868834147e-02
-3.069037281772252768e-01
-5.015000151269671802e-01
2.119655357672773355e-01
5.592538160097550559e+00
4.667643131141021029e-01
-2.782788042455810462e-01
2.435695145724560140e-01
2.161678954634337568e+00
2.955248726133960613e+00
7.745084687260914147e-03
-5.316640684050664145e-01
1.813274023300159854e-01
2.072371287451817423e+00
1.407753968056984162e+00
-4.547022543923296550e-03
2.358173219741644122e-01
-3.408877681234266377e-01
5.849554205671730900e-01
4.430041383816448075e+00
-3.318490791114365179e-01
-2.293432165590333638e-01
2.746668435610853387e-01
2.229801641888769392e+00
6.317462711985405655e+00
-4.809183259025836543e-01
-1.849651276697055480e-01
7.486451989100093019e-02
2.159213380538220317e+00
2.637322049386694456e-01
2.792566331780675926e-01
-1.711414363711825926e-01
5.267352482596372454e-01
2.970559225908262047e+00
6.346518220730092141e-02
-4.006303459490907493e-01
1.832383682366384714e-01
-8.850610061715627475e-02
1.466464246919622738e+00
-1.155654585978432430e-01
-1.081360748090630548e-02
-1.887139796783315615e-01
6.154996420347258468e-01
2.668423577033701921e+00
5.231896647764039621e+00
-1.928887745370038986e-01
-5.600032013527461716e-01
3.137259189475148646e-02
1.902716775740198596e+00
1.641117058411877938e+00
-2.648374545136643332e-02
3.148782652471721066e-01
-1.465039597348362088e-01
1.197089006501870001e+00
4.404469733622764949e+00
-7.992386906841772443e-02
-5.589283334663479597e-01
2.532837886848470221e-01
2.245438511845579743e+00
1.610084286231562745e+00
-1.158541234026154720e-01
-4.899050717063701543e-01
-2.775578708900564018e-01
1.263001757006877890e+00
1.213004181738025045e+00
2.740065542985735680e-01
-2.280384128001611832e-01
-4.825682426174073836e-01
-1.767909636250173389e-01
1.490537836197926236e+00
-3.558360935776393452e-01
-4.267714882403945698e-01
3.471506542492510117e-01
1.387513275292788339e+00
9.129576078549138662e-01
6.109622069828307689e-01
6.657950006572423141e-02
1.273413899012067751e-01
1.832923026905024955e+00
4.091697607328168118e+00
-2.969861460319916935e-01
-4.003605153987007115e-01
3.361726084304363926e-01
2.450696982431996851e+00
9.087133127934508003e-01
-4.797574830130281187e-01
2.737634164253634900e-02
3.240317692184393472e-01
2.005611337039241882e+00
5.114612717455737645e+00
-6.301094950792959261e-03
2.533610145533931601e-01
-3.112460843985698222e-01
4.701145847716163839e-01
4.848097086875029049e+00
5.639039079540306143e-02
1.455856890820315663e-01
4.038658484640061941e-01
2.343113641928697533e+00
4.161839889648787150e+00
3.744822902490483885e-01
-5.051264328308389118e-01
-2.347639874907717084e-01
1.511340617727005897e+00
1.880104032372864831e+00
2.151522979164674498e-01
-4.529093417734499361e-01
-2.579073236182308215e-01
7.603711621766277018e-01
2.144691770910140960e+00
3.192549994717969741e-01
-4.848761852325013666e-01
-2.001272661273462983e-01
9.336618636121886139e-01
1.916805866060963259e+00
-2.926816711919983383e-01
2.567303984006245529e-02
3.025207861941585086e-01
2.361676249039971420e+00
5.693759045894148052e+00
1.001004500524106944e-01
2.207282426341666548e-01
3.237553098838538701e-01
2.938118651785360136e+00
4.436384826440151308e+00
-2.576348571073898072e-02
-2.469558268621534769e-01
-5.084254312074428794e-01
4.546167427141357131e-01
5.379673931790905916e-01
1.379808288407620709e-01
2.748055959838732742e-01
-3.387096373573697528e-01
4.176535225681552999e-01
4.101743920677864530e+00
7.756751453246764870e-03
-5.483905906032879862e-01
-2.193532231097956864e-01
1.318614849819920387e+00
1.974813147640834377e+00
-1.024682147075821059e-01
1.629613269055180114e-01
4.481996877076647734e-01
3.478734334062708378e+00
1.508299128789072796e+00
5.111078517351226314e-01
-2.655980193132621014e-01
-3.001816409200224606e-02
1.477033056555630663e+00
3.278161181906579458e+00
-4.311602735730817731e-02
-4.591961169882532445e-01
3.482924928644770546e-01
2.126053968359506108e+00
1.146770402937424826e+00
-1.848580165793142216e-01
-3.030805472265541423e-01
-4.075953009543980543e-01
1.617583053449340724e-01
6.387124547531704000e-01
4.574721671402211531e-01
-4.135416417787027288e-01
-3.231628254686901014e-02
1.728244455202329721e+00
2.017644593588237445e+00
-9.524922113843080351e-02
2.881021453019243506e-01
3.801805067039749630e-01
1.989515194575561363e+00
5.167495069676446562e+00
-2.851096411230810701e-01
-4.736308651599790420e-01
2.944488501738952713e-01
2.303361898881487679e+00
1.169916379567173648e+00
4.904556028497015219e-01
-2.869623805274150452e-02
2.817148309297801689e-01
2.352038849761493911e+00
3.247514815851218817e+00
5.595058613778788326e-01
-1.037396519885907947e-01
-2.432394009738736776e-02
1.639574857017906728e+00
3.628817126866501042e+00
-1.532740504632403855e-01
2.948938347525026371e-01
1.959838555755896716e-01
2.088502973731928947e+00
4.611022421189924891e+00
-2.890251538359994710e-01
-7.228394223735772339e-01
5.238438206411284020e-02
1.371566808739083321e+00
1.727855851920331309e+00
2.278713190775454034e-01
-3.904974524589013285e-01
-2.833254161802194471e-01
6.137788643997232896e-01
2.295503314801731864e+00
1.693957641651477330e-01
-1.935763531034510321e-01
5.086177253898768180e-01
2.757180947315807540e+00
3.404194637023461478e+00
-1.957423029069649545e-01
-1.818046855619125379e-01
-4.382370557711788295e-01
5.732805741484046091e-01
5.078135047109442191e-01
3.489605758477773989e-01
-3.585946600478508439e-01
-3.409730691455652996e-01
1.218215715674419330e+00
2.136567816533304409e+00
-4.059021841202715142e-01
-6.410326209774076800e-02
2.496374340615896137e-01
1.778939427257403283e+00
6.601378571092081593e+00
1.540533779307118323e-01
2.904865610841287915e-01
-2.866178836625417059e-01
6.831237215227723425e-01
4.781662479411948219e+00
2.577947917209135187e-01
-1.228853416748949268e-01
5.821591214133673420e-01
2.754501554617891923e+00
6.540826411129312401e-01
1.039734209388010373e-02
4.373578924979469318e-01
1.959167291863857241e-01
2.153892778796691054e+00
5.206804513408701318e+00
4.402020696905302732e-01
-1.385710346139990279e-01
3.370834909008936231e-01
2.652061914882508642e+00
3.209762580775236795e+00
3.757522020684384012e-01
-4.924113833558885767e-01
2.053798882178416996e-01
1.740018565950107288e+00
1.815880555892506187e+00
-3.861433877964732253e-01
-3.740826745418467381e-01
-3.352487009584256827e-02
1.603706825693328897e+00
6.281568937085416637e-01
1.472200553981140581e-01
-2.146182478594270762e-02
4.994305155926204165e-01
2.546889921350315333e+00
4.096877659302857744e+00
1.701405576229292615e-01
-2.848276377288137540e-01
-4.423114034737830047e-01
2.855791924026265249e-01
1.681959077459011853e+00
2.892794172714124312e-01
2.240923122951915814e-01
1.237672801056741989e-01
2.139346445071337754e+00
4.245042204101937777e+00
2.506247019466898429e-01
-5.418984631726696533e-01
2.247070250962528160e-01
2.014635429579965553e+00
1.566800716449339159e+00
-6.777619290115790562e-01
-1.908593442575427235e-01
1.225418167592180058e-01
1.972203210219529046e+00
-2.444834065198005779e-01
-3.395545832458840008e-01
1.235333097156916526e-01
-1.152599766462881897e-01
1.142315263973723072e+00
-2.642279031256141164e-01
2.302367634831007925e-01
4.095069676204470266e-01
-1.628145286301382055e-01
1.159526959945793356e+00
3.885244409457436543e+00
-4.949215964789051986e-02
-2.568213702236335494e-02
-4.525456494665081597e-01
4.664354609504059446e-01
5.799055037063256535e+00
5.637350240323106554e-02
-1.288017420343781083e-01
5.495696517647356005e-01
2.612941135766151390e+00
1.521064215680378418e+00
2.927775846443612662e-01
-2.848166499161344789e-01
3.527145479204827905e-01
2.390653497360909263e+00
2.842268358164999231e+00
-1.690608177691086123e-01
-1.726382310560562461e-01
5.345214401373957758e-01
2.380859298868212459e+00
8.086084169076265815e-02
1.160885063170099957e-01
-7.573933528942669580e-02
5.300816506549671514e-01
2.539375958406259404e+00
3.388316203726455367e+00
4.824014554537455757e-01
8.896709403472984057e-02
2.387907477991523808e-01
1.621065272610322072e+00
3.134000706265892333e+00
-6.490943182044922599e-02
-5.821866054805376889e-01
2.775462520575417980e-01
1.957285320146859853e+00
1.922404305389842305e+00
3.224179721571465707e-01
7.599174264151747904e-02
3.540670296691480479e-01
2.185586687247418780e+00
4.402713804856677626e+00
-6.886465559460493158e-02
-5.580135845314394549e-01
3.013628217537388521e-01
2.539306478580329873e+00
1.307435628562241714e+00
3.226113129502177768e-01
2.369601605820220447e-01
-2.016087008055035823e-01
7.215075937338211176e-01
4.304998207931508780e+00
-3.076817654787488143e-01
-1.124716721380273898e-01
3.189291674853434455e-01
2.281739228480982984e+00
5.940433379326466756e+00
9.350668078374964332e-02
-2.432983687641673831e-01
-4.833127140962902302e-01
-3.729751902474143788e-01
2.598850507766105600e-01
-1.412904059798745504e-01
-2.214280028436225456e-01
-4.364783322785453779e-01
3.582085978131552828e-01
5.359380121010132392e+00
9.525872922526350262e-02
1.760373407224461173e-01
4.090584020407127541e-01
2.545831230050096927e+00
4.716446468740633335e+00
-2.452231626289890776e-01
-2.802266043730838319e-01
-3.056990672996184877e-01
7.797458738640383746e-01
3.388393868250813568e-01
-3.673902588442150563e-01
7.237603940182861517e-02
1.333669994486037236e-01
1.871603073942867512e+00
5.827854292725177743e+00
5.018794423368805324e-03
-1.304730282096303595e-01
6.333325526085032964e-01
3.727048985174444162e+00
3.484905300887208401e+00
3.170570425661390912e-01
1.964018220237561119e-01
-2.517120815521834976e-01
1.331008624730789069e+00
3.560727529898422006e+00
2.403871076081806890e-01
1.397704920615543689e-01
4.040255448990331955e-01
2.616194975828459501e+00
3.881598574529301793e+00
-2.802296965492874770e-01
7.697811352365462045e-02
3.067175514078397947e-01
2.592427441146883282e+00
5.808184413306198834e+00
-4.602067365110656255e-02
-1.328818502493123166e-02
-4.562572205405994730e-01
2.812342447165616099e-01
4.182786534584306271e-01
7.324653083893446770e-02
-2.458516054759614933e-01
4.901327772400155269e-01
2.847923033404887949e+00
1.595310976482749554e+00
4.840363736312110476e-01
-1.704069285203236583e-01
-3.741662687611510552e-01
1.870602653383180991e-01
3.015424812996629012e+00
9.472160426967281277e-02
-5.617738725978785874e-01
-2.122699324809537436e-01
1.237081220673933446e+00
1.532671910393071935e+00
1.578892865678318269e-01
3.060609931040739751e-01
2.476660288120043907e-01
2.215921115888665138e+00
4.659752564394695540e+00
-8.394004155476429696e-02
-2.935992415539306344e-01
-3.882822193613094663e-01
8.449330512965130824e-01
1.419124039518593117e+00
-3.275173660004707110e-01
-5.046845135751366618e-01
8.070473754983918668e-02
1.712393376685507951e+00
1.413496713420271833e+00
-1.866781922240093872e-01
9.983864259211389092e-02
-3.392759295673221653e-01
5.214418831179581382e-01
5.586760347788717773e+00
-4.401282457896876082e-02
-2.258703159156978946e-01
-5.518437887167430000e-01
4.362246672525913471e-01
2.854260667718357514e+00
-2.140735136538192418e-02
-4.952190237024761688e-01
3.404737921506162390e-01
3.810550596877009699e+00
4.060017299210951336e+00
-2.892026468361389435e-01
2.494253833353012872e-01
3.990881496538345452e-02
1.584097710620515853e+00
5.735011499327151263e+00
1.520973409050158098e-01
-8.637974438003560851e-02
-4.725301516471098751e-01
-1.624869958639012790e-01
4.303588941763214493e+00
4.763340154092766121e-01
-5.316282409520923791e-01
8.446327286221572139e-02
1.490986529041312680e+00
2.999826615201829139e+00
1.727427158856061351e-01
3.104962112553082965e-01
-3.113028327313470678e-01
2.736224045206563926e-01
3.893172674376272457e+00
2.779655656818607601e-01
2.043733629206747060e-01
-2.500492031641660673e-01
9.249559881940452311e-01
3.906152431916507961e+00
5.121223651694322559e-02
-4.423076802451399447e-01
-3.255566747833847363e-01
4.274037233618117604e-01
1.873379009170386356e+00
-2.051302674774730384e-01
-4.314001748989990115e-01
-3.010354058233832286e-01
1.037930353902513314e+00
5.573340671043273131e-01
-2.649973373243701968e-01
1.954099041514482937e-01
-3.200526095301781671e-01
1.107770138229430712e+00
5.895828629184784120e+00
-4.268352419674937837e-01
-3.702998381819193052e-01
-2.105049148850954843e-01
1.418429606052072467e+00
6.173828987149921232e+00
-1.774360368439079627e-01
-2.375689613942921774e-01
4.591169789024654446e-01
2.802348447975637757e+00
1.503158339491210915e+00
-4.912924361700040099e-01
-3.139601938298942213e-02
-3.937611226192246766e-02
1.239487887231401908e+00
5.780215875769353140e+00
2.130275256233139514e-01
-6.760234260227555581e-01
-4.662501917791220946e-02
1.243130441229923555e+00
1.373828109408639309e+00
-7.716115684766872151e-02
1.458051231593280109e-02
-4.642544066171352402e-01
-6.801563455569732686e-02
5.199226674949379401e+00
-2.974520081765011370e-01
-2.772006490009299440e-01
2.836361675338152644e-01
2.219883258080310284e+00
5.088034773468194105e-01
-3.286503050658026726e-01
-4.333436917327454507e-02
-2.620190641692080047e-01
9.498248163598216331e-01
5.758522134735808429e+00
5.955541078602982763e-01
-8.938625203230381178e-02
1.038456081565222906e-02
1.390216572218260449e+00
2.835354204903632880e+00
-9.031891296065487629e-02
-3.151470249417396285e-01
4.056102030550196025e-01
2.465951774548351239e+00
7.244125256287732295e-01
