2.733516454923422545e-01 -6.272767899307696293e-02 -3.666597644117606247e-01 -3.312539681210955322e-01 -2.792352189003713958e-01 3.998756471319002692e-01
2.249039034856944730e-01 -3.174936059573640890e-01 4.066638024186693401e-01 -1.856642662184071202e-01 5.563208686103776612e-02 -4.253283822709536532e-01
-3.868775352343888779e-02 -6.507077477000989818e-01 -1.045841608259324984e-01 2.085691383641222196e-01 1.701461613639834169e-01 4.102584261735484628e-01
1.851889441417109150e-01 -3.876576686500943780e-01 -4.273109454888571745e-01 -4.024351772819810824e-01 1.317336022189432021e-01 1.931168099074339617e-01
3.859123070454578142e-01 -1.301322973672018601e-01 3.849810040363778607e-01 -3.620138753542443966e-01 8.446206693298816126e-02 -2.431556725648254536e-01
2.014267554907778479e-01 -6.039136333839956183e-01 -1.724951787293987349e-01 1.538740778206342252e-01 1.118487323760019025e-01 5.242278498896149053e-01
-3.909308998685999681e-01 -3.232958554678298513e-01 -1.199614287380735278e-01 3.183345027604194133e-01 2.486627781213548993e-01 2.921136980243745351e-01
4.651915850312505207e-01 -2.765998245523694221e-01 -1.544691047637742620e-01 -3.038294315021646264e-01 3.392578388582846438e-01 1.677929536972327940e-02
1.734742127904229936e-01 5.475558829877962275e-01 -4.292722888110472867e-03 5.319223803217911772e-01 -3.746373471395144650e-01 1.408780644651350944e-01
4.000347645685946030e-01 2.219594042373615461e-01 4.745813933983202004e-02 -5.078537035465062743e-01 -1.468446947321147555e-01 -1.518458145771140466e-01
-1.553144481057487092e-01 2.099036994412853407e-01 2.751035345363802564e-01 6.531944007573006750e-02 -7.039960408760062016e-01 -6.564263497093797417e-02
1.149498841601883231e-01 -2.351228524470263259e-01 -4.637581266397765578e-01 -4.558914462094815767e-01 -1.607525325606626865e-01 3.539271618800703401e-01
-1.712412724164513733e-01 6.344201911857792753e-02 -4.335270843468709279e-01 -1.681184251243599825e-01 -7.098246497341682837e-02 5.573918355963256577e-01
4.412827827205274001e-01 -5.184341233353986222e-01 1.564411882339681592e-01 -4.867060169362953936e-01 -3.268949351607306486e-01 -1.631672082528547729e-01
-4.346162678004243940e-01 -1.787220034880752928e-01 -6.921720153556154553e-02 5.098020828760890799e-01 -3.463045930928232430e-01 2.136079291845011663e-01
-4.272858804562431473e-02 -4.139455033739856127e-01 3.773069619843708589e-01 4.500619338032201683e-02 -8.230399100371726950e-02 -5.620100853435814336e-01
2.523478825194638286e-01 1.201196593981931071e-01 3.400999460313260947e-01 -2.982177486894745932e-01 -4.954007927323529348e-01 -2.238256330484948986e-01
-4.449706633529730837e-01 -4.310336991502710657e-01 -1.304409811395701446e-01 4.186048262658738084e-01 -2.529991392568861075e-01 3.413016067334535553e-01
3.745828856097729309e-01 6.194292899088444521e-02 1.969909661766010567e-01 -5.928209802782623550e-01 -1.099779399293124016e-01 1.105287138532740077e-02
9.483252230412304862e-02 -5.178146431202144129e-01 4.245312721977332893e-01 1.732566750763050722e-01 -6.183748951480749767e-02 -4.619981901733018481e-01
-1.079120981654540790e-01 2.093869763903053738e-01 3.803880162178463475e-01 4.286678985288071564e-01 -3.947200911262435108e-01 -2.087949418895165277e-01
-3.236586578184070390e-02 2.370835810065575477e-01 3.588122100758906474e-01 -6.850212240887938731e-02 -3.973062954100298194e-01 -4.133559423735169713e-01
-7.916194951631913557e-02 -6.493002348077686614e-01 -8.783269047273303820e-02 -5.659129090470162993e-01 2.234960408122336206e-01 -1.238904865756381424e-01
9.205136331280054651e-02 -1.668442621532105763e-01 -4.756058577421496958e-01 5.772817447225163379e-02 -4.416993608298210860e-01 4.852669712208128594e-01
1.821086037472902930e-01 -1.246181078507618556e-01 4.627156609960088596e-01 -2.893398554365648190e-01 4.085351411039078728e-03 -4.097359250001510467e-01
-3.085096106165105545e-01 -3.374576982827457439e-01 2.627353729895298695e-01 5.918291146768885902e-01 -9.109301429364669023e-02 -9.600495401596370604e-02
-4.378780489933255526e-01 9.503960848166510822e-02 -2.027769403875778753e-01 5.163348649787447009e-01 1.176406944935320525e-01 9.549626611950057242e-02
4.189919883189535676e-01 -5.070794192914613863e-01 3.156628927572897869e-02 -1.364948603953515249e-01 1.896868534319781086e-01 -4.222520908065859890e-01
1.448821256123188628e-01 -5.014959163195140679e-01 3.089354146866331030e-01 -5.565194109769494579e-01 1.335280996699995670e-01 -1.476256736880598996e-02
-3.472949199663238340e-01 -4.547906755858493466e-01 -7.158619336161744237e-04 5.040902410967598168e-01 -4.397854207089002543e-02 3.254385470178410844e-01
5.838023680285800987e-01 -3.217888857773200662e-01 1.238582514806653989e-01 -4.360919656520112486e-02 4.567252745242590950e-01 1.403030325345598350e-01
4.380571981986942642e-01 1.967899602514897317e-01 -1.515533298610476087e-01 -2.827456411640827394e-02 -6.863951560909740124e-01 -2.017403573406612027e-01
-7.865084942039841931e-02 1.463532056299129414e-01 -4.027678911677154971e-01 2.413842207758916114e-01 -3.944234517136304685e-01 3.751383761401135830e-01
-3.144130235425162678e-01 -3.967096449253872392e-01 3.181715735649681132e-01 -3.829698077604803963e-03 -9.746811216141726408e-02 -5.840437571694563346e-01
2.121563298239313444e-01 9.585733154034284387e-02 -3.875625899353484227e-01 -9.992878533142623976e-02 4.496925257182800978e-02 5.611277095393333303e-01
1.712299413606672704e-01 -6.823793020674062682e-01 1.760778967424622143e-01 -4.659029527196758558e-01 -3.513639771624776920e-02 -2.424173816632605449e-01
2.800740341971253433e-01 -1.953474704907099402e-01 -4.862914993777436301e-01 -1.657792064865732384e-01 1.808682220952728126e-01 3.259133026419768209e-01
3.408470678653595098e-01 2.324260244530517161e-01 1.168859691531690115e-01 1.212184008250462020e-01 -7.426519148337086262e-01 8.548117763371729239e-02
-1.444535036565160711e-02 -3.432545142400609817e-01 -5.019315453122424886e-01 4.801283349396472944e-01 8.324432343438059601e-02 2.553633848608609647e-01
-4.731911900727330672e-02 -2.939424465980756684e-01 -4.122253780473103535e-01 -2.361963649684363509e-02 1.963781695788330839e-01 4.589944724385668917e-01
4.780221365524106591e-01 1.562411483688902480e-01 -2.147481690407572127e-02 -2.326606227842729080e-01 -5.303378049167519759e-01 -1.749002270771934930e-01
-3.768592487552934744e-01 -9.091221495956067211e-02 3.132312847274593137e-01 5.426961561538174994e-01 -1.728813834356060508e-02 -7.277046739924047936e-02
-4.068961598025717108e-01 2.241430261381705258e-01 8.290391350414959282e-02 3.385118166925882299e-04 -6.884324027017165726e-01 1.198634712510480427e-01
2.341756046463624730e-01 -7.234580396926767465e-01 -5.733869663590405313e-02 -5.287373484468278484e-01 -1.395958157446363090e-01 2.202738561225685288e-01
4.739011277750151407e-01 3.051746916062159087e-01 2.896980747846730209e-01 -2.923887804232250254e-01 1.641612925482993368e-01 -3.371312463863019859e-01
4.732833049577262613e-02 7.383116713613270543e-02 -3.774090046122158260e-01 -1.247590387141664370e-02 -2.459084767845832742e-01 5.682072038239593947e-01
-3.253174261063175587e-02 -6.049442769183822621e-01 1.406645735530936137e-01 -1.852079976788454929e-01 3.819033788392769413e-01 1.937839246782568359e-01
3.356061998964014470e-01 4.760492659787857184e-02 3.841492819943910231e-01 -3.412803491685836854e-01 -3.157124143627514923e-01 -2.560265606083994561e-01
4.445451099630226555e-01 5.010939536210989864e-02 -3.367553019254767577e-01 -3.538418186548287769e-01 -4.074501228307138567e-01 5.467489558527321991e-02
5.647775539180152071e-01 -3.195117150605528700e-01 -6.443557660217241745e-02 -3.947877862506394830e-01 -6.004859939446937078e-01 -4.747053747604634139e-02
-4.813565413705672702e-01 -1.526591330612971364e-01 -2.447954047355259399e-01 2.417017574387896328e-01 2.649995597313585804e-01 3.054299244321239115e-01
-1.616364965125849373e-01 -5.559717254719943602e-01 1.276939792379377103e-01 5.261760632034571117e-01 1.077751562522024642e-01 -1.661664633164679217e-01
-2.771878394637876664e-01 2.189622576943089094e-01 -2.317503193371989179e-01 -1.657880361588065510e-01 -7.161861179686150880e-01 1.045346778283101630e-01
2.117189419083515545e-01 -1.332897925982134690e-01 -4.550203551612270747e-01 -2.646163865595418940e-01 -1.189300794947003165e-01 4.241260794518975086e-01
3.572508348434661613e-02 5.728776084572582972e-02 5.950403936212572686e-01 1.555268726330720497e-01 1.095656429961983230e-01 -3.963800794145913020e-01
2.818242719776672400e-01 -2.206079211361086923e-01 -3.538801901837998476e-01 -2.400965096255097686e-01 -3.767985846893023849e-01 4.846919142589498075e-01
3.188548755710381433e-01 2.477269984515755863e-01 3.323462000390266929e-02 -1.000835330684851643e-01 -6.594191262768671624e-01 7.294001204015621020e-02
-2.070001963509450482e-01 -1.190754148911114252e-01 -3.725697113119391668e-01 4.507090065754714159e-01 -2.291941777856783546e-01 3.726097720640245692e-01
1.082273176652657626e-01 -1.663118098649837284e-01 -5.001798134223791603e-01 3.835128141193102080e-01 -3.214742600391869987e-01 4.485785907554116214e-01
-3.376660391242696235e-01 -4.903744621318685826e-01 -3.257465066744472670e-01 2.040174204823295145e-01 -2.652634119363328491e-01 4.841325242113320160e-01
-4.298260135667594239e-01 -3.317128094760393719e-01 1.373062352646065298e-01 5.418886407658300985e-01 -3.503510959074233044e-01 -9.811518439426322735e-02
-9.725815936026832934e-03 -1.375242976106214599e-01 -4.924413004677185568e-01 2.218005014340248826e-01 -5.303582227613730105e-01 3.975458183242984167e-01
-2.003757919214322336e-01 2.042593128067752839e-01 2.595025459142102919e-01 1.057379780497308408e-01 -4.788329459591431081e-01 -4.035806508628739797e-01
1.945334378535193975e-01 -2.537753373775186727e-01 -5.853717439141700174e-01 3.600220456121898671e-01 -3.625505236066980386e-01 3.948228691922804900e-01
-4.479488505277788857e-01 1.079142826251011378e-01 -1.791487943629133661e-01 3.363236578801990229e-01 -5.107207970463223390e-01 -2.261303945420226891e-01
-4.821472630737013154e-01 -5.319649346296528164e-02 1.867369337126414397e-01 4.298372995092732407e-01 -4.516742673298997923e-01 2.842029346790955202e-01
1.181577117742695637e-01 -5.575788704010818941e-01 3.306096502077953692e-01 -1.338815222392791826e-02 -7.318070087446082450e-02 -5.342915574594309103e-01
2.385851213751209732e-01 3.376928712238263519e-01 -1.859723709671618624e-02 -2.589447196144120111e-01 -4.686498834168125183e-01 3.012080464172941507e-01
3.438311817086504019e-01 -3.770781146420044139e-01 3.967616081886887192e-01 -4.505341696033210996e-01 2.897959467740407469e-03 -7.716019099252002800e-02
-2.821723063183650404e-01 -4.299612535308927619e-01 -1.926805305138625246e-01 6.046300563777649018e-01 -1.717429953213758798e-01 1.906012204785436648e-01
2.864081253177879205e-01 2.511930079917160108e-01 -1.207531776849860156e-01 4.526105731459801884e-01 -7.121270992476915751e-01 8.993881866080098708e-02
-1.965464532203141657e-01 -4.418449799541442347e-01 -2.700433952836495122e-01 2.976001992005492536e-01 3.312502690002855910e-01 1.276283562217126466e-01
-2.414461060438307938e-01 -6.347569927848514260e-01 1.937336343368946390e-01 6.684651103756595880e-01 -2.546019746410430606e-01 2.777056490852999882e-02
4.374864905407074844e-01 -2.974757534444549822e-02 -2.100397152178025417e-01 -4.404475549398780276e-01 2.930806253217253798e-02 2.650857875928537277e-01
2.793926034806948344e-01 -4.450164411364827544e-01 2.761423625538206306e-01 -2.077133088227299251e-01 2.564762372267365143e-01 -2.440843691717273778e-01
-4.705415115361040734e-01 2.007998376144174701e-01 -5.179003974621362134e-05 -7.476483749719431415e-03 -6.245475097433080824e-01 3.230155965079538061e-01
1.618062295501976056e-01 8.305668195406235021e-02 4.389666529066392209e-01 1.502688026348210637e-01 -7.665453055602100552e-02 -5.481297032707763695e-01
-6.852334027391306093e-02 -8.084403710103223173e-02 5.533785762311286271e-01 -3.634041940386059100e-01 -1.008210333399986725e-01 -4.019466049005497865e-01
3.197217300631254033e-02 1.062537373609244162e-01 5.121272515779775603e-01 6.668262012570060765e-03 2.446448748523232797e-01 -4.779270929669355850e-01
8.136805804946917187e-02 -4.995966738144811403e-01 -2.731536357395207282e-01 -1.082042291127312261e-01 1.269659813505884527e-01 4.828103760312714710e-01
-1.863354259992290596e-01 -3.635290895607918293e-01 -2.652925122662403989e-01 -8.193615477835836103e-02 6.208229894872525634e-01 -1.233355587826448774e-01
-1.388289062334602531e-01 -4.421305033372669585e-03 4.197624662245453830e-01 4.538060046468481712e-01 -1.937902335515729324e-01 -3.631316973236047296e-01
1.176437595888014109e-01 -4.313882964952363008e-01 -4.069581505287548917e-01 -2.358805166024119382e-01 -9.549385143274802257e-02 4.660799402322621243e-01
3.974590354390919456e-01 -1.831801314059594565e-01 3.998960856190360014e-01 -4.500886559620387861e-01 -1.764508696003762311e-01 -1.307804899297304591e-01
-4.404277996034775544e-01 -1.366325167208820579e-01 2.576888322117740215e-01 3.096402144383192390e-01 -7.190000251415358257e-01 -5.575344229393897066e-02
2.908878387551743980e-02 -4.924288091762120123e-01 -3.186627689410686526e-01 -9.466702498277819455e-02 2.289620683565528614e-01 3.627179627987834887e-01
-2.178201889059644680e-01 1.224719831191901781e-01 -3.151194618769949107e-01 2.673069399601789575e-01 -7.223068680794822449e-03 5.496526828968129053e-01
5.445047393795030555e-01 -3.053505775874716666e-02 -1.398707130085680497e-02 -3.336241094526628537e-01 -1.675493487769044165e-01 -4.723720720431224818e-01
-1.375127891643711242e-01 3.566963218194680318e-01 1.270108665079552890e-01 -5.085936113723324992e-01 -5.441280452913461740e-01 -9.840981357456238254e-02
-2.383359768107065901e-01 2.285981109175143078e-01 -1.432385749378785843e-02 4.637893358577466207e-01 -4.569596426311531290e-01 1.781095384112142688e-01
-1.164280947576941949e-01 -5.003418894365927599e-02 -3.961628323877824931e-01 3.894142118438560507e-01 -3.451270115903529723e-01 4.144195427440915402e-01
-1.669846823440386263e-01 -2.993940031481820974e-01 4.710416760254974022e-01 -2.742857647895345918e-01 2.729825307620002972e-01 -3.418984085656062710e-01
4.107372432647154320e-02 -1.274561412849744835e-01 5.546072000431138127e-01 -3.676393771322377657e-01 -5.602467973742769614e-02 -3.552560572638202574e-01
-4.864506777643618635e-02 2.816846191491806928e-01 -1.882374533351861556e-01 9.254848336463522562e-02 -5.795800819213368094e-01 2.999095489152483474e-01
3.288771293827060793e-01 -3.402692677378053032e-01 3.689297869230928062e-01 -2.418606333430333155e-01 -7.035884978149948843e-01 -3.674515974525143780e-01
-2.879347126075799124e-01 4.635700600965158569e-01 1.754826602206794595e-01 4.649481046080053415e-01 6.122584415074738828e-05 -2.917721140850918493e-01
2.756951228868834147e-02 -3.069037281772252768e-01 -5.015000151269671802e-01 1.897389790167391677e-01 -4.409245741522633821e-01 4.761192752439188380e-01
4.667643131141021029e-01 -2.782788042455810462e-01 2.435695145724560140e-01 -3.493083708827970368e-01 -1.244236539197151326e-01 -3.135247029099212934e-01
7.745084687260914147e-03 -5.316640684050664145e-01 1.813274023300159854e-01 1.500723909636967335e-01 3.335338679652116722e-01 -2.994796991032987465e-01
-4.547022543923296550e-03 2.358173219741644122e-01 -3.408877681234266377e-01 -1.583855201277843405e-01 -2.944814888325505420e-01 4.928489336704456325e-01
-3.318490791114365179e-01 -2.293432165590333638e-01 2.746668435610853387e-01 4.582882100594038444e-01 -2.022487485522526385e-01 -3.376639118850096044e-01
-4.809183259025836543e-01 -1.849651276697055480e-01 7.486451989100093019e-02 3.221407924770406384e-01 3.187838563514802659e-02 -4.801804720915846536e-01
2.792566331780675926e-01 -1.711414363711825926e-01 5.267352482596372454e-01 4.491147674722872352e-01 -1.603468621346659240e-01 -4.586741546694900196e-01
-4.006303459490907493e-01 1.832383682366384714e-01 -8.850610061715627475e-02 5.872980093574160509e-01 6.855698200543237919e-02 1.563680328641996187e-02
-1.081360748090630548e-02 -1.887139796783315615e-01 6.154996420347258468e-01 2.154246372610439109e-01 -5.842988171758544125e-01 -2.746289402263651924e-01
-1.928887745370038986e-01 -5.600032013527461716e-01 3.137259189475148646e-02 -2.593165012843278161e-01 3.830785037849240293e-01 -2.944866638489012645e-01
-2.648374545136643332e-02 3.148782652471721066e-01 -1.465039597348362088e-01 -3.086419144152930394e-01 -5.723145655783169472e-01 2.185654153417094236e-01
-7.992386906841772443e-02 -5.589283334663479597e-01 2.532837886848470221e-01 -1.105971424817265014e-01 2.213995426081262208e-01 -3.713341394273811380e-01
-1.158541234026154720e-01 -4.899050717063701543e-01 -2.775578708900564018e-01 2.178946115095514724e-01 4.027474250596586036e-01 2.539972013862712430e-02
2.740065542985735680e-01 -2.280384128001611832e-01 -4.825682426174073836e-01 2.599065245963795845e-01 -4.033437521601981879e-01 5.018448958332430987e-01
-3.558360935776393452e-01 -4.267714882403945698e-01 3.471506542492510117e-01 2.453312322709646498e-01 3.512899775649677148e-01 5.294092665583801649e-01
6.109622069828307689e-01 6.657950006572423141e-02 1.273413899012067751e-01 4.923125324469657116e-02 -7.191095533012334950e-01 -1.317938007460302263e-01
-2.969861460319916935e-01 -4.003605153987007115e-01 3.361726084304363926e-01 9.475665245717435070e-02 1.022295101050761379e-01 -4.345029692908182195e-01
-4.797574830130281187e-01 2.737634164253634900e-02 3.240317692184393472e-01 -1.247185689648374063e-01 -8.071906203711850525e-01 -9.721086327104316860e-02
-6.301094950792959261e-03 2.533610145533931601e-01 -3.112460843985698222e-01 5.498459063399702834e-02 -1.954625519293251568e-01 5.802703040722956285e-01
5.639039079540306143e-02 1.455856890820315663e-01 4.038658484640061941e-01 -3.183434114038258267e-01 -4.648681860308557234e-01 -2.939311448291497264e-01
3.744822902490483885e-01 -5.051264328308389118e-01 -2.347639874907717084e-01 7.062088646776099043e-02 4.457349815471399745e-01 -1.753433013690609554e-01
2.151522979164674498e-01 -4.529093417734499361e-01 -2.579073236182308215e-01 -1.590143718771612757e-01 1.258676024290054651e-01 4.666729356182553468e-01
3.192549994717969741e-01 -4.848761852325013666e-01 -2.001272661273462983e-01 4.664772555687285438e-02 2.712889683003957830e-01 3.947672915811971661e-01
-2.926816711919983383e-01 2.567303984006245529e-02 3.025207861941585086e-01 2.918767986189236274e-01 -3.652358323293472542e-01 -4.084515402936967354e-01
1.001004500524106944e-01 2.207282426341666548e-01 3.237553098838538701e-01 4.503291875223745799e-02 2.630341117527146277e-02 -6.556151776787868535e-01
-2.576348571073898072e-02 -2.469558268621534769e-01 -5.084254312074428794e-01 3.513299650752482184e-01 -2.195546741837067772e-02 3.900039581295738911e-01
1.379808288407620709e-01 2.748055959838732742e-01 -3.387096373573697528e-01 -9.459824147659484650e-02 -5.750744360674575617e-02 5.753335890648589857e-01
7.756751453246764870e-03 -5.483905906032879862e-01 -2.193532231097956864e-01 -3.729241125753619546e-01 3.420156829494251927e-01 3.016380592911185876e-02
-1.024682147075821059e-01 1.629613269055180114e-01 4.481996877076647734e-01 -1.231282723149472319e-01 -1.671839044682043030e-01 -4.955043380445049439e-01
5.111078517351226314e-01 -2.655980193132621014e-01 -3.001816409200224606e-02 -4.752294950733346734e-01 -4.011443990219067945e-01 6.360777910075224306e-02
-4.311602735730817731e-02 -4.591961169882532445e-01 3.482924928644770546e-01 3.065053320714100638e-01 3.153133178704958794e-01 -1.788697595265643647e-01
-1.848580165793142216e-01 -3.030805472265541423e-01 -4.075953009543980543e-01 -5.555371187030275215e-02 -2.070663537115476904e-01 5.793503264371933081e-01
4.574721671402211531e-01 -4.135416417787027288e-01 -3.231628254686901014e-02 3.069187760442937396e-02 4.771170145179942090e-01 -1.891146958918641929e-01
-9.524922113843080351e-02 2.881021453019243506e-01 3.801805067039749630e-01 3.063352619193412951e-01 -5.325160397457546768e-01 -2.640982438651595654e-02
-2.851096411230810701e-01 -4.736308651599790420e-01 2.944488501738952713e-01 5.010180325978275118e-03 2.108870831686572855e-01 -3.743303866586489836e-01
4.904556028497015219e-01 -2.869623805274150452e-02 2.817148309297801689e-01 -2.156041247661893423e-01 -1.037645644396063965e-01 -4.224473715580054356e-01
5.595058613778788326e-01 -1.037396519885907947e-01 -2.432394009738736776e-02 -3.220406422731791896e-01 -5.708078805638606701e-01 -9.304825716314478468e-02
-1.532740504632403855e-01 2.948938347525026371e-01 1.959838555755896716e-01 -2.412064051591868985e-01 -5.696020632196039379e-01 -2.989047615768230526e-01
-2.890251538359994710e-01 -7.228394223735772339e-01 5.238438206411284020e-02 -4.423457775510127865e-01 2.453148919002613448e-01 2.502985303622898838e-01
2.278713190775454034e-01 -3.904974524589013285e-01 -2.833254161802194471e-01 -1.539422997915265989e-01 4.072069396449257139e-02 5.341519661621151327e-01
1.693957641651477330e-01 -1.935763531034510321e-01 5.086177253898768180e-01 -1.927617739485746884e-01 -2.909277749955103132e-01 -4.184014859768574457e-01
-1.957423029069649545e-01 -1.818046855619125379e-01 -4.382370557711788295e-01 2.782043291725883050e-01 8.194263733966011820e-02 4.018890892824685257e-01
3.489605758477773989e-01 -3.585946600478508439e-01 -3.409730691455652996e-01 -1.541303346332193458e-01 4.336509256075598562e-01 4.347749515744292470e-03
-4.059021841202715142e-01 -6.410326209774076800e-02 2.496374340615896137e-01 5.233997937740173523e-01 2.419952908190420304e-01 4.299399771769193968e-02
1.540533779307118323e-01 2.904865610841287915e-01 -2.866178836625417059e-01 1.977451535264368732e-01 -3.392183652920570114e-01 4.889868703474212763e-01
2.577947917209135187e-01 -1.228853416748949268e-01 5.821591214133673420e-01 5.573783088184678380e-01 1.067953151424043678e-01 -3.438519542047557831e-01
1.039734209388010373e-02 4.373578924979469318e-01 1.959167291863857241e-01 4.065061807318543496e-01 -2.974379329660264415e-01 -3.546946426845495326e-01
4.402020696905302732e-01 -1.385710346139990279e-01 3.370834909008936231e-01 -2.891757529410099448e-02 -1.706005171841424584e-01 -5.454701170662271670e-01
3.757522020684384012e-01 -4.924113833558885767e-01 2.053798882178416996e-01 1.365799934123050619e-01 4.638484088476738099e-01 3.696413948469451372e-02
-3.861433877964732253e-01 -3.740826745418467381e-01 -3.352487009584256827e-02 4.225304684291182888e-01 2.132535871506369141e-01 -6.642942841729311543e-02
1.472200553981140581e-01 -2.146182478594270762e-02 4.994305155926204165e-01 -1.762621384550056569e-01 -4.789040537340534809e-01 -3.288845678357551483e-01
1.701405576229292615e-01 -2.848276377288137540e-01 -4.423114034737830047e-01 1.388889960827617842e-01 -4.853200573545213281e-03 5.171872439671041377e-01
2.892794172714124312e-01 2.240923122951915814e-01 1.237672801056741989e-01 -9.036519479107041342e-02 -5.282266040665258844e-01 -4.146435450234813302e-01
2.506247019466898429e-01 -5.418984631726696533e-01 2.247070250962528160e-01 2.542331671030615969e-01 3.612041022294991688e-01 -2.047027271721794939e-01
-6.777619290115790562e-01 -1.908593442575427235e-01 1.225418167592180058e-01 2.153765540371515019e-01 -4.136740446334241650e-01 -2.681719651756128697e-01
-3.395545832458840008e-01 1.235333097156916526e-01 -1.152599766462881897e-01 5.384752068354221599e-01 -1.140209577741628233e-01 3.002296835465210201e-01
2.302367634831007925e-01 4.095069676204470266e-01 -1.628145286301382055e-01 -4.443924126896881543e-01 -2.110225544507829953e-01 2.369586406727491046e-01
-4.949215964789051986e-02 -2.568213702236335494e-02 -4.525456494665081597e-01 3.485331228577522866e-01 -2.349924515054468421e-01 4.406313020595015728e-01
5.637350240323106554e-02 -1.288017420343781083e-01 5.495696517647356005e-01 8.144651911785165399e-02 3.749440643756922764e-01 -3.139183367777201861e-01
2.927775846443612662e-01 -2.848166499161344789e-01 3.527145479204827905e-01 -3.592090875907683611e-01 -8.361614329593655692e-02 -3.783338330800755656e-01
-1.690608177691086123e-01 -1.726382310560562461e-01 5.345214401373957758e-01 5.181392465514634837e-01 -1.169492287758286952e-01 -1.898091519425151308e-01
1.160885063170099957e-01 -7.573933528942669580e-02 5.300816506549671514e-01 -4.332281346044555836e-01 -2.140873424349321319e-01 -2.940002972880907395e-01
4.824014554537455757e-01 8.896709403472984057e-02 2.387907477991523808e-01 -5.163065448428331150e-01 9.654937824054986295e-02 1.885429706360668423e-01
-6.490943182044922599e-02 -5.821866054805376889e-01 2.775462520575417980e-01 -3.839131433884775957e-01 2.873844588503509101e-01 -9.939246455865785590e-02
3.224179721571465707e-01 7.599174264151747904e-02 3.540670296691480479e-01 7.346999805267462325e-02 -7.020451060888974748e-01 -2.227202519234028344e-01
-6.886465559460493158e-02 -5.580135845314394549e-01 3.013628217537388521e-01 7.861775089647911330e-02 -1.101929436632731463e-02 -5.226797659214150737e-01
3.226113129502177768e-01 2.369601605820220447e-01 -2.016087008055035823e-01 6.090443720062765909e-02 -3.694989620110938899e-01 5.492020901458363191e-01
-3.076817654787488143e-01 -1.124716721380273898e-01 3.189291674853434455e-01 4.059895691922171812e-01 -3.671354241782971428e-01 -3.336193743609579543e-01
9.350668078374964332e-02 -2.432983687641673831e-01 -4.833127140962902302e-01 -2.586446857740656302e-01 -3.369348753827045573e-01 4.479346320259631198e-01
-1.412904059798745504e-01 -2.214280028436225456e-01 -4.364783322785453779e-01 7.004544773956847270e-02 -5.011698202030935301e-01 5.000480541906744403e-01
9.525872922526350262e-02 1.760373407224461173e-01 4.090584020407127541e-01 9.753553860083248594e-02 -3.850972039247486656e-01 -4.186630722141555516e-01
-2.452231626289890776e-01 -2.802266043730838319e-01 -3.056990672996184877e-01 4.178981374396609216e-01 -4.652172156415446125e-02 4.053931694366068594e-01
-3.673902588442150563e-01 7.237603940182861517e-02 1.333669994486037236e-01 4.903978608911303549e-01 -3.476373989858570490e-01 -1.629238259487658935e-01
5.018794423368805324e-03 -1.304730282096303595e-01 6.333325526085032964e-01 5.253526484431202404e-01 5.552989373634836801e-02 -2.001274604626158693e-01
3.170570425661390912e-01 1.964018220237561119e-01 -2.517120815521834976e-01 -5.702493156579052647e-01 -1.989244771652285970e-01 -1.421567352729274925e-02
2.403871076081806890e-01 1.397704920615543689e-01 4.040255448990331955e-01 -1.299950277288886846e-01 -1.984255804423514513e-01 -4.610990070390595941e-01
-2.802296965492874770e-01 7.697811352365462045e-02 3.067175514078397947e-01 1.839589874977120010e-01 -1.617417065964373846e-01 -5.462430063464713825e-01
-4.602067365110656255e-02 -1.328818502493123166e-02 -4.562572205405994730e-01 2.075939359129801431e-01 9.944591840134452132e-02 5.044563953410167167e-01
7.324653083893446770e-02 -2.458516054759614933e-01 4.901327772400155269e-01 6.615106725108831076e-02 4.352810171631318892e-02 -4.670553126680165312e-01
4.840363736312110476e-01 -1.704069285203236583e-01 -3.741662687611510552e-01 2.995433353115944941e-01 -1.470055379932800055e-01 6.083889173393535188e-01
9.472160426967281277e-02 -5.617738725978785874e-01 -2.122699324809537436e-01 1.307340461526542708e-01 3.823715309995273648e-01 1.152854993096310843e-01
1.578892865678318269e-01 3.060609931040739751e-01 2.476660288120043907e-01 1.158509062324508954e-01 -4.918571142578054278e-01 -3.536321239564986785e-01
-8.394004155476429696e-02 -2.935992415539306344e-01 -3.882822193613094663e-01 2.906527076432280365e-02 4.457410791989823706e-01 2.754991373342858818e-01
-3.275173660004707110e-01 -5.046845135751366618e-01 8.070473754983918668e-02 -1.724334223252361187e-01 4.730848280009728457e-01 -6.041962281348699226e-02
-1.866781922240093872e-01 9.983864259211389092e-02 -3.392759295673221653e-01 1.954581564918934089e-01 -2.197019951851947317e-01 5.278259051666085444e-01
-4.401282457896876082e-02 -2.258703159156978946e-01 -5.518437887167430000e-01 -4.492116068057448452e-01 -1.061302304717116202e-01 3.545094861269045827e-01
-2.140735136538192418e-02 -4.952190237024761688e-01 3.404737921506162390e-01 3.550802715064587112e-01 -2.404160948224876027e-03 -4.439945506605000869e-01
-2.892026468361389435e-01 2.494253833353012872e-01 3.990881496538345452e-02 5.641994800066183480e-01 -2.716580010886325836e-01 2.660782336486630650e-02
1.520973409050158098e-01 -8.637974438003560851e-02 -4.725301516471098751e-01 2.164034653698332644e-01 6.206286060335221288e-02 5.142978553440077372e-01
4.763340154092766121e-01 -5.316282409520923791e-01 8.446327286221572139e-02 -5.104828194065500480e-01 -3.907863324974987229e-01 1.641883714632287328e-01
1.727427158856061351e-01 3.104962112553082965e-01 -3.113028327313470678e-01 -2.468359463032920864e-02 1.259910402506254079e-01 6.514955333809964166e-01
2.779655656818607601e-01 2.043733629206747060e-01 -2.500492031641660673e-01 -2.983696662071377292e-01 -3.484290573926174805e-01 3.518205373771078892e-01
5.121223651694322559e-02 -4.423076802451399447e-01 -3.255566747833847363e-01 -7.230601104869902040e-02 -4.662934348547298491e-02 5.844883220917238553e-01
-2.051302674774730384e-01 -4.314001748989990115e-01 -3.010354058233832286e-01 5.258740664700267686e-01 2.419235765498112256e-02 2.069686374981465904e-01
-2.649973373243701968e-01 1.954099041514482937e-01 -3.200526095301781671e-01 5.634196055595404040e-01 -1.425579541800491012e-01 1.266050843223920919e-01
-4.268352419674937837e-01 -3.702998381819193052e-01 -2.105049148850954843e-01 5.556751474489193265e-01 -4.781739169960514957e-01 -5.872705810483047628e-02
-1.774360368439079627e-01 -2.375689613942921774e-01 4.591169789024654446e-01 -1.549449997719921923e-01 9.444459252865278209e-02 -4.838894650112998685e-01
-4.912924361700040099e-01 -3.139601938298942213e-02 -3.937611226192246766e-02 3.372151719883256793e-01 -4.872114217827251959e-01 2.859044776276841726e-01
2.130275256233139514e-01 -6.760234260227555581e-01 -4.662501917791220946e-02 3.983127553523652109e-01 2.524658173982917697e-01 2.752089574244095393e-01
-7.716115684766872151e-02 1.458051231593280109e-02 -4.642544066171352402e-01 -1.089566097004581041e-01 7.464752854243633662e-02 5.334334216836469356e-01
-2.974520081765011370e-01 -2.772006490009299440e-01 2.836361675338152644e-01 3.982725526627352575e-01 1.108667692267700233e-01 -3.208231068223146298e-01
-3.286503050658026726e-01 -4.333436917327454507e-02 -2.620190641692080047e-01 3.752666828156528411e-01 -4.507406423103569870e-01 3.198065134573275237e-01
5.955541078602982763e-01 -8.938625203230381178e-02 1.038456081565222906e-02 -3.424164697322000794e-01 2.071859319082722806e-01 1.899844920058175179e-01
-9.031891296065487629e-02 -3.151470249417396285e-01 4.056102030550196025e-01 3.780343330591148798e-01 9.930116702800900752e-02 -3.746961041832029826e-01
