# rod_radius=0.006666666666666667
# rod_length=1.0
2.350405312281073078e-01 2.800701963143561457e-01 3.583014700713857414e-01 9.291259661179288032e-02 -1.237982855554422557e-01 -5.454074983215837502e-01
-2.398493324046081787e-01 -1.681130080874818772e-02 4.518945993856090526e-01 1.032168664115362400e-01 -8.513080075750316666e-01 2.070922205229885904e-02
3.876171060065287111e-01 3.331100353585116358e-01 -1.816666409329031895e-01 -5.345165586332061292e-01 2.690784217117142552e-01 1.998690153194060959e-01
3.383527846946168816e-01 8.474327892585672983e-02 -3.161338533007853613e-01 -9.141736245148041062e-02 5.552331068198634867e-03 5.833251031832932254e-01
-6.983887058846853513e-02 3.049446157225694370e-02 5.402203670696538174e-01 4.391958984827015189e-01 1.716086627955438759e-01 -3.088793833070462291e-01
-4.361282196468233563e-01 5.242898630496362067e-02 4.281893166677385731e-01 5.122996680068777620e-01 2.254415569264514307e-01 1.625745724842064255e-01
-1.893559518050196358e-02 5.465969355241612204e-01 -1.491203887134921399e-02 -3.186915872338300648e-01 -3.537733327560479424e-01 3.004920277244210181e-01
2.044042563578056804e-01 5.516820469562457863e-01 4.827619210447351566e-02 -4.548460679286074893e-01 -1.073140754305639266e-01 -3.138192657618300019e-01
-5.725872326942137158e-02 1.531156290165204270e-01 5.932035644837058141e-01 4.154713454268219586e-01 -2.218805849689103882e-01 -2.042324026302926310e-01
-3.947627379111676715e-01 2.349803343435054037e-01 -1.212329869692440054e-01 1.874875839006377998e-01 -5.496507873986414827e-01 9.169555865982201293e-02
5.453297584149584543e-01 1.643644644204262650e-01 2.277755731248559401e-01 2.488365209324981953e-01 2.864937374085124722e-02 -7.175673140272101902e-01
-5.938153212240999679e-01 2.134397482012231062e-01 -1.040443988300521032e-02 1.694982021818092210e-02 -5.438030136927809455e-01 2.210028667391740476e-01
-1.953179483713206044e-01 -5.510452632670738149e-01 2.102682555670699061e-01 -5.200270792686405574e-01 3.946852891110513850e-01 1.977102855689583383e-01
4.304487123778851787e-01 3.781487049722509486e-01 7.172089306033734013e-02 -4.557094757163068222e-01 1.643769837783430332e-01 4.828477796676385325e-01
-2.889581213161991347e-01 -4.487536161360062281e-01 1.760978139672593201e-01 -2.193197216614965195e-01 5.050672694041378197e-01 -1.160942660091625056e-01
-4.482328067918840975e-01 -1.074411607837129634e-01 -2.926073185731660753e-01 4.535336931330185561e-01 -3.868233934452530165e-01 3.718465780928570386e-02
6.098401669174029899e-02 -4.326887276030088048e-01 2.052450786359147350e-01 -3.000823882012286226e-01 3.971742654360386204e-01 -2.201470511008031261e-01
-9.253226818986348690e-02 1.630926355949319229e-01 -5.159285467856546958e-01 2.807738992971385850e-01 -2.413402176569771629e-01 3.189825697571101459e-01
-4.862775240726325832e-01 2.495616285501942866e-01 1.882309329291937394e-01 4.878271530453047733e-01 4.309147367799076034e-01 5.320823797615684136e-02
-1.213805222494217101e-01 -2.508154571938416844e-01 -2.854850543861935930e-01 1.979202334104159799e-01 3.558991784992387997e-01 4.424877323791285844e-01
1.204377400600833287e-01 -5.399612129871783628e-02 6.341142938994758227e-01 2.687595952658169418e-01 -3.022848613734119838e-01 -3.231491645175110783e-01
5.328537801142373409e-01 4.304124592810034122e-01 1.260501735832303578e-02 -3.655940035795369747e-01 5.427550770704991923e-01 4.370702293650882697e-01
2.193932753895310728e-01 4.490611979257137093e-02 -5.065980040981098442e-01 2.177477948407917363e-01 3.852223738439683465e-01 4.337115936526462212e-01
-3.529638524946188127e-01 -1.823486304656239121e-01 -3.036097455701127212e-01 6.301826471403304541e-02 5.884255683653266678e-01 1.789521805897467677e-01
1.310422986396575784e-01 1.216057103066669892e-01 -4.438475120637692117e-01 1.405124131156363088e-01 -1.912211519138905524e-01 5.059154432072037189e-01
6.545386988306171050e-01 1.200633570974950493e-01 1.530389375057970014e-01 7.262682897107453073e-02 1.219938697577775399e-01 -6.602106237221444518e-01
5.136581478430880532e-01 -2.102606992989440315e-01 -7.644213840901088741e-02 -1.895982198647331307e-01 1.940137072019395004e-01 5.083592685034212799e-01
2.835115206238454366e-01 5.302761749230646693e-01 2.408051532842041612e-02 -5.353465738610734270e-01 3.696241863322641263e-02 3.175306115147013553e-01
-3.435130985759559663e-01 -4.430440881410309117e-01 -3.611889742657043434e-01 5.727561307783199940e-01 -4.515785029388014182e-02 -4.074192789409042947e-01
-3.869229006238044666e-01 -3.291583616843858917e-01 -1.217133423123167302e-01 -2.726876855354370965e-02 5.844572839553048293e-01 6.790563703088781100e-02
-2.844655626650215152e-02 -3.604971872830056712e-01 -3.139498761143073025e-01 4.838478233824441976e-02 2.993278813011080453e-01 4.335311097817705073e-01
2.757833257769084501e-01 3.186213385607905568e-01 4.612299596886974551e-01 2.554617227295645776e-01 1.914654987775499528e-01 -5.304445962310382345e-01
-5.545079618605852634e-01 -1.346014747547380486e-01 -6.240691973161662659e-02 3.718548510468687729e-01 -5.109856795862626200e-01 -4.873690819065228108e-02
6.232482696402388139e-02 4.822316603561725423e-01 -1.072837093190913693e-01 -4.273954952985837830e-01 -3.103287188153815435e-01 2.560646790500468728e-01
-2.752438148293853692e-01 -4.652835713363983050e-01 -8.908492194618511384e-02 -3.246094905043392376e-01 5.118755566907940979e-01 1.176106720520717352e-01
4.266207994572398521e-01 -2.869579536371483219e-01 7.045830627028480675e-02 -3.989494163108788793e-01 6.423992048006532674e-03 5.524965337819363054e-01
5.441674714586881151e-02 6.211573776683415593e-01 -9.199187908511976750e-03 -6.887258506458737717e-01 -4.555967883910827521e-02 4.761142649920496739e-02
1.870333749843780535e-01 2.335378894439868180e-01 -3.772284153990892452e-01 6.921483120419300028e-02 -2.580216108371794492e-01 4.856087931314926331e-01
-4.998887853195096431e-01 8.501761347529014634e-02 -2.501394791097348302e-01 3.696962194245599909e-01 5.528462495278458899e-01 -9.215755984850473870e-02
3.022238421175952316e-01 3.832708044291301408e-01 1.447071183270828287e-01 -3.758714040085817665e-01 -8.832761995875626493e-02 -4.190142342008682519e-01
-2.706414634491777563e-02 4.333930360452091235e-01 3.381100608596581680e-01 -1.860463485613284285e-01 -2.853219337265537336e-01 -3.387750487449145420e-01
1.214771300197763776e-01 -4.620088356910970750e-01 2.945945827795610761e-01 -2.226752555184677296e-01 2.517450685309260416e-01 -3.154173021342944194e-01
-5.403906080828464464e-01 2.096546389477760564e-01 -3.276381883986034804e-02 -3.587776603245142470e-01 -7.709396784778397294e-01 4.107060293697785414e-02
-3.946382293720102075e-01 -9.017115232843776751e-02 -3.881500387076119440e-01 3.379019032219200414e-01 4.431985540594634010e-01 3.481770290745644925e-02
1.681494555805656821e-01 4.483847382153545169e-01 -1.154420101758728417e-01 -3.978921913574080538e-01 -2.278996257512745371e-01 3.559774558901755981e-01
-3.517261294678642458e-01 -4.480609840582673864e-01 1.563982278442898333e-01 -3.807595578761397981e-01 5.489046994954385195e-01 8.417298398071061671e-02
7.762337638003283247e-02 2.795395660776641700e-01 3.824708738864509572e-01 -9.370228482326053987e-02 -3.570811400777871292e-01 -3.694344355158626358e-01
-5.614796938486966704e-01 3.132835988638638103e-01 -1.113730552596276305e-02 -1.097736649788105812e-02 -4.812462110503430424e-01 -2.673980491817746774e-01
-1.465376182292808249e-01 1.984551227991843969e-01 -4.281143292220671026e-01 3.402947506090802099e-01 -2.401758848563977644e-01 3.272644391943337339e-01
4.071879016538881846e-01 2.058942907882780893e-01 -2.597062241172814478e-01 1.557119967482569201e-01 -5.658344309636353930e-02 6.718866636114071422e-01
-1.393543235148402282e-01 -3.170398843649047116e-01 4.034114475188443905e-01 -2.508972240229657980e-02 3.323181027818983280e-01 -3.484381421340618790e-01
5.466193903407480237e-01 -1.474237777932980720e-01 2.579629896679210832e-01 -3.207864448630678433e-01 2.217140040148283808e-01 5.916460954676402428e-01
-5.179626634795447132e-02 -3.381291578095243361e-02 -5.291375069956070210e-01 5.125887219945924889e-01 -1.607653499933613811e-02 2.961836460898769063e-01
3.038439003657381066e-01 2.765118641489501816e-01 2.391800856174091938e-01 -1.782608340770853173e-01 -1.832087702736736601e-01 -5.066295169715323565e-01
2.221266502338348214e-01 5.314848318961723495e-01 -7.839928400206630510e-02 -4.697167497329399755e-01 -8.254115780331672259e-02 3.015017477101103460e-01
5.015093019220939752e-02 1.380747863213357789e-02 6.314050660739715104e-01 5.620687991877479917e-01 7.214418363701276260e-02 -2.256462300876062033e-01
-1.592057229597911294e-01 -3.134892243788171551e-01 -3.037966000904081532e-01 1.116507125272922507e-01 4.542104802185046863e-01 2.769563206223645824e-01
5.301822018669197778e-01 1.123423907801484739e-01 4.570147052653402153e-01 5.171682447805879823e-01 1.016952153841245571e-01 -5.428439220300596002e-01
-3.173346554084201521e-01 -3.404743757891208200e-01 -1.411531792266939311e-01 -6.242450446086578175e-02 5.679772542366925414e-01 1.901117462443520367e-01
5.046413465698403877e-01 9.758110898125375854e-02 -4.550775509589249923e-01 5.227961246931517314e-01 1.029125185791420066e-01 5.447434230674218503e-01
-4.576492974948958015e-01 5.442792640781181079e-01 8.349952666558141390e-02 -8.106286348356821492e-01 -3.913518519701587595e-01 8.345378045899196073e-02
3.505710818548037899e-01 5.898191544525570595e-01 6.564563450396092292e-02 -4.545178566180643198e-01 1.366326299948512069e-01 4.483384293127679610e-01
-4.988326217827669939e-01 -2.498574507852049098e-01 -7.301044725663193014e-02 8.617248092973439633e-02 5.537827390407638051e-01 -1.822417390040816376e-01
6.273851471933984680e-02 5.734123243743698417e-01 1.082759989984165422e-01 -3.373452516864003381e-01 -2.661468999422730297e-01 -2.592471822071151788e-01
-4.143916596519841011e-01 4.441409817092439316e-01 7.912082954357461950e-02 -3.613204361307995049e-01 -5.505477898828234906e-01 1.673120587142145621e-01
-4.233793297267268163e-01 3.271554623630070213e-01 1.283889224904262716e-01 -1.095446778144867350e-01 -5.933206740682410718e-01 -1.044876403486141581e-01
4.848794558968811952e-01 2.505581778698942053e-01 -7.724608456257764377e-02 -3.289182615673975629e-01 1.222155426611924167e-01 -6.440453815254584269e-01
-8.580330972735590589e-02 -5.233687555852263307e-01 1.513478057306942293e-01 -4.563147017270232642e-01 3.432740353517710341e-01 -1.827952494349051049e-01
-1.767872403013976412e-01 2.836674314403636044e-01 -3.255045194514517015e-01 2.466004850666395076e-02 -4.158276676806859640e-01 3.601525348676258287e-01
-2.505897151669863598e-01 -1.822785542677571868e-01 -3.626460147797222477e-01 2.408363495095988682e-01 4.172513413082248324e-01 2.690693699206478939e-01
5.631629553148607137e-01 5.901212000349616293e-02 2.746865034590719734e-01 1.586416310857964307e-01 -1.741574702189441215e-03 -6.378218454471572540e-01
1.356745606697921103e-01 6.231821488265038012e-01 -1.496102043812200764e-02 -5.990519234550882866e-01 -1.778310037205432792e-02 2.071662918071803805e-01
1.668172681705069188e-02 2.559995899406850017e-01 -3.861927610033616398e-01 1.037570131881163926e-01 -2.144833930863802585e-01 4.919095435063982613e-01
-4.763467532336139731e-01 4.400361206790127933e-02 -1.487899901636074440e-01 2.947325474814187496e-01 -5.533697804430812717e-01 7.162267265034219510e-02
-1.487477322218687947e-01 4.397875118947970896e-01 2.756700769586407085e-01 -2.128672204807569024e-01 -5.498715245923646577e-01 1.473591938476561392e-01
3.305577587786354132e-02 2.726641875765634659e-01 -3.554310269655166499e-01 -7.456232674686526229e-02 -2.820371637810578647e-01 4.696294282676025666e-01
-2.650119167058655467e-01 5.117916764306668087e-01 -9.561836183608338202e-02 -3.751909035068621279e-01 -4.492634838524863783e-01 -3.490617870035724879e-01
2.822116846137172688e-02 -5.844272996083360594e-01 -1.654866069283223995e-01 -4.460188141784385274e-01 1.305530834387818029e-01 3.482248789502678799e-01
1.210546550710481090e-01 -6.086156033900353979e-01 -3.561194567138422501e-02 -6.001239735663105312e-01 5.629583603777887912e-02 1.587952643666462049e-01
-1.850052760071332555e-02 5.636955918511263874e-01 1.476440935051767829e-02 -4.411882780474447041e-01 -3.336314503660994246e-01 -1.122759186086259020e-01
-3.785430519578341091e-01 1.483101228723582299e-01 4.924889134026959603e-01 4.493262355891486370e-01 3.366271802330063068e-01 -3.587566588274171409e-02
2.803206294194092174e-01 -3.491556729309014950e-01 2.369638182346184840e-01 -2.512929272561747474e-01 1.654448830532881387e-01 -4.357718610180124075e-01
3.343571712116842343e-01 1.989613808957673424e-01 -1.972336329975471758e-01 -1.158450085268667995e-01 1.921674633678149835e-03 6.736816048498607268e-01
5.375591200619322940e-01 2.332379435887138586e-01 -1.115713809817127505e-01 -2.054453553882191752e-01 3.101488463178985744e-01 5.532812812694264393e-01
1.024087357064020626e-01 3.841283194792688982e-01 -1.751494093345127290e-01 -2.500472322828645733e-01 -3.109927131474118922e-01 4.514138680994317365e-01
-8.094475784595588086e-02 -2.749016172808440572e-01 4.418180145251997537e-01 2.668145577320904516e-02 2.797927180040162831e-01 -3.832460996773807693e-01
1.209752211586878207e-01 4.000616716065110712e-01 -2.070985715184039677e-01 -2.498986162400396172e-01 -2.904213729249940368e-01 4.139374676513417617e-01
3.373194467460793322e-01 -2.248914421395316332e-01 5.937639270058021612e-01 4.169163337092777200e-01 -4.823968695587479427e-01 -3.692289548138998345e-01
-3.347257134238299514e-01 -2.252053524704689669e-01 -2.404188126556425220e-01 7.317194028329321309e-02 6.174117483653303040e-01 1.111717524613646813e-01
-4.778908171454852027e-01 2.221610450829409056e-01 -1.959147983655545877e-02 1.206452292071225063e-01 -5.789344427142277816e-01 -2.037929174658411474e-02
-1.263555926563288967e-01 2.520439762922977445e-01 4.472773429106639553e-01 2.152097261034269793e-01 -4.988294573064571691e-01 -1.179856222092549589e-01
-4.695649969708709515e-01 -1.348578096526810155e-01 -4.265968568656914872e-01 5.199823932131519832e-01 -2.366587433555302489e-01 -3.244570875433699930e-01
1.853557177601388439e-01 -3.596157679474188407e-01 -2.844105525136198520e-01 -1.246805146497477479e-01 9.485793397089958834e-02 5.506530312078488087e-01
-4.563250815433397833e-02 -4.332001031069673269e-01 -2.250367050482220410e-01 -4.298465454623409121e-01 3.831299542714136086e-01 2.062228582730920579e-01
2.381169375479105788e-01 -9.852937632253035150e-02 6.736848030834972079e-01 4.230215710075171387e-01 -3.406093963521151236e-01 -2.787896272439758238e-01
-1.521320586386548657e-01 -2.098277800607613146e-03 -5.239220712471909236e-01 5.950481773220090975e-01 -3.850322023219866080e-02 1.397015985810627914e-01
8.189332958647216332e-02 -4.785298120799080790e-01 1.595835805803553775e-01 -3.764012502713121600e-01 3.491777640665482130e-01 -1.642470023835384541e-01
5.213731447020908405e-01 -3.752433972488739000e-01 -1.666551388169478787e-01 -4.731257382800857503e-01 -4.096972295118883056e-01 -2.655738184967497695e-01
4.489047481278575225e-01 -5.791442537343396979e-02 -1.949807581217248564e-01 -1.008291368039236913e-01 -4.673783872445931575e-02 6.402843133787473606e-01
-3.879817722001976943e-01 4.340716035316435906e-01 6.264718411560267486e-02 -2.239747907914217684e-01 -5.463507284322541846e-01 1.716139727975411478e-01
3.982835004799281653e-01 -2.334191779188026228e-01 2.659244364592735013e-02 -3.866719047012740496e-01 9.336501650302414523e-02 -4.997696960952326406e-01
-3.886086299477223283e-02 -1.769326692585408145e-01 -5.768850284342242896e-01 7.514658072786478682e-01 6.299179000029067610e-02 -1.312975519601677910e-02
1.548323534274756996e-01 2.428703800716541187e-03 -5.386596143794052383e-01 4.577332896053999400e-01 -1.243886130414192243e-01 4.058870446118265640e-01
-9.081952671986447123e-02 2.401095972894048691e-01 -3.988424766143860434e-01 -2.018585631002127456e-02 -2.807889323715925256e-01 4.518487754867772099e-01
7.992335032798822403e-02 3.687570175451592713e-01 -3.659860774848786580e-01 1.609303116460625849e-01 1.157575584569818794e-01 5.980829791283401864e-01
-2.090764195309459950e-01 -2.790827916972787315e-01 3.629586760987612015e-01 7.224307841122198925e-02 4.590720201455519844e-01 -2.502189603418069064e-01
-4.498384501646039008e-02 3.238404877556640832e-02 -5.297673564041027738e-01 5.660534758177248049e-01 -2.787306186158669541e-02 2.595377006970430722e-01
6.522209933320974318e-02 -5.768789782901726504e-01 1.250450904124774942e-01 -7.018604065399633996e-01 5.337706903593142371e-02 5.204596454012194728e-03
2.383940893185489407e-01 -2.516235172427035427e-01 -2.605351230483111125e-01 -2.533928375212103346e-01 9.872648040411247106e-02 5.365850044973312638e-01
-5.177062048186124033e-01 -2.521264268966171285e-01 1.489531502880916958e-01 -3.378869983182791747e-01 7.313783572026469892e-01 1.293727359040616753e-01
-4.083929250381094778e-01 -9.376576806067146372e-03 -2.705256579804701245e-01 2.529699762369480021e-01 6.615522986968276342e-01 6.481529811266734109e-02
-5.338377564914338347e-01 -1.197120185537583759e-01 -1.949999087193257097e-01 3.646225100997146917e-01 -5.503801536717274345e-01 -1.095943658607199389e-01
3.967747128361311937e-01 1.393991056722652666e-01 -1.051599997964985239e-01 -2.583683890096002411e-01 -1.046305373220442481e-01 6.098484263384832404e-01
-2.866401196602804125e-01 -1.492303058603502985e-02 4.565559500290453654e-01 2.363484156978821749e-01 4.589962003945874391e-01 -2.518814532682815965e-01
-5.056649134879644958e-01 -5.564230094986756525e-02 1.878073281533683692e-01 3.243858493051198222e-01 4.846782858518858816e-01 4.971534915086503470e-02
2.067281210099702893e-01 -5.948696608737284730e-02 -5.187435423204969087e-01 4.218811702893726090e-01 1.901901256105584248e-01 4.253806631032587271e-01
1.665744443436907307e-01 3.443325563271776857e-01 -2.960611091275383577e-01 -1.988951097661972867e-01 -2.742632004043544236e-01 3.994755863619684488e-01
2.790237843563485032e-01 -4.035314945006207576e-02 7.055505995808832864e-01 8.073664894682750504e-01 -8.095970278188840963e-02 -1.425090055068259920e-01
2.776733278760264156e-02 3.316782733036351405e-01 5.122731417896201345e-01 9.110713404653585368e-01 1.588694046825656625e-01 7.648520603838704357e-02
-1.242724116627959841e-01 -6.528580596548605453e-01 7.225089438953130605e-02 -6.529908208269181724e-01 1.947035500855577306e-01 1.180347507713475491e-01
4.488633810432093862e-01 1.082858519200721459e-01 2.225572035653880787e-01 -1.259005034934304601e-01 -1.091712300582038664e-01 -5.663400613112531401e-01
3.688521374821952525e-01 3.424982955147632957e-01 -7.779070935685120092e-02 -4.197827078686794389e-01 -1.664263912972613335e-02 4.212812992361819608e-01
-2.951873849379672149e-02 -2.206624687524647022e-01 5.634438958599388148e-01 3.584045844726869157e-01 2.121866647208263124e-01 -2.502864791108264653e-01
-9.238565220235056552e-02 1.150298355267463241e-01 5.419367664377366944e-01 4.204669178391367557e-01 -1.808001765905931646e-01 -2.639582920732931326e-01
1.809658024997787551e-01 -5.145800929492724274e-01 8.189862079230232628e-02 -4.006617063611690455e-01 2.501801197345374650e-01 -1.953219737385188948e-01
1.097779484002674860e-01 4.089145097205045681e-02 6.972477634335489949e-01 3.241257614066323511e-01 -3.116214988929827956e-01 -2.136801345017601550e-01
-7.278816362721962641e-02 3.827114395356068233e-01 -2.661186516694309390e-01 -8.200123815933454963e-02 -3.701618400897372929e-01 3.919823619172707607e-01
6.269305690904880546e-02 6.933618639127190342e-01 6.887086033662707940e-02 -6.123298386195327181e-01 -3.460401984699768008e-02 1.889115309201605530e-01
2.086102801704059762e-01 3.391582337571391603e-01 -2.496551098358930909e-01 -2.576767173967042801e-01 -1.960791899901345170e-01 4.546866652422510979e-01
-3.650957974906236525e-01 -2.140649282440288959e-01 -4.422868335958747843e-01 5.213570298676859505e-01 -4.094998403888466809e-01 -2.275545219109081918e-02
-5.667768041752775376e-01 2.458193292621942694e-01 -1.104432770915718745e-02 -3.504261875954739480e-02 -5.928121126244716432e-01 -1.291801001887983025e-01
2.256531586248835750e-02 8.776329942975238385e-01 -3.202336656803884355e-03 -5.167537568939776227e-01 7.950510656940212861e-02 -2.717666913127274042e-01
-1.362565146191479885e-02 -5.042609839446507980e-01 1.417410292919550063e-01 -4.470745360900694187e-01 3.683446695969525564e-01 -8.338435315489345356e-02
-1.974695937004136981e-01 2.596375719510829461e-01 3.899107208352364795e-01 5.719757955053587084e-01 -2.491470257756958073e-01 3.786354670684277668e-03
3.353595208206006095e-01 -1.382573662351266885e-01 -3.440257786438261078e-01 8.376354646139194671e-02 1.333732509814851697e-01 5.849070894778497509e-01
-1.907083661318949575e-01 -2.939610423933007310e-01 -3.182020430232100350e-01 -9.656410748036262093e-02 5.238591810915358415e-01 2.495187868061747305e-01
2.846691404537949888e-01 -2.802530527618483647e-01 3.434779751154883320e-01 4.970371231780179588e-03 1.400662968864941904e-01 -5.197139171117755030e-01
-5.978320066075492045e-01 -1.123395119191560043e-01 -1.949417024811413712e-01 3.384446171195811814e-01 -4.527275991793136001e-01 -2.816713624222303425e-01
-1.235094018158729573e-01 -2.246988513667982079e-01 3.652737717877183043e-01 1.386767000613142176e-01 3.656624484183442769e-01 -3.980950667814508459e-01
-1.934671545808608062e-01 5.174529232184683220e-02 5.955721146915945452e-01 5.872400178531241854e-01 -6.011997495062219171e-02 -1.923067717600202009e-02
-2.851266831823800474e-01 3.726268038064341481e-01 -1.862161704697533060e-01 -1.349638673576263326e-01 -4.759108361691468114e-01 3.211643595944701501e-01
-5.822937152128633276e-01 -1.686472566255490524e-01 -4.751728976198369737e-03 4.974831400127888159e-03 6.401595500129124705e-01 2.602494554135461116e-02
-4.040958234337181480e-03 -4.074826111767577697e-01 2.385940568230255077e-01 -2.975593170963084511e-01 4.072583262678889371e-01 -2.614501190882567716e-01
8.233637731393794734e-02 -3.792961545652013822e-01 3.639826920789424602e-01 -1.748250483644254172e-01 2.640741704625114705e-01 -3.570877802168012649e-01
3.053770861469316533e-01 4.280327263256378245e-01 -1.033676336581763333e-01 -6.603695599990908605e-01 1.734700202147521630e-01 -5.305616264796007842e-02
-1.001834793421230441e-01 -3.146515082821506326e-02 8.098097146335303531e-01 5.858522602204321306e-01 -2.415731951430709068e-01 1.132398518365209661e-01
-4.761689421705847525e-01 -2.887078973829622086e-01 3.487993322549961528e-01 5.045950922419013551e-01 -4.504760728986308971e-01 2.395612153118888976e-01
3.368105009564335006e-01 3.557182721297658667e-01 -1.027879945820486113e-01 -3.354901251010065089e-01 -1.084164672086150860e-01 4.739188737159344966e-01
4.668639798805044872e-01 2.274486351033990217e-01 -2.948602102405024905e-02 -3.961752440586071011e-01 1.791365034515577659e-01 4.733352552539439873e-01
-2.132657899793879985e-01 4.113255926800450379e-01 -1.519177855011034362e-01 -2.298818320459050657e-02 -4.669915681867412016e-01 2.866633327506558082e-01
-1.007282675341602540e-01 3.730693883381307474e-01 3.363888243472956119e-01 -1.562045692711029332e-01 -4.748649987937313410e-01 -1.908015161037650009e-01
4.091601320219941940e-01 8.450257331545363293e-02 -3.202882754124062870e-01 1.992787304567874007e-01 -1.607541464935471898e-02 6.522516289688871094e-01
-4.359045991790155283e-01 -1.209277814228020692e-01 2.449935236797402272e-01 4.271430614135518500e-02 7.262535987354455935e-01 1.432568330510861077e-02
1.062668550179484556e-01 2.691289735676679618e-01 -3.537657474544543268e-01 8.280900028990577366e-02 -2.178863118448956526e-01 5.193126229259354965e-01
4.832997209487425172e-01 1.373627643073920546e-01 -5.863831217990118222e-02 -3.558004326000631101e-01 4.457106956941572773e-02 -5.946426346457047707e-01
1.983876132473625653e-01 -4.513301125369918454e-01 1.717412408419810577e-01 -3.148881653678932135e-01 2.339112191499655991e-01 -3.449717282567131837e-01
-1.480413076683271267e-01 -4.646217888853561573e-01 -1.024710826819351939e-01 -1.252219181988366292e-01 4.377816113591675440e-01 3.278164708114952308e-01
9.278189158344724019e-02 5.187271808835426656e-02 -5.108445659357986335e-01 4.810268107607667543e-01 2.046676222039849752e-02 4.101763614426278126e-01
-2.694694041582635924e-01 -7.389304689582426589e-02 4.679523188314481108e-01 3.069069950904266264e-01 2.961421729773572875e-01 -2.606519512922731985e-01
-3.512793879615765946e-01 3.165988050819898980e-01 2.907680463977704299e-01 -2.297979917021876761e-01 -6.614752576027361775e-01 1.216130929785344261e-01
-1.923811908798234993e-01 1.414264357455216892e-01 -3.670923969147443233e-01 4.527701707942500819e-01 -2.517831363640342657e-01 2.880151919067473476e-01
-4.604191197285090187e-01 3.986974851037985990e-02 -1.955763743540563648e-01 3.633669924298771337e-01 -4.803578043831316924e-01 2.967844718235287949e-02
2.691697782877772172e-01 -1.817130875303817755e-02 5.434655435958545278e-01 2.187540038819831834e-01 -2.776566096541162598e-01 -4.209646655470056231e-01
1.257093043419857115e-01 3.910332284971288486e-01 -4.052769303977401538e-01 2.116407487951310062e-01 2.457807792279663450e-01 5.803789491238631193e-01
2.428634260512097798e-01 -2.807001222750424296e-01 -3.263185589420991017e-01 1.150650048444575579e-01 -7.324516311930609480e-02 6.435422575974460990e-01
2.062633788403654966e-01 -2.919316219241923083e-01 3.837465352756537218e-01 5.915866827202215239e-03 1.416225124148228764e-01 -4.948271309741847368e-01
2.063573837704786862e-01 3.227284995927806599e-01 -2.548593964983023041e-01 -2.272905195121434074e-01 -2.001211835155106145e-01 4.790191389911511721e-01
2.376591981439024059e-01 -4.505821826584986423e-01 -8.190008454072714161e-02 -6.416405756339782496e-02 -2.701055165956273152e-02 7.722016633366243221e-01
-3.918867737692894870e-01 1.463489388617705278e-01 -1.785596017258861967e-01 3.094447248574786480e-01 -5.329416551175754080e-01 3.753856570067778953e-02
4.971501627623114983e-01 1.588527586187257201e-01 -4.711376510614868895e-02 -2.634963131768675026e-01 -3.214443531054395065e-02 -6.675466869860671171e-01
-3.287854815085537452e-01 8.837752914308473484e-02 5.112265289439271720e-01 5.952924277845068612e-01 8.745841896984939134e-02 1.290234771598583463e-01
1.001501528310025785e-01 -5.551610123744649128e-01 -2.524316827276806927e-03 -5.527497590024845753e-01 1.977522102232890377e-01 -8.524906744817567494e-02
-1.278529654621715916e-01 -4.609822251181998065e-01 -2.613917394573591069e-01 -3.358607642787103109e-01 2.294590086423188846e-01 4.314456573066658973e-01
3.357511031317305661e-01 3.238825302837228248e-01 1.655671153462342504e-01 5.332997401117206548e-02 -4.771016515050707785e-02 -7.188293876580418296e-01
-3.007881564656273432e-01 -1.064213605690863124e-01 3.718243912175834276e-01 2.917753271936823212e-01 5.065049486336085094e-01 -1.508512800363074891e-01
-1.575623326793515466e-02 -5.882847913380971627e-02 6.386479209071381780e-01 5.660948765125770610e-01 -6.126767664188202678e-02 -1.746437465546052392e-01
2.732248506809644151e-01 5.753175973517974384e-01 -7.964860362935702320e-02 -3.786808859353122947e-01 7.480321033698555944e-02 4.900041493333376907e-01
-4.222986541500636237e-01 1.020186702999728301e-01 3.860687647439096648e-01 4.111170438613940270e-01 5.004709144936372311e-01 3.114350478833904923e-03
-1.080008589975723354e-01 -1.808638726634013427e-01 -3.781113092739543102e-01 1.408846075855096636e-01 2.900768717005673958e-01 4.682165467142747062e-01
-1.508161486956627051e-01 3.611176361111870792e-01 2.975136720880140473e-01 -1.017916314997447669e-01 -5.512448662518422138e-01 -1.089236059704565274e-01
1.499620617653788512e-01 -4.149803584898504871e-01 1.874147605342044998e-01 -2.977778975014646057e-01 2.912209130359081355e-01 -3.610455324416199652e-01
-5.225844265124213184e-01 8.890557357872799771e-02 -8.353594265225296189e-02 2.001246712885613732e-01 -5.987797380034857175e-01 -1.439498380900806895e-02
4.229610498086729814e-02 -5.813486752747708264e-02 -6.306036106975769773e-01 6.685371304324243535e-01 -3.456292465340799619e-02 1.486694746521762811e-01
3.519885541965284692e-01 -2.723420579492708549e-01 -6.891516503314221165e-02 -3.176040430779383805e-01 7.581828534730827851e-03 6.190444060543784932e-01
2.277081860054372131e-01 -3.504034091021190900e-02 -6.184186045760116102e-01 5.878636926503139071e-01 -1.473957022625366486e-01 3.076830549672378012e-01
-3.319572685685960312e-01 -4.541086358912062582e-01 -1.104866293210085733e-02 -2.406365567603455657e-01 5.394248768288372187e-01 5.641752635561324281e-02
-2.700756102599876085e-01 -2.912920258613421742e-01 3.868837415250975242e-01 1.607198766123787981e-01 4.647848165974856061e-01 -1.058261698709386800e-01
-5.558428247026795388e-01 1.231343447751447051e-02 -8.255666154294408199e-02 1.848080292416143244e-01 -6.211873212378163922e-01 1.413029039433066070e-01
-2.770490086392710660e-01 -3.718723829203881420e-02 -5.709607694798383148e-01 4.091825790614650460e-01 -5.201649626102091695e-01 -2.706856889761977136e-02
3.519238794378373725e-01 -2.618477476022728068e-01 -3.703411391315136747e-01 2.935383520890276765e-01 -5.234738645311076688e-02 6.057227567659690948e-01
1.608705260315863306e-01 -1.990367630960265810e-01 4.071412302041690912e-01 -1.372975851977335793e-01 1.396886053242077930e-01 -4.852493245612409800e-01
6.100244939374676045e-01 -8.795569386875000395e-02 -8.324761716377253318e-02 -2.168315303547225792e-01 -1.271372034490407255e-01 -6.442947848767220931e-01
4.760763114397770779e-01 -1.427751942737952029e-01 3.053119453055423427e-01 -4.976926111448147227e-01 -3.631761636271976235e-01 2.487655208692997333e-01
-4.408714342292568977e-01 -4.091531867101829700e-01 -1.449080597310545560e-01 5.562957234309551247e-01 -3.393667361584358777e-01 -1.729706861805202500e-01
4.794005649216717679e-01 -1.781910792391813159e-01 9.563301206967488033e-02 -4.147557187080674335e-01 -9.357323837007966438e-02 -3.440536507393130994e-01
1.359200023751890307e-01 -4.302265040682233810e-01 2.493647195009702222e-01 -2.534288742009143114e-01 2.701288529704893859e-01 -3.488909333566550530e-01
2.148733676416339222e-01 2.608105065914670950e-01 -2.650923682873049247e-01 1.807101151764858860e-01 1.719554523655300038e-01 7.303661449213110224e-01
-8.530473792675368205e-01 -9.870236865908960100e-02 2.249551515999805018e-02 -1.570647428458060713e-02 -5.221034314968483470e-01 -3.233248845132719040e-01
1.271091664313545588e-01 1.798618144881553582e-01 -4.111315562039586924e-01 9.172842785361867701e-02 -1.436637280798632732e-01 5.344261769058514799e-01
-1.314886561045165436e-01 -6.676862994487257064e-01 1.135763421053149480e-01 -3.787523186718828594e-01 2.939853878270104470e-01 2.321016434802123940e-01
1.104535638803194608e-01 -5.942535552247731889e-01 9.172329544695280099e-03 -6.626502211361534611e-01 3.719103152503555609e-02 6.907451195541081113e-02
2.774796020707974709e-01 3.541763026303379469e-01 -2.231491703539016103e-01 -2.771397906540667977e-01 -1.666656558740616800e-01 4.257891807048135302e-01
-4.602014721073238168e-01 2.051480705608281496e-02 3.940918998647277016e-01 3.682988249529762226e-01 4.713821034838471813e-01 6.196852100844613132e-02
3.180100121245014733e-01 -5.055579968169973126e-01 -4.448063661346920300e-02 8.717446818184995672e-02 -2.516018087944387194e-01 8.947856761103242240e-01
-1.320274292628325630e-01 1.700602254893985310e-01 4.898718119587588959e-01 1.676407073954485072e-01 -4.500848273143823186e-01 -2.351241337918015817e-01
-1.430647226056993571e-01 2.872149809999022807e-01 4.277155318349569191e-01 -1.268493236581877404e-01 -5.085321110797050848e-01 -1.776964157543038381e-01
1.703560753383224213e-01 1.724364548249756809e-02 -6.031173028937416580e-01 5.575184939288946318e-01 1.499908109208100970e-01 3.092880081929441083e-01
5.829387963035308484e-01 -3.507731356966138983e-03 -2.690310503772274653e-01 4.913659840224368081e-01 -2.010475055455617638e-02 7.266290115940692296e-01
-4.042773112925923673e-01 -7.928797520534132393e-02 -2.402607199644608282e-01 1.355072835377374441e-01 7.180293392035522748e-01 2.977203976599476776e-02
-2.929654746303471113e-01 3.059121850084214334e-01 -1.911713978688398818e-01 1.090107016676535312e-01 -5.161216749749824029e-01 2.121590953121549605e-01
4.225039059765393068e-01 -3.415087456667331156e-01 -1.171014343560017185e-01 -4.586739430460734512e-01 -7.226827033770544251e-02 -5.057338633123111826e-01
-2.367743590440444523e-01 -4.709730661978067667e-01 -1.102773939580063006e-01 -3.286810937240170483e-01 4.521359502619294313e-01 2.631163604771790676e-01
-3.924832780367139284e-02 -3.918180614162417030e-02 -7.048795721731264674e-01 4.377824913954862507e-01 3.238143235320808389e-01 9.554244612477824639e-02
-2.856164858032321230e-01 -1.508008271489525709e-01 -4.812733438270838660e-01 3.960596752969563483e-01 3.111718370931959576e-01 8.608797744950880126e-02
-2.042383835699456140e-01 -8.864698597766328125e-02 6.183971192353082680e-01 3.483683360060737533e-01 -4.586448618752442252e-01 -1.284143598614642112e-01
-2.193948002335741609e-01 -3.392805826723592766e-01 3.419751178654122925e-01 -1.389254102545633418e-01 4.817291208589041807e-01 -2.232396589972532319e-01
4.185918137668384054e-01 -1.711487905906707851e-01 1.578295316176148710e-01 -3.058030020232810342e-01 5.572399233048774825e-02 -4.931550236722997416e-01
2.286598023397089785e-01 -2.890068397146747237e-01 -4.018603813892839272e-01 3.312115572352872794e-01 1.347068108009283338e-01 4.981117736991824696e-01
-4.659187012582527432e-01 4.014810527379858440e-01 1.138391017700257982e-02 -3.854833172234389815e-01 -5.921014926002754475e-01 -6.813888274624613217e-02
-1.806297636214249103e-01 -3.818228289028738898e-01 -4.036684135840762355e-01 7.967006540845394946e-01 -1.968640515744881359e-01 -3.006368392203224715e-01
-1.744015769153556550e-01 4.776190193670752371e-01 2.587145094029931758e-01 -4.613921366510377320e-01 -3.811713530207245237e-01 -1.656856731094840662e-01
-1.148887398542101784e-01 -2.296835715246008103e-01 -4.292216755094372393e-01 2.334633455641533795e-01 2.936468741571274244e-01 3.484518223077641697e-01
1.370729723116533572e-01 2.542663139058208566e-02 5.692707309659248427e-01 1.886865767356101786e-01 -3.715324053340665622e-01 -3.471132273184868167e-01
2.702881431421669811e-01 1.665378429245576442e-01 -3.373981722760506230e-01 -9.472204156686758747e-03 -1.237004541836037030e-01 5.777498370486593426e-01
-2.194634453678492025e-01 -2.908897297634099322e-01 -2.346196180452506941e-01 8.235779326907305409e-03 5.819422932124886927e-01 1.970252854821825383e-01
1.987689289484814714e-01 -4.048818238507855827e-01 -1.727879512127797335e-01 -1.780848549826031801e-01 1.505356221180892962e-01 5.684897877287287127e-01
-6.633436834052527931e-02 -6.514129112856442694e-01 -2.356856680766911821e-02 -5.898592072962657307e-01 1.848020443498250565e-01 1.397295990360906959e-01
-9.678057365884266960e-02 -3.316519980978939186e-01 -2.874362209843431826e-01 3.215833089329845351e-01 3.440508578890644209e-01 3.195212010427372906e-01
-3.931166825252919717e-01 1.826962868254770611e-01 -1.940731239631585670e-01 1.876899440766551797e-01 -5.497470522165039952e-01 1.611597821538001130e-01
5.399063495669508272e-01 6.942902868423860745e-04 -1.477645444456190602e-02 -1.514727384067721117e-01 -1.595083011257993066e-02 7.075239655189820009e-01
3.757353487139475368e-01 1.868156812570822556e-01 3.059104800545507929e-01 -1.162681919390442520e-01 -2.859814315028147425e-01 -4.251130531855392691e-01
-2.668294740644797103e-01 -2.886092998295952672e-01 3.325201617034657109e-01 -1.402676869125512871e-01 5.972388084170293654e-01 -1.138599937120572947e-01
3.774364154267228488e-01 3.242518935841037786e-01 -5.681607621884052217e-02 -1.495325108826715543e-01 -3.417588024469886410e-02 -8.274218649671815085e-01
4.961247195359606010e-01 -2.185564716329680413e-01 -1.511764777729830145e-01 -3.268951565938990056e-01 -1.364956864091784738e-02 -6.809419396534240887e-01
-4.788336653829932121e-01 3.397408285819416424e-02 2.834385224484775034e-01 3.447298605958064588e-01 4.936313939966034958e-01 -4.891411406035878207e-02
-2.998653471927910652e-01 7.937465839989132910e-02 -4.148292087420992202e-01 3.404339631458239146e-01 -3.290587269484743782e-01 2.357082328496722945e-01
-4.850983703058370233e-01 -1.348619585112759700e-01 2.222121324606107506e-01 2.296300095361812899e-01 4.964489475427406595e-01 -7.880262290141495929e-02
-3.468343054837831341e-01 1.210876528187718876e-01 3.742069050698087485e-01 1.559676392949106427e-01 -6.104264289665644050e-01 -8.631166401999429416e-02
2.116375244971771263e-01 5.943223978152302189e-01 -7.187108685456199131e-02 -4.687489442117015459e-01 -1.058347746245253962e-01 -2.883293670820191723e-01
4.284752834605465854e-01 -5.118295523097726729e-01 -5.272677604535662421e-02 -5.498401341331420333e-01 -4.135996177703534227e-01 -2.350721177979444576e-01
-3.600168115348523212e-01 8.877410377026870303e-02 -5.083775543747636183e-01 4.284871327635033644e-01 4.936007160787051484e-01 -4.536897584428922769e-02
-5.119760175190920526e-01 -1.947798526623255866e-01 -2.826039021180585045e-02 -3.707372932517488673e-02 6.794702710004472124e-01 7.250933710651238928e-02
6.271744389214169990e-01 -1.469283580075688989e-01 -2.288658415582253969e-01 -2.630901848605257110e-01 -2.384431547426353326e-01 -6.750204578303599101e-01
2.813283106632866182e-01 -9.325335435830058375e-03 -5.765008633832719998e-01 6.570860239583273810e-01 -2.821600890747472112e-01 3.091442902228850320e-01
1.120048336835989394e-01 -2.308886215977140888e-01 4.708977487655838789e-01 5.958845203516068001e-02 2.524589493281712560e-01 -4.029601622330701849e-01
4.474256852878844559e-01 -2.810198503568807626e-01 3.900004357062726301e-01 3.965768564915898020e-01 -9.634689299272752860e-02 -5.914832857218632611e-01
4.808786047750717718e-01 7.520084379602594293e-02 5.756022920495644790e-01 6.582641851819863721e-01 1.336241637394872395e-01 -4.068034650337732927e-01
-2.045588509230739649e-01 1.100992730013858195e-01 -5.387731291035460224e-01 5.170725173759624926e-01 -2.306364626189963962e-01 6.384393567150437043e-02
2.869413785557893282e-01 9.791326092986138430e-02 -3.631887554418350428e-01 -3.614570915460296741e-02 -7.551274871928137511e-02 5.671542742692455841e-01
1.686605433188664849e-01 1.350337313440097831e-01 5.459406525701754331e-01 2.019463334148074996e-01 2.869097099479822610e-01 -4.418982732172095362e-01
-2.477114188510829151e-01 2.212328179573684883e-01 -3.498179468196792596e-01 1.520145340428644409e-01 -4.716586189899426573e-01 2.502825607522741747e-01
2.124649063376006508e-01 -3.888922177145988091e-01 -1.525929498773285209e-01 -2.161427991653704639e-01 1.134275291725249657e-01 5.983866148717624789e-01
-4.298731618317714887e-01 1.299498636356246628e-01 -1.728657455034402213e-01 3.007100371421337348e-01 -5.157559000632425672e-01 4.919788524936447027e-02
1.532044984063374582e-01 -2.805943281754837981e-01 4.000579944902948881e-01 1.616810180607949898e-02 -6.246758479722827606e-02 -5.661933961063828624e-01
-3.098437793498227677e-01 -2.409944041542634585e-01 -2.480725240031941836e-01 9.149551523298177225e-02 5.698224825847042485e-01 1.779588678011009839e-01
4.159610400321709922e-01 -4.210508482342791292e-01 9.735233183464729600e-02 -3.922081845647962806e-01 1.665984687594879166e-02 4.913978264167548904e-01
-3.568935266582177745e-01 -1.491729823807409240e-02 -3.039740460042074655e-01 3.531922288653002728e-01 -5.438708631256019554e-01 1.607692659383855305e-01
-1.534307994193540581e-01 5.915521975749875594e-01 6.629412820391213622e-03 -7.352596253256098446e-01 -2.217585831573711808e-01 7.518957124473112097e-03
-3.947215622920856835e-03 2.857261351212028733e-01 4.528074619845461890e-01 4.615930216006373238e-02 -3.685792813049491579e-01 -3.017611292721156802e-01
4.714705877805136502e-01 4.007218671964216800e-02 -2.333218714666576987e-01 -5.489490090023307900e-03 -8.628351576989565230e-02 6.364731161977382756e-01
-1.009227331768168257e-01 -1.096935098948391835e-01 -6.264541420549587514e-01 6.817058803822959590e-01 4.484312547729603360e-02 -2.345258188583221326e-02
-4.240451367585518216e-01 -4.786350080884311242e-01 6.954767534650535543e-02 -4.736072247954493109e-01 5.063871225696781053e-01 -9.560377497465119556e-02
-3.125915240538775230e-01 -2.499520477391690143e-01 3.175533226846544155e-01 2.395380673327484611e-01 5.660674710492474837e-01 1.464829884020598938e-01
3.013377390828014812e-01 -3.092664911609796508e-01 2.890660016282122213e-01 -2.739524901992322903e-01 8.637418388536982627e-02 -4.268317622609438255e-01
-5.204658870844076635e-01 4.896141126796049181e-01 -5.177614729578997044e-02 -6.394068550282330232e-01 -5.008667709283212144e-01 -1.210629811955138552e-01
-2.971276690440986523e-01 4.737134792497192659e-02 5.272901111279009179e-01 3.496646100495764409e-01 -4.631598599671127858e-01 -3.929406926637957209e-02
2.844057417826018064e-01 -6.608558686980861574e-02 -5.182669092113574294e-01 4.903528412269905212e-01 -1.352496045124079171e-01 4.578489296592026525e-01
-1.844521757850004495e-01 5.008490204189728345e-01 1.545037481102647658e-01 -3.510143243740270202e-01 -4.553751725719035193e-01 -8.610452979461996614e-02
3.712615451489766349e-01 3.580675288357876851e-01 -6.045450935470505355e-02 -3.716963139125374904e-01 8.539575308468277948e-02 5.508258865091493206e-01
3.629119191256618415e-01 -3.642117627541625047e-01 -2.523051853139409717e-01 -6.317733675278625061e-01 -3.181509578599409638e-01 -1.602205353037862712e-01
4.629702340412879535e-01 -1.323773555981833105e-01 2.152105199762023302e-01 4.628695100926372152e-02 -5.917394343914054999e-02 -6.908889790248330387e-01
-2.138774238146070317e-01 4.288075914834744151e-01 -2.305617860803134411e-01 -1.739966304383675222e-01 -4.316505899642006372e-01 2.773961258567304577e-01
-3.800523675179330318e-01 -5.833440402696519339e-02 4.380129066966367835e-01 4.879513551000328464e-01 2.653046888975447160e-01 6.141328501287346420e-02
3.843749834510087338e-01 -2.564726863779169252e-01 4.689916195104494312e-01 3.888217070241661855e-01 -2.616046866580188923e-01 -5.309853248350634436e-01
2.906340425648007431e-01 -2.592021821200392040e-01 3.307036979090799411e-01 3.051823335180620100e-02 4.918204222417255078e-02 -5.843039173450708113e-01
4.235849034197944896e-01 1.072356194851509931e-03 -2.693112181831029406e-01 -3.157388498320673476e-01 3.918721107163481432e-01 2.790280378833564501e-01
-1.173007332799169133e-01 -5.596194530759021069e-01 -3.743387810088292383e-02 -5.064757039830627416e-01 3.615443167424092774e-01 -3.782291835918331901e-02
7.459640682905892273e-02 -5.608218295917526408e-01 4.357676734574762040e-02 -4.894807670800337962e-01 2.412630679606738715e-01 -1.525781688476718079e-01
4.708158459236623794e-01 1.753404171900442010e-01 1.683741433393020348e-01 -2.192823215148494431e-01 -1.875036144961546303e-01 -4.578117140287102371e-01
2.229772050743768913e-02 5.767091797667480702e-01 -1.515498068265616893e-01 -6.784585206734921048e-01 -7.101269263793563713e-02 1.474436152658737675e-01
-5.228333379948191251e-01 -9.029925563206010752e-02 -1.312232678731628244e-01 3.648548415086052543e-01 -5.436775755576794822e-01 -5.086286100934096777e-02
1.775748761003677900e-01 7.374436740339155270e-03 6.359298979082409486e-01 3.977151802881528919e-01 2.555039455812789795e-01 -3.074523116518415033e-01
5.883711465500522653e-02 4.752745387131707133e-01 -2.245503418310451638e-01 -2.985563716715608495e-01 -2.790787975959573286e-01 3.261046680713711732e-01
-7.684119491573308813e-02 2.179445352813486336e-01 -4.203855056438300930e-01 1.299908880880548123e-01 -2.435954532946006112e-01 4.422855373300411119e-01
-4.992322750959819477e-01 1.804048121135080548e-02 -1.409581470229409883e-01 1.488517982287765329e-01 7.005672269595033530e-01 1.968942989371641750e-01
5.398441604446375247e-03 -3.443550603445670877e-01 3.603637986466556864e-01 -1.587743556937565859e-01 3.016419665705569741e-01 -3.851126488982037355e-01
-4.005473750520464615e-01 4.374736500320133836e-01 7.537871180020810913e-02 -2.923910919459104529e-01 -5.080149243720990526e-01 -2.317915570995414121e-01
1.611336206542590965e-01 -3.384021401397510620e-01 -3.344568496471888586e-01 1.416798228210675026e-01 1.360882342581211657e-01 5.455888505034522939e-01
2.002088293533294538e-01 -5.505543394269168944e-01 -9.101402472037395386e-02 -5.341065391707575660e-01 2.715347719604888077e-02 2.654051360469168452e-01
-1.532795035177420828e-01 5.037011497554347850e-01 1.747942731894023063e-02 -2.439125570909768670e-01 -4.626415095346310125e-01 2.582438649674329012e-01
2.257362797569079094e-01 5.879433002439937717e-01 8.386031302779330121e-02 -6.160712609788308036e-01 8.907934008578366480e-02 -1.222823890397680274e-01
-2.572085512130638935e-02 -5.174021790152775191e-01 9.501085928463419428e-02 -4.609224037871715307e-01 3.694145964387948178e-01 -6.040992057466908205e-02
3.389826152216832839e-02 -2.665428375058974120e-01 -4.087316113366021852e-01 1.054606509937432712e-01 3.363139050075498182e-01 3.859019975796037505e-01
-5.272734781034790208e-01 2.793523808500819258e-02 1.823918179063901690e-01 2.041799419698338003e-01 6.710534779814032458e-01 -4.426833248537298537e-02
4.335374382071786048e-01 5.381179564990690861e-02 3.212982035221494947e-01 -1.352986970670605471e-01 -1.342094694942269628e-01 -4.793724248012996569e-01
-3.574073752493062139e-02 2.732119635295211513e-01 -3.666851622783670051e-01 -1.133533327814057953e-02 -3.429454578398379860e-01 4.205596588128948099e-01
5.095498748763840902e-02 3.975647639176330683e-01 3.270655160982112730e-01 -3.478653428820849269e-01 -3.811188594631115256e-01 -1.572836954861778769e-01
-1.137988848894905605e-02 3.262176911949689062e-01 -2.662198232356655092e-01 -1.739859248934492175e-01 -3.193003517242388734e-01 4.800145455725355337e-01
-5.192163359949284601e-02 -3.483850077760309305e-01 -3.017639494681665924e-01 9.237870213520232854e-02 3.356370938209966570e-01 4.132823270997490472e-01
-8.207485841934598902e-02 4.336571277412782921e-01 2.062761878390026171e-01 -3.739632008589033885e-01 -5.202462132417972063e-01 1.364935853566205948e-01
4.482356477778177140e-01 4.160933098196046287e-01 -7.271712147028220816e-03 -4.471134579874411208e-01 3.542960763249042855e-01 4.337850650798417695e-01
1.448200205915347594e-01 -6.710435845230300345e-02 -5.140773519507296774e-01 5.215228999933468890e-01 -7.765445340285230535e-02 4.121967090846196946e-01
-1.017386328407200446e-01 1.204227481778556708e-01 -5.614316726257959633e-01 6.497435181955785177e-01 -4.854120650499538225e-02 7.631887319269969883e-02
-6.079139065772985479e-04 -2.258701835282762582e-01 -4.243254391473251230e-01 1.359253772944613026e-01 2.598121685584761642e-01 4.390813672106582688e-01
-1.487365977424813801e-01 -1.639591151461721463e-01 4.605781809925408865e-01 1.109103497773931690e-01 2.771716390367585658e-01 -3.984835864942971595e-01
2.304570507993487505e-01 -1.644414693833687047e-01 -5.500496373305872044e-01 3.194653110939758012e-01 -4.459991243564213059e-01 4.053575096624627561e-01
2.804215771303877891e-01 1.468641410787615564e-01 -3.874164267451894461e-01 1.891641948328343648e-01 4.014893593433875585e-02 6.026764755458944300e-01
-2.233620171858757275e-01 4.663084521867011389e-02 -5.210360584991537980e-01 5.779406620332796507e-01 1.279839496066771387e-01 7.166596501910393879e-02
1.596459141331530232e-02 -1.692423964584377216e-01 5.500952251863731046e-01 5.838966491815662518e-01 5.214902708517343832e-02 -2.426462303591619962e-01
-2.797661835032241862e-01 -4.268777954346657522e-01 3.739861957868174658e-01 5.942924574832082474e-01 5.272241173318731322e-02 4.514789915907058693e-01
7.222302870304174727e-01 -1.745309650829904302e-03 1.141162044542518017e-01 -1.010721451881637645e-01 1.896150359064981972e-01 6.484890361468336195e-01
-4.808324862101438953e-03 -4.323269700103866131e-01 1.948715098907007059e-01 -2.525653735684263990e-01 4.643185488421342488e-01 -1.720661664768608767e-01
3.165458511855190338e-01 1.862797387161352902e-01 4.326113006380816195e-01 1.316886161725367710e-01 -2.283630858835052346e-01 -4.583988736424294830e-01
3.986102593927365323e-01 -2.616188802118536369e-02 -3.518901196910917961e-01 1.722699449363762625e-02 -8.448397655358937108e-02 5.706852643530102576e-01
-6.602020927120267890e-01 -1.555273092248476291e-02 -7.828927526980218599e-02 2.586285634991616345e-01 -2.402036587441329085e-01 -4.027614402322058917e-01
4.790004023106830822e-01 1.416710361838474652e-01 6.316423869388375356e-02 -2.607334863827072136e-01 -1.496884681806377460e-01 -5.433861822399710384e-01
4.740534613666660402e-01 2.055301304373760296e-01 -1.477387981058544131e-01 4.933340774523509165e-03 8.128105745475802668e-02 7.266115208845224105e-01
-4.252626122903693101e-03 -6.499615808484394686e-01 -6.037705506134376232e-02 -3.727557112994450139e-01 1.981369334013229899e-01 3.203254355303465362e-01
-5.462769086360930171e-01 2.628566048993011273e-02 -1.447378717396076153e-01 2.270543551405277416e-01 -6.077078118070108337e-01 -1.414161928685018776e-01
-2.335654598790788683e-01 6.093513557883299958e-01 2.611182910914764538e-02 -4.255631904140021460e-01 -3.570147552219717912e-01 1.972065717527014816e-01
-4.665234841223322992e-01 1.318730139009476054e-01 -3.564485158089083505e-01 4.471087713106111639e-01 5.289239396867710941e-01 -2.691177413640808980e-01
4.216205459898738628e-01 -2.448810735410532902e-01 -7.522143412503630444e-02 1.258617225429394249e-01 3.910651486718616510e-02 8.368519006366798019e-01
2.574056702361642857e-01 1.391392118681938558e-02 -5.457945352908606385e-01 4.807629271421663963e-01 1.490534589783126806e-01 4.195286443297925327e-01
-2.446286723165218835e-01 -2.687275322740847461e-01 -3.075368246911978631e-01 -9.185005939256252194e-03 5.644348686102043100e-01 1.928697037589793273e-01
-1.487696742549796947e-01 -4.979831608871897464e-01 -1.504494139515761275e-01 -3.021787087477349476e-01 3.408796071999686816e-01 3.718291749769294108e-01
6.810371571106642319e-02 -3.931377397841109289e-01 3.264148088163970063e-01 -2.174019596738526183e-01 2.850189691513689283e-01 -3.507779166678628990e-01
4.085744845475719478e-01 -1.392430955709973162e-01 -2.936459157822696175e-01 1.787311888250361636e-01 -9.031843354406092483e-02 6.783512225144194829e-01
-3.892073545697342651e-01 1.584817657064831464e-01 3.186366258429921827e-01 1.396663561418227117e-01 -6.624371455704831657e-01 1.032654596530204472e-01
2.421881421529085698e-01 -3.027012990811738247e-01 2.621928188289912587e-01 -2.342992599662428455e-01 2.226067536541698200e-01 -4.427973976656376376e-01
-3.554019221833086828e-01 1.533168595711601467e-01 3.286813094291093362e-01 1.151351868840048143e-01 -6.780984081924181783e-01 3.314200321047378051e-02
-1.072097586391430879e-01 -4.355212588051932121e-01 3.157086955053617916e-01 -2.164073646269915607e-01 4.825172155968201482e-01 -6.544907020871421066e-02
2.915554357331534563e-01 9.514163740599494712e-02 -5.434721619262176118e-01 4.309134390600136699e-01 2.612656657695677231e-01 4.327358866520604197e-01
-3.932359493861875555e-01 -2.150837284176492226e-01 -3.622259763561163082e-01 5.665121725109774076e-01 -2.481641558964199357e-01 -8.331877345040683558e-02
-2.454113591932834681e-01 1.840498508013609924e-01 5.459722332467781269e-01 2.674264093309803858e-01 -4.594991140936767748e-01 -2.221977035550692925e-02
-2.883592398011500801e-01 -1.577312308824732057e-01 3.780388484864466436e-01 2.093945421643815807e-01 4.573357155215400649e-01 -2.334624384952347365e-01
-2.978575709671216765e-01 -3.174770142264955464e-01 2.758641088917412332e-01 -8.441826144018282907e-03 5.775670306634120843e-01 -6.345091340406194824e-02
-3.255001056271630833e-01 3.539474616602885509e-02 5.637513357150596427e-01 3.728792146657233242e-01 -4.224587354286624685e-01 1.362724573274876061e-02
1.366598581718967975e-01 5.966290321928312546e-01 1.584938835258779266e-01 -3.009214583924854636e-01 -1.626588178891719139e-01 -3.231746250063193271e-01
-1.578595259169180143e-01 5.558303294313151621e-01 3.237376447021769049e-02 -4.214222116394761297e-01 -4.037181275282430981e-01 1.313761353571955559e-01
-1.283732852670239621e-01 2.660766631077043920e-01 -3.705041767429538835e-01 -3.237991497560321896e-03 -3.266654834866823398e-01 4.251074784657343786e-01
2.548690873396406986e-01 4.181805666111801933e-01 3.944867557413402892e-01 -1.786364735029708495e-01 -4.710034463369063840e-01 5.408586103995014494e-01
3.539201810680263627e-01 -4.686849332034595528e-01 1.343253249273584048e-02 -5.099673911134670057e-01 -2.678314224659572584e-02 -2.282719767318158177e-01
-3.931027338938424265e-01 -4.219500664052546757e-01 -2.976618241111874535e-02 -1.647238561631685361e-01 5.265409473469649937e-01 1.897967585369486065e-01
4.599416786933356316e-01 -2.483951727379422880e-01 3.440919252389117167e-02 -4.245164870325199291e-01 -1.274175514287356203e-01 -4.162549487423308214e-01
4.090462637859013789e-02 -4.841884764692372389e-02 -6.173852647388550219e-01 4.819413004930688804e-01 -2.306807764093267710e-01 2.614021051122641381e-01
-4.332873816560047220e-01 3.844048212401120906e-02 -2.636016299857200096e-01 3.963333100653935737e-01 -4.093948369638035212e-01 6.982457601078501108e-02
-9.034148433820758661e-02 -2.611717931683976701e-01 -4.999271926889439221e-01 3.930384181706072511e-01 2.967135214628583428e-01 1.746896211908711694e-01
-2.481122795465696626e-02 3.476396639120627463e-01 -2.867956046505911738e-01 -1.218940719983951509e-01 -3.723890702415407206e-01 4.003241399249366506e-01
8.951890148436530970e-02 -6.621808820595793676e-01 3.226218916180707830e-02 -7.287066162930533331e-01 -8.741755036724974115e-02 1.984789901664819195e-02
-1.282911231337493796e-01 -4.316493409921997593e-01 -1.878684922002245017e-01 -2.893503972802315971e-01 4.678245992469924897e-01 2.183414794178912266e-01
-9.847847617524288499e-02 -3.385413934885945220e-01 -3.289441104867717458e-01 -1.149476428192133248e-01 4.087485132278633748e-01 3.353499222048976769e-01
2.446310079191794939e-01 -4.828861220050023606e-01 -4.138190344191858966e-02 -6.441295209386737053e-01 -4.645267683558318428e-02 9.872723359725071868e-02
-4.952444920612811274e-01 -2.460466147218295652e-01 -1.812986818689481805e-01 4.896509832815628127e-01 -4.190248945555862803e-01 -1.735904165032457758e-01
1.604841273815960923e-01 5.719957773700485859e-01 -2.518832267828781651e-03 -6.206354595540748420e-01 -3.791138474235677958e-02 -1.361805115534003296e-01
1.400198078749838593e-01 3.817267937811223977e-01 -1.846535207132707912e-01 -2.918669764985279413e-01 -2.423390923739910940e-01 4.665112627485966668e-01
-4.283935089514970262e-01 7.696723618184538040e-02 -2.301553282554427149e-01 -2.654205020542876881e-02 9.617531528505801619e-01 5.788069126903799821e-03
-5.243835707720971850e-01 5.829153201589596517e-02 2.324080874829983490e-01 3.307263853946539323e-01 5.765904505899642762e-01 2.200309363791215223e-01
9.259070409979476557e-02 3.605324222234778664e-01 -2.400380540628800907e-01 -2.206325671042203007e-01 -2.935756674640087049e-01 4.484630638604266140e-01
8.865319501030055616e-02 4.527678962271608487e-01 -1.533526237861076169e-01 -2.311063159958876567e-01 -3.862849659942819702e-01 2.868111520054582586e-01
1.041958529750498658e-01 4.980954847876711139e-02 -6.072182531923978610e-01 3.664474966955592605e-01 -3.438925737522379733e-01 2.738167712627560535e-01
-3.721565243610138185e-01 -4.385354356510685614e-01 -4.352408449091487580e-02 -2.449387095013143834e-01 5.404621423654407675e-01 1.157849542361202300e-01
1.477186141465349975e-02 -7.198626762771807019e-01 -1.135092741469092975e-01 -5.240209055498812329e-01 2.357479077940383139e-02 2.827268762018321224e-01
-1.578820773777319438e-03 -1.760421641762077161e-01 5.123505564113683963e-01 1.818364352429740205e-01 2.208110982761737895e-01 -3.870194074751351909e-01
9.893398484922356906e-02 -1.457284472484276505e-01 -4.965056471551850259e-01 9.335109411130217139e-02 -3.989694809315158519e-01 4.708814574674316522e-01
-7.860575234770600384e-02 -1.342047753929095366e-01 -5.520371195072109050e-01 4.617408960406245710e-01 -2.436516893303400932e-01 2.822571167218730359e-01
1.739406555136282784e-01 -3.491159287650943410e-01 3.667386439332698256e-01 2.670323386293282919e-02 -4.971331574717147150e-02 -5.759591957713171562e-01
8.251949208001695471e-03 -2.497427887633106303e-01 -3.884486721856372782e-01 7.759248456620354562e-02 3.400405576434493704e-01 4.161304068721528582e-01
2.355904738357060269e-01 4.407359254342709254e-01 -1.122605114466153076e-01 -3.595682279222069400e-01 -1.820713965418043201e-01 3.955752488291108815e-01
4.090956641779579517e-01 1.333716189155478848e-01 -5.534239734516462894e-01 4.652125328286298434e-01 2.068656644519715204e-01 4.422916095958087102e-01
5.562694841991076000e-01 -1.412674536219676591e-01 1.842141502866109504e-01 -4.264396707338724557e-02 -1.431196257515301995e-01 -6.165974676006867883e-01
3.657417540522663324e-01 4.101791970452429714e-01 1.205064210545956499e-01 -5.938595301973279561e-01 1.904730096581784271e-01 2.962749236094323613e-01
-1.216621484151853005e-01 -5.089350372152026125e-01 1.425336318574504102e-01 -4.125879397408094840e-01 4.037900486454217841e-01 -1.443375963657283767e-01
2.795008517651521029e-01 4.913160000287939422e-01 -2.494223415412509179e-02 -5.318638417157497411e-01 1.722331347789002320e-02 3.169984898487182012e-01
-4.861109896484387682e-02 1.397821889325048528e-01 -4.734361700879021195e-01 2.952016181741930478e-01 -1.917448899879048707e-01 4.051323312117819930e-01
-4.030206907307153363e-01 3.744932788723555339e-02 -4.282226649940995555e-01 3.922326984152492146e-01 -3.480944742718638518e-01 3.967478495467108290e-02
3.921079362823421399e-01 1.355569743611193534e-01 4.212769053923073881e-01 7.177864467386918523e-02 -1.700809532311187144e-01 -4.753694028891329304e-01
-1.564822508905697185e-01 1.323129623736062632e-01 -6.100413385691937362e-01 7.485060855869607455e-01 1.378679179936330712e-01 -1.846412288986725159e-01
-6.072230855702522023e-02 -5.542243173965247932e-02 -6.801066062444178772e-01 4.989015063756828683e-01 -2.920747409355969326e-01 1.141332003079792434e-01
7.784105129081560215e-02 -4.644303941848094697e-01 2.398433415613185904e-01 -2.963820001574487550e-01 3.560943394723894428e-01 -1.922402952748064053e-01
4.516996963761373829e-01 -1.545944755697394590e-01 4.185684167436781733e-01 2.638447527771641266e-01 -2.744537455530313141e-02 -5.553636272289221854e-01
-3.603216189979757678e-01 2.790456496158876254e-01 -2.594605031464130573e-01 -2.597106319048758660e-01 -5.281061039924354050e-01 3.222468768335566280e-01
-2.585726655054311207e-01 -3.593686351926899669e-01 -2.921949674723905432e-01 -2.214886638245616157e-01 4.278381064750916285e-01 3.233781985218135424e-01
6.317770190264432317e-01 -1.074692488715854322e-01 1.163687134614016933e-01 4.165680216711593054e-01 -8.548577348952958455e-02 -8.599518354708943768e-01
2.658178903770455070e-01 -1.812422835991803483e-01 3.452584372384949196e-01 -2.105726792719484486e-01 1.186013919221990121e-01 -4.812679055959829810e-01
4.078248565065201725e-01 3.220958429086503427e-01 -5.312403595092789199e-02 -4.181832654962110429e-01 1.215207070845421011e-01 4.736398554412797890e-01
-3.757202941663475015e-01 -4.825948486227338297e-02 4.228200319571108756e-01 2.344444012705840241e-01 -6.777641294726181043e-01 -5.824435755468859721e-02
-3.567988062421055817e-01 4.571589584413091600e-01 -1.221447723260157478e-02 -2.876976369768884378e-01 -5.117601168651794152e-01 2.253162658584748901e-01
4.116750265094493710e-01 1.888092562870586355e-01 -6.586527139404040054e-02 -1.997905285122306140e-01 -1.000922567225014381e-01 6.707796843362053840e-01
1.158497481817052088e-01 2.104148189244003653e-01 5.028801530471953551e-01 2.385096955754073544e-01 -1.528757628115150757e-01 -4.206860278664165120e-01
-5.048294411410330085e-01 -1.005046901964209427e-01 2.294032440996527644e-01 1.952497714466439049e-02 7.177968123219077290e-01 -6.043342200751422588e-03
2.723701798938634178e-01 -5.655980674200076219e-01 -1.808883797011296563e-02 -5.582458238084742064e-01 -3.817961073883235912e-02 -1.967136569220308273e-01
2.777146089200577955e-02 -1.403348922188467351e-01 5.014438451539763308e-01 1.773397766262964914e-01 1.699778189515190607e-01 -4.373507757373582550e-01
-5.022378171034105193e-02 2.203859631009954523e-01 -4.828230105277629414e-01 3.251837483098649617e-01 -2.496198405149665511e-01 3.160284969324420046e-01
-2.235867011856273734e-01 -4.302505051354975629e-01 2.133864281168783572e-01 -1.850973434659470840e-01 5.212229923753249894e-01 -9.192775903604333276e-02
7.388601381256475198e-02 9.920541429389456017e-03 7.217858733648054859e-01 6.483832354884293547e-01 -7.925105486069224103e-02 -9.184879201136386673e-02
3.571974009529411687e-01 4.768712955258050945e-01 1.776139857137752631e-01 -4.555925402796112689e-01 1.598592035907441811e-01 -3.111352802684261842e-01
3.908919252093468466e-01 -1.806510954423994897e-01 -3.310744036167832527e-01 9.389269576816211549e-02 1.734275850874842928e-01 5.557287006321582901e-01
2.196730327996039012e-01 -4.577815752624633250e-01 2.322856136143711114e-01 -3.982422636424075568e-01 1.778731902336718740e-01 -2.304494137231260509e-01
3.248028072107842501e-01 3.433323666400888152e-01 -2.392579085652436766e-01 -2.905238227466937495e-01 -2.938728050566702388e-02 4.553306049423698765e-01
-4.655261911825446797e-01 2.634012123060021637e-01 1.022061879016431529e-01 3.498331390260839280e-01 5.343666086883963606e-02 -4.373344035106506711e-01
2.249382705690729234e-01 -4.814567718440883604e-01 1.482385657737941287e-01 -3.853494485712636308e-01 2.177674617232940313e-01 -2.240978023915952133e-01
2.938583997361970263e-02 -3.045834245759826975e-01 -3.270891774376796790e-01 -1.438687807871839169e-02 2.184967527032755652e-01 5.240694900807860712e-01
3.719912785019468537e-01 -2.526343575191624113e-01 4.037863325181236807e-01 3.768000620709542337e-01 -2.567917068090567190e-01 -5.961934633015060214e-01
2.119891874742281523e-01 2.878321156410688086e-01 -2.189874054712409313e-01 1.642608267440595626e-02 -1.196311791087589782e-02 7.147566119021442343e-01
2.910011720885620212e-01 3.810858929871564493e-01 1.634887321780782721e-01 -3.662105323612494523e-01 -1.020397779127812932e-01 -4.150113643229152993e-01
1.232256168676250235e-01 -3.916131180595469607e-01 -2.640407818591763989e-01 -1.313448854146154199e-01 1.401969419070379641e-01 5.436546554723125091e-01
1.986027434815986481e-01 -5.555397371655483585e-02 -4.899797726942941578e-01 4.208494481587753966e-01 1.846703232753544865e-01 4.549533939343720634e-01
1.107263805513716837e-01 -4.178604245783255622e-01 3.464698718464010452e-01 -1.900058679609714640e-01 2.430084870511849959e-01 -3.411436797553227263e-01
1.249485093244190881e-01 -1.327681033365985530e-01 5.766874017518583972e-01 5.154369698142247103e-01 -5.904009563119082260e-02 -3.409633722924361177e-01
-6.802185017007462975e-02 5.338485782793386258e-01 -9.719210901465939745e-02 -5.396336955819132086e-01 -3.191057087195026121e-01 1.265292613493233520e-01
-5.834295877171525452e-02 -1.479168492162833415e-01 -4.958917897119210494e-01 4.678393153325570708e-01 1.558906508550472192e-01 2.983583077503738634e-01
-3.629951746399571744e-01 4.411459550985813993e-01 2.999819972411288047e-02 -3.037670125363873819e-01 -5.419021260860128475e-01 2.035161956009690076e-01
-1.413044183026968825e-01 4.597800515287109868e-01 -1.329105201609972475e-01 -1.903897950633255676e-01 -4.444844426699596229e-01 2.912313786416201866e-01
3.031629886704133581e-01 -4.015558424091336120e-01 1.584341426986372037e-01 -3.842930567311307888e-01 1.376163677654847484e-01 -3.280815440127856086e-01
5.883620522691476173e-01 -9.645774284106682639e-02 -2.577404460456636862e-02 -3.166197944034171430e-01 -5.015235202296508543e-01 -1.558877378950745130e-01
-3.528414801673023238e-01 -1.443334727661620999e-02 -4.889208705734645055e-01 3.628255533995328186e-01 -3.433331366309046451e-01 1.272330271082357522e-01
-6.605801844643870435e-01 9.070490929085260612e-02 2.027166492059414293e-01 -2.538633953583553371e-01 -8.227992683092525406e-01 1.931473772150703039e-01
-8.097111907385348140e-01 1.128794434670310765e-01 6.770831602928457926e-02 -9.460738591554873622e-02 -4.330040599252982236e-01 -3.689125138125880499e-01
-6.001339606524973280e-02 -3.506445698747755468e-01 3.822929543540243280e-01 -1.211780292058163289e-01 3.416259114492906646e-01 -3.367483993525101083e-01
-5.883763462023718915e-01 -7.764985401986933267e-02 3.331212072596407420e-02 2.669932803240671060e-01 -5.955027319158030519e-01 2.022782208525494146e-02
3.106926694683385601e-02 4.645458712439497484e-01 2.460315436206044759e-01 -6.994986699298360033e-01 -1.968728049032472116e-01 7.633821890965572510e-02
-3.910753168520889056e-01 -2.636134929587500425e-02 -3.090362090298786613e-01 3.440417459038360160e-01 -6.145636547704348418e-01 2.804086209705813904e-02
4.621636068102151773e-01 2.451179022703745269e-01 2.732504414037530416e-01 -6.697811286038568568e-02 -3.113138280622527176e-01 -3.673686107505499954e-01
1.428117657251459227e-01 5.427210783957230056e-02 -5.765109489866896419e-01 5.682440461664686193e-01 2.024289468669961123e-02 3.278393080546251337e-01
1.856192824576081701e-01 -1.644532992845302855e-01 -5.036969871526746356e-01 4.487508745733745363e-01 2.394912467729829464e-01 3.724254751441274935e-01
4.100977506124741656e-01 -1.312191400865548030e-01 3.698244002982872258e-01 -6.196863990672429878e-03 -1.292120996060306948e-01 -5.394031650784600895e-01
-5.006424848941001260e-01 6.911265026928184452e-02 3.716187587264511150e-01 3.687921790272111755e-01 5.399683937804710121e-01 2.220251961157502230e-01
-1.890516015898648372e-01 2.628705667251131639e-01 -5.465361486607158703e-01 5.993485836768963626e-01 -1.230482124329440596e-01 -6.748307877754405881e-02
3.572557952208076926e-01 3.136174425233659302e-01 2.681035546084444277e-01 3.432477889304014207e-02 -5.720256460355149786e-02 -6.026478915619928323e-01
2.374548920702563293e-01 -5.042278752889144400e-01 -2.316108288561159745e-01 -6.356535060223238442e-01 -1.755557756533016045e-02 -2.604517686579951863e-01
4.660095513826085223e-01 1.861696619296050043e-02 5.046529776350296981e-01 -3.346852553363858784e-01 -5.699355361011207988e-01 3.928774054530558280e-01
-2.492940203803230559e-01 -1.557330055279099734e-01 -4.716494237277407131e-01 3.838553690124236195e-01 3.253808276104055985e-01 1.346931611816066243e-01
4.231744588387600370e-01 1.797029593751315879e-01 -3.188669049361615715e-02 -2.327779898397832614e-01 -7.797019951966327467e-02 6.775715029595292815e-01
-1.822806037131339263e-01 4.939352490327142409e-01 2.638774853284772126e-01 -5.224400668429620698e-01 -4.288436059788112154e-01 8.285062437451545803e-02
4.480379065487913870e-01 3.821600401996881335e-01 1.418696418929162872e-01 -4.596361305438010358e-01 1.758938644554891018e-01 5.073585023687158246e-01
1.953356471145391293e-01 -3.326652683936462407e-01 3.666130123129777707e-01 -1.192209874810260251e-01 2.267303967660681541e-01 -4.002837300405366894e-01
-6.175551396443437202e-01 5.600137535407240935e-03 8.443670802557894095e-02 7.115456379601536874e-02 -7.080518242312465738e-01 -4.354697004978765051e-02
4.110099508035802707e-01 -4.266566837189860184e-01 5.879706272419783081e-02 -4.828224226258163165e-01 -1.920338243764591890e-01 4.409172036269100592e-01
-3.475853608881803170e-01 -1.364442142420568271e-01 -3.502119047432491472e-01 3.832237657001060227e-01 3.234846087885422383e-01 1.541525450754847038e-01
4.369168252413180853e-01 3.545089092098425709e-01 7.611328657580651580e-02 -4.573077744057996719e-01 1.057886346997469473e-01 -2.960433880030255427e-01
-2.601055582164398250e-01 2.414238266162973059e-02 5.789445271050488451e-01 3.643685587244258062e-01 -4.222785252349745000e-01 -6.194583033817080420e-02
2.149439389105123888e-01 5.113923903400617865e-01 1.747266155964633527e-01 -7.209749724813669935e-01 1.592471374480187718e-01 1.676901275066269570e-01
-6.628335807546816005e-02 1.808656510491702951e-01 4.284093442861499068e-01 6.705548375623947288e-02 -3.829368609532906031e-01 -3.866657937954221524e-01
3.738325154445821391e-02 5.856938949225952706e-01 -1.691120305546907621e-01 -3.980172742889827586e-01 -2.164824429180928211e-01 2.394702807516914111e-01
7.376072474000636148e-02 -5.015788477152614000e-01 -1.124000928744252059e-01 -6.519039951392112675e-01 1.100186724878093880e-01 2.028128313594503296e-01
-3.507039221168102849e-01 2.332815430022360248e-01 3.361398603987901246e-01 -1.644133693520705708e-01 -6.921308611006734557e-01 6.128175328274476641e-03
-5.005611991299276919e-01 -2.380702684372886235e-01 1.234672377319452341e-01 -8.528289728655391588e-02 6.196764746701347581e-01 -1.795417666007507740e-01
5.242335870334023651e-02 2.283434576614032374e-01 -3.998247977998128921e-01 6.425525324647983483e-02 -1.376434462492498456e-01 5.307199848073513859e-01
1.554970230115063357e-01 4.105264051789582203e-01 3.250646802305438565e-01 -1.851435519402493124e-01 -2.227558560222155926e-01 -3.698580322666557563e-01
-3.687729477118951715e-01 -4.848398420937273245e-01 -1.781181530314602385e-02 -3.011118149022018464e-01 4.339817690092365732e-01 3.710182479340771167e-01
2.208995113178014724e-01 3.210972390723007552e-01 3.384443581524994582e-01 -7.796207079016440056e-02 -1.164297809004712914e-01 -5.096428198744231697e-01
-1.855143346899892354e-01 1.674796811788108741e-01 6.235235854210214868e-01 6.735274198165369652e-01 -1.135238403490121117e-01 1.956400908768741176e-01
1.471058642717304188e-01 5.128745593943189185e-01 1.865504867190319882e-01 -7.001158577899083690e-01 -1.836250813650097680e-02 1.881416335275807039e-01
7.984220377166374449e-01 1.035380488214183298e-01 -1.600264025520891503e-02 1.164907008683857548e-02 -3.315551478406579267e-01 -4.538179068064968069e-01
-3.738225904942141242e-01 -3.577453926711823828e-01 -2.653012587363074437e-01 6.018484457390753661e-01 -3.491613101758328508e-01 -4.622971201430117749e-02
-5.042131444291165776e-01 3.987434905772533900e-01 9.430304893096007335e-02 -3.459559569939888446e-01 -5.684218943039434091e-01 -1.045581612452056580e-01
-1.885894732600244730e-03 -5.996316301800930226e-02 6.920001164483814415e-01 4.561592871237934443e-01 2.685429045881398413e-01 -1.340013211557472550e-01
1.494256792691096292e-01 -5.447862221595850540e-01 2.199966257172416007e-01 -3.472491551278702460e-01 1.446753430103671079e-01 -3.072195149974868422e-01
-3.886091623293171787e-02 6.970202928404863052e-02 -5.103559648160089779e-01 5.609561693485269895e-01 -4.970146544678229195e-02 2.808218086904448185e-01
4.226006349809580676e-01 -1.804779712441492712e-01 1.479956503976439242e-01 -2.598022759040248819e-01 4.573729172045515323e-02 -5.470963737384102465e-01
-1.502356752682648400e-01 7.252763342203129016e-01 1.622882995097207348e-01 -5.725167224102230001e-01 -1.777114622645762365e-01 2.416088934564112334e-01
-3.756134510875396848e-01 1.386059864066573749e-02 4.978885223014150041e-01 2.967269295133613816e-01 4.504090042758532308e-01 -9.992742107146912467e-02
1.245706668486764174e-01 -2.362561239287741532e-01 -3.193910088593502894e-01 -3.578389159315935319e-02 2.058371848171185459e-01 5.631280685259676400e-01
1.616839086765837763e-01 5.858170462792797739e-01 1.385376881456160947e-01 -4.015975813775256587e-01 -1.060872543451221173e-01 -3.131064214582618410e-01
2.949337508913979500e-01 -4.961478420349677010e-01 9.360121462517684288e-02 -4.189254331786405050e-01 1.399332413055191515e-01 -1.993252620464472935e-01
2.291783382309280775e-02 -4.305565120418581304e-01 -2.303878787975671416e-01 -3.757357250505931057e-01 2.383001511050183985e-01 3.970721630866713703e-01
3.206902906747944870e-01 3.932030609396851561e-01 -2.484032776536694923e-02 -3.851001835554385133e-01 -1.734433015902243636e-01 4.003322328702945687e-01
-2.836245629362264542e-01 -1.534828327790464797e-01 4.296673440806397237e-01 2.798171994330546641e-01 3.643038784552806719e-01 -2.140952690675129166e-01
-9.332513236952333369e-02 -3.662121255790574126e-01 2.994048994769804573e-01 -1.583345795772675424e-02 4.571310455784974303e-01 -2.628237576591330171e-01
-1.848868592174911230e-01 -1.428400209758398653e-01 -4.902511422050343515e-01 3.418956772925965115e-01 2.816713969328175082e-01 2.461524260190607882e-01
-2.392310011419092053e-01 4.518801327563585768e-01 2.708882794894736934e-01 -3.479349914085141382e-01 -5.351872307043936683e-01 1.530686610434887629e-01
-1.536729378161553194e-01 -1.560714552196961480e-01 5.852398505621266844e-01 4.326154463070879252e-01 2.680731012765384946e-01 -1.049538366277582568e-01
3.129726469386999721e-01 -1.736667652678873242e-01 3.533258737017462847e-01 -1.338988618562756416e-01 2.113312725080890853e-01 -4.541902967468398611e-01
-1.094746970537221857e-02 -3.499377186770131209e-01 3.030847544919977321e-01 -7.786788857577549294e-02 4.149901163015776162e-01 -3.375454546093025754e-01
1.672741965509345896e-01 3.279080000989286758e-01 -2.689699881913991120e-01 -2.172323235874321357e-01 -2.179476328885313063e-01 4.754736724753723665e-01
5.642977602882132820e-02 -4.374089420685531304e-01 3.062185225771141273e-01 -1.907606599322438368e-01 2.861557789666605012e-01 -3.382587717029962304e-01
2.159110131014519429e-01 4.314590819433466312e-02 5.382633077157874535e-01 1.157226906030167229e-01 3.809603213040699266e-01 -3.976019188688285633e-01
2.278736204126121101e-01 2.096133815258542088e-01 -3.069283822827626462e-01 -3.054417394306230271e-02 -1.869107463514552425e-01 5.739739162563474162e-01
3.155526497837645161e-01 5.149798816430770643e-01 7.227013975970777993e-02 -5.042972129961790229e-01 1.213348927671679123e-01 -3.435300829826485325e-01
-2.147050022300525315e-02 -3.395270368269069361e-01 -3.112760135610539436e-01 6.979271778004342286e-02 3.063359548046907244e-01 4.467028918712878660e-01
2.916753827137938404e-02 3.970789399524073948e-01 -2.511151563292085553e-01 -2.535545032186121706e-01 -5.470066292646670325e-01 -8.149592023906440663e-02
-4.830337025412118068e-01 -3.132159163633298493e-01 -4.513547755755978330e-02 6.947104076177990084e-02 4.390888856557310649e-01 3.137182440153907237e-01
-7.067671490672959578e-02 -5.971382685659858136e-02 6.198665701381537163e-01 5.473742025700347735e-01 3.101740134915539904e-02 -1.610181253415343683e-01
4.399464405267894396e-01 -2.819326687306860646e-01 1.332385049935396193e-01 -1.882922145053527174e-01 1.860035461889834041e-01 -4.883336075485674721e-01
1.742426420486237748e-01 -2.709033263280210546e-01 -3.118842166389498849e-01 -5.415116526093008420e-02 1.589699157048331535e-01 5.616404049755812089e-01
9.611946151146348594e-02 -5.187002582249993221e-01 1.452423006639389502e-01 -3.823000130164238564e-01 3.073980486997467398e-01 -1.525435178172780404e-01
1.744569867582171363e-01 3.251612480388232918e-01 -2.509133461682495625e-01 -2.064864056392911040e-01 -2.645770535923879230e-01 4.611897835663505418e-01
2.276885145510120501e-01 -5.518123263442167303e-01 -1.346268655943447072e-02 -5.583677943905474006e-01 4.552966897366184096e-02 -1.725161989470186119e-01
-3.836978830714685151e-01 -4.993176403343015934e-01 1.761170224573321563e-01 -6.073971288599480101e-01 4.661264763359526109e-01 4.241472247540159501e-02
-6.347956128281208310e-02 7.760448257711606568e-02 -5.077515398697874938e-01 5.604786313958741717e-01 -9.040622118671838570e-02 2.554316473205020532e-01
6.358982327821324221e-01 4.186724193901722457e-02 1.337752554615000700e-01 -1.336296975986288604e-01 2.532198350441243820e-02 7.721740483701602376e-01
3.427984840082601292e-01 -6.126240578837584272e-02 6.033240809855225928e-01 5.242681851800145010e-01 1.352126849257022645e-01 -3.602454734761825206e-01
5.845263906020218420e-02 -5.599958028439615543e-01 -5.052245493660251913e-02 -1.903580034536753174e-01 1.820688452600989216e-01 5.719189657658024784e-01
2.546237002405343786e-01 -3.881035354033687823e-01 -1.221084856934885055e-01 -2.704954869814401031e-01 5.711355767285297702e-02 6.031718595827996188e-01
-4.936566501961089370e-01 -3.184274472816801538e-01 2.214094166828840804e-01 -2.976277342141657734e-01 6.238349296139040767e-01 -5.009431659905114187e-02
-4.699542901375182158e-01 1.451245889261784938e-01 -1.381156976301881889e-01 2.821421656127562905e-01 -5.130511170523259779e-01 -1.041206787660539645e-01
-3.281133418879324526e-01 2.639659000008632850e-01 -1.506902493010811861e-01 1.979474414113128744e-01 -5.338914640040739457e-01 1.437306721322936520e-01
2.688791378489110984e-01 -3.092449843506422588e-02 6.719528023351821755e-01 6.638828306847265326e-01 2.855523761741331490e-01 -1.904939905069404915e-01
3.969446272353354885e-03 2.188511966244438903e-02 6.161928365619282477e-01 5.009874655775513608e-01 1.813603067307109282e-02 -2.515392838633142558e-01
6.010251540132024450e-01 2.346694172431798009e-01 1.059987859300520335e-01 -3.485482842215268384e-01 3.439684462744061477e-01 3.998763244591236332e-01
