7.999505822754658935e-01
8.826014583330229479e-01
3.597433008637117569e-01
1.431732686531579590e+00
5.385285840758277764e+00
-5.509508486918799353e-01
3.583543590774970755e-01
-2.564198686054965926e-01
1.660879133766350657e+00
2.132352391947673342e-01
3.760473688136640735e-01
-6.993741712534021771e-01
-8.627677409067840975e-01
1.470607200264052228e+00
3.548245187567769854e+00
-3.632361832348467989e-01
9.528937940601798218e-01
3.170854678567960883e-01
3.247412443534742010e+00
5.463845698591478062e+00
3.089256011609013974e-01
9.337525668313038929e-02
-2.823818499832991269e-01
5.353266021985383372e-01
3.614703136442328546e+00
2.818166512602524043e-01
2.312410563169432220e-01
7.020444602581868976e-01
1.617421732148744518e+00
3.694314859071865076e+00
7.384598065318466187e-01
5.896881004315802227e-02
-8.259293640921105961e-02
9.236447110420937801e-01
2.448210406838406072e+00
7.468936964303479753e-01
1.441078282458921681e-02
-4.271748041622291936e-01
1.168334899859593046e+00
4.783927864262612850e+00
9.276546133300822561e-01
1.117893029603642119e-01
2.446002746374079384e-01
1.595619123348122725e+00
1.987351778190226792e+00
-7.592581365469024124e-03
8.684125268611951887e-01
3.569602690919979615e-01
8.486505422347210281e-01
4.368756203166949348e+00
-8.161554085523094193e-02
-4.560999617175313936e-02
7.735173195951583480e-01
2.200763803857837431e+00
4.725243333566163884e+00
-8.035088444521559792e-01
7.497897567945922825e-02
4.538364855037357870e-01
1.008403932759595723e+00
5.914932993052861576e+00
-3.276719172170442507e-01
-4.688648249196624707e-01
-4.258357706520730646e-01
1.009751422271915722e+00
6.067383451968721531e+00
-5.029977939489472805e-01
-7.029284788083977054e-01
3.191097779795136757e-01
3.318571474073083394e+00
6.922964282355797971e-01
-5.366061254503528000e-01
1.863343579230509306e+00
1.743466995722224855e-01
1.615162602138989545e+00
2.771246010019472905e+00
-3.738972135019386078e-02
-5.341196747486032237e-01
-1.320038662508136659e-02
1.930532298660974311e+00
1.226353870199384355e+00
3.361217386286015074e-01
5.907643425414519367e-01
7.367722651204153816e-01
3.631488331958609983e+00
5.070026252160087843e+00
2.939595029512903634e-01
-2.561615859720154376e-01
5.810166899314991307e-01
2.367834099322778663e+00
1.713544113885149711e+00
4.837210119335738634e-01
-5.825381014200224916e-01
7.598726583148089908e-01
4.379219342148172878e+00
8.941342820653179757e-01
7.331754178463801841e-01
7.275987194266342328e-01
1.574771789831727886e-01
1.869444213614813277e+00
5.840504657808984312e+00
2.120680274286893541e-01
-1.191603794505482927e+00
-5.315405765329712928e-02
1.154841324717800433e+00
1.109574811676961037e-01
1.199442421742251019e+00
-4.363885585627780284e-01
-3.311743196353485463e-01
-8.474841003581710108e-01
2.820102057820851549e+00
2.162366299632366928e+00
-1.396223959441758256e+00
2.273380134206472863e-02
1.640470031848617838e+00
1.103747968745859981e-01
4.436602249462079373e-01
-9.303648281892072935e-01
-1.046193017003619989e-02
2.101070513379513560e+00
1.020636071600058425e+00
1.071216709072783324e+00
-2.667863735744915518e-02
-5.268567160403044014e-02
2.100086917835019273e-01
3.391907496436314062e+00
-7.817835924375700074e-01
-8.652760575885311278e-02
-8.048374925348400488e-02
1.593588399868942185e+00
1.095990811070778781e+00
6.166288885347035453e-01
4.636404796805217998e-01
1.985135761019335421e-01
2.349942712682538293e+00
4.641283123838857883e+00
-2.659104008508637040e-01
-5.828497339342664230e-01
1.652894742080321944e+00
9.935610593051151795e-01
2.215873585277729152e+00
9.041079188288043689e-01
1.782619889014757375e-01
-6.467791837697719481e-01
2.163518870079008671e+00
2.633230068415986835e+00
-9.069772076232649471e-01
4.652171471458696472e-01
4.434907514261499650e-01
3.191067603364333483e+00
5.315019185940156099e+00
5.341586174048893465e-01
4.726465446275113225e-01
6.626222126007512425e-02
3.945843568551241076e-01
3.568310671732054740e+00
2.737658402749106323e-01
8.991688896815804855e-01
-3.804495617684086062e-01
1.594241838677179057e+00
3.128794972767600768e+00
-1.184054147029307835e-01
-6.318471217347532143e-01
1.461398817243354797e-01
2.228117102039499198e+00
2.342757495725455108e+00
-2.537583828778238737e-01
-7.109591224116402763e-01
3.329319910219342704e-01
1.933441185862541767e+00
2.506411547589777467e+00
-2.277164381578646868e-01
1.388617326932862217e-01
3.323550394832894272e-01
2.475169408208488964e+00
5.022869749592765665e+00
-7.102157242931006476e-01
1.567972518729300949e-02
6.434654519637428294e-01
1.741031687632329739e+00
1.291102155879563451e+00
-3.634226583999732862e-01
-9.391018371340814630e-02
-4.468856312687713439e-01
5.391304068497712043e-01
5.532010244026014156e+00
2.293162019725290268e-01
1.189607707816140003e+00
-3.091715071235525691e-01
1.367299531394940093e+00
3.018629459533294757e+00
-1.304761441430224087e-02
1.036764277914542287e+00
-9.417964125726014692e-04
2.546678656401392793e+00
4.438041049149187067e+00
-3.059597070824151416e-02
8.443671955010267904e-01
-5.802803588749672059e-01
2.215589971232459821e+00
5.729010546398114023e+00
-6.947777405283880880e-02
2.614080843552630817e-01
-3.902821943708807417e-01
2.073671590366737150e-01
2.669630930000926661e+00
4.829417570225282286e-01
3.466051288653382856e-01
2.992706938172222039e-02
8.126749364956998845e-01
3.217641445140673628e+00
-8.590509146228151316e-01
3.738848894623610364e-01
-3.504631038366616547e-02
1.534462736377892211e+00
1.164066587964197819e+00
9.462558433564441929e-01
-7.143174461804298048e-01
4.345813863091477214e-01
6.418378962760358242e-01
1.421466579318076962e+00
-3.756381508091874433e-01
2.076226525425212355e+00
-7.242499307444971723e-02
3.510304571841347698e+00
2.918271312961700392e+00
-3.548680618244646756e-01
3.753116193273671741e-01
1.506656173590655179e+00
1.430900904820983977e+00
4.306090692925445218e+00
-1.211191410553675435e-02
1.186350853886286139e+00
5.001509109199085978e-01
3.959314936500595294e-01
4.649709251454351211e+00
1.582753891849084660e-01
-5.300478800134136304e-01
-4.202933361850100247e-01
1.847767350309340140e+00
1.658491500522999429e+00
2.877223479477492019e-01
1.256133488551053057e-01
6.137734234446355908e-01
1.667747928696252213e+00
3.372539405735566209e+00
1.028665717631099596e+00
-3.254414543375322433e-01
5.987110462968791014e-01
3.940020675848644238e+00
2.939695685507553335e+00
4.445668606579444848e-02
-1.198797257579253955e-01
-4.195050597223051736e-01
1.065584768909557667e+00
1.691452321250120461e+00
4.572154946635826334e-01
4.762936841457024451e-01
-8.516864978318277046e-01
1.677746003898992422e+00
3.033544700697223817e+00
-6.286659059569160712e-01
-3.947616946742084632e-01
4.574749096570815410e-01
1.017629928438716913e+00
3.770644429765886985e-01
-2.235808779537056257e+00
4.877004469907211121e-02
4.226782195753993610e-01
1.855338758926833087e+00
1.658157147301132950e+00
9.984036962682471539e-02
6.471859729280171787e-03
9.331026909473459918e-01
1.968073299942334708e+00
1.768007682332948249e+00
-1.148444761383802470e+00
-7.460229085567325891e-01
-3.777336098355124072e-01
1.218743782028555600e+00
2.597366021406857683e+00
-1.369389053226653274e+00
-1.467100148011572625e+00
6.677614354203822433e-01
5.988167432005137014e-01
5.280801182219091672e+00
-6.238889163334319088e-01
-7.281837041752881046e-01
5.432200104249915729e-01
1.715001045354957343e+00
5.813652899834600873e+00
2.831004393049151302e-01
-3.958849715463094721e-01
3.417682552873920199e-01
2.820822065710544280e+00
2.707763701252029698e+00
6.231071501192442241e-01
-4.238353299509798888e-01
5.209266986776827091e-01
2.910244249201829891e+00
1.365873825714776890e+00
-1.550223260183326845e-01
-3.365352951120857972e-01
6.807040676050090111e-01
2.360713820619992021e+00
1.971859203788552728e+00
-6.642787446979986354e-01
-3.109377854202263203e-01
-6.565031861005314884e-01
2.092913451032108352e+00
6.353715419966368128e-01
-1.418662141334883220e-01
-1.094724120329803929e+00
3.916485957698926379e-01
1.889286031019621115e+00
6.597184542478920499e-02
-3.125761517697278613e-01
-5.729623016680852610e-01
3.429900677489902683e-02
2.454743926694681333e-01
1.323078061572211972e+00
7.790321608542198906e-01
5.402050784600621602e-01
8.526875652699178725e-04
2.381937436411551090e+00
4.552106976114149717e+00
6.776288518570425801e-01
6.665773381097119810e-01
-2.200100105419715013e-01
2.583107370511340761e+00
4.251743493954050379e+00
1.160454842582758772e+00
-1.354558109776629882e-01
3.200835773113489546e-01
1.292775016827179657e+00
2.003283894895226513e+00
-7.653560401976982064e-01
-8.837126800616852684e-02
3.100997639983198439e-01
2.619002833696345789e+00
5.430172753180757539e+00
-4.013808143204847800e-01
-5.134205912540028560e-01
-1.683990717728761077e-01
9.221421853923666978e-01
2.066756390573556423e+00
-6.086925691859951248e-01
-4.386056064132045629e-01
-3.444195421517732281e-01
1.558218812161094702e+00
5.784772782656333767e+00
-5.293327929190019265e-01
2.338773276689823377e-01
1.493625537581933505e-01
1.199566990725578375e+00
6.256477715825989883e+00
-3.400921215085416227e-01
-7.008490838329125561e-01
-1.842263175950507592e-01
8.275779606567710278e-01
1.045583538385028016e-01
-4.601769530076899734e-02
9.530060409534314436e-01
5.351615148831696117e-02
2.518481580397947894e+00
5.142877564484294339e+00
6.932244133660515617e-01
2.466927183031910886e-01
-4.875090324022054999e-01
1.567549125067681182e+00
2.308693817637867074e+00
1.368887256974675448e-01
1.000684777880018084e+00
-5.195431087772127698e-01
3.900106263560378372e-01
8.709549879570152031e-01
-2.676930338568975221e-02
-1.883523388993287306e-01
-3.177720617254077839e-01
-5.086059783259332806e-02
3.541815479704021996e+00
6.869514294259596587e-01
7.289345307319751166e-01
-4.347507713594130352e-01
2.190613637960488747e-01
1.482922103481307596e+00
4.442645724285995690e-01
6.459436324900252879e-01
7.743118168987347394e-01
1.134730558314932525e+00
4.783145479227499663e+00
-3.058257305534134440e-01
3.572002216004287467e-01
-4.193162093222401188e-01
6.796686563533506087e-01
4.465589769818147481e+00
-1.600178744594730196e-01
-1.016452097461439052e+00
-1.070613799462507149e-01
2.203827085766493887e+00
2.477039217857263331e+00
9.741213148754661599e-01
-9.419542456755775062e-02
3.036915687980582326e-02
2.674845417736413378e-01
3.244645400116187073e+00
-1.055094524432558023e+00
6.927692153472124748e-01
2.923315387237719332e-01
2.942634783291289580e+00
4.838016498698757495e+00
7.631986923998780314e-01
-3.120556950017976394e-01
-2.188407132691368162e-02
1.532247819461779903e+00
4.092891534919825602e+00
2.749640011616834995e-02
4.035815965214875622e-01
-3.709197809064963547e-01
7.150099944612682279e-01
5.242031384849179965e+00
-7.487639976883065929e-01
-5.171717209355668476e-01
-2.532625131723432732e-01
-3.010878304439371534e-03
9.960256640215273682e-01
-1.141806090961415832e-01
4.890714101061727770e-01
3.143462463089681247e-01
2.851474011236471373e+00
4.236587235635870030e+00
6.018570494048718356e-01
-2.558354790528616363e-01
3.664910211893410152e-01
2.075873911571198605e+00
3.713230617320530946e+00
9.878579868476038417e-01
-5.742376694979119955e-01
-9.009466708409610836e-02
1.281466879385519064e+00
1.156283974054142849e+00
-5.915048359999571792e-01
-5.298773736572427728e-02
3.642505139574957196e-02
2.021667667144269487e+00
6.261597012060621914e+00
-2.481859843861000062e-03
-8.542746402218551194e-02
-8.609506009953278305e-01
7.344447626656389616e-01
3.740775539736565403e+00
-2.370374523777733500e-01
5.648455261775120473e-01
-5.315001236433438692e-01
9.042402434891902985e-01
8.914242980653280801e-02
5.461255408059059180e-01
-3.364341701383018468e-01
6.437442621413062005e-01
2.814513314945737310e+00
4.370972460618698818e+00
-3.857908031562263806e-01
1.142750642538823191e+00
2.918462715621289449e-01
9.622670013170873116e-01
6.047977664766453820e+00
-3.869224313383182734e-01
-2.619866637158239642e-01
8.487115546510985986e-01
2.398808596349941702e+00
4.071367978313079838e+00
4.221393930099708869e-01
-3.533509870555042176e-01
-5.466149971309309796e-01
1.795593979011420371e+00
3.149787491465736000e+00
-6.489317330881427814e-01
5.161190562866024845e-01
-3.977659307678489409e-01
1.222211404478663388e+00
8.389350350738715711e-01
1.151162349403367195e-02
1.463180844610474096e-01
-4.783669486248794400e-01
1.133294221071997177e+00
4.266949550210978437e+00
-7.670012805749744089e-01
7.895066894507174471e-01
-2.488872483260534674e-01
-1.276662686605063990e-01
5.074820784720987632e+00
7.845245957888877797e-01
1.269061890698756079e-01
-5.432277539225314200e-01
2.237891502405250144e+00
3.207018121476238992e+00
-2.716670737918688294e-01
-8.954665362756010216e-01
-7.969093657883168091e-02
3.877242401804594230e-01
7.267641139468502542e-01
9.957089118460342725e-01
5.918086713476671257e-01
-6.170178522277347533e-01
1.438339940427346919e+00
5.744529872830907102e+00
1.007389001561618480e+00
-6.733215636050871034e-01
1.353399047571989255e-01
1.090551697685626431e+00
1.153883761714577627e+00
3.966961579291508055e-01
-3.464934828544617429e-01
-8.258436571130526316e-01
-8.612102515919760615e-01
2.599829593111936177e+00
-9.964557174746027091e-01
4.228801285963110224e-02
-1.505174665785377341e-01
1.023983501576316124e+00
1.034625437325132902e+00
-4.394090263444240807e-01
8.402061141381820253e-01
6.287659285065313464e-01
1.688503538215663458e+00
3.933585672066251426e+00
1.354488298270733471e-01
-6.490079508224664284e-01
-1.811499212378625323e+00
1.286862468926700975e+00
4.956879606441183306e+00
-2.560419137975308290e-01
2.546665160290701446e-01
-2.031481768799376086e-01
6.837446999395193625e-01
5.711181109620924623e+00
6.934157860676255503e-01
-4.197266266531677892e-01
6.199280183987609938e-01
2.792488310839326360e+00
-1.469599976879800915e-02
-1.134309008551929177e+00
-3.003517332005110063e-01
1.105567844897432789e-01
2.682818633881803638e+00
8.585063371549296329e-01
3.937751450148974791e-02
8.997115671058799613e-01
9.733318610366649415e-02
1.149512214473485949e+00
3.803446020198815614e+00
5.086132531640923382e-01
-6.213721416872478587e-01
-4.782725366218956164e-01
1.618635222947504726e+00
1.009377774319019316e+00
1.465356846248713762e-01
-5.525448875379257441e-01
1.825471544471611585e-01
1.990938907148486425e+00
2.670236213953094850e+00
4.974448079215543217e-01
1.707433558993414618e-02
4.596542485830176772e-01
2.773481391378373573e+00
1.964752425891891363e+00
-9.094024190065789215e-01
-2.193422382060151443e-01
-4.125761046798935849e-01
-2.669674236736765960e-01
6.395966883917898471e-01
2.312921201660191883e-01
-4.904894745125775168e-01
-1.571699630626385152e-02
1.406933851516399825e+00
6.246466355612777521e-01
-3.177950752194849127e-01
-5.083292773952624577e-01
6.979645515566123004e-01
2.211335698612520773e+00
-4.665595135972464003e-01
-5.024564420238754048e-01
-1.858760794613985648e-02
-4.148460017707144565e-01
9.814174657532572787e-01
1.332140420670934855e+00
2.506361621094445602e-01
8.486464418884294147e-01
-8.021024469448129190e-02
4.190022848288074697e-01
4.699285955536990578e+00
8.570488170508306913e-01
-8.499477724688339619e-02
-4.091736211027111603e-01
9.765629930153638671e-01
4.762669218423655870e+00
-3.483557331093915105e-02
-5.703255274479060999e-01
1.346418801388075126e-01
9.597231331789677355e-01
2.480161249699578629e+00
-3.035001406854822559e-01
-2.610396482668915219e-01
5.571488847814999312e-01
2.034501571516819762e+00
1.821603728313262227e+00
6.433289854855142043e-01
3.548765744982893544e-01
2.352582531246623920e-01
8.265661849381318316e-01
4.144674428080915796e+00
4.322890267771532513e-01
6.170337335234746812e-01
3.727570692613781378e-01
2.837260242455203141e+00
4.824977387922623429e+00
-3.742750273020093443e-01
7.137981548643397289e-01
5.721926872755335181e-01
2.484325992005929518e+00
3.850718175579604274e+00
1.957603998593681061e-01
1.018097928564448140e-01
4.621856401159206151e-01
2.292625815548934298e+00
2.975559847788343149e+00
2.373081017991633401e-01
-8.245612925636813806e-01
3.477858080434571009e-01
1.186457638713217078e+00
5.498740020946004670e-01
1.090274912786473455e-01
-3.444037865908922136e-01
4.617978023013587507e-01
2.469503293924545151e+00
8.200970721033078448e-01
-1.098685539526776500e+00
5.589801263403091358e-01
6.582070872660134020e-02
8.584676159500477521e-02
2.036094713499398523e+00
-6.878386716268399814e-01
-6.439517649518694542e-01
5.869145619632152103e-03
3.899827936664368444e-01
6.469236983266990038e+00
-1.017937442564217365e-01
2.275500954532445885e-01
-6.207024636430715780e-01
1.187473675691127717e+00
7.983816741442952836e-01
3.182430008982039538e-01
-1.252519965802056934e+00
6.709647504250589034e-02
9.127383444978798277e-01
5.164469174454077161e-01
-1.451527862876636210e-01
-4.571767368097414130e-01
-7.821205573115309617e-01
6.580324259501846296e-01
3.953330087724753028e+00
3.896701294184193864e-01
-6.819660943059321356e-01
-4.002929238530233413e-01
9.033289457961251046e-01
3.781424461019985639e+00
-2.413389348829318992e-01
-8.218121192438033740e-01
-3.334185811796200327e-01
2.571511190440351480e-01
2.625654387601992212e+00
-3.704182005583090409e-01
8.486111095248777270e-02
6.787055548790209558e-01
1.718213311604322779e+00
2.697944650958461477e-01
4.596604542858475084e-01
3.360032662480121335e-01
-9.196101369417170046e-02
7.835359867047642091e-01
2.861485330670752614e+00
-6.245946788485495782e-01
-1.713929616259287914e-01
7.849985795815851430e-01
3.615366299424890517e+00
5.574159355110217540e-01
2.607485292646720132e-01
-7.473959546286296218e-01
5.099094731612273668e-01
8.806545419163737121e-01
2.262524783576552068e+00
3.296221839339097959e-01
6.940493880978880759e-01
7.802181253616594786e-04
9.104103803968589537e-01
3.388390034537282602e+00
2.506301676577752380e-01
6.293551312288829525e-02
7.809845576983539539e-01
2.699831191014430143e+00
5.629382911128090861e+00
-2.221679102939366213e-01
6.651232699965483608e-01
-4.831996102143221727e-01
7.141403562343553446e-01
3.257591239393332838e+00
7.541764124777706746e-01
-1.897426636976636549e-01
6.036159438992688697e-01
7.700802381467575231e-01
2.914501570810697828e+00
-4.252916291437088270e-01
5.551169507837212524e-01
8.300768641846814622e-02
1.789477396541055088e+00
4.356665799539223727e+00
-7.035102086940663302e-01
3.166243250059420089e-01
1.044233059752126824e-01
3.066557353946611553e+00
5.661596277129236299e+00
-3.675313456766727271e-01
5.427266234183397708e-01
-3.241286439893235061e-01
5.692536312991061109e-01
4.519054422616424205e-01
-1.894068518974598048e+00
2.135926217451883935e-01
-1.194053576678597128e+00
1.961865711852973204e+00
4.704143409070237425e+00
7.854058101132166403e-02
6.358305544121177766e-01
-6.360265614690417957e-01
5.368209958207947885e-01
1.545556443626490362e+00
-3.895859861980048855e-01
2.484153672526347861e-02
-4.082547555774827530e-01
5.098088812329120145e-01
4.511877411774679381e+00
-4.227496081870460443e-01
4.830194241689670376e-01
-2.378998632191324514e-01
8.925623626609570094e-01
6.362459191539739045e+00
3.344150632577983506e-01
9.676525350483575760e-01
-2.185032041210429876e-01
1.045941538096092777e-01
4.114856769939256864e+00
5.369214623307608236e-02
-7.152999019139116843e-01
-2.677436771817027772e-01
1.456289696484391660e+00
5.098106341240069561e-01
-9.185760657125664475e-01
6.714698109831925832e-01
1.260590783392636638e-01
1.686799526966516805e+00
4.176811260133597159e+00
-4.807875660908039195e-01
3.454017680727024531e-01
9.450313660371856272e-01
2.330079550001758815e+00
3.613930365563746694e+00
-8.469366711650007096e-01
-1.587880719248207784e-01
7.724388532588044587e-02
1.070073664377830136e+00
5.503851049716825372e+00
-2.633158979642949982e-01
2.204155435790649264e-01
6.288416417649584922e-01
2.446637996240260460e+00
4.778810432414482556e-01
5.997153530268342081e-01
-1.259322445962274620e-02
-8.276813450187846533e-01
9.554950778922658428e-01
6.125882514368010234e+00
-6.695442860095960347e-01
8.063704264203063188e-01
5.570564953506821348e-01
3.408646942716918371e+00
5.039683563193052329e+00
1.842681803585606848e-01
-6.833320492895925691e-01
5.371681036630700928e-02
1.399490243134196676e+00
8.237444656198253945e-01
2.070705019200221875e-01
7.707168586573881486e-02
-6.148733344939563139e-01
7.832063509609563656e-01
1.742346613091173557e+00
-3.767268308522249698e-01
3.139970365285542631e-01
-7.524480919828951953e-01
1.622603747477382674e+00
3.697536680523560437e-01
6.939622594126699795e-01
4.921154683585332590e-02
4.846182504395670776e-01
7.572997382333290783e-01
3.566265348987277761e+00
1.556038650689816338e-01
-4.961014436527457216e-01
-5.455885364019010808e-01
1.659194780842654371e+00
2.778378533179361121e+00
2.593418974142442934e-01
-9.149029816986028463e-01
-4.505125377808868459e-01
1.170077654769327014e+00
3.389074665233416273e+00
1.104456168133452820e+00
-2.358619225953698106e-01
2.591177106013112796e-01
1.259667298917593214e+00
4.195343546327793049e+00
-4.387728924104731254e-01
-1.107892995316078988e+00
-2.601898334133574409e-01
1.804350511713286975e+00
-1.513769854890180920e-02
3.972222564772261988e-01
-2.142208366243797679e-01
-4.814552171133276715e-01
-3.738216824567527907e-01
4.105241415765211954e+00
-1.538186951585303497e+00
-1.806092322244435611e+00
-8.828096404888419180e-02
1.639337281278994141e+00
3.165289143338439803e+00
-6.211712367075986618e-01
-2.455563919726319322e-01
-8.123122097439423595e-01
-8.861751415993137648e-01
6.218369127357044057e+00
-6.513562496375590039e-01
-5.708318770141161957e-01
-6.008411697983629535e-02
2.400335749781588479e+00
1.524478787066856800e+00
4.785899667534149193e-02
-1.557556315872796748e-01
-6.921019049614312024e-01
1.146438149655033545e+00
1.918066278719200657e+00
-2.507744704327276031e-01
4.803717684481266237e-01
7.759229309264649155e-01
2.295698607967775029e+00
3.729089359430532102e+00
4.274800720761739448e-01
-7.249074518396041444e-01
-2.462852828139495964e-01
5.835411805444523647e-01
3.585532844646609707e+00
3.719143995618889309e-01
2.761214394046820342e-01
3.291118233371000401e-01
2.540498432520158723e+00
4.470965176088634863e+00
-2.358976390431975489e-01
4.676957199120385100e-02
3.972205662141485849e-01
2.394150621606483842e+00
5.813948726547425672e+00
-6.810429433299399760e-01
-8.118280122267571564e-01
3.617921342808738117e-01
1.212066316544066380e+00
-4.682486804856648699e-01
9.842775482708628898e-01
-2.143177515489252116e-01
5.482333223471975714e-01
2.994200068976211160e+00
4.586296420019666087e+00
7.711855931933191410e-01
2.328151759292149403e-01
2.064863595587198009e-01
2.875775538913234453e+00
3.232057688722751010e+00
-7.499631911418804670e-03
-2.235598155026537359e+00
8.052637439019285637e-01
1.274099771242722001e+00
-5.694771455100573476e-01
4.634432878319458271e-01
8.483667202186381262e-01
9.174313610675588482e-02
3.188056041723832945e-01
3.452217501277785150e+00
-5.170473858684210278e-01
6.367886972680163460e-01
6.537141058544350125e-01
1.350433463034139470e+00
6.332878594784865811e+00
3.053032225594042859e-01
-2.796528777913174224e-01
3.973321994664259504e-01
1.500246563589428428e+00
2.402577294942246144e+00
3.567327125363844997e-01
-5.393000120480122561e-01
2.133135011777880508e-01
3.385499484446848895e-01
1.613527080426145233e+00
7.866661883641576924e-01
1.829232402800023416e-01
-8.135801194027511563e-02
2.468399169583276986e+00
3.911598302693080065e+00
3.433669006618139674e-02
-2.948715086427008414e-01
5.844395302503090361e-01
2.649961574927575558e+00
2.893685303180207224e+00
6.824867870580346718e-01
-5.575820820194903327e-01
3.981889452121605832e-01
1.813831173096745575e+00
3.828712588610399870e+00
5.571254649659130864e-01
6.679083268831240705e-01
-1.813223226624166851e-01
1.341206089012948910e+00
2.966326389490931081e+00
7.017275626459061888e-01
-1.105218346741507381e-02
2.654275553976709889e-01
2.562906926379911798e+00
2.594026470190714750e+00
-8.135483647765618942e-01
-6.451078675734874812e-01
1.285247965291572148e-01
8.614754676456780613e-01
1.884431842298422533e+00
-9.560918653265007006e-01
1.461365715571258383e-01
7.625780081643872277e-02
2.375081450865752064e+00
5.196461850412757322e+00
-2.788562989618509347e-01
9.182482376046460226e-01
-5.819157891416663064e-01
-5.037027819940801399e-01
4.476438098696097434e+00
5.634499394137800765e-01
3.242055498047344275e-01
8.974355991829480184e-01
2.608382962090724178e+00
2.827301982851381235e-01
7.832789243807192214e-01
2.011675598889267891e-01
5.115558605414955995e-01
1.077802958303513359e+00
2.533084058435289165e+00
-4.995307447641769705e-01
-7.133168259601369021e-01
-7.384318031886372147e-01
-4.372745601922737868e-01
1.407329855902152094e+00
-1.770648768727793032e-01
4.771555313924764202e-02
9.630600199983434528e-01
1.948545349835499430e+00
3.797382507816271069e+00
-1.419906724905315887e+00
-1.121812530502670269e+00
1.277077836459772131e+00
1.193133883015100150e+00
4.696064718078035050e+00
-8.505932158263399545e-01
5.272238119652840060e-01
6.658246850716615928e-01
3.564924884041209108e+00
4.812703587217618484e+00
-2.950598666386741176e-01
-6.791402942475571747e-01
2.040107589843403457e-01
1.925138250418618302e+00
2.466520966681143623e+00
-2.847725681407469178e-01
2.204446205991230923e-01
-4.122741195627622202e-01
5.044584740527515709e-01
4.768917299230433393e+00
2.606154769367783897e-01
-1.336858027419476569e+00
1.391134756143574736e+00
2.061035342518119151e+00
4.101083713420556442e+00
-1.328501488252895879e-01
1.343454713603839112e-01
8.841339244703046996e-01
2.339602579770565960e+00
1.143095840547864395e+00
