-4.094758992367033557e-01
-2.048574470023085126e-01
-1.436164467916390686e-01
1.031291950735885088e+00
3.558427149297774261e-01
1.167353446769219538e-01
-1.742791515724307072e-01
4.514803003548107929e-01
2.473939418644968580e+00
2.413038275135444888e+00
2.269098469224642423e-01
-1.135760056445196675e-01
3.743765168296608881e-01
2.501262411887683612e+00
2.899055789168355712e+00
-4.647420572305092229e-02
-3.506023395690104905e-01
-4.137669055688352193e-01
6.974972948121663796e-01
1.433816556230753880e+00
-4.677638886319948619e-01
-2.128452521107708217e-01
1.068579554645769369e-01
2.183147260927942757e+00
4.607526531418509319e-01
-1.555172269765330850e-01
-8.320529768824119765e-02
2.763191793818570718e-01
3.160260162253348160e+00
6.377399456381817044e-01
-1.277295681457074616e-01
-4.408894391009473557e-01
1.189697095874977656e-01
1.954860303034214208e+00
1.173447009715324008e+00
1.291757464376327158e-01
-4.361092794501815750e-01
-2.821735320126974589e-01
1.046090972135542252e+00
1.785646034336897614e+00
3.869905647326881692e-01
2.010093897058885803e-02
2.549941509801078587e-01
1.991258065577949044e+00
2.967153266253346633e+00
-1.357173851476100590e-01
-2.278797763933677334e-01
-4.601369758516544173e-01
2.224298885692385652e-01
1.288368526761164423e+00
9.608148954866595204e-02
-2.535309137495089793e-01
3.708148019715434285e-01
2.507637253262475774e+00
2.007054749681406847e+00
3.778509761576050452e-01
-2.672090124712873105e-01
8.774883777300319931e-02
1.711244219932672950e+00
2.236185968096805254e+00
-4.790932230545606046e-02
4.154213239538464553e-01
1.590486020671303125e-01
2.141017447131469353e+00
4.859439868590873068e+00
1.610643450090603890e-01
4.448034716933280674e-01
6.918739574055851604e-02
1.841321140470569828e+00
4.651301689572640896e+00
-3.461789236715919205e-01
4.620095588261551728e-02
3.167819049303030043e-01
2.697780904791644119e+00
6.225423622080364261e+00
-2.609205941639744508e-02
2.040803712758229027e-01
-4.770571895199909318e-01
5.002268530883694497e-01
4.739569614750520188e+00
2.280161020656800708e-01
-2.756844949731931949e-01
-3.631372191372754799e-01
9.983067941304943904e-01
2.175913580384271739e+00
-2.586618333660542501e-02
-1.880542549918624018e-01
4.141890505649013510e-01
2.840435206537579749e+00
1.675615054330832354e+00
-1.053455388287232453e-01
-4.861099320650783540e-01
2.561279307137370731e-02
1.675512416770381430e+00
1.094851457654805627e+00
-2.671095837835539832e-01
-4.644890029179005730e-01
-3.866427793047817751e-02
1.599902323619484923e+00
6.438863101648382159e-01
-3.015220752331317922e-01
-3.485771101488087109e-01
-3.175967576606928411e-01
8.915573379938780407e-01
7.440614145398534163e-01
-4.864594643915878258e-01
-1.851288242247104143e-01
-1.100744077718776859e-01
1.280333932403844965e+00
-6.562705727917439447e-02
4.601761319429385072e-02
1.550222969208436274e-01
4.366512025283381115e-01
3.739190192261008239e+00
8.802668478209016989e-01
3.434418387470519751e-01
2.006868408061830977e-01
1.548576017773564129e-01
1.865167479204071110e+00
3.900400075865846361e+00
2.273110607550842682e-02
-3.117178376650375227e-01
-4.232216475848097903e-01
6.621985061230053482e-01
1.653176142310375241e+00
1.799487847756416625e-01
-1.398678342816703779e-01
4.074544072944827344e-01
2.432864264376592534e+00
2.592856255327851134e+00
-3.832986361644984963e-01
-2.438811943876391941e-01
-3.182233869917365787e-01
8.261633771984037145e-01
5.517531283195513669e-01
2.822742678523480764e-02
-4.621885714562043446e-01
-2.588799389999750789e-01
1.128805441411670829e+00
1.353973930538011405e+00
2.462867036263922116e-01
3.161953677336949431e-01
-1.767198039701677326e-01
1.407803793618710442e+00
4.329036640117761792e+00
4.132424447568894821e-01
4.393201358108671239e-02
-1.885310293583117580e-01
1.414119498995794366e+00
3.568462729186449245e+00
-4.172492532583677027e-01
1.970356019097029565e-01
-1.843258079872667488e-01
1.030456417192653129e+00
5.927326167205440477e+00
1.903930560052732035e-01
1.354540490056221902e-01
4.147267215477634106e-01
2.508665952635213081e+00
3.719732725033131349e+00
-2.851637037273035413e-01
1.413086754656166233e-01
-3.677964292653119749e-01
4.625743606712033884e-01
5.933677673202255143e+00
-3.713202272233154799e-01
-1.825441843813181142e-01
-3.232018404948186485e-01
7.910614681480586663e-01
3.930815198375040564e-01
3.199321373478605235e-01
-3.710253527817234942e-01
-1.464618878782802426e-02
1.597263298727546355e+00
1.922866371005617969e+00
8.652578968986322783e-02
2.281864351100120758e-01
-4.754392682581353169e-01
6.072038209913090956e-01
4.333855868371727205e+00
8.947134313544133355e-02
3.256061490757244381e-01
3.205050577832466718e-01
2.295133782913455267e+00
4.450329480990140141e+00
3.666040701268215574e-01
-9.169974129203856128e-02
-4.042991203597078864e-01
1.000722584190810061e+00
2.809301243628223865e+00
2.034848191588652377e-01
-2.007383648459323544e-01
-4.375790971802826501e-01
7.747226882786064639e-01
2.225851375630830908e+00
-9.776585624086892370e-03
-4.646654273825779335e-01
4.168417328603273714e-02
1.738275844430719363e+00
1.393556540026260393e+00
1.573295494837466946e-01
2.518722105780949461e-01
-3.822964222413007263e-01
7.959174781151365785e-01
4.308337484138288431e+00
-3.023766654864880610e-01
4.287660186025604170e-01
6.943659050603055716e-02
1.990857278130808483e+00
5.645123605575864900e+00
-3.119295123306435324e-01
-1.540914627433504214e-01
2.847743945230903351e-01
2.612757101139891791e+00
5.599188956960501340e-01
8.110013597853477085e-02
6.265942326741408275e-02
4.698632108597020629e-01
2.554824136231814702e+00
3.499291948451070500e+00
2.296241452915626438e-02
-4.561544388407963169e-01
1.028290048846502852e-01
1.910005420667258758e+00
1.499920939845402090e+00
-2.548454194583436028e-01
1.274821894301370329e-01
2.844108632528599134e-01
2.774598693066183674e+00
5.613885960177283252e+00
-9.440676558899348952e-03
3.308142846250518576e-01
3.079207942992109870e-01
2.435165641965797878e+00
4.777999978510917956e+00
-2.131756749037888032e-01
-3.964527846155398993e-01
1.271935626726634350e-01
2.045413879043538330e+00
8.874333788361495889e-01
-2.363060721347430004e-01
3.377378558042485324e-01
-1.382454411364512081e-01
1.472316128089495413e+00
5.810920732702476776e+00
-4.842854874783830144e-01
-9.334039527275975190e-02
-1.824155108857591356e-01
9.937882421595681803e-01
4.621329311102677362e-02
4.193673220131591273e-01
-9.545605981875321389e-02
1.966095308733359082e-01
1.959156389825012390e+00
2.801285206293481433e+00
-7.712596817943463690e-02
-5.911756342961184407e-02
-5.305791545670921483e-01
2.662828234920031623e-01
1.736299027721727839e+00
3.145484173191706589e-01
-2.872533726992123060e-01
-1.839179159424930987e-01
1.426017904456950758e+00
2.629984347422529734e+00
-1.636662133153802268e-01
3.103903787261013680e-01
3.159833725480051259e-01
2.471288713734191678e+00
5.218408844067633723e+00
-2.284440001009225285e-01
-1.702225314913017873e-01
3.300685717838650612e-01
3.575677994806169213e+00
3.844969305220514055e+00
1.820505515328468549e-01
1.819610299179981738e-01
3.748275008534059372e-01
2.426751764439171399e+00
3.875635899581761912e+00
1.680446543685076149e-02
2.775989828142479410e-01
-4.110012479526942153e-01
7.410642063098319410e-01
4.554908925664274300e+00
3.907523336431915073e-01
1.151308648581521737e-01
-2.288016523293815718e-01
1.371856027627000651e+00
3.722490033794040087e+00
-3.208888337278347214e-01
3.727633772080624630e-01
4.397760786017170659e-02
1.837635897185408762e+00
5.757879047684911100e+00
-3.543794564946849412e-01
-3.423193798370192942e-02
-3.827789879512404347e-01
6.084040842901794477e-01
4.081220448662618849e-02
4.801441088786419509e-01
5.173103147261057244e-02
-1.029227252226992267e-01
1.557662537094240074e+00
3.609574885962019142e+00
4.257087500568670912e-01
-3.575051532416626942e-03
-3.168769839301100455e-01
1.177322599790509461e+00
3.421047124475279144e+00
-4.710249084984640677e-01
-1.011569968155090343e-01
-1.786306237142950837e-01
1.546701092405867728e+00
3.924159441866908460e-01
-1.299589258777525957e-01
-4.298895660710645994e-01
1.767488767129735960e-01
2.112220922566885317e+00
1.136808896421615200e+00
-1.096586382750791011e-01
-1.275660871503982857e-02
-7.140752288235676648e-01
-1.658403289696551708e-01
2.763306470879114962e-01
-3.092782735242647352e-01
-3.882864612782552793e-01
6.212861316341188045e-02
1.853393911968887142e+00
6.565557748517240055e-01
1.370833293647477080e-01
-3.346409408376294081e-01
-3.754406844899302875e-01
9.150130626937947875e-01
1.896404758160771031e+00
-3.375995779688391041e-01
1.483949868764272151e-01
2.077383873001878989e-01
3.846757241425827978e+00
2.683484887500858118e+00
-2.393853019799872806e-01
1.134816932470892742e-01
3.189625873720159377e-01
2.930842232862009400e+00
5.500113381532451662e+00
9.982868884139509125e-02
3.434596944631950616e-02
4.850507194294989555e-01
2.645551913322467641e+00
3.008859691327940844e+00
1.569756968780731676e-01
2.704702708990200377e-01
2.844997859266358287e-01
2.330258073291004095e+00
4.233489779967739786e+00
-5.167166212904134026e-01
1.920470113697857889e-02
1.144537733863021517e-01
1.433604463202903689e+00
-2.040172535719417812e-01
-3.730335410818536590e-01
2.561089333676398461e-01
6.240601323476286516e-02
2.019831779514033698e+00
5.791330159076574446e+00
-6.951104659470339064e-02
1.748901052085820862e-01
-4.880006552662018993e-01
4.095514322942724328e-01
4.943423307649129406e+00
5.200545157132546031e-02
2.596272349153249531e-02
-6.223075862101140610e-01
4.633744195503948227e-01
3.572615079279339856e+00
3.008584584281047414e-02
-5.641249245983352978e-01
-9.918466244332091453e-02
1.419078392249816689e+00
1.258486932866864416e+00
-3.106363573947687126e-02
4.183159669508497158e-01
1.547044169030762084e-01
2.020736258736850921e+00
4.945316626788795134e+00
2.358451876163421002e-01
-2.725314959336470610e-01
-4.086506694166749387e-01
9.066151864662365112e-01
2.221657946475863454e+00
3.399333670764133064e-01
-4.023339042505009178e-01
-1.111890816645653146e-01
1.372988495140736065e+00
1.953173814558665677e+00
1.022617419587068255e-01
-3.611203532755427603e-01
2.998476083579876827e-01
2.238568733098733610e+00
1.708393528959064156e+00
-2.302296855565572342e-01
-2.435817508832252842e-01
-4.751444302226610072e-01
4.701932105038663656e-01
1.294251507123430622e-01
-4.039728067714603021e-01
2.593649187170196657e-01
-9.633548364493406402e-02
1.559539040984378344e+00
6.013063395884461038e+00
-3.794786694811619898e-01
-2.739237710675411774e-01
-2.348577021992415970e-01
1.007694296978284720e+00
6.196573947845948060e-01
-2.635440665131113525e-01
1.835760133845867614e-01
-3.953155635376641164e-01
5.351765631605742701e-01
5.722105317046834116e+00
-1.922326316817510594e-01
-3.217036586279041765e-01
2.148776223546819408e-01
2.277015314270900870e+00
9.183232419082359987e-01
4.517355268158526060e-01
1.919930596018060848e-02
-4.135451062966349345e-01
1.101885699587174638e+00
3.029844821195160964e+00
-2.607794558565930676e-01
-1.832030736452785746e-01
2.812642434009059444e-01
2.692626550722729384e+00
4.842329647433672446e-01
4.800405661066324270e-01
-6.947016084925285162e-02
1.341019316906965665e-02
1.653271892936556853e+00
2.707634725416469657e+00
6.984485636158691002e-02
3.571641144569695503e-01
2.356903737855364500e-01
2.122891746975384741e+00
4.544167125946081853e+00
-9.387337217751540175e-02
-1.907478704249394030e-01
-4.655036513353184580e-01
2.549620968268735410e-01
1.218819401403739455e+00
3.503399768081454368e-01
3.029841623088477265e-01
2.871672614613639089e-03
1.715000246426864328e+00
4.194251979094957505e+00
-7.115291410854149290e-02
-5.437633856617376527e-01
-1.599287625090632659e-01
1.247683811747312133e+00
1.106544593342111193e+00
-9.114156792521657668e-02
4.707093818200384638e-01
-1.777245694308611512e-01
1.167539486210918520e+00
5.214078267247646892e+00
-3.755173002603891946e-02
4.217254789579980012e-01
1.851798167329608280e-01
2.059458757014655639e+00
5.078727162578871024e+00
-4.321285315465892701e-02
1.733469665266222093e-01
4.184622245852229194e-01
2.720190744897221347e+00
4.631400156893373143e+00
2.541777052395007841e-01
-1.911144098852339546e-01
-4.463266548288331026e-01
8.481382265691190803e-01
2.788871662118362238e+00
-6.615486462230071862e-02
2.466096794413170090e-01
-4.601172167314694916e-01
5.826264387027854097e-01
4.818103796459446642e+00
-3.388337577446998150e-01
7.325395472907218763e-02
2.857619950616341886e-01
2.481450934966229482e+00
5.998659126449395806e+00
-4.403040761758735266e-01
-1.912374084516501593e-01
1.413715109436580221e-02
1.864921696447428001e+00
1.598327417236245496e-01
5.010787365325607423e-01
-8.824134720517552710e-03
6.484397055933623089e-02
1.533860198868762792e+00
3.407018195100482316e+00
-6.800423535495163721e-03
-3.658824115314335823e-01
-3.886564947083807620e-01
8.743551142312347979e-01
1.538690055268544743e+00
-2.481993796198639357e-01
-3.274606497537860261e-01
-4.127111437551715389e-01
5.109006985555504254e-01
1.242746017738907138e+00
-3.554869835214015672e-01
1.975940144359574768e-01
-3.108105681278547916e-01
8.826874992796315267e-01
5.675034113445264872e+00
3.821083016568682655e-01
-2.736569145413046966e-01
1.416654460641448010e-01
1.651321685391449634e+00
2.778793207236682772e+00
-3.952736999936681261e-01
-1.518346183413832873e-01
-2.276868679087590275e-01
9.183003356151259178e-01
4.344981510173316352e-01
-3.025636466933756541e-01
4.903632166858273161e-02
3.171116599998141661e-01
2.583805634232720472e+00
6.076757912959674712e+00
-7.148015460159336254e-02
4.431896286983900701e-01
9.413452851059285476e-02
1.935940140079107641e+00
5.069808876526427532e+00
3.999123728872295280e-01
-2.446617033118717588e-01
7.771668119767101424e-02
1.699455889385281804e+00
2.472741973611794819e+00
3.207529751331407164e-01
3.366405152064895212e-01
1.521072096073513430e-02
1.724596140564724767e+00
4.190011167764490452e+00
9.255122795951652159e-02
-4.826530764132886397e-01
-8.777302163402479762e-02
1.436512742528296416e+00
1.519083453708439668e+00
5.153777798513272668e-01
-3.129902590869371726e-01
-6.303123859042669697e-02
1.405920415760029130e+00
2.157935250201309607e+00
1.830847018769928003e-01
-3.477104050661071755e-01
-3.598344709919493734e-01
1.013373835570192671e+00
1.986794485463417193e+00
-4.605475696863972623e-01
1.686460000791939473e-01
-3.070925443950464975e-02
1.395428870981847869e+00
-1.495519331566825816e-01
-9.905919208889175931e-02
3.081859184398921259e-01
-3.642575621207675418e-01
7.545340180655704110e-01
4.891164477929299537e+00
3.498919733799802367e-01
-3.267852880330149867e-01
-1.024252527805078958e-02
1.503697692911110106e+00
2.187120926808056698e+00
4.224823631742216645e-01
-7.923036732506184843e-02
2.265656928391168168e-01
1.957523396012162298e+00
3.318880653713723206e+00
4.208038615513846198e-02
-1.739357984057837980e-01
4.367638496466175746e-01
2.669457542383619320e+00
2.166868678748865573e+00
-3.378577645869795809e-01
3.136804157307183233e-02
-4.043270994912823713e-01
5.569930545050594262e-01
6.092698911509223159e+00
-1.062333654496488283e-01
3.209915203555640528e-01
3.017724943310933772e-01
2.466347095308460080e+00
5.058705405143178346e+00
-2.413549595231849199e-01
-1.775912058043292996e-01
3.463873266284754338e-01
2.705021817592263123e+00
8.788325925347452161e-01
6.797723681646861138e-02
4.608129748959492455e-01
-3.677019377000785572e-02
1.485280011688990598e+00
4.757468615603539952e+00
-4.726610955650170087e-01
3.007753504851410839e-02
1.652252295898028744e-01
1.661838948649618564e+00
6.373825297868858542e+00
-3.843572366045754918e-01
-2.224894070256615008e-01
-1.767120919776954679e-01
1.065134025268154483e+00
4.853948727499268756e-01
-1.358792985342508475e-01
-3.893234528744410339e-01
-3.463923305396572894e-01
9.746680948773264186e-01
1.190131069167459588e+00
-1.220251492950655825e-01
-5.226898431241877585e-01
-2.049310734258638078e-01
1.144318226485986578e+00
1.202501535857279480e+00
3.764216684679005942e-01
1.128024468086199772e-01
-3.486571393741862424e-01
1.057423526086838983e+00
3.110643075640703969e+00
-2.284574664931650900e-01
-4.497268550685394328e-01
-1.250775886172474094e-01
1.365694210282774490e+00
7.650942024838225386e-01
-6.523149058122061639e-02
-3.752328682704337837e-01
2.870031910195445790e-01
2.345952604191033242e+00
1.299871168437153113e+00
-2.679370604432593228e-01
-9.517535658141695887e-02
-4.291932271684082423e-01
5.175237561958586641e-01
4.946224171412620940e-01
-3.303316402618969860e-01
-1.996188292121247321e-01
-3.429249182140662322e-01
5.377049768461468204e-01
6.573201664574626069e-01
-2.086302036261148407e-01
-4.564492373987728557e-01
5.834455178549718957e-02
1.907940135386490654e+00
9.473993728213609966e-01
-3.650824112418945555e-01
2.716200866089378274e-01
-1.731528456217718837e-01
1.042099111120295074e+00
5.751507221032905903e+00
-2.722653811078123431e-01
-4.375645968792189477e-01
3.807603763436531036e-02
1.865395175918096449e+00
8.624449614016478360e-01
-3.723165424476864716e-01
3.401143185230571242e-01
-5.096136526915528986e-02
1.661632278330132717e+00
5.843595978517515555e+00
3.363129243051879991e-01
5.704162426479307546e-02
3.583169711223903042e-01
2.166581113054708130e+00
3.083529504809788602e+00
-4.510813084022310404e-01
1.356629992973271692e-01
-1.418664740495102217e-01
1.214872741924842625e+00
6.166906361974440642e+00
-2.707043704697826847e-01
-4.521517187815979888e-01
1.460727010788718250e-01
2.008266666574070936e+00
8.508525389904840752e-01
-3.170499203901183671e-01
-2.533003021255998410e-01
1.222323588971281488e-01
2.287201309775271696e+00
5.505073576814035752e-01
4.047902077351310246e-01
1.632777657632281942e-01
-2.370089959897744014e-01
1.214401434209405606e+00
3.899810105891589718e+00
-2.566119363779702928e-02
-3.262218194857368081e-01
-4.178113625752383209e-01
6.709001562645131589e-01
1.499956157713391969e+00
-4.648122457007853314e-01
-2.601007051773777667e-01
-8.415299392915900900e-02
1.723923215935816433e+00
1.387539996800778441e-01
-2.635605773816667718e-01
1.785967617982838207e-01
2.614154815912035357e-01
2.514780142994306633e+00
5.621834353928242045e+00
1.496579926414312867e-01
-4.727053451557713948e-01
-1.136486654949454556e-01
1.367752972630159602e+00
1.568065895858867353e+00
3.858165824452072790e-01
1.927021535377985290e-02
1.750110551271780168e-01
1.960961027479821706e+00
3.496065684512475347e+00
-1.586566000656950970e-01
2.682133516171291698e-01
3.543393959091807877e-01
2.549018346758851639e+00
5.072112028165661535e+00
-2.034110092401696934e-01
2.601183312062960162e-01
-3.978854495012281167e-01
6.585342869418858713e-01
5.321943258134175458e+00
3.418109166361252282e-01
-1.033422593320704463e-01
-3.673870182067144330e-01
9.810179396127086671e-01
2.686072117055329223e+00
-1.757371342483191323e-01
4.407641775578024501e-01
-5.518829312851005614e-02
1.480753826553919517e+00
5.299344473061574412e+00
-4.118842545098082286e-02
3.448153932812021982e-01
-3.296802327499048779e-01
9.401400091795920622e-01
4.907895586978161084e+00
-1.586698458458140060e-01
3.521658447478495102e-01
-2.574443485786109265e-01
1.000603476509253076e+00
5.321238342695735923e+00
-1.453879763429949401e-02
2.805595045522618070e-01
3.293301822902420239e-01
2.455021694092617057e+00
4.760682142019200036e+00
4.220826663878408658e-01
-4.691610125295329198e-02
2.131969522488993962e-01
1.917085042825675600e+00
2.872876305807577246e+00
2.610450888059319685e-01
-5.943169970072308822e-02
4.018404376311719428e-01
2.340221345563263000e+00
2.843784847943921168e+00
-3.050520846219761939e-01
-2.426586156841058911e-02
3.776474619768562802e-01
2.935082063239454975e+00
6.247378873795649684e-02
3.754131989746671838e-01
2.017363301403905795e-01
1.081891076663336199e-01
1.741597953219905515e+00
3.302377702698600537e+00
-3.968810923437767757e-01
2.825945387318914981e-01
2.922726388093659089e-02
1.949214587739327431e+00
5.803185476493467831e+00
3.270470871166513693e-01
4.889101152532174949e-02
-3.859622563233915393e-01
1.047059462593626700e+00
3.370848719367380397e+00
3.220494391750826080e-01
3.074450674298279118e-02
3.826275382541190484e-01
2.246497451739660978e+00
3.410805413524728547e+00
-8.997850592629137723e-02
-2.701263678957858128e-01
3.744461144478628545e-01
2.631187956305449216e+00
1.305501854116741578e+00
-1.122849806915878351e-01
-4.741891779515888250e-01
-1.438117341197372723e-01
1.386711096980570490e+00
9.792223201869078020e-01
3.003972400589555725e-01
-2.650353162898484369e-02
3.652679848769909143e-01
2.219443774568982342e+00
3.184865673429212229e+00
-4.407439165609471354e-01
1.239674125652864556e-01
8.119711628340531284e-02
2.089931615643391360e+00
5.941802951430564583e+00
2.781848129875346687e-01
2.034753061433173527e-01
2.092744523616271168e-01
2.032422277540663291e+00
4.011564276914809213e+00
1.740272331094386282e-01
2.748737400593636027e-01
2.603665718560871367e-01
2.253447264995654731e+00
4.206947243440763984e+00
-2.548355913595427569e-01
-3.527181473929977829e-01
1.547346847354177934e-01
2.139155881033067530e+00
8.055997328391144574e-01
-1.041227474743092324e-01
-5.133963363417549663e-01
-1.880136279805797173e-01
1.212971524595640505e+00
1.171821403414659013e+00
-6.340906027604648054e-02
4.616394979368504403e-01
1.345716367208545372e-01
1.988332615708514828e+00
5.034755329556342751e+00
-1.555321356551256640e-01
2.478046250494419719e-02
-5.244242416672076912e-01
1.696281157858318123e-01
3.093214906727942637e+00
8.341121667952047791e-02
-5.009883981755383076e-01
-6.573297905337098512e-02
1.583293858766510187e+00
1.435533283778227309e+00
-1.076711576903631451e-01
3.457612759351289533e-01
2.871167593846024602e-01
2.380398136798998809e+00
5.049543957002939010e+00
-2.719364338745767773e-01
3.853105523240194508e-01
7.249479011071405243e-02
1.955652267419822010e+00
5.389963418498143533e+00
7.512114079466850058e-02
-1.866225747335289453e-01
-4.996088291928263980e-01
5.310914597669785797e-01
2.213971441679566166e+00
1.519843481919034844e-01
-4.643222750966653489e-01
1.073580252626058495e-01
1.842177430185856224e+00
1.681740495499802535e+00
-4.084990964686022186e-01
3.993048476887707532e-02
1.992555220309625563e-01
2.313155804248332892e+00
-9.981192374062818062e-02
8.776238261612163971e-02
-9.371997374139920400e-02
-4.995901147248358320e-01
4.247111145050723735e-01
2.869651745776179208e+00
-5.324099029496980051e-02
1.481803892504667246e-03
-5.418570074672111048e-01
-3.034227195535553756e-01
1.500198103724961873e+00
-1.303028732030102887e-01
-4.238450072123318702e-01
-1.975217483662871643e-01
1.217385344243714362e+00
9.735518154638835853e-01
1.897435966046580325e-01
-3.094310157289933971e-01
2.517288633039957979e-01
2.158769201085622758e+00
1.989375154931345202e+00
4.247353756044180972e-01
-1.194996471044741521e-01
-2.344084409595077190e-01
1.193223090862527203e+00
3.184718268850128098e+00
1.694134675568373660e-01
1.500621464939139449e-01
-5.024076289950154539e-01
6.268605809837575205e-01
3.976716755095440092e+00
2.185183839897395300e-02
-2.302933783599877271e-01
3.905840266602492727e-01
2.659823340036763906e+00
1.837171119727982305e+00
-1.381427533644039585e-01
-3.602997252756717228e-01
2.668542726264631626e-01
2.328446911930384111e+00
1.065157609802527272e+00
3.679600006882771113e-01
-2.733643405509747493e-01
-1.419378174797193692e-01
1.524608186404839971e+00
2.322188306803369517e+00
-3.394269242418916366e-01
-3.945815872865322538e-01
-1.201764543503821003e-01
1.262009350166196642e+00
6.444225188288055239e-01
-1.862232041388424963e-01
6.353967079499359127e-02
-5.306155456952028615e-01
7.565515272963434235e-02
4.656182317549302674e+00
3.318747868867129025e-01
2.980291263992824180e-01
-1.108613895935269822e-01
1.502880704268509504e+00
4.150877888330889220e+00
1.925600331722181480e-01
-3.615631297097687824e-01
2.190905630294613660e-01
2.136959825152413117e+00
1.942184866289590639e+00
-4.865295683510881819e-01
1.761715936575848351e-01
-1.183461631644757428e-01
1.665776214224630181e+00
6.303001471675663048e+00
-1.764800737304182410e-01
-1.424233766028787651e-01
-4.636610331543559727e-01
8.347307000624068496e-02
1.113016654848771214e+00
2.134213061323838589e-01
3.737174838639013563e-01
1.056384192061446542e-01
1.862807816893800483e+00
4.512543748531238741e+00
-1.369479850961832224e-01
-5.062238633731038773e-01
2.263593735077139291e-03
1.715932589855607704e+00
9.169879858104847958e-01
2.296503376172289168e-01
4.091586272702030791e-01
-6.253137143847137258e-02
1.489591387368993658e+00
4.556997941103297478e+00
2.171691567922933441e-01
-2.126547395372074822e-01
-3.914034873591089592e-01
8.694524434141192026e-01
2.561310756031757396e+00
2.634286077181072216e-01
-3.536650370042652147e-01
2.281270896043928811e-02
1.697814011440880844e+00
1.870824160954126958e+00
-3.881544496578308578e-01
-1.087562287108768677e-01
-3.120943145785582407e-01
7.024585090107610119e-01
3.080827295151810641e-01
-7.997807637853927842e-02
-3.546311128393203616e-01
-3.765574607361602544e-01
7.529404091013262024e-01
1.365950674831084122e+00
-4.891542908185916860e-02
1.545897539215705489e-02
-5.621982105809696373e-01
2.857342420534715877e-01
3.822020677069737360e+00
-2.410399597207761035e-01
-4.454822534074485141e-01
4.937073957508945898e-02
1.743418859832764456e+00
7.260240769893904211e-01
-4.829657553614878918e-01
-8.109693040754109572e-02
7.868997117785785089e-02
2.176556104060369368e+00
1.168008913200313803e-01
-3.187385074957711506e-01
2.891403017321439450e-01
-2.315077263216321068e-01
9.696640799820498424e-01
5.644101617502840007e+00
1.614097851379772408e-01
3.866255598784573699e-01
-2.379757058724659147e-01
1.164907104656861758e+00
4.454095011049729713e+00
3.083494237325664633e-01
2.125803823946530446e-01
9.893300596326343177e-02
1.646173014284421754e+00
3.375128770314351101e+00
2.726006213494592822e-01
-1.318098109142471774e-01
3.303677859923379034e-01
2.293366625797961689e+00
2.736623440659866180e+00
2.937449627121479501e-01
2.454853069977364910e-01
2.446647505448089621e-01
2.103805741807522889e+00
3.958634840868021421e+00
-3.926255960211934987e-02
-2.253152160452008002e-01
3.963587325876005707e-01
2.710931977908659807e+00
1.471126765966145555e+00
-3.394449901272729164e-01
-5.754856858048365553e-02
3.191065582373303622e-01
2.595297471768267972e+00
-2.215502236677379527e-02
-2.622211193406855448e-02
-4.199680312153447059e-01
-3.051028533514482111e-01
9.256510958817227852e-01
1.456095615702826196e+00
-1.322847144067385294e-01
4.642103774361044932e-01
3.684718966060787637e-02
1.815291743970444793e+00
5.198494237695287623e+00
4.795373683567352718e-01
1.178567430996718679e-01
-1.491540143972386713e-03
1.943076754498223702e+00
3.167431644836682825e+00
-3.202771796993876263e-01
1.468238062571747661e-04
3.534745960630101269e-01
2.747301491458726375e+00
6.180038134136057515e+00
-3.135525990231036175e-01
-2.980113638534001019e-01
-3.327338574001740823e-01
8.693988958134331035e-01
6.432512457573982267e-01
-2.617129106126490634e-01
4.491551137686512485e-01
1.279673096350515127e-01
2.050193056112257217e+00
5.440160156842256178e+00
2.476265682409035940e-01
-3.960371765360622964e-01
8.434193018223984373e-02
1.794707885028918648e+00
1.953825925197129276e+00
-3.605236099234917502e-01
-2.991377986323134897e-01
-1.760048851974726769e-01
1.097964342898547718e+00
5.320263065642076850e-01
-3.281379765148503824e-01
-3.989267730933395706e-01
-8.105497917579254641e-02
1.350897842409406024e+00
5.364475830596204808e-01
2.238940735048474406e-01
3.353860307900859389e-04
-5.257666456891733064e-01
7.357437178052880222e-01
3.295928691350637152e+00
-2.497051287709150802e-01
-1.361294347951139960e-01
3.702546909633610550e-01
3.500147829927238607e+00
3.835439836438701455e+00
7.041976724052216585e-02
4.404172303085391316e-01
-1.617961963313213902e-01
1.288800748410472652e+00
4.763069518594807761e+00
-3.345232990128375189e-02
2.521221471108172074e-01
-4.288207651071916371e-01
6.445590559435715461e-01
4.737952770042788586e+00
-2.832476994065869502e-01
3.833747125791647781e-01
9.575266189409094297e-02
1.892267804870152448e+00
5.583924204995271090e+00
-1.600651879095980612e-01
-2.933887031241658727e-01
3.008307801714968921e-01
2.491047419302147681e+00
1.085550024098435706e+00
-4.338541632520122038e-01
1.340194860149396261e-01
9.856695544622885718e-02
2.116510527400619068e+00
6.098403135884464810e+00
-1.259034378450694935e-01
-2.751153276758994681e-01
-4.611747326389786794e-01
3.444230514055143244e-01
1.323423963637162304e+00
3.858602387267023870e-01
-4.711655905731198385e-02
-3.766202913964233900e-01
1.019395766687891669e+00
2.845089059451513691e+00
-3.363151243085828468e-01
-1.759692634550968915e-01
-3.607167217086706956e-01
5.890072082991770763e-01
4.941632821731955505e-01
-1.942648294872808823e-01
3.513926527939151973e-02
4.129306000888378625e-01
2.922749538104962852e+00
5.703351118926553553e+00
3.938273063207931024e-02
-2.207083713048677287e-01
3.706571913389374862e-01
3.649816032660771370e+00
5.065589351007305119e+00
-3.865701105690681483e-01
-3.283400738855123957e-01
-9.342236968463867031e-02
1.691081893825994609e+00
4.520248391330114468e-01
-1.602176289992024161e-01
-3.930177693312024156e-01
-3.750519123681329003e-01
9.069867891721086206e-01
1.167967819147744057e+00
-4.067366070302590453e-01
-2.043257054215011706e-02
-3.069235239342675836e-01
7.200876243588181236e-01
6.249604646387697110e-02
3.063893101547093822e-01
-3.239399976447566165e-01
-1.375422014141301497e-01
1.406606774427284323e+00
2.470917074508117484e+00
-2.122403224370676689e-01
3.783997454633041824e-01
-1.678495368443964353e-01
1.506810338252517978e+00
5.524140452221132591e+00
4.347828286143339827e-01
3.844962931830677721e-01
-6.757787782326507564e-02
1.685326134076664761e+00
3.735967552961071192e+00
3.397726395758988160e-01
1.609495610394430509e-01
-2.553908954985950053e-01
1.214091019700568097e+00
3.803760997299983515e+00
-1.841345243105722840e-01
-4.447119616656332042e-01
1.355228453463945271e-01
2.030330135269144964e+00
1.002790876194708192e+00
-2.189424740110043899e-01
-2.537982382716061358e-01
-3.541095743655534034e-01
4.865069418264778567e-01
7.728819543609205533e-01
-2.354807091436976474e-01
-1.806136767933794185e-01
-3.511765899360511645e-01
3.643632474613120453e-01
6.432948210278102152e-01
-7.662006060917783690e-02
-7.271619735678937213e-02
-6.361857333687395144e-01
-3.586394869475553748e-01
5.620241957494095608e+00
-2.222757851158813358e-01
-2.315776880205181951e-02
-5.263665117405906813e-01
9.431721431699605432e-03
-1.481556827754055561e-01
-2.081204073047730752e-01
-3.341982876567903826e-01
2.932437951674609078e-01
2.413658259162601460e+00
9.973473054294763607e-01
3.741698390550474151e-01
3.212740008157878302e-01
6.849258064374363908e-02
1.836240318945314254e+00
4.194497082351164252e+00
3.432733064865600703e-01
-1.237919458809603745e-01
3.172168643970063595e-01
2.023594674401907767e+00
3.154051594958938498e+00
-7.434035403424855970e-02
-1.938956214778450871e-01
4.139040912896966296e-01
3.002948803909522013e+00
1.532161948999958501e+00
2.525000048899794791e-01
-3.693165934314967536e-01
-2.397173528544606635e-01
1.183714490636224470e+00
1.995411917613909125e+00
1.448772118517343936e-02
-1.522819795273285502e-03
-5.505653432545386528e-01
-4.769178419346948861e-01
9.688928041145860454e-03
-5.369181635406850006e-02
3.836374324443757589e-01
-2.644596960497520022e-01
1.051144512866687863e+00
4.968181876061254165e+00
4.346152751446808460e-01
-1.805886165648144803e-01
4.529242771084751595e-02
1.623328539064858411e+00
2.496309328276441253e+00
2.346351965963742181e-01
2.135940158953305301e-01
3.671933531861644728e-01
2.385295830934197614e+00
3.989508784677560094e+00
4.284935316587327181e-01
1.777913077447157153e-01
-7.589948565944849845e-02
1.524954402870473791e+00
3.812567215774935736e+00
3.861838402849785551e-02
4.599283048870675961e-01
1.062728913675978909e-02
1.578195419279921241e+00
4.892814735413420379e+00
3.320850390546869479e-01
-2.115242459574148137e-01
1.979667229706347786e-01
2.032464630221191726e+00
2.356124691313451702e+00
-1.276657685591014828e-02
-3.927339487863581308e-02
-5.500853690870509682e-01
3.400222085061568311e-01
2.867493456690673792e+00
-2.825421640810299451e-01
1.264945704548817995e-01
-3.951030931152773040e-01
4.393498486725425090e-01
5.867653977985543889e+00
4.838116071048723099e-02
-4.923757261765095428e-01
-8.598917676337712590e-02
1.499248008229121298e+00
1.369296717920378770e+00
4.449972472886489228e-01
1.024548932961788089e-01
1.998452660616747978e-01
1.905941334646215957e+00
3.565426735858785445e+00
2.302540410108811497e-01
4.181403294915934099e-01
-4.613177411995994515e-02
1.567972606732186636e+00
4.536940259835867018e+00
-1.898354223155472031e-01
-4.626809846948953253e-01
-1.721545897238730138e-01
1.276093083623998981e+00
8.531343003031585104e-01
4.324481261563118545e-02
1.332971271415132886e-01
-5.211836334851287500e-01
4.312042518297237725e-01
4.237761008159687925e+00
3.298421489648802885e-01
-2.806575658494078751e-01
-2.277236081845257776e-01
1.390503954474487491e+00
2.313960971762694552e+00
4.497568626101819400e-01
-8.888257903011649932e-03
-1.791986096022429864e-01
1.461063419558871423e+00
2.762528250735861501e+00
4.152125583846750789e-01
-5.753901195892358739e-02
-4.075329706420160458e-01
1.158725934094391175e+00
3.302236602139929200e+00
7.428738541700688480e-02
4.388647495147510735e-01
-8.479273410824177126e-02
1.406999795738946846e+00
4.798861852805766937e+00
1.348207588030048143e-01
-2.900532417148338760e-01
-4.005248558097083134e-01
7.968201884416612479e-01
1.989136521993640772e+00
3.142108331394150578e-01
-7.536063477460626381e-02
-4.126614528592972286e-01
1.252099923345753485e+00
3.035530762116883441e+00
-3.090491043767194454e-02
1.931338616188663926e-01
-4.802858629003993740e-01
2.375470048153550673e-01
4.476223781386372558e+00
1.156736918271749903e-01
-4.876504346424594405e-01
-9.232713796209923718e-02
1.528034919696762639e+00
1.453151196882735530e+00
-3.441365680937092941e-01
-2.326738650456031121e-01
-3.057349172435822604e-01
8.567381777855206382e-01
4.051031473351852097e-01
-1.207479077172609050e-01
4.753391507836994823e-01
7.713277959399390815e-02
1.882697806511059557e+00
5.151875607924709222e+00
3.639680881211326269e-01
1.555192403636930509e-01
2.060531495706573457e-01
1.993032098782269612e+00
3.808425335734448414e+00
2.336594179330768462e-02
4.431022201492204049e-01
8.208841870543487351e-02
1.729577626619359654e+00
4.947228343470510659e+00
-5.006820779934150201e-01
4.560398851930683867e-02
-1.387780157199881292e-01
1.391437268282454953e+00
3.807641379586286234e-01
-3.302556201629493482e-01
3.223533581176137308e-01
1.415492690964360312e-01
2.157631246693502813e+00
5.626989861451128228e+00
-3.117536561038786735e-01
1.123621635610876635e-01
-3.828858785980428503e-01
2.918445507833486996e-01
5.890976883661132923e+00
1.813257481088017403e-02
3.634278818441457615e-01
2.353767985414726704e-01
2.132592998197491152e+00
4.692068099121688540e+00
-3.616178657948961872e-01
2.455519590749803971e-01
1.537382089046858136e-01
2.177010407714735418e+00
5.789000925344963910e+00
1.059369190370821473e-01
1.530202076729630101e-01
-5.001207254092349119e-01
5.407448558753488177e-01
4.162141277874924938e+00
-2.736841150771960884e-01
-2.622559138678756119e-01
3.107003394847290823e-01
2.472199894535610731e+00
7.429750612498099427e-01
2.992198399063888403e-01
1.524670210039482388e-01
-3.049241831278144965e-01
1.067944896585302894e+00
3.831468584118743692e+00
1.705465864726713465e-01
3.432655087370170555e-02
-5.221045092026396217e-01
6.338458044317605289e-01
3.179008216251622443e+00
-4.111520390749425213e-01
-2.470197306958713812e-01
-1.074765875507484036e-01
1.126303427273982916e+00
2.687367705330137024e-01
2.127123287773187710e-01
-1.651925207538305629e-01
4.474046127021061303e-01
2.427686015118688978e+00
2.502533087282782009e+00
5.780933173779418954e-01
6.580604996500148685e-02
-5.308937917660099676e-02
1.431118514989381474e+00
2.816040982071212007e+00
2.622299537003678904e-01
3.667627195857496858e-01
1.675173335357903193e-02
1.627423080240033126e+00
4.464951163602275841e+00
4.462444408039390464e-01
-1.838239494091528994e-02
1.834751327076936112e-01
1.889413296049180291e+00
3.407523446627275465e+00
-1.809781007724294358e-02
-4.956322903074844924e-03
4.573105844594785863e-01
2.853654987101013507e+00
3.295239423991749295e+00
2.727443361845142134e-01
-4.120858771334256487e-01
-1.095599410094304921e-01
1.497189045124070361e+00
1.936346140482239297e+00
-2.269373022823248376e-01
-2.186732848380221750e-01
2.890341820852822541e-01
2.577564352412267112e+00
7.126588395518814734e-01
-9.525110744617640290e-02
5.224508853225861595e-03
-5.357625355464701311e-01
1.709235510547327530e-01
2.082356873954675169e+00
3.371202823599420695e-01
-8.188075653533555265e-02
3.232289499421703849e-01
2.092653737015274906e+00
2.974680463826688381e+00
-5.428749056538442752e-02
-7.090474015855268743e-03
4.574848404096991672e-01
3.349242211068248931e+00
4.953790711313012629e+00
3.761610035165208199e-02
-8.571442753111613300e-02
-5.532142187821798007e-01
-4.229527631143648048e-01
5.797546689404082798e+00
-1.228804497073591323e-01
1.375720976461078660e-01
4.162120083058775677e-01
2.809183509820299740e+00
4.952442595232481537e+00
-3.869081387612883227e-01
2.703262597816873392e-01
-1.476906825698559578e-01
1.232324205367214320e+00
5.865410884074891307e+00
-8.136853959640606704e-02
2.173887428579643344e-01
3.604252217949791559e-01
3.641066327474112185e+00
1.887818419043784335e+00
3.207862023255554917e-01
-2.060934087221773237e-01
-2.729210752189265010e-01
1.320051149585989236e+00
2.861431089053115162e+00
-6.015233719611377122e-02
-3.969506696264460399e-01
2.252027733291165068e-01
2.242606871838511484e+00
1.283309691094577820e+00
-5.093679619944209147e-01
-1.366588868502003305e-02
-2.252104980778039944e-01
9.211501037124022462e-01
1.331170675402407189e-01
-2.234101751428021199e-01
1.734136370874068411e-01
-4.277967134379136449e-01
4.378068665831696960e-01
5.638840045307378368e+00
4.428872138004703585e-01
-2.971939512901684011e-01
4.845196383897085873e-02
1.734383521989717680e+00
2.126666982658667937e+00
3.606835432952392728e-01
1.295351793246656280e-01
-2.298042252790244988e-01
1.274519774007987660e+00
3.724742828086208046e+00
2.311180853809067237e-01
-1.085792927005393427e-01
3.392914177338732240e-01
2.457728854504696692e+00
2.728038223679759344e+00
7.468958215958898528e-02
-4.478106256679552089e-01
-2.333820342563165395e-01
1.113660628229750538e+00
1.554373376259811756e+00
3.760194170601486446e-02
1.674994792366002738e-01
4.023535969976646531e-01
2.730848895468392712e+00
4.019732788451279681e+00
-5.198809699808869533e-01
-4.889085429443641717e-02
1.872757061305445336e-01
2.349050723271305596e+00
1.925889924021977340e-01
-3.136083831677358158e-01
-2.059889876453951663e-01
2.419376021747230987e-01
2.472481682921247259e+00
4.116695841310257786e-01
2.600460086355349532e-02
7.494012658505628047e-03
-5.646360835776242926e-01
-3.871038521190131032e-01
1.141745711831757326e+00
1.686152859518633973e-01
-5.278519215522375213e-02
4.388730954982653643e-01
2.583102845784619017e+00
2.681734409169788780e+00
2.762802452418198218e-01
3.021705963086814273e-01
1.074380777943244186e-01
1.790195382238300104e+00
4.383764525805140089e+00
-2.160681503729147968e-01
-4.555561210547610096e-01
-1.076664547540049678e-02
1.526217206893445866e+00
1.025889412551483026e+00
4.383028326955795695e-01
-1.074767135135381441e-01
-1.367694277817906590e-01
1.498457591022069435e+00
2.696829407271361223e+00
-4.830991901325552562e-01
7.174401564169360923e-02
-1.676949121668986076e-01
1.734223000845131146e+00
-4.158116666319876253e-02
-1.856108445254319173e-01
2.579601688143244864e-01
-4.040877434699933768e-01
6.324530273455710727e-01
5.307857275170146494e+00
1.593675764775129844e-01
2.131809695565695661e-01
-4.756951137837521770e-01
6.942556012437202106e-01
4.054838007141625233e+00
1.754116929273541181e-01
3.914987861514434009e-01
-2.069069622132701514e-01
1.259350573405273677e+00
4.453525389491544750e+00
5.306430942931431721e-02
-4.708282433130097089e-01
8.174792745169527641e-02
1.828195425490098058e+00
1.475287230268226280e+00
3.931852200041844325e-01
-2.589820116203529476e-01
-2.100556381450396082e-01
1.184586008225673393e+00
2.324286018067675208e+00
1.396011948676638137e-01
-1.252764170169562985e-01
-5.180909731500560333e-01
5.337882725271845263e-01
2.490811959702734057e+00
-1.159439346403551147e-01
2.583290878435595683e-01
-4.298624097666415289e-01
5.910480198943636188e-01
5.057427371587333020e+00
1.117342848031153274e-02
-4.630506322298594268e-01
9.364442087546247240e-02
1.844542365286256480e+00
1.369278026144773008e+00
-1.163284742237079977e-01
-8.939047396368056397e-02
4.669425832261695497e-01
3.183778166635582885e+00
1.013479507572560445e+00
-4.463627566121292634e-01
-1.347751336965709590e-01
-2.290045240452107389e-01
9.640720397380372342e-01
2.070361668508782504e-01
7.587996289430322221e-03
5.285835120503177276e-01
-2.287081072997921433e-02
1.644929614660506800e+00
4.998787154127146692e+00
3.414117708700570852e-01
-2.944740588013590177e-01
1.361176074371501510e-01
1.909736296484055185e+00
2.239274036496070153e+00
4.286433358739467070e-01
-1.884180619391482847e-01
-1.832463967003875038e-01
1.334421602097160209e+00
2.461490954218323424e+00
1.374504262068105553e-01
-4.224837971320478114e-01
1.611960202154052724e-01
2.038444528184459426e+00
1.665215424930042820e+00
4.903624718234439461e-02
4.436117811560160162e-01
6.313410659124528423e-02
1.713165158214171147e+00
4.860633556224574825e+00
-8.719066683051074351e-02
-4.846216250318866603e-01
1.488632456160004780e-01
2.036836769052262408e+00
1.206373917293074305e+00
2.804825795821166423e-01
-1.214869226608388392e-01
-4.459430413038820151e-01
8.278681298396765031e-01
2.858064989766606168e+00
-7.095104947923318306e-02
-3.303334279600824153e-01
2.645490255726395401e-01
2.368861530879324384e+00
1.220061448379315738e+00
2.555140814623821366e-01
-1.819033648554417848e-01
-3.595672420966643523e-01
9.079007421531363198e-01
2.408465843975254206e+00
-2.660586242491895168e-02
-4.913443509005183674e-01
2.529885807049971763e-02
1.739413098745847153e+00
1.307286175351127788e+00
-2.650335912435564101e-01
-2.192039387761564040e-01
2.583150360865321682e-01
2.532173196511516178e+00
5.633850763820758001e-01
8.233566790831366167e-02
-4.520841584526651413e-01
1.255806662055510003e-01
1.938117107274259121e+00
1.634194927332085046e+00
-1.710218818450038869e-01
-4.002207583054600004e-01
1.796568782491372862e-01
2.146764591771569197e+00
9.932994563887245221e-01
-6.164780379933708365e-02
-5.117932996353187214e-01
-1.115111662062679004e-01
1.364421314273272623e+00
1.276023376734892523e+00
-4.544627014265814613e-01
-2.431875354448488624e-01
-8.799930180240110589e-02
1.681292958970507234e+00
1.956271322884413078e-01
1.670265892066833888e-02
-4.542857754228035172e-01
1.482286724345880657e-01
2.042304611386267954e+00
1.417505634249337954e+00
5.617483984645546546e-02
-4.568606199729395301e-01
1.783827890359331869e-01
2.022775556832105526e+00
1.570349866996084698e+00
4.096731962026032847e-01
-3.790469075894626894e-01
-8.689024169026274280e-02
1.252553751862080622e+00
2.083141874744421251e+00
3.508561405767772756e-01
-1.928546363810522968e-01
1.422680139371573504e-01
1.904190866530432791e+00
2.443144434672833043e+00
-3.028308803879380395e-01
-4.214867614268850149e-01
-1.580678924526204010e-01
1.186855081991998073e+00
8.127133826970657227e-01
1.499763593868756392e-02
3.080927559673514726e-01
-3.975229340013127777e-01
7.621743085405097151e-01
4.773178414854529983e+00
-4.834282752568633962e-02
-1.422947695153936598e-01
4.287218502522705532e-01
2.780610150996784657e+00
1.895188802169544440e+00
-2.303737239689007121e-01
2.371971618515270885e-01
-2.412622567231539061e-01
8.693159250694431073e-01
5.478607770102117414e+00
4.623994338277605531e-01
1.955926286832855854e-01
-8.456698960161100620e-02
1.457454875184261089e+00
3.924515732154944647e+00
-1.972308618915540324e-01
-2.265165272263180152e-01
-4.135062748315375680e-01
4.514163635157459331e-01
1.172457492902623688e+00
2.928882891533569621e-01
2.345701942729052358e-01
3.215163395046686245e-01
2.123266313782835812e+00
3.840864934796437424e+00
-3.132400706290374703e-01
5.213781811829469870e-01
3.834070492161827104e-02
1.878000696586486828e+00
5.436691459577436270e+00
8.928826071494061489e-02
-2.164729146603760201e-01
-4.672588983255720474e-01
5.381439760677185769e-01
1.992482253426971495e+00
-9.343738380295998902e-02
3.647713341361091821e-01
-3.326490869970234465e-01
9.335112191040383367e-01
5.055793000979411644e+00
4.078128255443723704e-01
-2.683024585853505672e-01
-7.665731120985261327e-02
1.572521884575879936e+00
2.289493042409209256e+00
-1.032424032353624899e-01
2.914144299863858159e-02
4.880057447742056076e-01
2.881351190113835337e+00
3.804696652425068937e+00
-2.459852980686033364e-01
-3.129006205780009431e-01
2.384681578313329608e-01
2.287043421708070401e+00
7.264398406502519112e-01
9.264345777957239125e-02
-3.546398624891226037e-01
-4.014703744568035026e-01
8.428857751585121516e-01
1.806213107717668187e+00
2.045188665500537739e-01
3.830318099912333185e-01
-1.873718885471766238e-01
1.330801952559883761e+00
4.489273112700274737e+00
-1.484790624244648194e-01
2.063873516027241728e-01
3.057955129611083511e-01
2.573824653100722060e+00
5.337739952443929070e+00
-1.460384183973333083e-01
-3.978252468984641022e-01
2.023046975270582359e-01
2.211242575618209472e+00
1.072650261671377558e+00
-2.470839723812499333e-01
-8.458989314126430514e-02
3.643989206964877159e-01
2.816385866894342893e+00
3.996994898013693787e-01
-2.084341815037897283e-01
3.024843579430089302e-01
-3.275778169717524224e-01
8.518015054514663786e-01
5.233699117574722059e+00
4.140277208093973149e-01
-2.494180385418365287e-02
-2.870709386198304625e-01
1.221386226895369020e+00
2.805406156004212281e+00
-1.944949301551437137e-01
1.420504277850465347e-01
-4.767819124894628335e-01
2.280502012502944875e-01
5.158531913027632143e+00
3.010225329510775039e-01
2.015485104937701777e-01
-3.759675420687666469e-01
9.580975157400722919e-01
4.042159122967856177e+00
-1.140263709225700084e-01
1.300547276693339860e-01
4.266536970090732961e-01
2.767835169338720203e+00
4.662837528782037388e+00
3.315056060585660491e-01
2.745231560542430449e-01
-1.788610636795370801e-01
1.386364671153125894e+00
4.075333554553433935e+00
3.448763399560841880e-01
1.927279711864914591e-01
1.879974966475376208e-01
2.001764312768457454e+00
3.946101607217453289e+00
-2.191810609682858790e-01
2.742874706873633661e-01
-3.697423458662882911e-01
-5.513306329756177959e-01
2.244711584671577054e+00
-9.188501861332905307e-02
-4.181496438496190571e-01
-2.965615575911121904e-01
9.190292649155120674e-01
1.278170155176649114e+00
3.423074323679052289e-01
7.329663325832501408e-02
2.868177723222249398e-01
2.057634094326720398e+00
3.430467717002069872e+00
3.774315379200511855e-01
-1.261244316254996611e-01
2.824445859121027524e-01
2.144809502514209321e+00
2.709458608580292527e+00
-6.054301802363636770e-02
4.824475329120249123e-01
4.782288447795490088e-02
1.788274595236983400e+00
5.024678608692230597e+00
3.346977577137976168e-01
-1.288149285596605111e-02
3.547547519282723827e-01
2.255976631333709737e+00
2.968631386058336652e+00
3.368442446481753616e-01
-2.950340591012102220e-01
1.288028658437620766e-01
1.883504753604367643e+00
2.133506073779022572e+00
5.236037514472544063e-02
-1.130825970301492789e-01
-5.278385391024150719e-01
-4.917741073336103774e-01
5.746402538186976550e+00
-1.033000245526872057e-01
-1.571153263125042721e-01
-3.963786576429547126e-01
1.745960765261432845e-01
9.723186723417344135e-01
3.673873752018037009e-01
-3.739684015503211278e-01
-5.878955927236859808e-02
1.499544741205556031e+00
1.945633518950496077e+00
-4.429434120786224782e-01
2.366792091502804563e-01
-9.169831999727812155e-02
1.808226418347966158e+00
5.936282529136987840e+00
2.921279366491627560e-01
-2.224503326044015572e-01
2.184912143057226586e-01
2.064929372412584119e+00
2.264150777512417889e+00
7.697537066528940819e-02
4.096209256457385428e-01
-2.328790999697508135e-01
1.164354601265158440e+00
4.644107167885707099e+00
-2.940283971257517392e-01
3.993896009187853924e-01
-1.850997569145121091e-01
1.216786305184567984e+00
5.495140793124677181e+00
3.527260531451532066e-01
-8.509937475262366324e-02
2.992280489794323373e-01
2.127996498843869322e+00
2.893585439525043324e+00
1.055243603081409548e-01
1.987153510364134956e-01
-4.583375173228550481e-01
6.057077031134424638e-01
4.227557273696755047e+00
4.906598688890481674e-02
3.781659669074277641e-02
4.692769276250564059e-01
2.809454073363437665e+00
4.005111632577072811e+00
-4.214983459545581373e-02
-2.779032155436354512e-01
3.544909520908905431e-01
2.593527101601338369e+00
1.534896651291885794e+00
-2.673670884257227653e-01
2.244260024890399607e-01
2.913017948895914033e-01
2.534392944513490509e+00
5.493522132839911976e+00
4.228412165335987405e-01
-1.034866588650010105e-01
-3.569585323527162957e-01
1.173338262107611385e+00
2.729725607225662820e+00
-2.570627508610253686e-01
-4.252889036101302200e-01
2.857627168168139220e-02
1.848132604305541493e+00
8.041384263434451229e-01
1.400086228288026091e-01
-3.633995871523756915e-01
-3.720456644912257804e-01
9.850456220241421423e-01
1.890426457108188130e+00
-1.764008497321634672e-01
3.764411539428192399e-01
-2.939754280595145985e-01
9.438206145381300427e-01
5.299095459912031458e+00
-2.845122767025221600e-01
3.031492529991481888e-01
2.863421221683267737e-01
2.362766541532309805e+00
5.567600691115740297e+00
-4.328841929572567748e-01
-1.459298484279398234e-01
1.902615302003356768e-01
1.773288312732803185e+00
6.303711222346794152e+00
-8.784905881373250569e-02
4.864066795980976354e-01
-1.511477311902754694e-01
1.290194696880571534e+00
5.144194555059650398e+00
-3.226232141581258372e-01
2.386520397223241274e-01
1.698524365910017708e-01
1.818322987340247110e+00
5.832600769221694570e+00
-3.597961327626931771e-01
-2.835555843866006120e-01
5.894108772545839092e-02
1.959640665282852412e+00
3.898182018868157628e-01
-1.789602343484300861e-01
1.398701662242614052e-01
3.796891726149704271e-01
2.730622799363155107e+00
5.310167588014383711e+00
-1.709781954283376981e-01
1.121215642925738193e-01
4.101053795438358018e-01
3.310857434712136449e+00
1.761260192095438271e+00
-3.110906187109306886e-01
-4.191174953270187520e-01
-1.419110255142207733e-01
1.288295713128813302e+00
5.549059972961272180e-01
-3.589281268201777175e-02
4.300247498490451514e-01
-1.659077927076964554e-01
1.376179042005863273e+00
5.079709524186963421e+00
-3.408735670308802868e-01
-1.749978321625140776e-01
-3.746860668891540680e-01
7.180491412654304018e-01
4.949047505296229055e-01
-4.163605315172505539e-01
-3.693052428078445748e-02
2.419112706301908000e-01
2.419926399627357672e+00
6.194372927027647968e+00
-1.050644417417729015e-01
-2.074606137537986922e-02
4.582821946665168733e-01
2.934426076946296202e+00
3.291758331960327855e+00
-1.410077857482294472e-01
-2.184795012391162472e-01
-4.409548735719692747e-01
3.166564232453680794e-01
1.202455584492773566e+00
-4.060462235868218528e-01
7.708424838497808518e-02
-2.684151985352594139e-01
7.119600654837903164e-01
6.188458734959317198e+00
-3.302383735896510797e-01
-7.538373920919880233e-02
3.174408204903290676e-01
2.649316610868169164e+00
1.404885835631402291e-01
-2.956693101970119253e-01
-2.567057702155287058e-01
2.168949649341240515e-01
2.350371748250593473e+00
6.479167513592773986e-01
-2.463666120422226269e-01
-3.864683727035984062e-01
-2.555038227826943453e-01
9.881278740676470163e-01
8.583045940523470474e-01
-7.679229779326249283e-02
-1.810166661527429499e-01
4.105995647366336709e-01
2.740554829242300094e+00
1.432591755875910922e+00
-6.311229376417936549e-03
-4.033031331218714377e-01
1.837135383274487166e-01
2.131557604824185326e+00
1.390916503378939906e+00
-3.150095435325293014e-01
3.907875986837622273e-02
-4.585385343812296011e-01
-2.438981821939599504e-01
2.836955029398641859e+00
1.605857841818394138e-01
4.780423952241720509e-02
-5.272903459931677084e-01
-6.607194198271179042e-01
3.070894030503631411e-01
2.201942391469549343e-01
-7.138019674390944092e-02
4.054931902343522632e-01
2.289604624122567156e+00
3.062548877590560714e+00
-1.110101415526821601e-02
-1.438555101761600508e-01
-5.209274956344959184e-01
3.978092290978813006e-01
2.002841018077545776e+00
2.185804589091262240e-01
9.828471866321857042e-02
-4.169357419917146812e-01
8.836125600303288419e-01
3.425486951116135437e+00
2.586864938119391999e-01
2.749408926790687935e-01
-3.543835998574386137e-01
9.871651137367054574e-01
4.143221724339422707e+00
3.531443874851654396e-02
-3.453739960897355132e-01
-3.940372934661928728e-01
8.206761163762088529e-01
1.671583177949176546e+00
-7.559929957302859160e-02
-1.385155740107907492e-02
4.478530500878223908e-01
3.005159440582456210e+00
4.481352751508566712e+00
3.494469714536060367e-01
2.941818177558818692e-01
1.357907625690951692e-01
1.995901471620216139e+00
4.197507977473455831e+00
-4.043323021910947279e-01
-2.616299917783914686e-01
1.113319086377758671e-01
1.631652711974233894e+00
2.947008817492763888e-01
4.150671890183386115e-01
-2.727883330305130860e-01
-2.813279919981381827e-02
1.850165416956695896e+00
2.440689508922880613e+00
-4.092438912077471791e-01
-2.917565624462619689e-01
3.093198186863381494e-02
1.858905380998998158e+00
3.835731390271363006e-01
-3.729372196866725386e-01
3.278163058862483825e-01
-1.739092165847612448e-01
1.160040788225870534e+00
5.748099755214708395e+00
1.109748816542510813e-01
3.417992488617188629e-01
-3.403260717852090722e-01
9.624702158949313135e-01
4.522023285667526871e+00
2.792109134325442277e-01
3.535995796682923076e-01
-1.127929948267559768e-01
1.521404764230136264e+00
4.425789797176873819e+00
2.096624023174290252e-01
2.686502374568286444e-01
2.817177935727341875e-01
2.179596960634470282e+00
4.010235576516667955e+00
-2.473196492793777734e-01
1.836871674968856005e-01
-4.165090098642373895e-01
4.949490406348998617e-01
5.643807427773874785e+00
3.292266854180098123e-01
-1.279175646407141598e-01
2.243407849189734404e-01
2.029564827526203263e+00
2.509130556566699699e+00
1.219895363397182908e-01
2.174802531600940891e-01
3.073609329301676962e-01
2.492014156080922582e+00
3.887042613774889688e+00
5.746899241168060973e-02
-2.110200201842956161e-02
-5.447237878785003984e-01
3.721265964012110405e-01
2.873512921244114171e+00
-1.347263493904398701e-01
-4.609825126938664752e-01
5.398291044862924687e-02
1.779167771728706882e+00
1.091691245167518032e+00
2.373593287942658836e-01
-4.549652910267627526e-01
-2.206035423231479317e-02
1.722702919464560667e+00
1.763373498348136836e+00
-4.382901639241936625e-02
1.441120506040553459e-02
-5.507167012615714619e-01
-2.299872830622241016e-01
1.022643260048407665e+00
3.747506920573322464e-01
-2.485239658001125174e-01
1.499693735897653923e-01
1.821319629963330966e+00
3.006128591064993305e+00
1.991258418811190922e-01
-4.622428363000515295e-01
-1.381005003114376961e-01
1.277800120194567013e+00
1.675316590708122444e+00
-4.640948490284719785e-01
1.600965747641669989e-01
-8.968262288579313679e-02
1.360898592628144721e+00
-1.385013591167670415e-02
2.089039575450470643e-01
-2.188211821158353720e-01
3.496467020610126153e-01
2.370171444732184440e+00
2.354549952698233639e+00
4.037421903790424649e-01
1.022885576569832616e-01
1.388788040311652872e-01
1.776735756036415204e+00
3.648280060375824974e+00
-5.343495260956475645e-01
-1.252984026611279056e-01
-1.795702764503807891e-02
1.457093016423762988e+00
6.199644746319977529e+00
-2.840048858913937213e-01
2.224102706824057363e-01
-3.014889518740113683e-01
8.099896997108342322e-01
5.700854379394434623e+00
-1.372560112322225856e-01
3.375956592182019489e-01
-3.177325223919663100e-01
7.974718912494852541e-01
5.169674493476748012e+00
-3.854285523878639985e-01
1.667394780761938949e-02
-3.368260708563037276e-01
7.021971010932503976e-01
-8.517579284701448650e-02
-2.646085186325093375e-01
3.758735199581839104e-01
7.590775975447400063e-03
1.621858385095756194e+00
5.620504327916880705e+00
7.085935321767893817e-04
6.980186920104797244e-02
4.540774360388696307e-01
2.796425240717355098e+00
3.746725422201956146e+00
-4.705422784393269442e-01
1.190699737883038067e-01
-1.631719347406944132e-01
1.148607755255883767e+00
6.340982799219890609e+00
-1.725845951956204161e-01
-5.192002722047734942e-01
-6.083830099961155813e-02
1.572357672649848270e+00
8.165380989165510472e-01
-2.184124491128243972e-01
-4.497147130647408120e-01
-3.057018776224952883e-01
9.501643667542098992e-01
1.025815338084173245e+00
1.810818776447961631e-01
-4.095290442851766133e-01
1.740239520709549181e-01
2.006913736501070744e+00
1.887998831806039446e+00
1.164179615041980725e-01
4.106766268102793327e-01
2.120465426921007424e-01
2.030175968696156907e+00
4.610977695310793045e+00
2.592657046201982465e-02
-1.978400733538991374e-01
-5.043135982038721155e-01
4.456936108686102571e-01
2.085676116094751453e+00
4.723620621029460676e-01
-1.432086104097931856e-01
-5.796078614230901205e-02
1.624264913242235986e+00
2.575673857904221986e+00
-3.104173325258189342e-01
-2.075829113109902146e-01
-2.468603206324099797e-01
6.836650903799620371e-01
6.517439590822489137e-01
-3.104362941000980425e-01
3.513929801049221480e-01
9.085624016269752690e-02
1.624568079474524751e+00
5.707831300209050163e+00
-4.396294012825759934e-01
1.641807064774132574e-01
5.204394703661083255e-02
1.577370866482126210e+00
-1.348575642455586143e-01
3.220341661266918482e-02
4.832850098097863922e-01
-6.451044140222338130e-02
1.546682732657940651e+00
5.040562307713827295e+00
2.498898092059620990e-01
-3.369441545550492245e-01
1.677009388648034172e-01
2.007692477757617056e+00
2.001626094293122105e+00
1.866555632716088986e-01
-8.659089254718388765e-03
4.162594195082301440e-01
2.632235772632963045e+00
2.936362247959767746e+00
2.696774887814558375e-02
-4.583900047705506964e-01
-2.376838897843416287e-01
1.226404518132910848e+00
1.407259037510394606e+00
2.699119803716982235e-01
1.723167118260280350e-01
3.386839450927166539e-01
2.492198185887103179e+00
4.335528535626013813e+00
1.125712811221126347e-01
1.993974036022860552e-01
3.521041045779341183e-01
2.460133880740705159e+00
4.072839934638097681e+00
-5.685813137287758223e-02
-3.362806007113040008e-01
-4.491878257554319798e-01
6.946092754636159494e-01
1.355239939196515087e+00
1.646355074632451509e-01
-2.670255517831636172e-01
3.291325311202809023e-01
2.370620664973950742e+00
2.167579136721772493e+00
3.410669131913954266e-01
-1.560055769380119250e-01
-2.251518895400767273e-01
1.381314599221612038e+00
3.016382307139693353e+00
-2.081403020317697805e-01
3.610244206779291698e-01
2.223772868495188793e-01
2.256246175303898482e+00
5.282911860427947914e+00
4.756050910212831218e-01
-3.353276338967203785e-02
1.430229878818383704e-01
1.583016971051728117e+00
3.296736463323649335e+00
-9.387150516948690460e-02
-4.696728254140827286e-01
5.435043555872725446e-02
1.742418200972419839e+00
1.067839302184999895e+00
2.511559972660052376e-01
-2.725117755272825071e-01
-3.539676689736244719e-01
1.055125732437543373e+00
2.229763649849596518e+00
2.066379850664291362e-01
3.884346594110396067e-01
-2.015849196701875734e-01
1.297496268423133481e+00
4.369925566644152326e+00
3.295166609852390183e-02
4.199178291396101215e-01
1.446118752777564298e-01
1.914845627535612937e+00
4.825919811347056054e+00
-2.808447824964185324e-01
-2.686171706690269056e-01
-3.720380375023760733e-01
6.528589012522144630e-01
8.380106176496565640e-01
-6.455373808696343585e-02
4.319652831559236961e-01
-1.914874519925030827e-01
1.217989036178693807e+00
5.047732976614128120e+00
9.587562171055083460e-02
-4.769114922760125941e-01
-1.269554093002092099e-01
1.440918186902792275e+00
1.302484357296940010e+00
-2.161815168401367560e-01
9.289049509566099649e-02
4.066317134811598399e-01
2.841855912970057130e+00
5.270213969970350298e+00
7.384661738313141877e-02
2.851311437247045499e-01
-3.820737636842515550e-01
7.700436872303887403e-01
4.564838863284384374e+00
2.589400731751144713e-01
-2.679758666598137662e-01
2.230925972149716829e-01
2.066749977698771445e+00
2.139382414169221036e+00
8.845422153329854376e-02
-3.329361465929840946e-01
3.180267515775261900e-01
2.291244382007893599e+00
1.911959276333795366e+00
-6.537211671732601204e-02
3.791464780658334033e-01
2.202786980911462800e-01
2.240977148030661947e+00
4.937724683517817681e+00
-4.393812559754127767e-01
-5.586152524333878183e-02
-3.195149735186915696e-01
7.005250279160720739e-01
2.129389982532938208e-01
-1.959408379375622566e-01
2.896390959722211500e-01
3.024951589335331259e-01
2.475082134727232486e+00
5.356710902600750224e+00
-2.359606616936378576e-01
-3.488791460532887356e-01
-3.307508323269724992e-01
8.571362924086944890e-01
9.079069780439286141e-01
-8.723625973517443177e-02
2.085766564117623179e-01
-4.546501612063841846e-01
5.302888043193078049e-01
4.959517365882882167e+00
-1.620887441798605777e-01
-4.083270264739967126e-01
-3.227584981790469487e-01
1.035759956625213141e+00
1.165830952146618582e+00
3.563736590155491268e-01
-2.018784644529748040e-01
-3.166206289274791086e-01
1.104486918074803814e+00
2.446200824831302523e+00
-1.725691794571456439e-01
1.718374123321413371e-01
-4.370184164644546621e-01
3.606772376081465725e-01
5.206281674216528543e+00
-4.377287418201884495e-01
7.790099385819582167e-02
1.903595758884375766e-01
2.293510227967308079e+00
6.107320724965918046e+00
3.231349549322418135e-01
1.681007828687522410e-01
3.294298578082368589e-01
2.209317412856579121e+00
3.799576382209354897e+00
-3.828822926703541185e-01
-1.890183113888572464e-01
2.220265836548003247e-01
2.381271389648613734e+00
2.882745110952152912e-01
-2.637782736414006624e-01
-3.241221482026244716e-01
2.125502085762397964e-01
2.231855024169787871e+00
7.360786443762149522e-01
-3.299675875824747973e-02
1.076279143786587969e-03
-5.523161721583261796e-01
3.525807711239588582e-01
3.222023946588133292e+00
-3.168112753393652614e-01
-9.590543496852629857e-02
3.056479897231915155e-01
3.639664688570356965e+00
3.391351212952633087e+00
4.762558551133545121e-02
8.460559892771422896e-02
-5.327786492196556756e-01
3.605898930964637206e-01
4.138240413711490540e+00
2.388119512943557426e-02
-3.204534198561577174e-01
3.364454277863718756e-01
2.451854427940147296e+00
1.710803767781462925e+00
2.038394976029926295e-02
-8.500476429900312436e-02
4.436497001136093243e-01
3.443812210885314418e+00
5.727495337194727476e+00
3.714815200657937133e-01
3.895826979355519054e-02
-3.406053235212224695e-01
1.108007789298590007e+00
3.606788784910228696e+00
3.391111580357307476e-02
-2.201293567132720230e-01
-4.644154950937230408e-01
4.945332044089816304e-01
1.757595652262992747e+00
1.815752424207762727e-01
3.314091678396647866e-01
-3.703780966021530396e-01
9.361788381881183119e-01
4.359564257128188736e+00
-2.914336388721326943e-01
-4.671380507804768351e-02
-4.588020833075573401e-01
2.881523216038252566e-01
1.588771161188788639e-01
1.317635729753639795e-01
-4.667181179896899290e-01
8.021357252742199184e-02
1.790086661620147401e+00
1.651994239088342642e+00
-1.986019704414379583e-01
-4.488771152576064849e-01
9.759330449038648714e-02
1.933595506315803902e+00
9.897756946958025104e-01
-4.668891249556397782e-01
-1.425424540613931257e-01
6.329088140598329582e-02
1.564037579559776514e+00
6.515525915429459802e-02
6.074866802227989887e-02
3.682933673033238486e-01
-3.024920774346415708e-01
9.718270406434774689e-01
4.716408413150033674e+00
-4.160922198200123212e-02
1.558842287896092769e-02
5.543005971009927757e-01
2.905553226644358222e+00
3.947158694357327136e+00
1.648814635267119855e-01
-8.966663370427774282e-02
-5.240419692338001978e-01
-5.765902805847791246e-01
5.799167108801785098e+00
