# rod_radius=0.0025
# rod_length=1.0
-4.708064796588637413e-01 3.269250542337507476e-02 -5.346059073424637258e-03 4.583021530572774505e-01 3.776800145619668148e-01 -1.385405302450639642e-01
-2.408317569178676162e-02 1.782600910943434591e-01 4.219577186781269806e-01 1.544219656890758186e-01 -2.900704648907388439e-01 -4.433759769741930090e-01
5.693624725457838709e-01 -5.328706723993989654e-03 -1.856491557506972367e-01 -3.360396405701011613e-01 2.913683949726996736e-01 1.180247539124019140e-01
-2.650358658518105481e-01 -1.731267125620974436e-03 3.812838945398148716e-01 3.222232491143673383e-01 1.375455993013181000e-01 -4.160420653833736826e-01
-6.986918952698394081e-02 4.388252570102978145e-02 -5.070102449050473137e-01 3.012209304825601563e-01 -8.806593055552562610e-02 4.121642367483622227e-01
1.439077092945687253e-01 -4.617873282029824056e-01 -4.075786509244089251e-02 -2.064717307300017179e-01 4.391810514297700418e-01 2.151527187254250739e-01
2.978030323996478379e-01 -4.202944041354127191e-02 3.877407493288761997e-01 -1.593993879404682623e-01 1.451688737091255121e-01 -4.816974244504737546e-01
3.237262867524295373e-01 3.874743659833726483e-02 3.955337480036913989e-01 -2.398029445098222023e-01 1.282399420732863726e-01 -4.257006259583291929e-01
5.206421878766194222e-01 1.588351646483781576e-01 4.817712273067854128e-02 -4.472876467932418443e-01 2.158045158714055889e-01 -1.964988429406605841e-01
4.404428024285972354e-01 4.393921218282948460e-01 -2.147924187975252738e-02 -4.920276376927338324e-01 8.533893431403671848e-02 -9.320942179674904238e-02
4.353226893026695410e-01 7.281561434629568730e-02 -3.159343890935717991e-01 -3.782533458823665318e-01 1.125330296307698597e-01 2.641660865963877947e-01
-3.903427995988302812e-01 -1.174976508895139715e-01 6.433531316694043878e-02 3.607670768892933810e-01 5.382007315532040259e-01 -1.243437293375145025e-02
4.459213883821086521e-01 4.245270545000881871e-03 2.131422204392299236e-01 -4.680110667249431367e-01 3.227565834103727216e-01 -3.840898921553181911e-02
-3.365168232246812385e-01 -1.855290708882385287e-01 -2.424631212867912611e-01 4.126018530384573113e-01 2.752014260733096629e-01 2.335081152846300578e-01
4.437152656642417980e-01 4.053753848207926336e-02 -3.332378575698357048e-01 -3.377973316096567480e-01 1.411345481464279239e-01 2.824879758566953836e-01
3.162529418804568837e-01 4.282770455002662957e-01 1.273283869637362453e-01 -4.293510929834701284e-01 -2.003381607078517646e-01 -9.384472559418083337e-02
4.364567610138878409e-03 4.473413231178042793e-01 3.153257334892741182e-01 2.299729284766905690e-01 -4.526688615312585151e-01 -5.761197583370059050e-02
-4.232083782056660914e-01 1.820220323583437994e-01 2.646024994057180266e-02 5.753130376952242386e-01 1.952983743186824939e-01 -2.625332261369097211e-02
3.144530793724722995e-01 -3.360570800306431072e-01 5.253501122054895361e-02 3.440441180383002617e-02 6.232480944553591140e-01 1.639187912870038177e-02
1.789149134533458974e-01 3.194526940259235781e-01 3.893646862297074351e-01 -1.078155755596531817e-01 -2.979002927993099625e-01 -3.432067548791644107e-01
1.729997157013149142e-02 -1.714152544572583592e-01 -4.772970791897418463e-01 1.180972035892930289e-01 4.104491502440632544e-02 4.946600157486600313e-01
2.295946275434254114e-01 1.770608681301780729e-01 3.796083452809635994e-01 -1.537175455925805512e-01 -2.174799021716001812e-01 -4.555020417310960412e-01
-4.608040857814608149e-01 -8.327937462207543606e-02 -7.068736249773745900e-03 4.223176097453656963e-01 3.457302512559781160e-01 -1.969287156919817539e-01
-8.649688092515671334e-02 -1.866600733974360105e-01 -4.201374204571854398e-01 1.958580889559314309e-01 1.338541353340876872e-01 4.840452563203864744e-01
-3.910848811987793217e-01 6.860997353514748653e-02 1.335036188726730355e-01 5.247637737453847429e-01 2.146784635113698769e-01 -2.405087304863176012e-01
-1.535066139782918261e-02 4.727752119052983648e-01 2.190182625239013581e-01 -2.769052123124611867e-02 -4.792866754939054674e-01 -8.663822836277570993e-02
1.168431060069818755e-01 -1.627033036173007656e-05 4.594528825566270847e-01 2.107940590761404609e-01 -2.898125465279108998e-02 -5.357025063654237140e-01
2.933526286524803517e-01 -7.785771953430264958e-02 3.826826771027227458e-01 -9.773188230080431804e-02 6.769922970846753429e-02 -5.260890653164437269e-01
-2.542420491839467722e-01 -7.501210343868462693e-02 3.126679914794002202e-01 3.163356454395960249e-01 2.398803360911558880e-01 -4.458066922939139531e-01
-6.553622521359188380e-02 -1.289837570359889662e-01 -4.708634047693036617e-01 2.928280886268432859e-01 9.260647169923608146e-02 4.360394506097853284e-01
-3.199541868546936785e-01 3.482106209176996647e-01 3.297142471986796997e-02 6.130270207795898152e-01 -6.446095528584550038e-03 -2.838556087112985987e-02
3.979696569156686986e-02 -1.923494301622538927e-01 -4.771901712883304669e-01 7.633077540555728568e-02 -2.126016923255369395e-02 5.073877817160574732e-01
-4.852508114961259778e-01 -8.427506788997828069e-02 5.747994574332056239e-02 3.268159864451183894e-01 4.387860854028422519e-01 -2.012758186319661413e-01
-3.518841127697746596e-01 2.603827394768861575e-02 2.403660405887724227e-01 4.563890876210003333e-01 6.833671097986834808e-02 -3.469203254667394543e-01
-9.208141139694837884e-02 6.561964068716674703e-02 4.289235282241525282e-01 5.940367449905530062e-02 1.320346424789273221e-03 -5.574424634383949861e-01
4.188360142495650175e-03 5.124566789849761550e-01 -1.072039037349216128e-01 3.617207159439275732e-01 -4.051663715937926513e-01 6.640068031052503983e-02
1.653632693308473151e-02 -5.083457820962012930e-01 -7.594187886962038003e-02 -9.494257911950820805e-02 4.301156591927161044e-01 2.509565407032570139e-01
2.175371071009101209e-01 4.701388654587251859e-02 -4.897500522796761069e-01 -9.131732330147068755e-02 -1.280157215058721210e-01 4.451154873173685522e-01
-1.528957105574251796e-01 3.928280923182010387e-01 -3.364477900778777286e-01 3.969160938010926620e-02 -3.072802759846626763e-01 3.511264945136706173e-01
3.879692254707384769e-01 -2.360156547124176718e-01 1.491446966792200346e-01 -1.180752465470273349e-01 5.874209304950793742e-01 -1.075091216872267053e-01
-6.531595393473027880e-03 2.911124107921449489e-01 3.865652436035181827e-01 5.082573946173768453e-02 -3.466791977655065415e-01 -3.815050658029519592e-01
-8.691518180324657450e-02 -1.044446049314032149e-01 -4.837260097329398878e-01 1.999329478356768885e-01 9.160165311227870533e-02 4.539754434117810877e-01
-8.036459257528277833e-02 -4.234745951870556580e-01 4.183102509188580537e-02 -8.754045922501499377e-02 5.752631991471939266e-01 9.154344915452278242e-02
2.213974516185519131e-02 5.010406576351122965e-01 -1.978624335163444437e-01 -3.183831685912397180e-01 -4.233676553394233322e-01 -2.606774176867973636e-02
7.878024674630541846e-02 -3.174724101371186324e-01 2.129837707182644091e-01 -1.289930388959449892e-01 4.945270417195926638e-01 -3.324400571054051956e-01
4.094607962340016116e-02 -4.310960917423106165e-01 8.920134593381177923e-02 1.611390044605485738e-01 5.030918660178780311e-01 -2.467250156321412202e-01
2.075747798608910955e-01 -1.693059440796435833e-01 -4.487278077654677788e-01 2.078322623737813291e-02 1.041963147058172501e-02 5.170918612142307857e-01
-4.719497830262772697e-02 -4.431462473699800397e-01 -1.430813241555772275e-01 2.791400783027229160e-01 4.075020918554160265e-01 2.691113902432318294e-01
2.343918401962093723e-01 2.810682674970026440e-01 3.020457519238372024e-01 -3.616053935838976496e-01 -1.706409343772985476e-01 -3.618413576577107493e-01
-2.690429869546661634e-01 4.243367492113369610e-01 4.186445080689126658e-02 5.222027536068003517e-01 -1.867211875205905813e-01 1.866151995201837874e-02
-2.439563285767533951e-01 1.104910497784536948e-02 -4.474638437774246524e-01 8.890892730273661226e-02 -4.170992247988013213e-02 4.940334777535484445e-01
-1.299702558574884204e-01 -2.306312659129419462e-01 -4.039610576598455793e-01 2.240771277775027992e-01 2.467402192622591695e-01 4.002571436281133765e-01
9.212727211578346231e-02 -4.632439849677705279e-01 5.145274673236410745e-02 1.667533941064159586e-01 5.204901371836022639e-01 2.148483367331565086e-01
5.657460054763564505e-01 8.337786560853134576e-02 3.840848648163044249e-02 -3.925098549700924977e-01 2.543469296708420480e-01 -1.907536505604497390e-01
-6.971534540585204442e-02 2.395098533233770699e-01 4.101494635353815643e-01 2.592879342365511097e-01 -1.957725185700000814e-01 -4.278756546462982313e-01
-3.296141615685869719e-01 6.508313560409435816e-02 -3.215974661122796840e-01 4.961939751909242857e-01 1.867193317015681253e-01 2.290798959253487199e-01
-3.398216671005077072e-01 -1.735774747004037721e-01 1.442388299473063018e-01 3.179493825365101167e-01 4.399713153381360486e-01 -2.926766407122479152e-01
-2.262539945301381417e-01 -1.003856203507573625e-01 3.459314063537624606e-01 1.335302144928073587e-01 1.511231882188067699e-01 -5.525665859365107568e-01
-2.518338506997579163e-02 4.094284186948525250e-01 -4.019140601198072926e-01 3.065860263411991915e-01 -3.453259358365945997e-01 1.640143116444125471e-01
1.529070681131025622e-01 4.070258660422557684e-01 -4.215179258360238213e-01 2.376423234563099229e-01 -4.529334124454897914e-01 8.176129670823889528e-02
2.792764675923266049e-01 -1.886649663866643289e-01 -4.012055613945650911e-01 -1.119483581799497474e-01 2.633357723699042419e-01 4.004417849261024953e-01
4.465331538693890351e-02 1.295568089318205052e-01 -5.282363340196160051e-01 1.415549172298790626e-01 -2.235101238416038749e-01 4.023300636878439640e-01
1.887928122709653031e-02 -1.264762347916994767e-01 -4.880060530691004983e-01 5.309824823239457647e-02 -8.822618636526669000e-03 5.044589029382647860e-01
-3.585675704674166631e-01 2.369988471361713506e-02 -2.296949461345247911e-01 5.262243988369241787e-01 3.768033835375586560e-01 7.437920629023675456e-02
4.389628694124247943e-01 4.668609478640579208e-02 -2.711344780454302827e-01 -4.004060062015500909e-01 1.536314965948925582e-01 2.618032028165563907e-01
-4.356413342687827095e-01 7.164900531998949496e-02 -1.190183562980769248e-03 5.232476247080966036e-01 3.494423400304887961e-01 -5.918007529125594163e-02
1.779795749195916266e-01 -2.947284793341798936e-01 2.342865486401514152e-01 -8.055053130286607410e-02 2.694044344178224692e-01 -5.498794030552027756e-01
5.103021604566724267e-01 2.434779244185638625e-01 3.196562353826931657e-02 -4.852157653655344571e-01 1.914871105217160752e-01 -4.703446910088011912e-02
4.706629879876639833e-01 3.223858376672817383e-01 -3.888935183235780330e-02 -5.002900903885356687e-01 8.403908733658507768e-02 -1.789063285766707631e-02
3.541590957717628552e-01 2.429398817151937062e-01 2.594977414501427604e-01 -4.142053119084204704e-01 -9.753487535500415806e-02 -2.824368273017230924e-01
-7.059015237456185698e-02 3.248516621761183831e-01 -2.957926020775255016e-01 3.241556742483205078e-02 -6.155720195964535790e-01 2.823381729276130958e-02
3.665789890842365284e-01 -3.159731519167187086e-01 -2.212078034176290509e-01 1.205684093632694298e-01 5.668527999317886090e-01 1.789135949205887532e-01
6.787766303559011893e-02 4.350221467879044068e-01 -3.815659448908925722e-01 -1.886323502889632464e-01 -3.798072874275389976e-01 1.382951963770213677e-01
5.623355589369610774e-01 3.590323291158264984e-02 -3.943335107656127658e-02 -3.946060669326991732e-01 2.534030352137118802e-01 -2.316742433873955620e-01
1.990243381088926400e-01 -4.205549014028334698e-01 -1.319903540057425495e-01 1.727669382586831393e-01 4.347287927432190724e-01 3.855039469106905647e-01
6.053563274657317722e-02 1.600185196972121748e-01 4.537151324687080378e-01 7.844469401261722208e-02 -2.749118730515086595e-01 -4.465708326490496760e-01
6.548980899747794404e-02 3.757548541009838594e-01 2.981938793355161654e-01 1.451001089001824895e-01 -4.483695511438123837e-01 -2.625923230886451631e-01
2.237148048901572706e-01 5.571353924580899619e-01 -4.854040965496749654e-02 -4.412752835484214931e-01 -1.871954977321397262e-01 -1.098568690037543538e-01
-3.908271984050822323e-01 6.865447846194031034e-02 -2.226221132328245200e-01 5.331067003179232877e-01 1.655634263094604985e-01 1.474519423528024287e-01
2.083645616372271914e-01 3.318257180534499584e-01 3.640634175856373167e-01 -1.960099679173139264e-01 -3.161012986551292592e-01 -2.814377991960694825e-01
4.338281158558370820e-01 2.710286987784674695e-01 -2.584514813971137692e-01 -4.139082448270021142e-01 -3.899492517918207168e-02 1.719302275129899193e-01
-1.941275572911212444e-01 -6.043536995890795571e-02 3.859652652651799354e-01 2.381841558414544702e-01 1.807113351593940820e-01 -4.829161128866160668e-01
-4.063973255855362621e-01 1.042379979729970985e-01 1.666780243939469386e-01 4.844050004695337752e-01 2.122679214528369052e-01 -2.746843567939115660e-01
-4.161124579249839694e-01 -6.963136879079909539e-03 9.209225865992744231e-02 4.663924801955312560e-01 3.159584954284899161e-01 -2.498238912668057088e-01
-9.760303582494131436e-02 2.448151720952721766e-01 3.773474145937715241e-01 5.900182054439699897e-01 1.045910794513691122e-01 -3.350529169600506840e-01
4.047055045860514094e-03 8.984024937681420186e-02 -5.259915857239962911e-01 1.462769870308926190e-01 -1.921676537928011796e-01 4.228193485497450110e-01
1.051505919145415552e-01 -2.953438643919594764e-01 1.679963828363316147e-01 1.525958171680227848e-02 5.372532443669947311e-01 -3.785396734050293088e-01
2.031275039874286814e-01 3.538762784547622164e-01 2.834958319940091287e-01 -2.012737444874538872e-01 -3.323661862520113086e-01 -3.210956911562324323e-01
6.155866460244453081e-02 4.849401231628300279e-01 1.105333132066019936e-01 -2.694386861722090076e-01 -4.382231934376573101e-01 -8.494109602220055455e-02
5.366207670157728815e-01 -2.231832540893381178e-01 -2.499277527340531754e-02 -1.314905876665397599e-01 5.061684061240752097e-01 1.222260193436635056e-01
-1.748397144262794356e-01 5.236070198264590747e-01 -1.413617011311439076e-01 4.432145714545290272e-01 -1.038029429148110694e-01 3.323108000311696397e-01
-1.654120334851003904e-01 2.167867091924620959e-01 -4.627409284477396190e-01 3.717336233202185314e-01 -8.425132930877324289e-02 3.251998324921367978e-01
-1.377357294230926454e-01 2.466119101169488015e-01 2.859743052768123350e-01 1.072884510627186427e-01 -5.872952184168351852e-01 -2.085578493479354756e-01
-3.869512094262919089e-01 2.020971388890407949e-01 -2.120065233825326190e-01 5.718738288386426838e-01 1.946625630304938959e-01 7.189358770946818744e-02
8.453246369643262204e-02 5.250642145858351872e-01 1.404522186647897963e-01 4.168586358977572348e-01 -3.629364739614818758e-01 -1.773749236775635785e-01
-5.457983413000323629e-03 5.087783154790023188e-01 1.268086067066256095e-01 3.281785090358873003e-01 -4.271121669131798804e-01 1.369054504478595113e-02
5.478857769484248713e-02 9.419269025620477173e-03 4.806866592760412060e-01 2.026546919683372694e-01 -2.110295916949015693e-01 -4.834388056177565951e-01
1.023877643885604122e-01 1.932851758694334732e-01 -4.944466076959753709e-01 -8.550618796443036629e-02 -2.252000013331182660e-01 3.941286671856302215e-01
3.578905419124721043e-01 -1.878399590500121896e-01 -3.022415274693175946e-01 -1.374122295677505656e-01 3.831494989467206791e-01 3.524692509822117681e-01
-4.029428129674860193e-01 7.988013862894405293e-02 6.957365515678962109e-02 5.577669598901292547e-01 2.302982261310156653e-01 -1.636882819184395932e-01
3.705770469207915196e-01 -7.074075400585341789e-02 3.706816260334635516e-01 -1.433367773440726856e-01 1.888432644858350218e-01 -4.469421985785453355e-01
-1.355205874133182664e-01 1.866961425101171246e-01 3.871589160667775475e-01 3.055219444292937014e-01 -1.607820706874323879e-01 -4.403314926141308483e-01
4.937118353275220597e-03 -3.498594599540814643e-01 -3.100945087373950249e-01 6.326843617991784186e-02 2.857364864811302030e-01 4.597205666123506673e-01
8.878471319534735062e-02 -1.509374414660815365e-02 4.755304108384642570e-01 -4.538474068786550741e-02 -2.181162793168134606e-01 -4.944079417684130728e-01
-6.006229318477521867e-02 3.081785082335079529e-01 -4.422093906563753785e-01 2.061559709219707714e-01 -3.718525236813748358e-01 2.409345410950311517e-01
-2.241167419833538232e-03 -3.247920269044405894e-01 -3.641089755325624400e-01 5.035924793603798605e-02 2.762034210868328787e-01 4.334107219032803937e-01
5.982969230273687405e-02 -4.324894023596925763e-02 4.752233901707567099e-01 3.041244309033787618e-01 -5.453174369153135359e-02 -4.944119944136896039e-01
1.288211481597179575e-01 -4.482223774880062517e-01 7.382969417410895074e-02 1.429059722392814757e-01 4.488344165702242150e-01 -3.678610641224814293e-01
-2.667212889818912913e-01 2.516389856222842059e-01 2.330291410425378851e-01 4.874799333302497484e-01 -8.441946005817813070e-02 -3.311031460583726549e-01
2.758795077413699337e-01 1.395437977338119528e-01 3.806985615190119354e-01 -1.968066430957122193e-01 -1.585955333607987072e-01 -4.485666204712133176e-01
4.531248664967947870e-01 2.235209167229694482e-01 -1.868608154953489975e-01 -4.837273937451156969e-01 2.246480035798895103e-02 9.929347951322675669e-02
1.061760488519501167e-01 -2.769479347033121375e-01 -4.026810352707542173e-01 2.102397320374749246e-02 1.483064587286416214e-01 4.983782440664177860e-01
2.357543049023153592e-01 -1.267174792743212819e-01 4.090316447489751317e-01 -9.308546098913283995e-02 4.514356077054054728e-02 -5.195846329907357619e-01
3.076769838580355881e-02 6.543349436361941551e-01 4.634227350302168313e-02 -2.968605962181808944e-01 -2.895353862068191786e-01 8.839582290049871616e-02
4.003712200417007816e-01 -1.799020108339997037e-01 -2.543669086997391582e-01 -2.035969907375633214e-01 4.204592214866713640e-01 2.698360969140209398e-01
4.756644553075273785e-01 -4.732398196719246608e-02 2.106195857536126426e-01 -2.843761441113245581e-01 8.615242584801909020e-02 -4.254011181482175719e-01
-3.405728505441299458e-01 -9.829317378728612276e-02 -2.247329306881655497e-01 4.330824648328295834e-01 3.684772678325063944e-01 2.037327129975809725e-01
-2.163671185783156425e-01 1.597087697428276609e-01 3.922134816362616849e-01 2.803275312688564003e-01 -7.991848613349372688e-02 -4.419766663841876442e-01
-2.485892892214524030e-01 2.799929560151153685e-01 1.493832448359180831e-01 6.070476184276072384e-01 -1.183386649100312549e-01 -1.810973174365093641e-01
3.055442339380127770e-01 -4.220370624722128428e-01 -4.694558485933067460e-02 1.773362507473221772e-01 5.319622376864070468e-01 -3.179585888702802787e-01
1.717064213279141660e-01 -3.223778420186680371e-01 -3.519627172166499007e-01 4.588029818697408890e-03 3.082861228511406537e-01 4.058858208396459166e-01
-1.144748665652162156e-02 2.850977200595949945e-01 4.108996961763088374e-01 2.306064935768778190e-01 -2.211709124524605663e-01 -4.168091550434556147e-01
-4.411014278200396377e-01 1.432617881114073288e-01 -5.417980524191288311e-02 5.333502892247135030e-01 2.828746663258500105e-01 1.217522708136254961e-01
4.652542737531845107e-02 3.757477675254858873e-01 -4.140437184375675983e-01 7.930602102965617073e-02 -4.152403962801581860e-01 1.969089453581186477e-01
3.466529910280761236e-03 -1.050999705536825035e-01 -5.011268432293853881e-01 1.866780225674377347e-01 8.401838051875426538e-02 4.635844079986590760e-01
-2.423516955604908263e-01 -1.883077232998679740e-01 3.130562817734289238e-01 2.581296958545528097e-01 2.156027813338754207e-01 -4.526947750941255899e-01
-3.146315775452223629e-01 -3.612163338768930032e-01 -4.758545792415231485e-02 6.049533976336385344e-02 5.261950710579295087e-01 2.203339223046056339e-01
2.549653172648425614e-01 -1.650241554512736630e-01 -4.307120747968451457e-01 -1.012096875385458672e-01 2.268932169425587342e-01 4.175450437522539859e-01
-3.366388780826973792e-01 5.594446258127958559e-03 -3.135517583970484634e-01 4.646214574138603504e-01 1.042896537705792492e-01 2.765678318336249331e-01
-1.462446972737749540e-01 2.679681431314736573e-01 3.375160966430694742e-01 3.182468141093025560e-01 -1.990959402493313046e-01 -4.148792634361331277e-01
4.737696780807375552e-01 2.808143275015960172e-01 2.139752646189034546e-02 -4.804967640452928457e-01 3.789896106687026811e-02 -1.528657289364021565e-01
5.174284624556663159e-01 -1.322304555640334556e-01 1.187048515465890935e-01 -1.172408197825226539e-01 5.242113477693571832e-01 -2.890684445624966958e-01
4.664618081000894700e-01 -5.772651392474412863e-02 2.364261289894591112e-01 -2.898478291353996927e-01 -6.186616611764118867e-02 -4.177746016005063900e-01
2.328811618883148693e-01 5.201120121731813706e-01 -8.577165171333453464e-02 3.018713041583221957e-01 -4.769388149017240730e-01 -5.215605267343364354e-02
-2.141244517324205066e-01 -2.129664453001560986e-01 2.738078531686340966e-01 2.294995973400714706e-01 2.631963234300853660e-01 -4.854462023092921408e-01
2.224105036130334390e-01 9.763550106059674938e-02 -4.732141605726127298e-01 -1.668808784215912167e-01 -5.580303896513703898e-02 4.350307592085788655e-01
1.203629794145898296e-01 -4.855045313471482299e-02 -5.303603084736855378e-01 1.773250518872855619e-01 -1.145378137905220806e-01 4.658329411186291624e-01
4.145775953520277612e-01 -2.269906214248139653e-01 1.208402359363330569e-01 -1.696663630555055313e-01 5.799759344635042613e-01 3.444593784877231224e-02
1.319658000620783228e-02 3.488797615558879572e-01 -4.973042431873847535e-01 2.169121905031530795e-01 -4.331568944976766922e-01 9.169373527129853763e-02
1.683964262120356617e-02 5.623868517952127499e-01 -1.197186353215019990e-02 5.105053895438327327e-01 -3.066557284457788191e-01 2.057232248321010093e-02
2.467205583223125442e-01 4.358307677002852543e-02 -4.876851482565523477e-01 -1.605507896136725288e-01 2.696820253119917507e-02 4.254709145850814056e-01
1.557572118644033610e-01 -1.736755908347067112e-01 -4.388133617162677247e-01 1.179153208641800510e-02 1.450490840256050407e-01 4.980369276476471763e-01
6.126944786029740048e-02 -5.033974029549183049e-01 -9.178715299557382856e-02 -7.827315574998222614e-02 3.989939691580861592e-01 3.159108643085008494e-01
4.249708087118346800e-01 -1.949541675547188102e-02 -2.102960963376671322e-01 -4.088480764276971602e-01 2.649234562794661740e-01 2.628338767629638806e-01
-3.006484321666606091e-02 -3.484873106244771312e-01 2.203660599866571201e-01 1.540333574654796089e-01 3.792742901191238358e-01 -4.402933870726488674e-01
4.557848470576588151e-01 -2.400191182795595179e-01 -7.715127617167988339e-02 -9.594680079910039572e-02 5.860301030102634812e-01 3.789164086253753172e-02
4.605480791448927080e-01 -8.875875067258383322e-02 -2.537419036957770380e-01 -3.045496692896237922e-01 3.019608682857858328e-01 2.580819084715152978e-01
-2.261665587822679346e-01 -1.193808119216027003e-01 3.243745546763059928e-01 2.746906688096191762e-01 1.742314213379571042e-01 -4.898329704972841925e-01
-2.407487112689538356e-01 4.630512696467553591e-02 3.863836178807994459e-01 2.818802884484128413e-01 8.281445170376100506e-02 -4.653945209919475579e-01
-4.080753246626580011e-01 -1.827544593465281822e-02 1.255361139667016679e-01 4.368775055294512044e-01 3.907493304094297737e-01 -2.190701063587850994e-01
-4.197975872882181436e-01 7.486310814150820558e-02 4.031675072578602692e-02 5.527611163480850021e-01 2.482717373486492130e-01 -1.147929372301046413e-01
-5.128068714797040517e-02 -3.594097406843369535e-01 2.554979644543445838e-01 -1.431956526783051409e-01 5.434051237422228287e-01 -1.645936442240601982e-01
-1.712217660288611887e-01 3.568934269449148267e-01 -3.121969207894009224e-01 1.820117998382523861e-01 -5.098006789003803885e-01 4.003506929359468280e-02
-1.446121575019503891e-01 3.575051222444090571e-01 3.327114809753252689e-01 3.179473884738793221e-01 -2.650837618286682740e-01 -2.984950999910605529e-01
7.779252277417519901e-02 1.041782210044777113e-01 4.873128082950446416e-01 1.593376281452871940e-02 -3.695681939563207341e-01 -3.911732918386147118e-01
-2.481386485949977350e-01 -1.486095867088964295e-01 2.456128580778162152e-01 3.039303998039485921e-01 3.139647568590768767e-01 -4.481051988246552709e-01
4.135926058049633203e-01 3.835812784308055279e-01 -8.896971691464934662e-02 -5.144731209750219580e-01 1.214720964253596103e-02 -6.193752647937807859e-02
-8.368757805687720985e-02 1.052650052027663263e-01 -5.008560465766059844e-01 3.166283303059343468e-01 -1.486971640792769112e-01 3.796269970336704214e-01
3.663368358371791866e-01 -2.957080116330630948e-01 -6.196064635714756963e-02 -2.238700548489901965e-01 3.124023823349582618e-01 -5.928632503577514479e-01
3.879386104519624290e-01 -2.963737095258738852e-01 -9.474613052085277543e-02 -3.914466990139170433e-02 5.907613360312167217e-01 8.015750748315468577e-02
2.250040565398662429e-01 5.164298477845442603e-01 -9.701540932575095089e-02 -5.097602931514068070e-01 -1.608772040241284174e-01 -5.991408868881575173e-02
3.326827263499002041e-01 -1.471821940061977807e-01 -4.059284210270762139e-01 -2.074893401910386515e-01 2.364993163158378986e-01 3.430726718732566849e-01
5.282092033515359830e-01 -2.348119982093789873e-02 -2.769577388739851154e-01 -1.836835452765916976e-01 -1.955477900401647040e-01 4.039253663511468417e-01
3.708938544370563029e-01 3.435059541409591910e-01 2.258696955328925449e-01 -3.208484143213463091e-01 -1.269045353370764073e-01 -3.220414332115534850e-01
8.720773652358335126e-02 3.518729390453813610e-01 -4.369993686355693185e-01 1.883883157146924725e-02 -3.727916849735372629e-01 2.487023708482737350e-01
7.840077169676974711e-03 -4.165675688262542864e-01 1.147728750924547902e-01 4.367270174291025819e-01 4.866503037819620014e-01 9.885222573396727774e-02
-2.934377910373862086e-01 4.987063621656838697e-01 -9.581069996997534921e-02 -2.230454978533762955e-01 -4.901521617431791045e-01 3.535234647635049354e-02
6.939935361611009046e-02 -3.955427672543284090e-01 -2.453587822871125257e-01 1.304725804468417349e-01 3.689045335644069445e-01 3.964280867242686579e-01
-1.475216072907682696e-01 -1.823230982540809952e-01 -3.731477772791917391e-01 3.141885773163359818e-01 2.372450231920936181e-01 4.083804032083718227e-01
-3.978470345528200003e-01 -6.013744167456518824e-02 8.559325478752780048e-02 3.410539232662157527e-01 5.922436325500439747e-01 -8.300184753652159464e-02
2.707508681088455771e-01 1.387787078305152966e-01 -4.678024648659257489e-01 -2.323845902851781609e-01 -6.649853292273250061e-02 3.716711588622821361e-01
3.560675032470780321e-01 1.160353518719218768e-01 4.230257230796220513e-01 1.082982578395020601e-01 -5.527572155004692456e-02 -5.305270636884588109e-01
-3.437375182832234088e-01 1.855625518025821319e-01 2.087842874222953227e-01 5.172358856356847889e-01 1.958750305539927461e-02 -2.720244905109480693e-01
-3.420759010294365798e-01 -9.444295273630805287e-02 1.957200572453078324e-01 3.631476732610333102e-01 3.570074864568156259e-01 -3.509537131308734237e-01
2.443607633835566395e-01 2.876354516849147780e-01 4.399115554302254205e-01 -2.235609858419612961e-01 -2.704960235565416760e-01 -2.453172333305263519e-01
7.290484585959033925e-02 -1.551900098564398291e-02 -5.380023347141305035e-01 -2.364210319009679151e-01 -9.157558938035419149e-02 4.099074166385063833e-01
8.124787854167973833e-02 5.462108399694245442e-01 3.547625997806802545e-02 3.179297523043915219e-01 -4.084260285532290702e-01 -1.452172371086654645e-01
-1.304584366181150458e-02 5.384471659550257305e-01 -1.436644861575455956e-01 -2.098031112687740174e-01 -4.138422791222741148e-01 8.964087262833961289e-02
-1.403772846790647122e-01 2.254460893007296796e-01 4.055812001597629002e-01 3.736095776781527267e-01 -9.384421894396227648e-02 -3.905790879639240987e-01
3.253188458478237788e-01 2.945226874119727944e-01 -2.299071920519266121e-01 -4.656221674867501159e-01 -1.450544725210713426e-01 1.957502217099815200e-01
3.051078634051495042e-01 -3.880749120583197320e-01 6.537616567767856601e-02 -2.372132692099193640e-01 2.465827087137027473e-01 -4.851667422914501815e-01
1.267920897530794011e-01 3.957379194668262379e-01 -3.910347856279381418e-01 1.983429668182131456e-01 -4.646402814820530525e-01 1.135737986462296290e-01
1.913710227636000460e-01 4.967087297141805635e-01 -1.127186133996403716e-01 -3.709144705323154101e-01 -3.126814576353922348e-01 5.675866723464551011e-02
4.432923088085200525e-01 4.124959777556698737e-01 1.193924185049027586e-01 -3.742263496317505544e-01 -3.964195189062913460e-02 -2.373070848269332178e-01
9.518235679413619699e-02 -1.704864120632814117e-01 4.093725403455463763e-01 6.402476707903741182e-02 1.501368826473791773e-01 -5.373216592205154463e-01
-1.585341504879506647e-01 -1.577122637250754356e-01 3.235084113865737687e-01 1.865131745348318493e-01 2.331386115476247467e-01 -5.298250151198455882e-01
-3.334798515526688489e-01 9.494595225699027641e-02 2.161285858445427532e-01 5.052237569462920685e-01 8.502734797286090607e-02 -3.283692363548452731e-01
-1.651193320761924210e-01 -4.081852882286271522e-01 -3.632314005775277854e-02 -1.283537290108282269e-01 5.910719699003408323e-01 -4.786534555831427340e-02
4.698313594946871286e-01 1.030174474436044941e-03 1.326033366215692566e-01 -4.130026716368903061e-01 3.009608526906834558e-01 -2.288460536680131385e-01
-3.769622759210343177e-01 2.127640461429707308e-01 -1.147387551615678958e-01 6.145572332523911996e-01 1.318684743877049370e-01 -1.302853247535920578e-02
-3.673025503697899263e-01 -1.986673051363438691e-01 -1.357059797096558384e-01 3.395174839830001345e-01 4.040419494966562830e-01 2.346276447659698949e-01
-1.513130971067533637e-01 4.202186118123497627e-01 1.838702511209580892e-01 5.119444855592084620e-01 -2.567238782204719350e-01 -1.352507983638228939e-01
-3.912606915439809097e-01 -1.504451295785782794e-01 6.372214705610833828e-03 3.849934657577700481e-01 4.794924085585774431e-01 3.103354714017365207e-02
-2.823715303710793156e-01 -2.838648272618687907e-01 1.092990145394463763e-01 1.930296199716234340e-01 4.872483309833977039e-01 -3.142316731726078061e-01
-2.913867467686778734e-01 2.890146927980261626e-01 -2.306030517109349809e-01 6.105373789448191868e-01 -6.300498941822563204e-02 1.962687213574071388e-02
5.776897507962678452e-02 1.403984737316376491e-02 -5.829235645998860349e-01 -8.278072728901897381e-02 -1.771704871093433553e-01 3.885106272788911852e-01
-2.256637735890962282e-01 4.177461899160790915e-01 1.419668793955208563e-01 5.282819436636281285e-01 -1.984621431147610138e-01 -8.574597869472483369e-02
3.620870354259514978e-01 3.714194028768868505e-01 -2.761837298908495497e-01 -3.840937272806115854e-01 -2.102091855290302846e-01 4.773362764898975152e-02
-2.619006185238176299e-01 6.353154042072210739e-02 3.594107391397701190e-01 5.302493713527005603e-01 -3.109394933346126821e-02 -2.435357014562525291e-01
-2.375382142391278262e-01 -3.221858162998377795e-01 1.499537452617899225e-01 1.325981245352589599e-01 5.414849317270407081e-01 -1.922040103442820558e-01
-3.575569072379743418e-01 2.874069349904910808e-01 4.606894127087178548e-02 5.955988820471984635e-01 1.413093934333381485e-02 -8.360091472972093485e-02
1.048788414622684739e-01 4.793124590614915581e-01 2.363515159178002090e-01 -1.628194167613623289e-01 -4.395951206574936210e-01 -5.338371231485930513e-02
-4.150797808032832825e-01 1.861083980770351087e-01 -1.061624653651741619e-03 5.780866432058431315e-01 3.001713660474596979e-01 -2.576169669204862733e-02
-3.361428130416204141e-01 4.218241103037473905e-01 -1.237187719154340393e-01 4.964193460761600063e-01 -3.307098885573955815e-03 2.313920645544843835e-01
1.890403771650648046e-01 3.164338631632858112e-01 -4.272663016374286249e-01 -1.329680835305414865e-01 -3.862459473782878794e-01 2.072032682378367463e-01
4.813845323575097757e-01 1.783016344205094195e-01 2.142695291101360533e-01 -3.580665056407081881e-01 6.115186855635561247e-02 -3.163884465782431654e-01
-3.301384485866494245e-01 2.262217561800422827e-01 1.841697269505061796e-01 5.485798817311891007e-01 -5.203804126367553295e-02 -2.036776413401798769e-01
2.278619823030067770e-01 -3.918332110265766444e-01 -6.260171454966839688e-02 -2.100639453508190979e-01 4.062403999403538801e-01 -4.764850234263861006e-01
-9.262280199591819974e-03 -3.198951722547218601e-01 2.967322897603467680e-01 1.652764949963747218e-02 3.226733189321022710e-01 -4.690618168113852016e-01
4.713303993967236649e-01 1.734846544612186625e-01 -2.671522996489372748e-01 -4.123555624326250002e-01 8.066903295081527536e-02 1.916334687325335628e-01
-3.231855124053498174e-01 -1.170017256063371341e-01 2.039786055389225250e-01 4.028121229824160321e-01 2.682118155715329522e-01 -3.657037279633356119e-01
4.714009474862578264e-01 -8.094034953784237651e-02 -2.337018062414377984e-01 -3.385591262969114279e-01 2.770528737541912978e-01 2.308469328098517737e-01
5.450862868092352931e-02 -1.846423567531304544e-01 -4.545128917125089152e-01 6.467902778823865495e-02 9.215891776692003434e-02 5.063604700818920001e-01
8.397965343387267523e-02 5.484688715637586753e-01 -5.697695149422659505e-02 -3.127560066233417979e-01 -3.694025362700691373e-01 -4.635175878476209543e-02
-1.936265221500400036e-01 -3.232915995676143295e-01 2.051310556208403302e-01 1.337455313687304082e-01 4.068319017779679081e-01 -3.946582501839321910e-01
-1.491720072670874309e-01 4.025984771038930154e-01 -2.028525292200224206e-01 5.644719382971857824e-02 -5.435306764455642980e-01 4.726817952697157099e-02
-1.116496178324371535e-01 5.122620891509253038e-01 -1.153153666406189354e-01 6.483098460889897829e-01 -1.335771214037516641e-01 -4.214893098622207734e-02
-2.443968765955788214e-01 -5.445440201242844613e-02 3.385172974960290460e-01 3.292668210172413623e-01 2.256438680832302812e-01 -4.311936359917357131e-01
3.471502392764254652e-01 2.516514733794439351e-01 -4.057870363940851988e-01 -2.989272329654168447e-01 -1.060380886009953394e-01 2.684844794745840924e-01
-3.946507271212733592e-01 1.224386113269658807e-02 2.131963579830267741e-01 4.398660520236779004e-01 2.341160382534350493e-01 -2.911393262048365682e-01
3.735044445917020117e-01 -3.196758336685376900e-01 -1.596748839739777215e-01 -9.802247854482726286e-02 4.866524555268487706e-01 1.973924077241543396e-01
3.316692166999687386e-01 -2.945382717068242839e-01 1.602415987051229729e-01 -8.987270448647893817e-02 3.961639694206950391e-01 -4.273235660075758169e-01
-6.819746627183960463e-02 4.884767691320279770e-02 4.493955902284328952e-01 1.927056137333827412e-01 -2.323486219469417247e-01 -4.741076443902363380e-01
1.437968325729065688e-01 -2.708266279856447745e-01 -3.747406585458405992e-01 4.957228333236117501e-02 2.668865273815704264e-01 4.631055665249949049e-01
-1.854650989386109061e-01 1.500223753499702883e-01 3.862142333249571902e-01 2.810316442157509420e-01 -4.018432041572661539e-02 -4.776157276698377308e-01
2.957112325892549132e-01 -2.283086157158181473e-01 -2.567240301604589714e-01 -1.850405061311631849e-01 4.462839482445922767e-01 3.034568677346892729e-01
-3.534044505927590868e-02 -4.536197501213566907e-01 -4.690975736244374500e-02 -8.321922582087332154e-02 5.086443275533371056e-01 -3.147818670895553561e-01
-6.567139511684397246e-02 9.229250122929137656e-02 4.988847813769964890e-01 1.783452365975993215e-01 -2.703562082651103649e-01 -4.005271359049476509e-01
1.278283725240140500e-01 1.375541386076763462e-01 -5.001650818173384305e-01 -5.297414164836572459e-02 -2.422286129309354497e-01 4.070700103736037967e-01
5.581243796851411698e-01 -9.300000670953685600e-02 9.953694711586426325e-02 -2.431937241204457090e-01 3.378332346247718831e-01 -3.155196932054201153e-01
4.305403576475766991e-01 2.320175674486337214e-01 -2.453878958214583961e-01 -4.699471258591660927e-01 4.502416583292845331e-02 1.472388477912011384e-01
3.500634383173967246e-01 -2.486511820920186133e-01 1.965862890287997100e-01 -1.546639687349155023e-01 4.013562148015944464e-01 -3.715163676749324573e-01
4.347127623091263104e-01 3.488161177878022767e-02 2.748413793709924557e-01 -3.121288057788584314e-01 -4.898159041718841422e-02 -3.848514548278625935e-01
-1.016710661929654119e-01 2.611562430733452289e-01 3.888602042424026961e-01 2.893212888163588792e-01 -1.993029604337844263e-01 -4.080728545710978206e-01
1.512601052441249483e-01 4.797396884989858501e-01 1.772501021311192193e-01 -3.685381691909023205e-01 -3.432981294703296715e-01 -5.170077488549304490e-02
-2.733586028241881682e-01 3.934792578747656755e-01 1.296435240643233344e-01 5.131029125013681913e-01 -1.140734621339397625e-01 -2.223060764804054013e-01
-4.942812237449703550e-02 4.742065895280934140e-01 2.148732620967753748e-01 3.392929631916721256e-01 -3.951351884727019592e-01 -9.031649962316634639e-02
3.256119475106983296e-02 4.621120268840992473e-01 2.830997717880480713e-01 4.064204384052529928e-01 -3.544181263610253207e-01 -1.567954143368011088e-01
4.133851084055840674e-01 2.362589467099455443e-01 -2.766166696958061166e-01 -4.272464205495909439e-01 1.801526432385838761e-02 2.190730796686984339e-01
-1.178566549678252973e-01 2.492632217212371049e-01 -4.432417948873734748e-01 3.843662695369061133e-01 -1.569304392550432414e-01 3.201577360822240870e-01
2.762176749545386945e-01 -2.439684527284434468e-01 2.036242289932831406e-01 -1.035357977183063438e-01 2.687745885802419465e-01 -5.663640005157363211e-01
-2.335355019051876535e-01 2.408519982701509965e-01 -3.748150655490304350e-01 4.968776933423330044e-01 -1.172775304358716075e-01 2.067688104973307572e-01
2.527632312922727387e-01 -2.388172188416193831e-01 3.100832156701783249e-01 -1.356709255600319075e-02 1.411012155639677634e-01 -5.757667387790388336e-01
-1.493912192293003205e-01 2.468174900944575603e-02 4.153540068081507108e-01 5.762030901508830016e-02 -6.533747110447855888e-02 -5.588342538396583459e-01
1.304514773590295940e-01 4.176650547112347733e-01 -3.429434227980835415e-01 -2.450077868011239779e-01 -3.929893172277703628e-01 1.063558429619364532e-01
2.546472231577200096e-02 -1.859102341866392463e-02 4.960998696643456607e-01 -1.784001426393470036e-01 -1.357455233023110441e-01 -4.758640905696969736e-01
2.679383708863961600e-01 -3.280446894005873415e-01 -1.130070155865625370e-01 7.184700566810342526e-02 6.495810146140759134e-01 -3.687450389372516624e-02
2.575218678496368208e-01 3.280133554684329100e-01 3.206023378379186939e-01 -7.906665318130345899e-02 -4.937370645675047687e-01 -1.392176428947199396e-01
-4.699739432020262897e-01 -7.680142099468956554e-03 5.055857966993929781e-02 4.401609547418230961e-01 3.497249025412272339e-01 -1.590031096010743883e-01
4.895648372830493367e-01 1.216186656760718798e-01 -2.160058959168490444e-01 -4.373372479730855966e-01 1.989487638014483806e-01 1.512441282788593577e-01
-2.555368791065339429e-01 -2.003518826394662389e-01 -3.261027700286014963e-01 4.266181611674979002e-01 1.824311090856093331e-01 2.969074082788920044e-01
-4.141704379990490126e-01 -1.019288968697507486e-01 -1.734252905648016041e-01 4.404426741662089140e-01 2.550046008469344372e-01 2.037151431239577204e-01
4.775784502024300604e-01 -1.598541276806617617e-01 3.943994716254912297e-02 -2.819889804198815186e-01 4.905425736116474367e-01 4.587805914531333656e-02
1.083045610244225271e-01 3.406535599575174350e-02 5.015448277959241308e-01 -2.338795252713464223e-01 -4.226863830327907273e-02 -4.349823594230509682e-01
2.656866903234625932e-01 -1.035543853347499071e-01 -4.430783714421374642e-01 -1.411747799398498371e-01 1.660716912557085867e-01 4.297134266618616305e-01
1.064425890565850186e-01 -6.326956037650592612e-02 -5.090458388415787239e-01 1.906960531820722227e-01 -8.919050044222477658e-02 4.870613133508772119e-01
2.476659568582159354e-01 2.384867790126317943e-01 3.982427727437661824e-01 -1.548502941400329569e-01 -2.267868518078561546e-01 -3.901106480932559073e-01
1.783838435627908281e-01 -2.342262365929656531e-01 3.460887944395109606e-01 5.193017611877734363e-02 1.397381276560086816e-01 -5.726930753543042485e-01
-7.611028238127394430e-02 -4.058216555796488323e-01 9.201108043169582695e-02 5.170298380640910019e-02 4.795278475285764119e-01 -3.550012531033590601e-01
4.363880265650779688e-02 4.076787194284440807e-01 3.360257260780619704e-01 1.670418348185399582e-01 -3.792099905633091184e-01 -2.686046153213181298e-01
4.549702815310359139e-01 -2.630664705428175099e-01 -6.178779644221480544e-02 -1.834077785948534656e-01 4.745480864844419111e-01 1.582081526372774438e-01
1.864228705495048488e-01 3.574749239549168123e-01 2.876005326012441854e-01 -2.403612374765461968e-01 -4.476902295608308768e-01 -1.241814493993897428e-01
-3.553618409521381860e-01 1.346108218800273204e-01 -2.752091065516051871e-01 5.779371646711720656e-01 1.186580455264962114e-01 8.353659032733229406e-02
-4.124097487252541550e-01 9.233595543447058879e-03 1.448449020770328222e-01 4.646821215817139583e-01 2.482212746150058991e-01 -2.718021191452652530e-01
-4.052922910034106874e-01 -2.084706764768517323e-02 -1.554062786617220193e-01 4.506210822060089383e-01 4.585790949033322073e-01 3.840510444793490685e-02
2.140460517684571462e-01 9.133969743900016702e-02 -4.891440071468072248e-01 -1.504621258072835199e-01 -3.071184023119365170e-02 4.340229390946370169e-01
-2.945628494308589196e-01 1.002998518687203133e-01 -3.130940515895471732e-01 5.262989453780659854e-01 1.212725306669610453e-01 2.576476242736198685e-01
-4.121021172471586724e-01 1.197660298441043797e-01 1.213623554796570830e-01 5.552147476304760687e-01 1.874318990443501476e-01 -1.230132019492290590e-01
-1.998574025331193160e-01 1.124044628519591839e-02 -4.062544185869322866e-01 3.875242318314471301e-01 1.318369817829121438e-01 3.940200913389798054e-01
-4.485311830730859262e-02 3.949392071558429640e-01 2.725976128952639077e-01 3.028715949578813516e-01 -3.626374494601610765e-01 -2.798199222492666061e-01
1.764686811571069269e-01 3.308257067556101272e-01 -4.875446010627583204e-01 -1.427469107313742158e-01 -2.962998241327179927e-01 2.229587236327135180e-01
3.473199790114992469e-01 -3.000400287260315824e-01 -8.266339846675063718e-02 -3.322179764296756543e-02 6.142955849621660747e-01 5.582249165238317712e-02
2.748977174018262248e-01 3.360711336468883426e-01 2.386478176583111954e-01 -3.701305990293100034e-01 -2.315638678505199666e-01 -2.729467249993009492e-01
-3.984320457749872535e-01 -1.706843301089770448e-01 -3.567786639880630301e-02 3.494989147572395982e-01 4.857737328970140323e-01 6.261806328173938341e-02
2.790277257183085280e-01 7.185117070242437454e-02 -4.743459251632575757e-01 -1.751952880180357441e-01 1.484328293241729546e-03 4.137587765930353934e-01
8.160888123280903017e-02 5.202356301418422646e-01 1.576291939661942920e-01 2.317436029770899020e-01 -4.643312467826679057e-01 6.769794139021963197e-02
-3.815473174747660567e-01 7.552098769789296687e-03 -1.820461254205976154e-01 5.343297921114298354e-01 2.421190390377179757e-01 1.437566840660260414e-01
-3.104999600495718728e-02 3.988620947482724999e-01 3.066024239621137348e-01 4.385131008193803026e-02 -4.681797416298589809e-01 -1.859706653520658004e-01
1.947250517845527662e-01 -1.771292172127652276e-01 3.672592119210665862e-01 3.182843466804366472e-02 1.042820397614477035e-01 -5.784005559554096232e-01
9.198886869480005224e-02 4.844765751010038923e-01 1.958210483597521701e-01 -2.896928607127324806e-01 -4.099146387694417304e-01 -3.738146875321934903e-02
-2.666862566515335597e-01 3.691414549390069633e-01 -1.722422606205142037e-01 6.191389319251099366e-01 -5.572916695129725984e-02 1.430180907268202573e-02
-1.545712736569857249e-01 9.696219783933272829e-02 -4.223508788272945513e-01 3.500546554947435718e-01 7.081997343743623441e-03 4.362958594688610137e-01
-3.768764052824916111e-01 2.994582211278605244e-01 7.667231175296349011e-02 5.582399614485231698e-01 2.670451164739506833e-02 -1.495196302706908731e-01
-3.683339790099568467e-01 1.663046128925419753e-01 -2.896052744421999670e-01 5.343875242928657343e-01 6.463489459872050202e-02 1.284343837922158338e-01
2.302512142879814538e-01 2.410211239767144076e-01 3.815221695524836920e-01 -1.566931089912072528e-01 -2.572953494466265756e-01 -3.943352806256629761e-01
5.282908845844954682e-01 -1.219252859406201595e-01 -8.672982158599545910e-02 -2.406205605440230322e-01 5.149171256783188211e-01 -1.433596045075927750e-01
2.037381501178036902e-01 4.321408340016160698e-01 -2.196890765019837988e-01 -4.493278149241008990e-01 -2.614480196460693406e-01 8.434932140126702449e-02
4.851219827258653750e-01 1.323672744799019585e-01 1.769872773243613695e-01 -3.852992097002312377e-01 9.460128830949160461e-02 -3.138698078482054510e-01
5.186366387228480423e-01 1.939255438695632050e-01 7.699512581822463841e-03 -4.791496734364404375e-01 2.416681933669406201e-01 -3.859427411291051907e-02
-1.318836858178282778e-01 -2.828826167456852114e-01 -2.036290592251487896e-01 1.878180891724607338e-01 4.763357161079663782e-01 3.632733116703878440e-01
-2.502059074833875019e-01 7.515329266416577447e-02 3.699049867214410092e-01 3.604810288693767739e-01 1.303710800810361781e-01 -4.200396073614985903e-01
5.095113913145136175e-01 3.278158762698104439e-02 -1.476720582527042691e-01 -4.246430934900233822e-01 2.680978444635429558e-01 1.206219181761362391e-01
-4.498686304566570371e-01 -1.748514803328881165e-02 -1.072458435699739365e-01 4.537267474924453481e-01 4.079475322887735622e-01 -1.574696174525159476e-01
4.122869896546739743e-01 -1.935554286767310894e-01 1.335444613941965952e-01 -1.647497181306631364e-01 5.952178705415904769e-01 -7.826989201109932348e-02
-3.322742136940867730e-02 4.789104348056852922e-01 1.898825740932296446e-01 3.485013881308897110e-01 -4.144173546026336252e-01 -4.728524975379036488e-02
-4.609548475226232789e-02 -2.735115698745035351e-01 2.743756791251326099e-01 5.159623833869463050e-02 2.735179679753526605e-01 -5.570177367492610276e-01
3.585587606490250323e-01 1.965766292010165950e-01 -3.831233017322301926e-01 -3.015943616494618507e-01 -5.891337777316285607e-02 3.232213106602568331e-01
1.583207138669531777e-01 9.868883020439656040e-02 4.591024139494881973e-01 -4.714826005526068231e-02 -2.906515101929421641e-01 -4.387820998353509361e-01
-3.833273270053145776e-01 -8.922059322831596417e-02 1.986043881202776140e-01 3.673986552820598384e-01 3.332604024080203509e-01 -3.092541629003651149e-01
7.602474986811417861e-03 -3.844241580402370240e-02 4.700325536917544511e-01 3.406485594379425330e-01 -4.917544801521108594e-02 -4.728169081266864193e-01
2.276006831131565378e-01 -4.203481664696500641e-01 -1.025073743992771930e-01 2.733828464371919620e-01 5.583453382170933121e-01 9.765010711303244439e-02
4.426587939532673488e-01 -9.279541964948563593e-02 -3.562912188745929742e-01 -2.188357283924264873e-01 2.894161511754722582e-01 2.889523878617780706e-01
4.514502430155891144e-01 -2.850996210449911472e-01 -1.463159087782268941e-01 -5.816819834899678021e-03 5.622140025205610847e-01 1.238071308764846779e-01
-6.315482352150303402e-02 3.960955196824317848e-01 -3.160989556203752104e-01 4.286468771751716922e-01 -3.360216628674762007e-01 1.552135927029673623e-01
-3.334020018544158748e-01 1.786144520990518292e-01 2.520884632892431698e-01 4.716931745481444671e-01 8.368504710026536397e-04 -3.137886269809929685e-01
-2.729608681387691305e-01 -1.646672942949143903e-01 3.051615509399987491e-01 2.525494117466980382e-01 2.891871577094957124e-01 -4.144599343774384437e-01
-3.390419070012269387e-01 1.989509011306038744e-01 -2.783212264961844040e-01 5.792363108014030315e-01 3.852536631402112000e-02 8.365772660473685951e-02
-2.982897796888372421e-01 2.034002303592138960e-01 2.297265374661546233e-01 5.085925972438336551e-01 -3.673778309998415592e-02 -3.099720490498313885e-01
-8.799173348751601620e-02 4.056213036701651897e-01 2.547464609220876364e-01 3.910037024131154393e-01 -3.552572827289776636e-01 -1.830059224473306045e-01
1.582670036069306896e-01 2.430686830436610824e-01 4.203210519081625463e-01 -9.985116814688282938e-02 -3.415730984641852097e-01 -3.488141746455303838e-01
-1.890891134177376809e-01 2.610182714277293689e-02 3.892771153973333953e-01 3.105724487003964640e-01 2.800777121964197203e-02 -4.769415006106821342e-01
2.683069712089856673e-01 -1.610884569982388714e-01 3.476111365971372713e-01 -5.224008804961166597e-02 1.386849482462516603e-01 -5.509351829149887747e-01
3.956633433470069239e-01 -2.285312278160833432e-01 1.102875169043697895e-01 -1.174477638680381242e-01 6.137660004221389132e-01 -5.479540454651406212e-02
-3.097517774242468658e-01 3.427143559871861922e-01 -1.281272109192924946e-01 5.843291330092277303e-01 -1.021272989316300284e-01 -7.582780702653130200e-02
-1.873208703096129468e-01 -3.920790869815400370e-01 1.066138048880189287e-01 -1.031847064813323778e-02 5.495591287849139750e-01 -1.797210011035801358e-01
-3.930716585699801646e-01 3.771584234715516515e-02 -2.442680876240796162e-01 2.430922555019613407e-01 -3.476265487502827600e-02 5.238740488800190942e-01
-1.704456694839714126e-01 1.974232106950978838e-01 -4.279045003288224347e-01 4.139220517736623695e-01 -1.052652750329871045e-01 3.250191657621028796e-01
-5.144864792499052181e-02 -8.270183371469320976e-03 4.597114553456113084e-01 3.676881810835529452e-01 -5.017469421326199025e-02 -4.472440730788936891e-01
-9.638934249836300650e-02 2.074079575241083995e-01 -4.596602987176046096e-01 3.675543946484775004e-01 -1.335118972655731096e-01 3.579764552094714114e-01
4.661658446790826749e-01 -1.493940300786834041e-01 1.031577689427672778e-01 -2.523639442854033743e-01 5.376421044559056561e-01 -4.991628718158808153e-03
-6.551106046793274233e-03 2.850716008258553091e-01 -4.591816471442350944e-01 3.315530850529852663e-02 -2.529177460833465507e-01 3.828343047566941659e-01
-3.862454197417914403e-01 -2.326920313362710602e-01 7.175604123140028046e-03 2.861401671248522960e-01 4.701573801800043029e-01 -2.249888361023700822e-01
-2.541771666603114821e-01 -3.422227234868231438e-01 4.303524489552676413e-02 5.134492630543652236e-02 6.005231836690497760e-01 -9.070482109323768638e-02
-1.845175419734506606e-01 3.378230281719877270e-01 2.903193380586828187e-01 4.459117668305734861e-01 -1.383631339071919042e-01 -3.227105353122498022e-01
1.352531585753419807e-01 -1.452906599873545201e-01 4.323791188490502813e-01 -1.362629650248450286e-01 1.820418341617704994e-02 -5.160661514779110171e-01
3.877674600053762077e-01 3.174582842858674203e-01 2.825396944929526311e-01 -2.828837687642284937e-01 -3.033306582477938163e-01 -1.234751059488023439e-01
-2.098380353861881431e-01 2.831844914734564789e-01 -3.802214588187214916e-01 4.820543090578478518e-01 -1.625209699086153092e-01 1.877852536362722979e-01
3.934800606243386845e-02 -1.894622656613214814e-02 -5.468073548941664308e-01 -1.805495898570476099e-01 -9.954047438132992975e-02 4.253807002309389906e-01
-4.747854801346145653e-02 -4.286157522112389873e-01 -1.767989365076507238e-02 7.978940930524647257e-02 5.175814442031614337e-01 2.798326817766476626e-01
1.530162775277888187e-01 -1.375165656092891715e-02 4.622747758931340378e-01 -2.610132376919064301e-01 1.343017870677614377e-02 -4.475827450179279410e-01
7.225041593911990523e-02 -3.656506402226686880e-01 2.437034001998414634e-01 -1.888093298929855446e-01 4.889373325886680055e-01 -2.052144161455186355e-01
6.164055462852954248e-01 4.607401785077427925e-02 5.007391599540313848e-02 -3.041924795699506578e-01 2.541871548098014744e-01 -2.803624576327083950e-01
4.625060697660536291e-01 3.980661875220013052e-02 -2.486511114338032236e-01 -4.003346740807902093e-01 1.808837930764572721e-01 2.367385069579669710e-01
-4.026957790379849245e-01 -2.753776087349693036e-01 -7.527964472153715614e-02 1.322520830378643986e-01 5.395224430674083749e-01 1.478093295308005595e-01
2.555093220247739993e-01 3.541782360784199724e-01 3.670851121269628758e-01 -2.231832358570595698e-01 -3.227010193761154500e-01 -1.920999275190036770e-01
4.495132003940651572e-02 -2.960805165713493725e-01 2.542119406608567833e-01 -5.520088268490506295e-02 4.751542974469823433e-01 -3.744106789891027964e-01
-4.221500307727052426e-01 -1.104728572945062187e-01 -3.188787096371718116e-03 3.717436229989581897e-01 4.966904245652007943e-01 -3.613746935269736282e-02
2.253494332648805776e-01 -1.462294618356863030e-01 3.390295763858320877e-01 5.681064205408670187e-02 -3.158445991086350491e-02 -6.399756326865516654e-01
4.183918620005699918e-01 9.639087284276540157e-02 3.173642510208123935e-01 -3.055288976148444746e-01 -8.485376135677386022e-02 -3.482851434592821316e-01
1.277157937445658198e-01 -4.320985941235594430e-01 -9.915441803668791076e-02 3.755359191309622924e-01 5.322661673455268971e-01 -6.494867583737282124e-03
-2.865451341151412090e-01 2.018448260774085845e-01 -3.124682262575763647e-01 5.697779652993468780e-01 7.722457775890145815e-03 1.660996952897986767e-01
3.074649804280087384e-01 4.281160882897296349e-01 1.593834106996029898e-01 -4.675311576091623067e-01 -1.441692583325350774e-01 -1.087032694411759204e-01
-2.625693076936431725e-01 -2.206005772246525942e-01 1.196963747318350035e-01 1.266853353937503757e-01 6.837533116865646132e-01 -5.530324368507424926e-02
-3.126741080651146421e-01 3.147994968389792869e-01 8.707195791945640528e-02 5.833299438079494470e-01 -9.443140202690286644e-02 -8.528467943598083689e-02
1.487238028345262975e-01 1.929077060559134249e-01 -5.076181500132870283e-01 -1.595528851846441665e-01 -1.368519062270910081e-01 3.846957419165055736e-01
-1.317599918528660763e-01 -5.087927433810752742e-01 -2.305172543671503427e-01 3.244629449682362998e-01 1.751552034002260561e-01 3.387593374684622072e-01
-2.866619681632799344e-01 -3.205349882048884047e-01 5.966069685173257600e-04 1.559099449156481909e-01 5.725037723096533249e-01 8.191003742320128456e-02
3.490315505521113248e-01 -3.867448022463610552e-02 3.732027376548671116e-01 -1.428701492413179674e-01 1.382497395653354000e-01 -4.792821819724802923e-01
-2.286879724054500795e-01 3.631189441617005964e-01 1.632272407162477512e-01 5.084427203210724056e-01 -2.085092730224660795e-01 -1.971607767862326999e-01
1.382947953754015136e-01 1.936372204925524976e-01 4.440104843675923285e-01 -7.566727946213239187e-02 -2.331637007749647328e-01 -4.346596494917622233e-01
-7.373895377784879523e-02 1.765731850884036669e-01 -5.360440412801404930e-01 2.823078248367440479e-01 -2.145235474508122853e-01 3.126455587712093642e-01
-4.163117344418175714e-01 3.085142650980415152e-02 7.208237549813061029e-02 4.898805896802699289e-01 3.743020730063738033e-01 -1.746099939081759977e-01
-2.587982283372177172e-01 -1.335442728520132849e-01 2.499638045863485369e-01 2.961024992676566936e-01 3.220495982096993615e-01 -4.461104781986028889e-01
-5.156099447290848903e-02 -3.765486816742023568e-01 -1.954964608783449631e-01 1.611351061331259271e-02 4.651126650282463859e-01 3.402519304662821042e-01
-1.076512695698950278e-01 -1.356025562166014997e-01 -4.219031152923796157e-01 1.135832649429765057e-01 1.150023591983921900e-01 5.205683469327198054e-01
-2.210247735870425057e-01 4.373297369954033953e-01 -1.912078037317516410e-01 -1.355939973304634560e-02 -4.760825740715732279e-01 1.589865260951407733e-01
-1.255791440521492608e-01 -3.615202354340134594e-01 1.521438319693282915e-01 7.773326388478377091e-02 4.630134905650229449e-01 -3.758790836972477067e-01
-1.950621860027035651e-02 -1.890771955795101100e-01 3.912188672439950166e-01 1.184244633813876790e-01 7.637458981448824735e-03 -5.794914250930324195e-01
2.056100181747574918e-01 -2.036741321198167198e-01 3.180484916197536260e-01 4.201613036784079824e-02 -4.120987754419444538e-02 -6.550097830264287602e-01
1.532927564942881127e-01 -1.026367593241196002e-01 -4.834215866926046545e-01 1.170006038180926855e-01 -7.974893416616407604e-02 5.156575028261713989e-01
3.497690995526457347e-01 3.332075582257483237e-01 1.463353208761278557e-01 -4.277515459881207627e-01 -1.758625495273594685e-01 -2.228655338765511418e-01
2.653467360319625712e-01 4.642449098863489221e-01 -1.166604037438919994e-01 -4.195505864425239650e-01 -2.513005051604420004e-01 2.085474695883848817e-02
-1.945415758813674734e-02 -5.143880914616280053e-01 2.395342050078280022e-02 2.056005062073338330e-01 3.735505236498740667e-01 -3.771892151012876671e-01
1.753920875910079669e-01 -7.708786447339148473e-02 -4.785462596963354631e-01 -1.395473856195193763e-01 1.039308648858455614e-01 4.531432528748015054e-01
-4.463571656113061170e-01 2.437855918953024670e-02 3.462812055318387205e-02 4.980722509747643745e-01 2.901586084396500231e-01 -1.587989781364733399e-01
3.619329202516609334e-02 3.992851157053918798e-01 -4.375468984648384074e-01 3.000276817496145831e-01 -3.762899519661582759e-01 1.359291073148265472e-01
4.003949077142566759e-01 -6.237099404150547172e-02 2.910628938706634194e-01 -2.686940056301702073e-01 2.253518456176054618e-01 -3.941637792660961370e-01
-2.631639979128095885e-01 -2.638979158874675268e-01 -1.727472726436252159e-01 2.753141796749700165e-01 5.122812560985274821e-01 1.552575218897456200e-01
-1.709981293225479038e-01 -9.907792346218092724e-03 -4.520623592603961183e-01 3.597414938781889893e-01 1.685509412509064026e-02 3.950499120900215488e-01
3.573611036300780586e-01 1.357755072574594046e-01 3.963045280445758878e-01 -1.669254547537955546e-01 -1.145724433968888789e-01 -4.176054843653716486e-01
1.380690463925764444e-01 -2.212299881337393415e-01 3.568847619245080205e-01 3.369991441265449139e-02 1.397370200530104190e-01 -5.698352083418419811e-01
-3.471785060947992635e-02 -3.134844278263607120e-01 2.696775816041936391e-01 4.300268297583863947e-02 3.384106356089655043e-01 -4.846382308562541263e-01
4.565418375561666742e-01 6.891825398651411916e-02 -3.232137921966959371e-01 -3.591174810007763951e-01 1.209525852752225406e-01 2.529739414618402127e-01
-4.362598915570102542e-02 1.966509778508719331e-01 -5.619176521581971118e-01 2.622898506424956033e-01 -2.171927733104193625e-01 2.954905636791106405e-01
-4.141524320365012612e-01 1.787953073572778329e-01 -8.148390484171069703e-02 5.777859655662676008e-01 2.143269072182985846e-01 4.015375697636124064e-02
8.323991918693782188e-02 -6.653238107206425056e-01 -3.953172218105147767e-02 2.417453450875618193e-01 3.096500883151408479e-01 -1.954224728977761172e-01
4.178590529570332390e-01 1.798625533657152997e-01 2.587982094990904924e-01 -3.968580258346615097e-01 -2.727200358682779768e-02 -2.828025261366738929e-01
5.311923181709824471e-01 1.379667884604403871e-01 -1.045781807519346185e-01 -4.631070059275650408e-01 2.431745210219253828e-01 -8.725227222041714858e-02
1.293760747525631305e-01 5.030534847222919437e-01 1.710491099673075999e-01 2.914298342881019854e-01 -4.556155926297332792e-01 -6.281448093434258140e-02
-4.050877036066004300e-02 -3.231156316066132739e-01 -2.902352579781580233e-01 1.237132010711512048e-01 3.403526390527213952e-01 4.397243285246574263e-01
1.978132731672529177e-01 1.978176224702610508e-01 -4.649436218737761917e-01 -2.147386034237764585e-01 -1.826821584392109010e-01 3.627162514129888549e-01
-2.135264058405812043e-02 -2.064963428546895963e-01 3.785940368470784856e-01 9.464621800834982501e-02 1.004838547309551688e-01 -5.660262165328376893e-01
2.918353488417148034e-01 3.584428234297742377e-01 2.889642769096503194e-01 -2.101837361817536776e-01 -3.462564940540717173e-01 -2.124095459112077533e-01
3.419699690013325855e-01 -1.900410477455071745e-01 2.326365715212543595e-01 -1.385896778865645662e-01 3.327572347304628697e-01 -4.714546027048932553e-01
2.872631954302689444e-02 1.155914550518143125e-01 4.722952984904771334e-01 8.460154749424152187e-02 -2.911780958504637251e-01 -4.395251286552185332e-01
1.725719154818465551e-01 -9.198779491627426946e-03 -5.138632581596275228e-01 -1.431237790685535305e-01 -1.457784468460418259e-01 4.251160935343796243e-01
3.084250891063624600e-01 3.851331637331007474e-01 -2.456364671992352922e-01 -3.995905876658196743e-01 -2.015514781952286172e-01 1.474474072731944141e-01
1.273329151431444942e-02 -4.376133067911325281e-01 -1.993932943200849295e-01 2.455928450116474093e-01 4.042887333487993340e-01 2.874099340517524137e-01
3.042449768652547015e-01 4.350990437502096908e-01 -1.945555550556721525e-01 -3.668740609377820205e-01 -1.901214591616925409e-01 2.038143231190138460e-01
1.729152866737880268e-01 4.035556971479937749e-01 -3.685446238601537416e-01 -2.426713247876163271e-01 -3.052270122098962313e-01 2.014683929116711791e-01
3.247005406277734263e-01 -1.475398482368999453e-01 3.569534057598908183e-01 -4.945936329868111381e-02 2.280073287166584917e-01 -4.909668052127920679e-01
5.270369265782827162e-01 5.151331289325529472e-02 4.511008634773503584e-02 -4.080123873105020449e-01 4.005214203793972527e-01 -1.714841913588879135e-02
-1.326991449570803783e-01 3.163152046385837579e-01 2.991336215495680739e-01 4.177862154782818749e-01 -1.987825373008316188e-01 -3.578596692801518375e-01
-3.584645608764048252e-01 -9.120333457339681316e-03 -1.326909883597261475e-01 5.720712504538174592e-01 2.653076795987395209e-01 1.097803903267020043e-01
5.236172140104767836e-01 1.248896186825445426e-01 6.326869175419326530e-02 -4.213671056253531777e-01 1.377450632135341635e-01 -2.635942354619691952e-01
2.830133380878243621e-01 2.604352464381459176e-01 3.937534666057964650e-01 -2.670936071320926253e-01 -1.612532082319439453e-01 -3.270524684549263039e-01
3.249573471238303424e-01 -3.761105061927408899e-01 1.348290052409287926e-02 2.070383539745750956e-01 6.168999049852568195e-01 1.852614816524508420e-02
2.298826305557648830e-01 4.106836850303334230e-01 2.031824253215521181e-01 -3.857693388505727405e-01 -2.999200644397321258e-01 -1.374272689109846124e-01
-2.215389382618908609e-01 2.480550414673405590e-01 3.106683724251182444e-01 4.528979126743226669e-01 -4.882937547096663500e-02 -3.653453678778767477e-01
2.420675729003253784e-01 -1.810740954677449721e-01 -3.590994713304583308e-01 -8.752158420238864700e-02 2.852959731997750659e-01 4.617963482297189892e-01
3.337431756437677643e-01 3.342598100513571313e-01 2.722129067255745771e-01 -4.158230032570530144e-01 -1.849917229426179532e-01 -1.383091863844422287e-01
-3.710322808030244029e-02 -4.453780813248501280e-01 7.038095601034330406e-02 3.125040147518861056e-01 4.868024385871260185e-01 1.642652148395677691e-01
1.796624639030481585e-01 3.373003517899075820e-01 -4.041672193303711413e-01 -2.012718468830274332e-01 -2.586517475562833956e-01 3.027487206163846922e-01
-4.115483844505378463e-02 4.421804472227177651e-01 2.377098931525044034e-01 4.259212645553555610e-01 -3.506285109196173311e-01 -1.538177174897287225e-01
2.421034343509017583e-01 -8.040132996100811391e-02 3.978789796357330433e-01 -1.561410627016751596e-02 2.593006198491287773e-03 -5.647702864117052357e-01
-1.031507045355355978e-01 -2.606335091989292474e-01 -3.220682570187199389e-01 2.122872749996273511e-01 3.257466776384525531e-01 4.240263466015792848e-01
-2.099359768761838718e-01 -2.144793321748746373e-01 -3.073306685308743180e-01 2.688946350968264842e-01 2.646089862621715527e-01 4.283293264224435903e-01
1.057913101690002300e-01 -2.908165697957468820e-01 -3.831273765281670851e-01 1.182416551481933198e-01 2.375803957347327744e-01 4.657787641776710563e-01
2.750807790373347439e-01 9.860390671118310357e-02 -4.721066064423207198e-01 -2.256582994589692026e-01 -1.983123162041275367e-02 3.853509687618685842e-01
-8.616539320779277589e-02 1.537176617672668666e-01 -5.234483161665696160e-01 3.017568551992267367e-01 -1.923229288950180083e-01 3.308187608093253740e-01
4.879143497379275773e-01 8.815566549643003014e-02 1.667941532451280295e-01 -3.821395336158671663e-01 1.519008794486138014e-01 -3.220235916856093450e-01
-3.234839063610134291e-01 1.116968618610322678e-01 -3.076112349182843486e-01 5.276552726724845765e-01 1.154279622294812485e-01 2.173155950344466403e-01
6.851517626433198394e-02 4.743688176790120115e-01 2.049956762044695957e-01 -9.970930433157274009e-02 -4.609671375082616263e-01 -1.062071114792987603e-01
1.229464769741727276e-01 -3.824210854660023418e-01 -2.619728608013305871e-01 9.557147615137312480e-02 3.479398407356392720e-01 4.205397960833838211e-01
-1.478752322500763994e-01 3.940868494000214772e-01 2.048715526681628707e-01 4.555870997830200331e-01 -2.752668441867343052e-01 -2.284860902769505486e-01
-4.102684555383128151e-01 1.190400805639499626e-01 6.321731627040352852e-02 5.704589567344240386e-01 2.076918241108595409e-01 -1.108936000528249199e-01
-3.828705321014422847e-01 3.474642042823692933e-01 -1.596835400556142689e-02 5.929019878940030575e-01 1.336700825844288620e-01 -6.244482922845789874e-02
9.819612438422316292e-02 3.002913727216739992e-01 3.836252249490985089e-01 -4.412068194738889837e-02 -3.849148174604244965e-01 -3.306845142899129120e-01
2.281009632358982353e-01 4.763400382664694233e-01 -1.309202860110229294e-01 -3.912615548212065031e-01 -2.754748136227299637e-01 9.527542505526506722e-02
1.511320610382196339e-01 3.789204170879416633e-01 3.662965255349212579e-01 -1.576763690886503477e-01 -3.138433464779262216e-01 -2.854056467590125323e-01
-4.098572777591975025e-01 2.674798699834557425e-01 3.772199159411384478e-02 5.758128522251735326e-01 2.202642771129602328e-01 -1.242196109868184684e-01
1.219429943842102182e-01 -2.605754123687245571e-01 -4.126378795475977856e-01 1.882138408020050946e-02 1.316679748557492702e-01 5.014250606632935092e-01
5.505113999207833508e-01 -5.719516018656668060e-02 -1.937256099498567419e-02 -3.198285571717047748e-01 4.142701568070080165e-01 -1.616005960668169816e-01
-1.157823038314766961e-01 -1.570650144443442031e-01 -4.325483159473685335e-01 2.347827844844389555e-01 1.954245266572699757e-01 4.351239967767540628e-01
-5.535429377640757598e-02 5.090046411230549905e-01 -1.642170464461928103e-01 -1.385749468934426853e-01 -4.807021865998651888e-01 -4.779231516710442940e-02
1.153348664852645589e-01 2.031331020023448841e-01 4.440453388931927536e-01 -3.599054809109708541e-02 -2.371186753961776195e-01 -4.409851641973696612e-01
4.960828680890698728e-01 -4.651825896661493376e-02 -1.665013602555286409e-01 -3.045234471734057369e-01 5.362558591826125376e-01 -2.720363889142410341e-02
7.661289877751414901e-02 -3.293934749738227641e-01 -3.296094657740401557e-01 1.658311013557739466e-02 3.535750360704587036e-01 3.983674826230650945e-01
-4.746820361424362172e-02 5.174914281790556903e-01 -2.144441966006113143e-01 -1.286628832151082147e-01 -3.329350929490654254e-01 3.053462959696493506e-01
3.149219293659760166e-01 -4.375066842814288870e-02 -4.468704267855848067e-01 -1.595203377150472557e-02 1.017017875200196264e-02 4.952627712055869824e-01
-3.813815052902704839e-01 -2.965942313447178166e-02 -2.433185209780281411e-01 4.356968966302400270e-01 2.115151454133664954e-01 2.803394901330296674e-01
-1.019807819612894711e-01 -2.141867260924675276e-01 3.605102434356765584e-01 1.013282621418085533e-01 2.113578209183636369e-02 -5.899047973374231812e-01
-1.434221930051007843e-01 4.959363849473148456e-01 1.051827368891816022e-01 4.331379272045943751e-01 -2.693007755044846130e-01 -1.811571241980388658e-01
-4.774317686524929827e-01 -9.585283449276342516e-02 -5.548588318079048648e-02 3.677108713224980785e-01 4.230190826661883174e-01 -1.839609845813985067e-01
4.944905724437865246e-01 -1.948399441421034550e-01 -2.345772789555996274e-01 -2.065087691702746642e-01 3.570829097580762168e-01 2.170653744766616600e-01
-3.809104328817095597e-01 -5.486715740392682922e-02 -1.955593946996430910e-01 4.522975347117093037e-01 2.335920083663285407e-01 2.761987980452974556e-01
3.786447962552889901e-02 -4.733974717219924799e-01 1.148248219265650266e-01 -1.238404166010034085e-01 3.933850409155665306e-01 -3.569162111859748299e-01
-4.903372969646094259e-02 -4.472142331504110890e-01 4.497960946193256537e-02 -8.946601803621959115e-02 4.703065424964711916e-01 -3.506475588619251127e-01
2.106123472849597347e-02 -2.502536189396487587e-01 -4.429777493194456683e-01 1.043055024337577047e-01 1.205225290664431737e-01 4.820062721446979337e-01
-4.225012694046386130e-01 6.111625756046709657e-02 -1.225448584958893777e-01 5.374134227543029274e-01 3.311315947298517637e-01 -4.734179026920190547e-02
-2.544294538865115446e-02 -1.749054234081867665e-01 -4.559580235651704561e-01 1.166694166835395008e-01 1.296922444356597981e-01 4.858616711165411051e-01
1.051499857504274715e-01 -2.013118167866757569e-01 -4.221314299784539315e-01 5.122543509195033595e-02 -6.302612620782896413e-02 5.667918282258481710e-01
-1.995046782312807077e-01 4.899992736921402470e-01 1.087904395228433616e-02 4.983299320164833457e-01 -2.213798811206992845e-01 9.434493421963388582e-02
1.902455464101208971e-01 -3.661250106390787074e-01 1.680124466549632878e-01 -3.241436611734498374e-01 3.981720815667430524e-01 -2.209010372553683044e-01
8.501158918119701424e-02 4.175028694710382626e-01 3.107447330154913256e-01 -1.319233982735764088e-01 -3.992616563151916709e-01 -2.238905825363268765e-01
1.445761653735984364e-01 3.000131157369561596e-01 -4.750654909643134416e-01 -1.454153673081091391e-01 -3.084799723382143921e-01 2.636097236853030545e-01
4.963394431357858738e-01 -2.009435435246225143e-01 -4.902649737998464319e-02 -2.491303542949658278e-01 4.398805114272702488e-01 1.343291998687443090e-01
2.303752242400272654e-01 -4.141570648973588176e-01 1.259380586892003551e-01 1.130078747415395185e-01 4.703424648780801798e-01 -3.255987472289076923e-01
-3.208913200692359857e-01 -2.020719769359555773e-01 1.620954431984081012e-01 3.488070964121660622e-01 3.261010493604988847e-01 -3.599555938230190044e-01
-4.021825963593277931e-01 9.849365971519195850e-02 -1.201666410109030192e-01 5.375793648327515939e-01 4.335451901609223557e-01 -5.243239382094593004e-02
1.683980729110253968e-02 -2.172839009895929097e-01 3.760892156758427474e-01 7.383060638731510361e-02 9.019216491111445300e-02 -5.737584130081473388e-01
3.331914030413324346e-01 4.334149204813962930e-01 8.056582122517487454e-02 -4.478678784195265772e-01 -1.697010063602598651e-01 -8.129083644999419989e-02
4.354732575823896390e-01 3.243421989000195294e-01 1.111129719761938250e-01 -4.114825791767657837e-01 -1.320333431395994683e-01 -1.616271519653395272e-01
-1.558385549944102111e-01 -2.685805387271032463e-01 2.675778489215505651e-01 1.898536547963669829e-01 2.567574657457447063e-01 -5.099289852261984501e-01
1.889247388970504218e-02 -3.745679832207160498e-01 2.399388364044681421e-01 -4.217876602970077604e-02 3.183488176123403512e-01 -4.784876461099147882e-01
1.806907945368459167e-01 -2.171784934112381271e-01 -3.878384701070538565e-01 -1.002380054689474831e-01 1.066323549761666878e-01 5.156135451067781483e-01
-3.889031433766503287e-01 1.482931016902732657e-01 1.486413312209076965e-01 5.350911635233491781e-01 1.993620292633149771e-01 -2.303395198163565583e-01
-4.292798642933267628e-01 -1.323381784006131823e-01 7.352317113599952936e-02 2.780116981856683989e-01 5.371565112115963547e-01 -1.534471049511412777e-01
1.040925507853938531e-01 2.305555292429900260e-01 4.116363302457232698e-01 1.365392334104593985e-02 -2.781115097425077565e-01 -4.445638204875666522e-01
8.455682672845751813e-02 -4.387324624599354128e-01 -1.827565935993253898e-01 1.745865982822901175e-01 4.199982477120566826e-01 3.216997549993129146e-01
-1.566640053153271414e-02 1.910090952400694542e-01 -5.046288904824582922e-01 8.907090149144558655e-02 -3.260303208415695764e-01 3.449005909264596381e-01
9.543043961430446032e-02 3.058264920396495667e-01 4.398154584772832609e-01 -3.856270458229156539e-02 -3.280267324397345141e-01 -3.219429856015452729e-01
-2.710265549847037936e-01 -2.893291664448336409e-01 1.502331185645855716e-01 2.029194852820265793e-01 4.022419651468226443e-01 -3.948398314746938143e-01
-2.464543207104803180e-01 9.425463177391286973e-02 4.208316499290348234e-01 -8.359043376328265107e-02 -5.276187972736712251e-03 -5.607838400918849775e-01
3.328408439020730941e-02 -1.820200912109935787e-01 4.026216693453118500e-01 -1.721808813255298887e-02 2.408601066649755651e-01 -5.021555788295427591e-01
2.747463217444781058e-01 -3.590863666812496025e-01 1.389645396832902557e-01 4.891939918646018293e-02 4.255647514622498129e-01 -4.383783600254799184e-01
-2.525123134166279981e-01 8.949763564869481214e-02 3.890417074622709581e-01 1.202211572014885710e-01 -8.277822330729431299e-02 -5.227646252103803626e-01
-1.499388759128108817e-01 1.330667939847283154e-01 -5.132464221866581688e-01 -1.356838092854514843e-01 -3.289996993082622279e-02 4.727818869154933878e-01
2.261897395564408664e-01 -9.397022984387103095e-02 -4.573046448785258455e-01 -9.609652504330365441e-02 1.699096113065390323e-01 4.518152554012875299e-01
-2.895949510864431198e-01 2.820055515014979752e-01 1.392263666154047730e-01 5.775965397434890125e-01 -1.410580836330501686e-01 -1.234446802453060266e-01
1.439375368121468268e-01 -5.887093617502315857e-01 1.351825958364378816e-03 -2.708222083478492026e-01 2.506306643640430210e-01 -3.500491904848212488e-01
2.929737569295144950e-01 -4.140407220097978569e-01 -8.432069447958315256e-02 1.937315832839044405e-01 5.764271405174368201e-01 -1.798424421123900330e-01
2.463744376968087998e-02 -6.666271257082014012e-02 4.735780744339700421e-01 -1.777731017923359635e-01 -7.271147073118812421e-02 -5.057040011550831826e-01
4.127620444870024052e-02 7.387710039658153260e-02 -5.565849300295454549e-01 1.372820133126978481e-01 -2.405456597444416977e-01 3.878308748835607167e-01
-4.356776817805811386e-01 -8.029269944299254058e-02 1.216600568767727542e-01 3.474007251201748914e-01 4.719756065516637067e-01 -1.643258288581122828e-01
2.715082407921788898e-01 -5.144873118896960140e-02 3.877924005741881786e-01 6.360232809217017391e-02 4.579989754754634768e-02 -5.855101400950755153e-01
-2.496554400200318991e-01 -2.189528930888587355e-01 2.554666059154681035e-01 2.775052088955020091e-01 3.381291594324523087e-01 -3.862196390622439912e-01
1.724146769503053234e-01 2.128638306829524762e-01 4.218153888444862720e-01 -1.067760862123489085e-01 -2.633864995806712850e-01 -4.119940262429448441e-01
5.161225961916627858e-01 1.893277019410390949e-01 -1.448440290419485965e-01 -4.507854255812544508e-01 2.991902563433418427e-01 8.541473098985757906e-02
4.194081572969014515e-01 -2.700038381258320630e-01 2.656856647320924789e-02 -1.753923660882387714e-01 5.321269152034344696e-01 7.947028614456520812e-02
4.928788771166048854e-01 4.573574677229772650e-02 1.168455159026713097e-01 -4.435783468301848775e-01 3.449389349937141414e-01 -6.625369184004858969e-02
-2.684569253233852759e-01 -3.373034324367947812e-01 2.080588387926591773e-02 1.541830703774005884e-01 5.279959556996138836e-01 -2.486981103857480724e-01
3.417314282481110355e-01 1.886502223776563847e-01 3.725091242863406982e-01 -3.061043117996749552e-01 -2.819185184063605631e-01 -2.265517358219473754e-01
-1.528416513219827411e-01 -3.585668411354949597e-02 -4.806061194296623595e-01 2.783097272302667569e-01 6.182827411943802448e-02 4.163699882273445008e-01
1.623741020636981780e-01 -5.067959878022141318e-01 1.046699447970367569e-01 -2.752271432607306112e-01 2.560878961798157549e-01 -3.712642204516893862e-01
-1.972462960187418290e-01 2.206803824518724089e-01 -3.507983926915475559e-01 6.376455401048237714e-01 3.642138707264971909e-02 1.678577984370851484e-01
3.670074192430436422e-01 -5.842064822952273973e-02 3.144828767475433828e-01 -2.112795116297749298e-01 1.681022398416243679e-01 -4.692719361637410769e-01
-6.094137932439611105e-02 1.232867501182087211e-01 -5.119154362964316585e-01 2.656382974785882478e-01 -1.637030214776221682e-01 3.886302791998063055e-01
-2.789562895747579874e-02 3.460509099861821536e-01 3.477139208909477142e-01 2.999380616451217119e-01 -3.045492046638411665e-01 -3.373003578823176585e-01
-1.305879130565056230e-02 5.405199250579254544e-01 7.521432057790959635e-02 3.871878126340341231e-01 -3.758216633845202770e-01 6.422572077973798255e-02
2.953984984327138238e-03 -4.937152347162463428e-01 -1.317490854351726637e-01 2.567197504787623874e-01 3.722875735041616396e-01 2.991129254423128825e-01
6.246208785492904925e-01 1.330862971513040172e-01 -5.961288227054049177e-02 -3.553456910360968113e-01 3.203815767853772090e-01 -1.273328994134992620e-01
-3.818708687779240885e-01 1.330013838299998370e-02 -2.787852044627143755e-01 4.937131922092445890e-01 2.127460062634212445e-01 1.611851330949937156e-01
1.770589477376360577e-01 -2.479582158595773633e-01 -3.741529980339792227e-01 1.101677415892371448e-03 2.318466187846129067e-01 4.853970933934966259e-01
4.708012150115711836e-01 2.719456688310873393e-01 1.667782237662772671e-01 -4.095105740320082455e-01 1.447040100303170762e-02 -2.316658005680870547e-01
1.495396558063810388e-01 2.025391812377017320e-01 4.325233074060222949e-01 -1.702940979553529965e-02 -3.029333875586828206e-01 -4.140888993208171609e-01
-3.778380598810751612e-02 -9.990313595848390738e-02 4.319853080095836240e-01 1.757914648367997212e-01 4.561907259037287221e-02 -5.340420676434722846e-01
-9.557420158925353237e-02 5.167726902344305095e-01 -1.135976066873624485e-01 3.922385117647968489e-01 -3.169199214909561579e-01 1.452370622514465026e-01
5.315415679838840779e-01 -7.200485042511682587e-02 -1.368256561807274785e-01 -3.332751693547981731e-01 4.297059715996562890e-01 -1.562746119908263176e-01
5.288429220818273435e-02 1.132104329255866244e-02 -6.569976008006108703e-01 2.374606600953534374e-01 -2.408228284529682628e-01 2.929260973766454335e-01
