# rod_radius=0.0025
# rod_length=1.0
1.215850002737026841e-01 1.680016500813937830e-01 4.754479505902610148e-01 6.663102323808553495e-03 -1.525290014232525970e-01 -4.647930072591622830e-01
-1.829644565510817333e-01 2.744027813243418712e-01 3.295101115133940439e-01 1.201246114937041254e-01 -5.428236245164366203e-01 -1.606715062858726784e-01
4.108195236068231671e-01 1.436445840484934511e-01 -1.495073329995926792e-01 -5.130872174340203040e-01 6.654512339620877182e-02 2.252619387215751834e-01
2.525215013155790444e-01 8.874679566668175479e-02 -3.681594494459118350e-01 -1.955698445710508659e-01 8.125266604385866787e-04 5.214931288540930465e-01
-1.384101105121115782e-01 -2.488971842628546344e-02 5.005681761813897124e-01 2.958846801827437201e-01 1.164425138801728210e-01 -3.890459170560011115e-01
-4.442427890895214726e-01 -2.743618973857206086e-02 3.023465704808235288e-01 4.960990574958317745e-01 1.738733773962481133e-01 2.806264871281438644e-02
3.110738991586223939e-02 4.999559766759187895e-01 -8.593669574214821139e-02 -2.420561270097849882e-01 -4.132975297822675809e-01 2.163044761101309554e-01
2.566684931655283664e-01 4.709054817680472516e-01 1.187432795433482208e-01 -3.599244915364822606e-01 -2.312866111363162114e-01 -2.372614337384507666e-01
-1.198173709785093216e-01 1.668246699936050681e-01 5.332206928379165101e-01 3.235823268864456148e-01 -2.143315370258697117e-01 -2.780232000720973540e-01
-3.566708951071716482e-01 2.932699504911363553e-01 -7.525271965963456489e-02 2.155899124694460323e-01 -5.086702579400906865e-01 9.623917581370083907e-02
2.271159901415658600e-01 9.912720511277235691e-02 4.192672662900929215e-01 -4.372526329566944758e-02 -2.656501743782917202e-02 -5.351155084008784035e-01
-4.399932721095822785e-01 2.524099415332821672e-01 -5.473340450399485912e-02 1.935082568059451891e-01 -4.887018908393196415e-01 1.675930779019786654e-01
9.026734018710276183e-03 -4.886741267672901068e-01 3.621912026100924248e-02 -2.497859082241496165e-01 4.772487461301666012e-01 3.922242324158836668e-02
4.064144262831823617e-01 2.287010766639613613e-01 -1.140306600644376833e-01 -4.564814581661580384e-01 -4.037778644176678866e-02 3.137628158443463988e-01
-1.464303434937228865e-01 -4.606308717836383182e-01 1.711971333088397051e-01 -2.201104311666474134e-02 4.878747873850896588e-01 -1.201048615668907915e-01
-4.419473729487167768e-01 2.670347861584392718e-02 -2.818088118909039541e-01 4.611381972164765308e-01 -2.240625692696975868e-01 6.683547988407118057e-02
6.189048768237349896e-02 -4.150587387088633951e-01 2.042209040396141539e-01 -2.588511004113891456e-01 4.403587027928103637e-01 -2.024556682408919783e-01
-1.858703182206548343e-01 2.024756555337361152e-01 -3.942484115539369727e-01 2.223033193031684618e-01 -2.337584931237856323e-01 4.076830376208773199e-01
-4.711479382121175896e-01 3.563160316254963128e-02 1.282874553398673789e-01 4.972260306767365967e-01 2.482717346760276167e-01 -2.234691625232848589e-03
-1.304713672930252200e-01 -2.411277778741462152e-01 -2.967011392595565455e-01 1.643297971803748259e-01 3.617985610837927135e-01 4.446301653647010133e-01
-3.106163296787134431e-02 5.810081007780254492e-02 5.426005797910014028e-01 1.383706197440944807e-01 -2.418089664126611416e-01 -3.962001646198606286e-01
4.680657827854988184e-01 8.508907133812076973e-02 -6.928392123422084936e-02 -4.563336088879547114e-01 1.240815921280105094e-01 3.101437372149215554e-01
6.653617692426190555e-02 -6.500700822528951428e-02 -4.626136102966649233e-01 8.198851343354476851e-02 2.422390446108694528e-01 4.888910341024068629e-01
-2.914301309353163338e-01 -2.757184534926336306e-01 -2.604509762112424132e-01 1.800056703820684390e-01 4.487814865051364399e-01 2.423890800486608321e-01
2.433867840725626938e-02 1.376394067771463114e-01 -4.415559675380359428e-01 5.335111057808095136e-02 -1.637187071676458050e-01 5.115135818334519691e-01
3.928025098319032349e-01 6.739280562513919395e-03 3.436312373171089840e-01 -2.049535313073560516e-01 1.096084462246369254e-02 -4.580357095370118925e-01
4.293863562135954992e-01 -1.934445682839794622e-01 -2.256493380113349934e-01 -2.780799623743387960e-01 2.739349807378369528e-01 3.044900448115214209e-01
3.349666291273386554e-01 4.171054870597163955e-01 -2.458592888468673528e-03 -4.616910455010572178e-01 -1.609593057437109787e-01 1.741133323341084727e-01
-3.984478959550998844e-01 -3.062880902100595937e-01 -1.217708809826902328e-01 5.046368866156478727e-01 1.230917188653871674e-01 -1.133533369538032853e-01
-3.335156137960927358e-01 -3.148804715251379838e-01 -1.244189136344460572e-01 1.044219558444532403e-01 5.472882273129823227e-01 1.302884082884120942e-01
-4.555452722087761919e-02 -3.318180361855063154e-01 -3.347794765613384405e-01 1.487392329862268631e-02 3.088156204730725385e-01 4.306856894155793869e-01
1.225467566959404508e-01 1.418996551928663197e-01 4.930935094800248386e-01 1.045310931870040705e-01 -3.431779263583500938e-02 -4.910928788372855847e-01
-5.018055244716871366e-01 3.579271876035180350e-02 -1.443802031725537061e-02 4.292634550615567202e-01 -3.286086412909602350e-01 -3.238806610210171605e-02
1.511651075574620973e-01 4.288080228670532734e-01 -1.385507202449150210e-01 -3.717429393206299060e-01 -3.350544530025054146e-01 2.397101586053395350e-01
-9.784515052114695077e-02 -4.528444701475079492e-01 -1.013514545565669389e-01 -1.412144381983683472e-01 5.107585777566455709e-01 1.624444342593811264e-01
3.830542637901097613e-01 -2.651526537067800948e-01 -3.407477765305071127e-02 -4.123912443321886556e-01 4.777041349724869823e-02 4.849103836181378191e-01
2.266935957849632033e-01 4.206150698213815264e-01 -1.136412023151347865e-02 -5.056916469206339526e-01 -2.588847406368806059e-01 3.213144108512505648e-02
5.028962181827136002e-02 2.436655755415613467e-01 -3.928368873866046052e-01 -4.561395513358935949e-02 -2.324474602628334996e-01 4.813020495478861349e-01
-4.424428488663458281e-01 -1.314361013485658147e-01 -1.918593843046391967e-01 4.162270189751651750e-01 3.419205760769857272e-01 4.659098280802159708e-03
3.109273173441489679e-01 2.944347781459126234e-01 2.083681090372326572e-01 -3.882255744982721635e-01 -1.891323369712729074e-01 -3.182703618378281973e-01
2.062337531266324533e-02 3.908861604574773718e-01 3.607085370648108191e-01 -1.308839714176437685e-01 -3.289392443060652482e-01 -3.167107648034961920e-01
1.318251174303334550e-01 -4.324607782047909521e-01 3.071568509141449632e-01 -1.967655201721299207e-01 3.108117351677705531e-01 -2.755730725880226051e-01
-3.181036325440430024e-01 3.824615279501958898e-01 -1.286193249117672903e-02 3.751864764589946111e-02 -5.520633567570600864e-01 1.139270864105984202e-03
-3.654034689955470983e-01 -2.108293132716438090e-01 -2.854623110012828313e-01 3.341969350596055710e-01 3.610226650541070725e-01 1.429587313516717528e-01
1.885549992730140567e-01 3.251768235687124142e-01 -1.508098642192359784e-01 -3.471057108567602856e-01 -3.625543604855078761e-01 3.391834235946339926e-01
-1.854444819336345252e-01 -4.613204950975943741e-01 6.471812896181039498e-02 -1.394914147400957982e-01 5.349547965457037701e-01 -8.246649366965105865e-03
7.950493809093860109e-02 2.821657243901679046e-01 3.755990165869871888e-01 -1.233480122440411691e-01 -3.461356368505391079e-01 -3.754589572096224681e-01
-4.923213527350976393e-01 3.405872139602995063e-01 7.699729652732760499e-02 4.039146229715523395e-02 -4.706745037882356653e-01 -1.639829558090593609e-01
-2.182802382410750919e-01 1.867678573976214174e-01 -3.728264168964989245e-01 2.558931316228169051e-01 -2.484399335107385642e-01 3.925191220887269128e-01
1.854179805587507779e-01 1.297129314138646961e-01 -3.678335976219225811e-01 -8.820018433086132537e-02 -1.023171674432500899e-01 5.655983136960902602e-01
-7.122090255646465473e-02 -3.042695081378977706e-01 4.170061329553585994e-01 5.160159223439181320e-03 3.318910923279793090e-01 -3.507605137650294802e-01
4.898777975950220354e-01 -1.648477715594837412e-01 6.018792558973452833e-02 -3.631472169942331352e-01 2.472739121707629717e-01 3.803504503866687037e-01
-2.001826589216595675e-01 -2.177149838981940616e-02 -4.178252352153206117e-01 3.612645260772622269e-01 -6.207028901221820980e-03 4.095409507908063795e-01
2.943723478772708457e-01 2.050438473705315512e-01 3.267453640955012006e-01 -2.204490714380077376e-01 -2.510030956795163415e-01 -3.991885805226771944e-01
2.712588758974152636e-01 3.643263485648193800e-01 -1.054321595192281441e-01 -3.829627022611720166e-01 -2.908015408734964113e-01 2.724587971756698979e-01
-1.230071165631577007e-01 -9.817661697205569415e-03 5.190640362093824622e-01 2.974571748514015512e-01 1.108917628293831087e-03 -3.881792550358579286e-01
-1.410291234381070014e-01 -3.440549231658178164e-01 -2.740480881629302479e-01 1.254810117299940131e-01 4.231862510955394785e-01 3.093157163113737784e-01
1.975797201471699294e-01 3.270720144987365047e-02 4.926210361029169094e-01 1.388808828878721757e-01 -1.064100937032443767e-02 -5.047131000435873815e-01
-1.791684498258341585e-01 -4.049997052405336917e-01 -1.473016845758157722e-01 5.990553824679448192e-02 4.994489741183940068e-01 2.059916986525431315e-01
2.561406042890960189e-01 3.334755348925162038e-02 -2.675711783551753542e-01 1.853028214536606433e-01 1.812974105663962138e-02 7.298005811747030336e-01
-1.375988743658248803e-01 4.709415813031422871e-01 8.447563824249780529e-02 -3.406043890185518341e-01 -5.075422542656398139e-01 4.762262545946698705e-02
3.878986622434220100e-01 3.722677304494439454e-01 -5.519663009299455997e-02 -4.406648623355554073e-01 -1.095846756450952753e-01 2.299362239911418582e-01
-4.125286896942426673e-01 -2.803908580129201855e-01 -3.358550745498563306e-02 2.630378385912297001e-01 4.568192521745066959e-01 -4.503624095795327742e-02
1.161966738598590732e-01 5.296758162256309799e-01 1.375548538504515472e-01 -2.704736741005598910e-01 -3.138601509821228319e-01 -2.351824719368217076e-01
-2.420997385325257267e-01 4.398217289615358738e-01 4.603655718203159691e-02 -1.278061789354556499e-01 -5.533021013006143018e-01 7.137506542673639764e-02
-2.707965246076297072e-01 3.771066539197046596e-01 1.418522473063127398e-01 7.462731198930144805e-02 -5.255712531323805115e-01 -1.147699832792773988e-01
4.477429247961762782e-01 1.401742971461594489e-01 -1.023880355366601005e-02 -4.520962621952367977e-01 -2.013583069406710280e-02 -4.159358585916373419e-01
7.879163338882795575e-02 -4.268558206705058700e-01 1.765330729243555219e-01 -2.950074457747143275e-01 4.322440438214092406e-01 -1.730690884626428783e-01
-1.322780993595927546e-01 3.110541621318351213e-01 -3.101484736806575659e-01 7.566522856523866247e-02 -4.026533218696974892e-01 3.587171328889642297e-01
-2.255787254620782722e-01 -2.585747995969016055e-01 -3.318937827001643970e-01 2.004227677617742842e-01 3.605954833853508013e-01 3.277658935289691766e-01
3.495697664912111313e-01 1.877952616188860099e-02 3.951205012808932104e-01 -1.668917157147425390e-01 -4.916328301723478511e-02 -4.584902484630862252e-01
2.594247398940003890e-01 4.579379642119897342e-01 -4.113381404002916519e-02 -4.595610478625761219e-01 -1.933497154959068487e-01 2.015260204294592183e-01
-4.314630266418387899e-02 2.179725301063246412e-01 -3.940487622629917919e-01 4.350407674269132080e-02 -2.507929838398960110e-01 4.850135817623795198e-01
-4.145928352242485571e-01 1.680666341546491471e-01 -1.368853756908036678e-01 3.764820270667016966e-01 -3.945691306804769427e-01 1.032011886557809566e-01
-7.114455987788284586e-02 4.518086493511744850e-01 1.517832730233031890e-01 -1.335912822019479362e-01 -5.361066915825288826e-01 9.925294682902346954e-03
2.134217279952064714e-02 2.579907694029709431e-01 -3.667204111558154955e-01 -7.491540660988341149e-02 -2.901528437110096892e-01 4.641063203644172908e-01
-1.529299050517538838e-01 4.622191657705628787e-01 1.685511234803005812e-02 -1.322392682575254386e-01 -5.175687077364587996e-01 -1.821112679216970731e-01
1.596216604103677661e-01 -4.145069885135277965e-01 -1.703904839081987199e-01 -2.785789995528004104e-01 2.989798358634532804e-01 3.763422963860641457e-01
2.307578563853918963e-01 -4.174491731970638719e-01 -9.208730426925440526e-02 -5.184828051754042377e-01 2.024879739063657480e-01 1.409714108760946050e-01
6.618483893814088026e-02 4.684746913875810215e-01 5.119685011773598277e-02 -4.045515627785700175e-01 -4.102530786433618015e-01 -2.782685692799686389e-02
-4.137027201000619825e-01 -3.032199218454917355e-02 3.840561517307791162e-01 4.506369697959418663e-01 1.249844243898066420e-01 -9.427095124511603030e-02
2.563189132698364125e-01 -3.334246250287354330e-01 3.100748767098298608e-01 -3.009476990402235042e-01 1.809794136992927682e-01 -3.417244848614766073e-01
2.526910789802446211e-01 1.507806506395309998e-01 -2.863029498817953322e-01 -1.772257839868735529e-01 -6.718896837290175283e-02 5.898595556638865922e-01
4.319436101163051100e-01 8.261837512088952840e-02 -1.670817097203913248e-01 -3.607258016599984574e-01 8.369083970756109603e-02 4.425690537941959213e-01
9.461728499839658357e-02 3.248086460900076466e-01 -2.479023768356834190e-01 -2.420984376301416885e-01 -3.508336504820850910e-01 4.079405992016676974e-01
-1.161820207996957649e-01 -2.629154291035351032e-01 4.379461754063387335e-01 8.679117874096205221e-02 2.744331992364916206e-01 -3.806247328779223116e-01
1.434490006937328421e-01 3.808675773409829768e-01 -2.202045551416565994e-01 -2.465243058848936575e-01 -3.611696110634589063e-01 3.250491758689284527e-01
6.434767503405629252e-02 -2.605770575556249150e-02 5.160639779114347681e-01 9.445089779991393264e-02 -1.359658423233686686e-01 -4.774218033130886996e-01
-2.883749123179874529e-01 -3.120106560546087038e-01 -1.953241871661342555e-01 1.915340104364275930e-01 4.879283608130778327e-01 1.649326589221198347e-01
-3.659170728215921931e-01 3.047539039576376840e-01 1.727127350339116574e-02 2.016871771501952959e-01 -5.177460156218254284e-01 -1.905086445324898764e-02
-1.838244383583284847e-01 3.079721254911269024e-01 3.509824192363234507e-01 1.823312110701348632e-01 -4.208220264329813332e-01 -2.276272285512329629e-01
-4.726345299281372592e-01 -7.478902048515001511e-02 -1.744449144857702916e-01 5.235309111117407710e-01 -1.254028306918248681e-01 -1.030820649477379863e-01
1.960946519246115627e-01 -3.023754254352126747e-01 -3.204120148282049163e-01 -1.910735184390399133e-01 1.731277747907549180e-01 4.695231182252161961e-01
3.807342391690028693e-02 -4.115150286902226617e-01 -2.150915713207431634e-01 -3.572657807755725834e-01 4.154611795592460521e-01 1.846799437005931799e-01
6.315187949101130904e-02 3.338685171562530765e-03 5.538957623819910081e-01 2.340139946722339381e-01 -2.153797284275537349e-01 -4.068166780227767676e-01
-2.464325398776643639e-01 -8.678962240635492895e-05 -4.197996810956373115e-01 5.029558738783119765e-01 -2.626867657721630375e-02 2.418131317517160928e-01
1.381157278551609080e-01 -4.297530881424143079e-01 1.759007930436517209e-01 -3.287954544027471004e-01 3.869276973342029580e-01 -1.632546912343088297e-01
4.921104862438404060e-01 -1.415118477329731228e-01 -4.584455312667721355e-02 -5.061792875108790390e-01 -1.448291006348007282e-01 -1.042099833909763268e-01
3.201477859596365549e-01 -6.481214636639083537e-02 -2.725701119044691145e-01 -2.474157052959865544e-01 6.094149283153632579e-03 5.477005633186474709e-01
-2.417447765397067461e-01 4.432703434307155299e-01 -3.077631461127386739e-02 -4.684436913789313817e-02 -5.189518016301071235e-01 1.593351651819151227e-01
4.019746605186978461e-01 -1.448122937830559620e-01 1.775809511989446532e-01 -4.396964173333871018e-01 1.781264460040176967e-01 -2.552011730299174053e-01
-2.595781567689249836e-01 -1.304763523677169301e-01 -3.149238791873256171e-01 5.203630681049533635e-01 7.451011224727979720e-02 2.764070223110480229e-01
1.177710840816797045e-03 -1.926350050589338558e-03 -4.747231865484252133e-01 2.569734841171794071e-01 -1.235194521285714886e-01 4.843303259841139075e-01
-6.459269924268532491e-03 2.610952673206747288e-01 -3.928539233827146315e-01 4.396365223540341094e-02 -2.620351554139457861e-01 4.579057898914724589e-01
6.117215040210510074e-02 2.414878892605106520e-01 -3.913798008130158212e-01 1.752962046377375127e-01 -8.813720532085170256e-02 5.458090794384787836e-01
-1.700544672193301798e-01 -3.699770732252099514e-01 3.194136540120428580e-01 7.304394261743485384e-02 4.062714003163821475e-01 -2.622576195258415344e-01
-2.029528546277183654e-01 1.108029275878419199e-02 -4.192044279741881652e-01 3.807439586397747266e-01 -2.594781405769830407e-02 3.919225346444640823e-01
2.319059969251141273e-01 -4.185282912955660684e-01 9.585139233416486992e-02 -4.864562351354662084e-01 2.708219634706959256e-01 2.299643004553403314e-03
2.676719065805162057e-01 -1.922084173239007876e-01 -3.228483957316010122e-01 -1.845375054370018142e-01 1.921510830092970912e-01 4.819959508264058390e-01
-2.639937428135945008e-01 -4.028234840234932723e-01 9.590596396608419560e-02 -5.455507960745156759e-02 5.730121705518023134e-01 3.361453908249181777e-02
-3.846817322728908195e-01 -1.642747691482473460e-01 -1.536873861349337123e-01 3.529368292588007661e-01 4.462804773210694576e-01 1.346546827567042248e-01
-4.855961390310292169e-01 6.242114023576950110e-02 -5.348726148834480332e-02 4.257340868261335065e-01 -3.387085871699545558e-01 3.909870521580724456e-02
3.468210423288823896e-01 1.135552128718002735e-01 -1.763663141380042709e-01 -2.964805060462326058e-01 -7.903363603562847672e-02 5.646280536777648074e-01
-2.674834647318692915e-01 -2.111911006909051869e-01 3.764736436163698130e-01 2.782904277871159349e-01 3.114562742650985872e-01 -2.784848128495908126e-01
-4.359218801641110419e-01 -1.694972166996894514e-01 1.569671896842796399e-01 3.812201846572993436e-01 3.735602344314815637e-01 -3.633943376747392207e-02
-6.790883972410638285e-03 -1.126274237891232710e-01 -4.322568673164793318e-01 1.668652763346546164e-01 1.657511928059427486e-01 5.123853315133337638e-01
1.595930225280671744e-01 3.353080105392513000e-01 -3.030001244311829600e-01 -2.165468809855324861e-01 -3.206387289544357921e-01 3.514100282501311234e-01
5.517882126361035346e-03 5.366903042191699912e-03 5.660134428717412680e-01 3.564457808602685129e-01 -5.773390584570206596e-02 -3.682605521682030814e-01
-2.177232990974493909e-01 1.682182335589069710e-01 3.666533739565238093e-01 6.074719653798499319e-01 -1.650998267157244292e-02 -1.671333452605670566e-01
8.064807951616322079e-02 -5.550244575238442168e-01 5.508182930844763604e-03 -4.110904102324423603e-01 3.141002232301811636e-01 5.856991117233511374e-02
3.393135857915096087e-01 8.652063012276062226e-02 3.287442994869435031e-01 -2.524883146312280058e-01 -5.694682775134390917e-02 -4.644691643342262477e-01
3.677101219880069549e-01 2.023146836981930818e-01 -1.458684603296250826e-01 -3.894278758334437929e-01 -1.935360960441097899e-01 3.737893236324125734e-01
-1.420280920757920895e-01 -2.088966897859604044e-01 4.926517114393202945e-01 1.609758130703115020e-01 2.513658503374959219e-01 -3.418223909900569568e-01
-1.635887260634191487e-01 1.037771505807136563e-01 4.918548915504243335e-01 2.699380628183676301e-01 -1.626120749482772021e-01 -3.690117089423065599e-01
2.044021776991979955e-01 -4.625559490344095526e-01 1.347950767920390869e-01 -3.699872229153150505e-01 3.124190141718737879e-01 -1.288156643872998275e-01
2.431985063680965412e-02 9.131648887734358788e-02 5.666075894908417787e-01 2.407018402523050937e-01 -2.747744308347512820e-01 -3.384649341636950526e-01
-3.723634089912010448e-02 3.415978871908318948e-01 -3.094851956605197962e-01 -4.311172296272881149e-02 -3.804220170341233165e-01 3.823621413933949720e-01
1.928863120383479401e-01 5.018129329472410527e-01 2.738725423136573883e-02 -4.642754143231593300e-01 -2.472208259183881207e-01 1.115709431811245100e-01
2.071184392988424106e-01 3.037467794132006071e-01 -2.838913891665392208e-01 -2.317674540488416646e-01 -2.593088473744336042e-01 4.163568052354096327e-01
-3.968037080880680301e-01 -3.568782584315377060e-04 -2.893963031532720831e-01 4.801844876300888632e-01 -1.345783917952781683e-01 1.719888828625879551e-01
-4.206568312427032552e-01 2.967654361716595135e-01 5.853126076716778925e-02 1.496083466091797654e-01 -5.058280866713811275e-01 -1.165152016933970053e-01
1.013761215326727666e-01 5.065326097666698058e-01 1.030124021393488826e-01 -4.309587634205382378e-01 -3.191979271227044501e-01 -8.350475715232931473e-02
1.011876083061252207e-01 -4.552623180234861566e-01 1.208028538074567143e-01 -2.982565446386760688e-01 4.382946509742041696e-01 -8.413692230706674990e-02
-2.971518682151713109e-01 2.465092619748312786e-01 2.997972885658571340e-01 4.190597686177661152e-01 -2.940718919045094415e-01 -1.415788631863247882e-01
1.800086991645393764e-01 -1.114667571277219299e-01 -3.985249355887318656e-01 -3.697612679681325232e-02 1.537437827366177068e-01 5.409328627435758818e-01
-1.202745319219196418e-01 -3.769804936767985337e-01 -2.571935108810946002e-01 -2.256303277700073828e-02 4.983662808231380525e-01 2.163257467076645790e-01
1.910252351648327185e-01 -2.340852277818321336e-01 4.014543952654474612e-01 -1.064101255174187965e-01 2.100911745762162608e-01 -4.436725359135795799e-01
-5.091734781170151880e-01 -3.766585755209682362e-03 -4.737339617887852128e-02 4.571485122973978354e-01 -2.528892501340253007e-01 -1.118692017349551537e-01
-1.249066925854166177e-01 -2.230522785030935595e-01 3.677456719457569134e-01 1.396236443493224233e-01 3.286458341455607557e-01 -4.232365613193818099e-01
-2.888453673472461958e-01 6.602862452994447129e-02 4.468975418382815645e-01 4.733186356803238404e-01 -9.095810404149044792e-02 -1.811639197571810467e-01
-1.844481354235231463e-01 4.115890146223153967e-01 -1.969865252617157003e-01 1.382129072417320748e-02 -4.619694995426513739e-01 2.475185444337364704e-01
-4.531662995154979723e-01 -2.656357344973516721e-01 -1.582278805071316800e-03 2.522515863067197883e-01 4.411494331255051415e-01 5.171249758476537117e-02
3.276613152279665708e-02 -3.666020824368946829e-01 2.616479079179514500e-01 -2.204682579484623650e-01 4.164165094138495005e-01 -3.064667185485711043e-01
1.163331969083162831e-01 -3.472090903980215026e-01 3.745773319236704868e-01 -1.736553058774362723e-01 2.665830364473629199e-01 -3.597018338400717052e-01
4.010247593235873320e-01 2.215486737828578911e-01 -4.749913050491508248e-02 -5.763513173069805262e-01 1.529316994746326985e-02 -6.518043502040035686e-04
-2.460598319570365400e-01 6.554360494554103966e-02 5.324502362342710127e-01 3.910314519731079574e-01 -1.296894363568192043e-01 -2.132030045714475852e-01
-4.811246065956392703e-01 -8.070061644898177122e-02 2.047794030316207603e-01 5.089040625644276616e-01 -1.288887075895936152e-01 7.241195192157215410e-02
3.149532979018644374e-01 3.201481324174647036e-01 -2.186374143558323657e-01 -3.659369339890655715e-01 -1.252311859150008200e-01 3.627624092743642059e-01
4.234479233724254277e-01 1.434389173221671809e-01 -1.415249772036038800e-01 -4.375291116470936270e-01 5.998794277427529908e-02 3.602264353664106356e-01
-1.510763717936656481e-01 4.119271130166780592e-01 -1.851517853199241281e-01 -1.474860401693753320e-02 -4.759981456487907270e-01 2.541698221123473989e-01
-3.666026513969852102e-02 3.708283162784044573e-01 3.456959872719522764e-01 -1.011154254467031693e-02 -4.752490507741016779e-01 -1.867025986484754929e-01
1.984064368028780057e-01 3.978551475830024303e-02 -4.026754448687269727e-01 1.265549754740102895e-02 -7.094914720429931765e-03 5.788024274735882324e-01
-3.324254479575425303e-01 -3.272709740640877274e-01 1.670877574032737234e-01 4.593870536552169259e-02 5.640691054345168265e-01 -8.261893085225119338e-02
5.275464251800276132e-05 2.441150332124329692e-01 -3.758346858243052924e-01 -5.294320481258275868e-02 -2.886916001583746949e-01 4.687412549397559913e-01
4.339995830105986552e-01 5.727718782902387756e-02 1.286768753891621153e-01 -4.365787492662031588e-01 -2.178526887344556934e-02 -3.569593004774146427e-01
2.287811383886503847e-01 -3.888769119586508727e-01 2.096505468188623045e-01 -3.413555718884270784e-01 3.110917339246558888e-01 -2.204517972513854729e-01
-1.461943709459075924e-01 -4.378900487958990451e-01 -1.683609122477242870e-01 -1.202388424341346573e-01 4.564736154041942329e-01 2.782260856577872810e-01
-5.767754126156365152e-02 -8.344630221327548752e-03 -4.567350557294835856e-01 2.620006546942398873e-01 2.316747112371225423e-02 4.902669709311053836e-01
-2.902714837386292657e-01 -1.111666920201022507e-01 4.005996632118712375e-01 3.204489100140071600e-01 2.445629693945515215e-01 -3.068443336136306154e-01
-2.253152187071574553e-01 4.019740837741836992e-01 1.627567065257515266e-01 -1.138855560127008254e-01 -5.748974959191868184e-01 -1.974081964701235314e-02
-2.592529151125539388e-01 1.411997414091935021e-01 -3.003719977724993995e-01 3.856656216629913980e-01 -2.595709519865220805e-01 3.503682977666711662e-01
-4.349028873593795419e-01 9.012547676738168201e-02 -1.253025366960299203e-01 4.116492418566939371e-01 -3.690493663523189416e-01 1.439704771128749172e-01
1.176066645185134540e-01 5.212605039802971352e-02 5.327995629471705685e-01 1.392186826007891509e-01 -2.159110439053384956e-01 -4.303665892570162077e-01
3.359873430680274109e-02 1.518789935830078819e-01 -4.262995370905788284e-01 1.072006673492207907e-01 -1.101031052393849907e-02 5.575956961837642556e-01
1.426720733250339823e-01 -1.950241910471705031e-01 -3.433464646218804539e-01 -1.598295830505880311e-02 1.547113102759711811e-02 6.212883369082603524e-01
9.951986990965736024e-02 -2.235921119915398048e-01 4.412037009782140973e-01 -1.008878024735331558e-01 2.213745373776750125e-01 -4.316315903563457401e-01
1.920719221601583371e-01 2.659997474576361598e-01 -2.904818912501898609e-01 -2.448029099641153006e-01 -2.371093544244420870e-01 4.551866763184024833e-01
1.673128341030960253e-01 -2.627677321405911259e-01 -3.334573142639306043e-01 -1.662668727044801786e-01 1.612675831260924619e-01 5.085157438637364358e-01
-3.507209930994787395e-01 2.256124479797307070e-01 -1.089745868891306702e-01 3.609395864316450875e-01 -4.431236032004791658e-01 1.062725115659352570e-01
3.914298413337862215e-01 1.089966122797948744e-01 1.798788463594414855e-01 -3.976731765129609686e-01 -9.247320912998840958e-02 -4.004024115545689044e-01
-3.699566021440083285e-01 8.177577021863029205e-02 3.094934383825966306e-01 5.685311208949723749e-01 1.292504403236563459e-02 -2.888559644186400321e-02
2.110618194970766692e-01 -4.800328686499504283e-01 1.901749186358350080e-02 -3.867349751794800783e-01 3.170276537980755149e-01 -6.661845753451961505e-02
5.442712371791354892e-02 -4.021775309629964656e-01 -2.463223738136420538e-01 -1.556212734384258556e-01 3.359292981177375292e-01 3.948312581002985100e-01
2.031114008507121926e-01 2.015423099970215515e-01 4.020227849508467011e-01 -5.282092099587634704e-02 -6.278749992290894033e-02 -5.278311811222715644e-01
-2.845246857909631277e-01 -2.252092843337908101e-01 3.047435782106492352e-01 2.681748923157447617e-01 4.204886709576834969e-01 -2.221314799322434697e-01
-2.253635891285863946e-01 -1.857195612114664190e-02 4.863305467077879696e-01 4.404275483427246285e-01 -2.769655145028154103e-02 -2.597518234261920744e-01
2.956349913414341724e-01 3.510885253058267930e-01 -1.703426255481548524e-01 -3.509894543700798342e-01 -2.239827047112660230e-01 3.308259155783861427e-01
-4.041484966054824102e-01 -1.019653104527142029e-01 2.812971832334512090e-01 4.020503934727485684e-01 3.221945982121745544e-01 -1.311730842016957110e-01
-7.479134195000849972e-02 -2.019485107726153028e-01 -3.884359771882204826e-01 1.582104238884941005e-01 2.958139255523533073e-01 4.469936931610981046e-01
-1.291373045693197108e-01 3.877842504182839600e-01 2.543800065916974606e-01 8.541343561836833853e-03 -4.856620359290560462e-01 -2.126704989372203425e-01
1.717556098484348537e-01 -3.780593842934938387e-01 2.423812671248615491e-01 -2.707382884000298362e-01 3.209515832530941415e-01 -3.193863158331269325e-01
-4.404250323944464141e-01 2.214333689278467077e-01 -1.448755290190142757e-02 2.701004991649263998e-01 -4.814937787334244712e-01 1.786818975779409790e-02
-2.167398891346913326e-01 -4.579530035616343614e-02 -4.265012242354651595e-01 3.640463289524186186e-01 9.374132834217403787e-03 3.856833006857648960e-01
3.222856582584799900e-01 -2.110259826069346423e-01 -1.782468409229814033e-01 -3.371007232620945038e-01 5.547457579954448437e-02 5.247375488284826694e-01
-1.736030959161490028e-02 2.100088548346721457e-02 -5.068205921338216902e-01 3.039876907521962823e-01 -9.024158315710725797e-02 4.335838824651588874e-01
-1.614943928237956849e-01 -4.673371165542042349e-01 -2.783677700054941820e-02 -5.751166473224600395e-02 5.211473535095765275e-01 8.209977152343071738e-02
-2.520690959592062352e-01 -3.453417200612221016e-01 3.167641975023091083e-01 1.681560266337479570e-01 3.897999593015607500e-01 -2.151921518398187683e-01
-4.254147851126058311e-01 1.828268988920573879e-01 -9.064578523663707754e-02 3.541591925334540147e-01 -4.096969562746618498e-01 1.122825135180445244e-01
-3.012362553557942912e-01 1.286820537717922597e-01 -3.200822253429183029e-01 4.052929924347317692e-01 -2.798602024838603985e-01 2.577669304668777084e-01
8.382130902470590061e-02 -2.274264760029054699e-01 -3.979539964044715439e-01 2.724247843127668850e-02 3.654307038214224534e-02 5.649161477530635356e-01
1.602933776881256545e-01 -1.989491709497009653e-01 3.995598423838618851e-01 -1.558304842109543287e-01 1.932485035049887057e-01 -4.642958678422988150e-01
5.271460077468055339e-01 -6.367174686368125280e-02 6.367791789929794222e-02 -3.446545171453960776e-01 -7.761562305203299761e-02 -4.259846323478346797e-01
4.686464258834487917e-01 -5.713159906045511133e-02 1.916060407719762382e-01 -5.115819020209861900e-01 -2.302804468608520283e-01 9.583599493785199819e-02
-4.519473909409329471e-01 -2.234315650136904641e-01 -4.116397402108041420e-02 5.397866133655997434e-01 -9.725908852443324037e-02 -6.449144449471336249e-02
4.836085763587561481e-01 -1.016944082202903693e-01 9.283208554535654633e-02 -4.107988393851083608e-01 -5.334507542640287703e-02 -3.518000283204412715e-01
1.572897117525652588e-01 -3.569332813755112244e-01 3.033912787479696171e-01 -2.408418427253678218e-01 2.996208773115499047e-01 -3.372551932158663335e-01
1.946867923556040159e-01 1.731159119682161573e-01 -3.368597301943794253e-01 9.209223574471146756e-02 -2.315598253660614003e-02 6.383077940707092557e-01
-5.213425702280354290e-01 3.356999977644855443e-02 1.219815061061046702e-01 3.769562798295597039e-01 -2.733561140554766067e-01 -1.924314971765749560e-01
5.583939288730589007e-02 1.573519656201319561e-01 -4.246972174059708838e-01 -8.804708283318765649e-04 -1.830556703024141252e-01 5.138684427722091108e-01
-5.529107052164255022e-04 -5.245154071231729054e-01 3.453543031231179339e-02 -2.185822738510847796e-01 4.441975492782481716e-01 1.531035748800055885e-01
2.592637080877107647e-01 -4.134219189122849136e-01 -1.212521657431506021e-02 -4.994277094150856855e-01 2.340625828883314274e-01 5.964631633118321064e-02
2.692773671969177496e-01 2.954591706325662703e-01 -2.713018518396150269e-01 -2.838636352021559617e-01 -2.172328800858885356e-01 3.853425668491097800e-01
-4.382319858694282422e-01 -1.218575913676904487e-01 2.648797500589004650e-01 4.193010319769195915e-01 2.812051111534779047e-01 -5.477253155295885856e-02
2.270700212671994123e-01 -2.523981950947178921e-01 -2.706369253971008804e-01 -1.166907215331352832e-01 7.648708440403878539e-02 6.089442389296408908e-01
-1.362690874792517326e-01 2.555652445081389446e-01 3.878229599953783580e-01 1.514862982062350205e-01 -3.777154227158311950e-01 -3.306145352186173336e-01
-7.100739716947293556e-02 3.333795582634422328e-01 3.787537073124042641e-01 -3.213199376361713239e-02 -4.090439214164173221e-01 -2.900482662418618074e-01
4.579623610009376893e-03 -3.540989644636610700e-02 -4.969264815256594914e-01 3.339068037422119328e-01 8.928943307168006605e-02 4.390188617737885157e-01
2.072369584979013024e-01 -3.161763604020374069e-02 -4.169696759858235180e-01 -2.545681992717818698e-03 -6.693884138269462492e-02 5.601401725992458669e-01
-3.171879432922723452e-01 -2.657428192961442392e-01 -1.379978260293595327e-01 2.598751467765106349e-01 5.161249258718056954e-01 9.797043273917319106e-02
-2.571189327624268661e-01 3.136196863333834961e-01 -1.787285273146214104e-01 1.146556136380887381e-01 -4.983967630209499844e-01 2.711747652124194552e-01
4.052114562805739229e-01 -3.117767284505255088e-01 9.673863097779447640e-02 -5.003813834450878684e-01 -2.704047859562352940e-02 -2.176287920421154654e-01
-1.954981847174875054e-01 -4.523718561884545464e-01 -1.386996142314104452e-01 -2.128543656648885229e-01 4.848705847064362917e-01 2.095465199442730075e-01
-9.302524937731151966e-02 -1.453558655117465348e-01 -4.625920800622924101e-01 3.815703738537440382e-01 1.709507830806346884e-01 3.588147000814934651e-01
-3.054967824518730057e-01 -2.310468819778682126e-01 -3.410975058573423868e-01 3.516988220406955246e-01 2.749810126875546490e-01 2.174986875204206194e-01
-2.506870512693654685e-01 6.227875879331995490e-02 4.752264139683281541e-01 3.312492126211852850e-01 -3.251575694211270018e-01 -2.397863665809530365e-01
-1.244549455902578816e-01 -3.997431505076475267e-01 2.968431353881325063e-01 2.570377716474087082e-02 4.210621865208028503e-01 -2.542747800221717980e-01
3.873055546602934274e-01 -1.384878126151929123e-01 2.137907034304995235e-01 -4.044608388687865319e-01 6.037553477901089205e-02 -3.637552662906355927e-01
3.486828003926231712e-03 -2.638546082922547109e-01 -3.999418702850707774e-01 5.855406564089406934e-02 1.612857530354558921e-01 5.035088879243501125e-01
-2.899634889233605461e-01 4.035356966851377791e-01 8.019868170545917108e-02 -5.688194670745014281e-02 -5.596282224400669358e-01 -5.392163582186028370e-02
-2.694161809335864355e-01 -1.939469531736341401e-01 -2.714636366221971908e-01 6.810519906498325726e-01 3.201364920190499785e-02 -5.803434861102482745e-02
5.152074828226081704e-02 4.012259601892336769e-01 2.735265941329056982e-01 -2.789562632704604694e-01 -4.317035743130918646e-01 -1.703352485489381674e-01
-1.404185303901251403e-01 -2.495899907522717842e-01 -4.111399582062676972e-01 2.034534768367839419e-01 3.049629268357786915e-01 3.466351431531775606e-01
5.264615637414409716e-03 1.276157870144008222e-01 5.112005312691034753e-01 8.102911223642171590e-02 -2.853148677966951263e-01 -3.964051184336616629e-01
2.095221393620609884e-01 1.751482364574998563e-01 -3.649635753498594037e-01 -1.343221751798049923e-01 -1.680143236776790727e-01 5.091133919011396891e-01
-1.717114388144577175e-01 -3.716449744259167076e-01 -1.769378883584854234e-01 3.833780903280531449e-02 4.952400249577968427e-01 2.751569151089929832e-01
2.136474293665188706e-01 -3.370743601213299634e-01 -2.776070576089577080e-01 -1.953457642012619289e-01 1.928892901301709761e-01 4.652678289145621426e-01
8.494167823599928224e-02 -4.817257131491503030e-01 -2.865834329150373713e-02 -3.503694927893288291e-01 4.076103147987416020e-01 1.112902678999756201e-01
-1.746000072218369115e-01 -3.147147593984911396e-01 -2.480776207968525271e-01 2.528330110297304367e-01 3.753363380925457404e-01 3.359861580490632327e-01
-3.308287589886054203e-01 2.807613645405678815e-01 -1.643880898682014979e-01 2.562640627916168423e-01 -4.490390023084820381e-01 1.859166962268905265e-01
4.161553032451911216e-01 -1.711350507887242703e-02 -1.802027479291055112e-01 -3.302516656644944870e-01 -5.917787208713302938e-02 4.839562885909510781e-01
2.651489939416086239e-01 2.142593904871567534e-01 3.633008224630757677e-01 -2.017173768874572781e-01 -2.965829825451840596e-01 -3.585550230515143766e-01
-1.843891734237456392e-01 -3.849219365175718943e-01 2.416280779684897850e-01 -1.993828409364237220e-02 5.208706437610546303e-01 -1.488789085384430444e-01
2.952417930391558198e-01 2.197710622493013466e-01 2.724998400974630863e-01 -2.914201940326362483e-01 -1.805627954168183835e-01 -4.314607520745273872e-01
4.102412294070532095e-01 -1.969645414059805477e-01 1.260100616427599074e-01 -4.465201725565508539e-01 2.791343156751541210e-02 -3.380910021102672136e-01
-4.140596757737702860e-01 -1.788415625666461284e-01 2.607202845833776483e-01 3.561648152641306297e-01 3.344497586373092468e-01 -1.178114221230809333e-01
-2.943651448812859561e-01 1.787248999970280083e-01 -3.430721206199376372e-01 3.442668615338312366e-01 -2.758727963508412762e-01 2.778063657664180397e-01
-3.894403033498290978e-01 -2.287105689590200330e-01 1.951362050754410771e-01 3.186982117680519644e-01 4.106522061855445993e-01 -1.044553254558534261e-01
-2.797042883477487418e-01 2.798225118135795886e-01 3.519576961515354374e-01 1.863416875466208933e-01 -4.429891193236503155e-01 -1.582819477859007118e-01
2.505596665824253999e-01 4.476503376981606497e-01 3.302718070738124012e-02 -4.252755587227713963e-01 -2.647136298486726380e-01 -1.561402741510274361e-01
4.421070780938059497e-01 -2.392473016676306408e-01 4.980674762671331857e-02 -5.378522325339076815e-01 -1.139054665321887205e-01 -1.050130633760649884e-01
-3.849330060557254463e-01 -1.081336332541794482e-01 -2.204843226257714173e-01 4.113470971413087929e-01 3.028435420250939480e-01 2.234027786195676712e-01
-3.205074072455158518e-01 -2.974630434994144923e-01 -3.545930741079342946e-02 2.108414234385608266e-01 5.394405480987540802e-01 9.592105071305279118e-02
5.190056548927439728e-01 -7.775637121419720632e-02 1.961744148925937889e-02 -4.406861819624393606e-01 -1.372025894960307579e-01 -2.550782545190925510e-01
-6.721093001869413164e-02 5.679694515954545470e-02 -4.454212485214433248e-01 2.022966477726643453e-01 -1.517089674720613901e-01 4.947334993316405138e-01
1.125159814129548554e-02 -2.068436220480265042e-01 4.886866587506834558e-01 -3.560313585138048104e-03 1.938222038574796413e-01 -4.274178676121475617e-01
1.393945678156328083e-01 -2.490519854298273439e-01 4.305775412024363535e-01 3.111790876000045114e-02 -2.711437269062108579e-02 -5.384528304347855343e-01
1.473527508345787163e-01 1.535605837410645991e-02 5.186615438418010759e-01 1.765007461886197171e-01 2.278108465853013326e-02 -4.808859854690948898e-01
-3.240270021239933795e-01 8.063557033852217226e-02 -3.386216369483766031e-01 3.960609074039511679e-01 -2.377114981933602100e-01 2.779240195190350593e-01
2.186548507312661982e-01 1.282871487178737224e-01 -3.809795800104016084e-01 -1.611907511553174188e-01 -9.656727705879028512e-02 5.163262797364662759e-01
6.230208029745551435e-02 2.158994565342221145e-02 5.073951280385469165e-01 9.450718974914118498e-02 1.388205208826560344e-01 -4.851872731537308914e-01
-2.562416296525020787e-01 2.754669840498913391e-01 -2.977543076604038941e-01 1.993191571417078922e-01 -3.849730203907092418e-01 2.991404653690973303e-01
2.125164692886339080e-01 -2.904661793747405074e-01 -2.551923129870094509e-01 -2.322504906046702622e-01 1.961032672836178214e-01 4.967601622172729825e-01
-3.825299424408213911e-01 1.903653970803554085e-01 -1.447397499573698232e-01 3.588591759099298839e-01 -4.100979627931953253e-01 1.549032520307667693e-01
1.395437585394647684e-01 -2.169793921564379946e-01 4.088945884584578860e-01 -3.099831578649037134e-02 4.956682149162436324e-02 -5.397194093691526362e-01
-2.352003168832341728e-01 -3.193321454081620714e-01 -2.095677039327077940e-01 1.578328586478740525e-01 4.975150899639877999e-01 2.126709927742718720e-01
4.224431325316345132e-01 -3.045299314613106878e-01 -6.584508254348850342e-02 -4.277227865924085326e-01 1.110868553777615286e-01 2.573895017100163995e-01
-3.244775131161940496e-01 1.537332335721508791e-01 -2.385623337734264493e-01 3.351061203452043169e-01 -4.142425677654780758e-01 2.537311961096485602e-01
1.252806098044553507e-01 3.972155959721307972e-01 2.235414905237926436e-02 -4.086205984860999951e-01 -4.483142268593529045e-01 1.698586362359457910e-02
-4.157352981555717530e-02 3.154462980360128177e-01 4.210554520617124652e-01 2.629995689107908485e-02 -3.568379580460531719e-01 -3.161196077622530076e-01
3.309621124646476287e-01 5.438961088038603287e-02 -3.017404352172580184e-01 -2.347628363819471153e-01 -1.393736995055810390e-01 4.997650618323812299e-01
-2.832138563145902843e-01 -9.734214908469823735e-02 -3.154631020625698334e-01 5.097794240692535839e-01 3.657319819318199938e-02 2.788670562076588921e-01
-7.128577636976372867e-02 -4.737876179371006136e-01 8.726056951443297849e-02 -1.287236356786968239e-01 5.173240436393966579e-01 -3.273345785810616304e-02
-2.836917509929033909e-01 -2.782313176290612255e-01 1.643280303290973465e-01 2.647714045220825319e-01 5.499967276474961864e-01 4.932163024667907125e-02
2.692290709820938099e-01 -2.372105748018712157e-01 3.453556456508661832e-01 -2.623392555303936113e-01 1.739076863441754439e-01 -3.951961010900111315e-01
-1.738051429487119381e-01 4.633206582813269581e-01 2.819405025302467588e-02 -1.386655741412057274e-01 -5.329864900912498760e-01 -5.014672333089325446e-02
-2.950392184592550704e-01 1.869755955079879794e-01 3.932799461146394004e-01 3.280249630593171650e-01 -3.542279119414369348e-01 -1.714233292725608204e-01
9.610347734114674245e-02 -3.096959253975231641e-02 -4.847234075109423390e-01 2.587439405434306949e-01 -7.614361626037914610e-02 5.009273355569228148e-01
-4.427478163634415709e-02 4.667257790129648587e-01 1.657745200553560894e-01 -2.531673830093105204e-01 -4.718187197342830208e-01 -1.089946648306353572e-01
3.519102494077388510e-01 1.925839568715088101e-01 -1.922164819002393499e-01 -4.158045471584508324e-01 -4.889979568460176007e-02 4.013318214287763253e-01
3.932463255336112740e-01 -2.071013781177719892e-01 -1.264964743230720390e-01 -5.953041688163536183e-01 -1.526768354056987909e-01 1.423692352911434811e-02
3.090590804091802868e-01 -8.933316349988573712e-02 4.093151769880826740e-01 -1.499175515162188832e-01 -2.293116613256103442e-02 -4.766482681336934868e-01
-1.435084738330346388e-01 4.448031796366147539e-01 -2.175581725121132348e-01 -2.757518745248478675e-02 -4.279560093509134910e-01 2.566262548437810986e-01
-3.953835054799226256e-01 -1.228749230063100467e-01 3.208041605659239792e-01 4.490222523213450723e-01 1.683388933692437917e-01 -1.288328367375140560e-01
1.202304139761451174e-01 -1.050539081008078357e-01 4.518199435942179543e-01 9.722302520906131451e-02 -7.865597898252969788e-02 -5.475667730477367101e-01
1.717014488365866398e-01 -2.135678128871400794e-01 4.158627067101213215e-01 -7.999720268996987627e-02 4.779205139113271161e-02 -5.159842818905586714e-01
4.265406254302355205e-01 1.174340689225240875e-02 -2.357449429453123135e-01 -3.101869350620349852e-01 4.110529171439143981e-01 3.099513248023110235e-01
4.700781447110899403e-02 -4.918050850657719186e-01 -1.970705361909763642e-02 -3.133057304945117139e-01 4.403864345388132095e-01 1.483451686636326483e-02
1.791248780994694201e-01 -4.474960051864085853e-01 9.842365382785522865e-02 -3.919787741163849315e-01 3.507837259401845320e-01 -9.286170708135485508e-02
4.596782985520919684e-01 1.390152890598743418e-01 2.674744051186081495e-01 -2.484584337368044293e-01 -2.281120217090720492e-01 -3.356507113131032560e-01
1.650224250635751733e-01 4.787900986742515963e-01 -1.125452654440400047e-01 -5.178057769098534102e-01 -2.047832344373546887e-01 1.452785985569939597e-01
-4.651979166711667779e-01 5.801070414351668092e-02 -1.140555115629663524e-01 4.327375876193136350e-01 -3.625027713476379754e-01 1.586849339743674758e-02
5.662197623265389362e-02 -1.017829802286745466e-01 5.329489036101220378e-01 2.493395546746829949e-01 1.481883243392292659e-01 -4.159316377922510632e-01
1.452681896657975757e-01 4.046282220280547626e-01 -2.361584470894627641e-01 -2.323801664893773711e-01 -3.478426064251666783e-01 3.034426754262495862e-01
-8.751392003929950314e-02 2.438533712852675728e-01 -4.024496345273066988e-01 8.202854808787296559e-02 -2.621212198389201720e-01 4.432719890806378626e-01
-3.726974891315217864e-01 -2.362471250423211488e-01 -1.503877306255989310e-01 2.906640482787926638e-01 4.365240320039935895e-01 1.772255183909618725e-01
1.863905013751950696e-02 -3.299906913963142618e-01 3.684219708936142812e-01 -1.004618643714738357e-01 3.313402903551564971e-01 -3.721563873769723196e-01
-2.336922716535323741e-01 4.381184049769417110e-01 1.404096914851135913e-01 -3.996059039348703879e-02 -4.844957156455961811e-01 -1.931337391263395487e-01
3.568131772324170670e-02 -2.830260500590914274e-01 -3.695832250864712898e-01 3.420219864302330437e-02 1.817581537753820142e-01 5.158395304787453117e-01
2.605196661759692223e-01 -4.682549777108562239e-01 -9.191179912667372942e-02 -4.497994849008767337e-01 1.295641863897289969e-01 2.796510497260422112e-01
-4.361123967804674678e-02 4.708120735019027392e-01 -1.923100419347618245e-02 -1.358682462786529321e-01 -5.025549801769721991e-01 1.906385351532374761e-01
3.382194448103842954e-01 3.914168410410318044e-01 7.418605828155672155e-02 -5.284147144197399726e-01 -8.148783462026037983e-02 -8.489380151591588430e-02
7.876533885445083372e-02 -4.717563244818910317e-01 6.467429477351809008e-02 -3.034356731091010229e-01 4.454891820325713181e-01 -4.749997693378657515e-02
-7.714773897935156555e-02 -2.900774706468393083e-01 -3.732537338778478264e-01 4.946213089093054460e-02 2.655432095998166986e-01 4.484856411880386307e-01
-4.210965248748828049e-01 -9.489056414730867584e-02 1.475384182266261113e-01 3.213869552425494547e-01 5.378187337082013242e-01 -7.245527750098834652e-02
3.188025192315930290e-01 9.267686222179480349e-02 3.756932669650871470e-01 -2.231343229203544554e-01 -8.847207959582573111e-02 -4.449708055985481248e-01
-2.289236760362339460e-02 3.012305184122386903e-01 -3.464303140357564703e-01 -5.271555965849915315e-02 -3.156542193729350299e-01 4.400579551096743258e-01
6.918632636356709942e-02 3.820693863374038379e-01 3.300811371790911553e-01 -2.677538291996338082e-01 -4.092261092166129544e-01 -1.801372183168364893e-01
4.694544108096009721e-02 2.837941492442292435e-01 -2.880817815919396452e-01 -1.359667164193547051e-01 -3.381818981026964432e-01 4.732912801624640231e-01
-9.304574749268326728e-02 -3.338470041645590913e-01 -3.129209998770214329e-01 8.581931202765633038e-02 3.403031859144178273e-01 4.036882462950221462e-01
-3.161116106292036904e-02 4.124336486053946649e-01 1.305916387041473337e-01 -3.474162700076069976e-01 -5.271017402276243491e-01 -1.848484728378119168e-03
4.118466673567703351e-01 2.192055704665661076e-01 -1.252847042442653547e-01 -4.624549973178179174e-01 8.858081183652322110e-02 3.421912540467325625e-01
3.318239214240518986e-02 -5.856933080785527157e-02 -4.736312020052934613e-01 2.833145379068320868e-01 -7.325566686518270032e-02 4.944691136585817604e-01
-2.652262062808465881e-01 4.729150448997716805e-02 -3.985555414497398141e-01 4.433257717299395884e-01 -5.525585410548801424e-02 2.996121559569043802e-01
-4.214082479945171350e-02 -2.269851098645646326e-01 -4.194534821956010795e-01 9.678693293953574694e-02 2.720223732092857949e-01 4.359356748352313238e-01
-9.866624906175441856e-02 -1.953263548705168606e-01 4.719553505962484352e-01 1.429934111484361114e-01 2.617598370014505016e-01 -3.840077454698601067e-01
1.088732141008683374e-01 -2.945018055564584125e-02 -4.930977439699758547e-01 1.699004245445283057e-01 -1.906158835004043706e-01 4.919409840908994802e-01
1.738762296456464462e-01 8.262551977700913208e-02 -4.236680884726952701e-01 1.299257213118330534e-01 -1.323053083410773156e-02 5.707563532917045990e-01
-3.339971816049649989e-01 -9.050058243994874366e-03 -3.992539112626835029e-01 3.984745118988894386e-01 7.004011081477852507e-02 2.769339053784108939e-01
-1.289623118314940642e-01 -1.419562397663899078e-01 4.737577931992063007e-01 3.866937412960982368e-01 1.038998332318415985e-01 -3.470062570873313490e-01
-3.246083019677329928e-01 -3.533440604057361267e-01 1.657554729592430609e-01 5.209587722032373858e-01 1.773755983203522679e-01 1.078506638359144898e-01
4.653037902696790518e-01 -5.344175059813588424e-02 -6.565554949746135738e-02 -3.926824461930077392e-01 1.283852982666731646e-01 4.147594194009991408e-01
6.085991157643178554e-05 -4.137816323350267389e-01 1.816323652484015394e-01 -2.224328573972565171e-01 4.857816136068573432e-01 -1.942432954541752355e-01
1.626803161843833057e-01 2.269710471614678760e-01 4.136859122448601767e-01 1.330797813235432003e-02 -1.919849427640173412e-01 -4.819500534970404537e-01
2.248052045312637359e-01 2.631411633735651623e-02 -3.997349326293218597e-01 -9.242506276154538458e-02 -1.100519181853971268e-01 5.387581478682768044e-01
-5.537752105907691735e-01 3.773165771873526753e-02 5.339646389492214932e-04 3.868991995795201255e-01 -2.035504064600010821e-01 -2.380338864148474065e-01
3.967548287381111871e-01 1.360495193710132278e-01 1.930187732079499396e-01 -3.798842948830108979e-01 -1.448191799125649881e-01 -3.708468538910659751e-01
2.720868526524503062e-01 1.194458564735506323e-01 -3.285076042017004427e-01 -1.876622243406547152e-01 -3.344173949796810930e-02 5.462816099533653880e-01
7.345989807896623203e-02 -5.343752145590693337e-01 -1.024835224118185312e-01 -2.491605625355343689e-01 3.386409292636696211e-01 2.632470492085509095e-01
-4.423436963294575808e-01 1.631558811149564359e-01 -6.030836460265451282e-02 3.949153683014943184e-01 -3.829179518361434664e-01 -3.201299997525126895e-02
-5.412527209742245410e-02 4.711035472314897832e-01 -1.040500075483906904e-02 -2.551926889385057184e-01 -4.958602314883717166e-01 1.462887914918891974e-01
-4.436473709126237397e-01 -3.064919612028978169e-02 -1.196662962759616755e-01 5.006832782762677958e-01 2.727428742934372430e-01 7.584937952075376799e-03
2.267835294361162102e-01 -1.727825287584329739e-01 -2.930621580312788854e-01 -7.935429871914492783e-02 8.351224948855279218e-02 6.237762229365492184e-01
4.337157101087518035e-02 -5.295899234886647378e-02 -4.948741629131681030e-01 2.960888869629160758e-01 8.744757350106677207e-02 4.624240949376569043e-01
-1.560634729237464768e-01 -3.665845933914528842e-01 -2.549414363971206354e-01 5.136475450604366388e-02 4.640363867562720124e-01 2.618199377435633801e-01
-5.702249989403098025e-03 -4.297914153897036682e-01 -1.822986812950723734e-01 -9.690955197723073733e-02 3.999955071837708598e-01 3.682781899864442932e-01
1.078036329870839805e-01 -3.772735074373260167e-01 3.164294583885133294e-01 -1.973896668470026816e-01 3.313927028339090919e-01 -3.196910114567723671e-01
2.244245576187939295e-01 -7.942551378411892571e-02 -3.981402436800262623e-01 7.935553950018964242e-03 -2.260261975500194725e-02 5.764897733031655314e-01
-3.051673957770251189e-01 2.469978189996434870e-01 1.868705828597964358e-01 1.996113712672431539e-01 -5.882084503787223806e-01 -3.136984403756143402e-02
1.684257864081354084e-01 -3.074261356225737596e-01 3.371948364318165803e-01 -2.466217720861930973e-01 2.430735967118979324e-01 -3.871569902985175782e-01
-2.888398801802908866e-01 2.542139979954085582e-01 1.990914025539758658e-01 1.267073706953007473e-01 -6.195533458759487910e-01 -5.359637133651370955e-02
-4.404529580152627410e-02 -4.549264021035157590e-01 2.305524976855160280e-01 -1.260845774329881486e-01 4.629140048697309995e-01 -1.578268833281760430e-01
1.019794636330498827e-01 -3.464992993867812773e-03 -4.560898634243985006e-01 1.746045660629148011e-01 1.140371151774995651e-01 5.343236103694185557e-01
-3.995409542605309894e-01 -9.667826438124178801e-02 -2.738476297410851745e-01 5.684047647639145495e-01 -9.236441927345066805e-02 -2.272519792219096502e-02
-2.702218654752897575e-01 2.541284879406175978e-01 4.172631653890988002e-01 2.552790867447772283e-01 -4.257625412507607399e-01 -9.420231501098774718e-02
-2.829482296191740964e-01 -2.282372518604552092e-01 3.395339450711244433e-01 2.369313965512293008e-01 3.691337273871865277e-01 -2.710994043666826725e-01
-2.624768435390110732e-01 -4.024682310012431263e-01 2.319227376319567269e-01 4.142355335777220260e-02 4.737552704186878683e-01 -1.420784980951111109e-01
-3.167060649100771896e-01 1.206819212242851436e-01 3.848775366810272547e-01 3.661368711194637471e-01 -3.208173023074516461e-01 -1.971911537116357027e-01
1.620800552321912946e-01 4.213324307378272238e-01 2.360886693686345406e-01 -2.854874638867098691e-01 -3.169920917291446649e-01 -2.684509379504242399e-01
-2.332954489207419990e-02 4.874603830926579895e-01 8.430653078597629899e-03 -2.632269668990280254e-01 -4.765686555912067024e-01 1.228738245161329623e-01
-9.133448958712844790e-02 2.531621847309095119e-01 -3.823851091463469909e-01 4.267157411182498361e-02 -3.328399909898689946e-01 4.167668319402187405e-01
2.305148298199040380e-01 4.181414776037089553e-01 7.984294827288249130e-02 -2.010267499085011400e-01 -4.728338300658466165e-01 2.210338335617472449e-01
3.755639841416839597e-01 -3.159942192704947583e-01 9.898415846202034130e-02 -5.143483860591666623e-01 8.512703517460951108e-02 -1.181741077768912324e-01
-2.397497829938615710e-01 -4.427886237661104452e-01 -7.936377792179474810e-02 -3.629244591973612710e-03 5.011354456799661516e-01 1.514054628040029382e-01
4.293158600850427442e-01 -1.440199992156150910e-01 1.442523739286293571e-01 -4.507637600561588131e-01 2.590790869919781803e-02 -2.991259840499861378e-01
-1.335584542286398224e-01 5.350799629155918863e-02 -4.391445215609429686e-01 2.881362976967416500e-01 -1.571688524233613715e-01 4.427788320328608362e-01
-4.309278246715695926e-01 8.142766339156813638e-02 -1.919705552843555540e-01 4.134426301570678919e-01 -3.333243329355709550e-01 1.471744233827812776e-01
-1.766035070932187589e-01 -2.586927465764939926e-01 -3.770386295688969991e-01 2.309898055225407809e-01 3.067236978369258793e-01 3.400192034528179974e-01
-1.879257444544600933e-02 3.281430626796857930e-01 -3.034285149631986145e-01 -4.734553838569767470e-02 -3.834120792133109412e-01 3.986213467246048636e-01
2.441239849847627597e-01 -4.630473373449214836e-01 3.027806708195310628e-02 -4.860531781707644328e-01 2.201474957335027294e-01 2.099741726144215698e-02
9.762076492284134203e-04 -4.434844821069395815e-01 -1.418251443111156473e-01 -1.473934479556702204e-01 4.572470125488409254e-01 2.664262731155081498e-01
-5.104806961632983239e-03 -3.715740977038704540e-01 -2.974160388553797607e-01 2.327153931152992766e-02 3.761947519231031989e-01 3.659364545444249717e-01
3.567358335300248595e-01 -3.424576148904063810e-01 -1.716379156082746202e-02 -5.352593542849688468e-01 8.749115915549104949e-02 1.224379154893521365e-01
-4.745550612049409533e-01 -5.245763373765166548e-02 -8.050953841114374954e-02 5.037447229863740716e-01 -2.575300348556314178e-01 -5.093180099035823916e-02
2.529623664121308235e-01 4.782872430346545856e-01 2.048382239396997692e-02 -5.717304921744990054e-01 -8.236837773612198932e-02 -5.399411994030828277e-02
1.681867266639407998e-01 3.317097571279080115e-01 -2.201519178028969181e-01 -3.052172559626885606e-01 -3.216313956750345704e-01 3.706390835566092390e-01
-3.110360960072774961e-01 -2.675919592265191271e-01 -1.820588600913219945e-01 1.589815442831103431e-01 5.790754408297340561e-01 6.741605146861856523e-02
-4.233757918262159303e-01 -1.201662365506464963e-01 1.290581140654722958e-01 4.425094568904305858e-01 3.774714911729322164e-01 7.807352814948655129e-02
1.001665748319430504e-01 3.176296510112868732e-01 -2.900632926074138140e-01 -1.741551880991984713e-01 -3.009369796913093364e-01 4.462266596285165976e-01
8.173637353679301387e-02 4.108517763738073203e-01 -1.971990290615758812e-01 -1.840719177351174407e-01 -4.245218651513928965e-01 2.839421470354542842e-01
-2.389073646836853762e-02 1.334337869563565482e-01 -4.546659637269315768e-01 2.060348245542796275e-01 -2.724046375529979302e-01 4.298844359565378026e-01
-2.262651860923880209e-01 -4.555547021094874527e-01 -7.198488301323703598e-02 -8.262748509271311548e-02 5.122862515039940945e-01 1.345389639392993164e-01
1.626957470385266835e-01 -5.513990664614686343e-01 -1.465272896862347962e-01 -3.699675590377044521e-01 2.081356703762197169e-01 2.268047152327684612e-01
-6.714025980841441255e-02 -1.888898956798939210e-01 4.726187322221062637e-01 8.203579798725403605e-02 2.310645898497296902e-01 -4.225822138587680410e-01
2.675820846342006828e-02 1.028772577874055918e-02 -4.573401634097368218e-01 5.329236196716970186e-03 -2.138509394962962440e-01 5.169814764383771077e-01
-1.709303507120343568e-01 -4.265119711367880428e-02 -4.707931633219622491e-01 3.802827724500934536e-01 -1.038903672641637854e-01 3.613209255463448177e-01
1.778053618731441909e-01 -2.691434093743720890e-01 4.065630805628603905e-01 1.684033897224640475e-02 6.036723002297383900e-02 -5.237664309149093755e-01
-4.122322770631436928e-02 -2.990839979249935165e-01 -3.470375264597643783e-01 2.450898408858163957e-02 2.845817312549496769e-01 4.622915740385410421e-01
2.701880779114583797e-01 3.704099403186083550e-01 -1.492301055766273865e-01 -3.417296561561509183e-01 -2.820044784195822607e-01 2.978852184238720557e-01
1.659681449693068134e-01 3.064701833617747284e-02 -4.536547983107127036e-01 1.945405840428561794e-01 7.066124878979836155e-02 5.451357087960542191e-01
4.558680353191645884e-01 -5.162824250849846336e-02 2.605940789310038919e-01 -2.138880532334846429e-01 -6.040917614396176111e-02 -4.819351642986116624e-01
3.944151444673694717e-01 2.955112895962002106e-01 6.532591468040808980e-02 -5.551907031364112788e-01 -6.325263605888031826e-04 1.680272996138966191e-01
5.467755152514261474e-02 -4.544506880341489530e-01 1.451177691458053476e-01 -2.655827818278738706e-01 4.423056757679295070e-01 -1.602694323887204064e-01
3.204212701610977820e-01 3.368760646325293373e-01 -1.075634217185247321e-01 -4.222279078286177434e-01 -2.026059713533100992e-01 2.892127510536989243e-01
-9.132688087481789785e-02 1.233691759450417091e-01 -4.434080385951608139e-01 2.358242343784444084e-01 -2.138777796250209695e-01 4.393357740409124523e-01
-3.963746505236282469e-01 1.687986177304726110e-01 -3.203330433474175787e-01 3.669780990720286629e-01 -2.116800786667404344e-01 2.017096189634587922e-01
2.007268476171522320e-01 1.338733834687559909e-01 4.620230396940396833e-01 -1.166701143507078153e-01 -1.513951297018659714e-01 -4.423447195317055103e-01
-3.253035596377178984e-01 5.769826680166620370e-02 -3.553377375716792463e-01 5.345500912119693915e-01 5.278336569206308615e-03 1.525046100470361377e-01
-1.742969058367021262e-01 5.181243106545280891e-02 -4.953323364706643250e-01 3.194592503607069922e-01 -1.681426604981194617e-01 3.459907975940185176e-01
1.255474579814630232e-01 -4.375924009884042398e-01 2.571016437499030749e-01 -2.283593483034090099e-01 3.793498606479247526e-01 -1.982611935762908506e-01
2.066838995257871403e-01 -1.256875314057971649e-01 4.568555699744635268e-01 2.096884657503766958e-02 1.626245792828753811e-02 -5.154407426975292639e-01
-1.292219477899943791e-01 3.402019880420040776e-01 -2.303701891577554228e-01 -1.195432205465672693e-02 -4.788240403394575795e-01 3.312744215954200877e-01
-1.047864265961198221e-01 -3.810205301974635139e-01 -2.771110558383224620e-01 -1.077368753689951497e-02 4.458164441711636172e-01 2.774177736300083574e-01
3.132447074163163259e-01 -8.052897364087963084e-02 4.009273232750300009e-01 -1.099816777838092952e-01 -5.391516222930367586e-02 -5.047056774005107549e-01
2.309288300023601137e-01 -1.680869659232713809e-01 3.933719043785000591e-01 -2.218111022543588218e-01 1.362472610727141209e-01 -4.447254837685681861e-01
3.962337349762292682e-01 1.827616344165944595e-01 -1.343931233620578036e-01 -4.687011582368021401e-01 -3.468140932699675938e-03 3.316606302714832921e-01
-3.171595237060255146e-01 2.142616959097131402e-01 3.597002626084400689e-01 2.419743632067323791e-01 -4.225398592451641289e-01 -1.711981041795554437e-01
-2.217657272498624599e-01 4.553222711285725977e-01 -8.930277287816384968e-02 -1.095423601051168927e-01 -4.997254799390603575e-01 1.850869300032534914e-01
3.403679440958846114e-01 1.144862897810791785e-01 -2.470407294227443262e-01 -2.372170855560198910e-01 -1.432047537013830807e-01 5.275500397134030850e-01
-3.642579971248427473e-02 1.929477314810454924e-01 4.893759840843563969e-01 1.025646890112345277e-01 -2.175976955396664581e-01 -4.118088451247925996e-01
-3.676134905329790370e-01 -2.798512970414841483e-01 1.870751847659006817e-01 2.272937716050348889e-01 4.766184763909925293e-01 -8.465783004545740509e-02
3.541699998577479414e-01 -3.596880200144714212e-01 6.257638343078726628e-02 -4.910898642437594996e-01 1.551766962895635427e-01 -8.042741387637104833e-02
-4.694638190263007022e-02 -1.481088106312231922e-01 4.944778234508608317e-01 1.289833985156978169e-01 1.551046119743467455e-01 -4.420638642031244347e-01
-1.805961669772055134e-01 2.092714334655456365e-01 -3.920260872810926167e-01 2.251848355835851245e-01 -2.767652730702597763e-01 3.819959394472084990e-01
-9.576876269934149477e-02 -4.437605349934255483e-01 2.087092996692321289e-01 -7.829171974571444426e-02 5.076235302760243595e-01 -9.880153480814402034e-02
-9.006927368202116702e-02 3.008703826574258069e-02 5.456249172690584848e-01 4.308759217674498765e-01 -9.316329268626900861e-02 -2.990202503950512014e-01
3.697278036494716646e-01 3.026511308877343209e-01 2.300484466922289306e-01 -4.400985829323099674e-01 -2.153116406982413800e-02 -2.589168519046607386e-01
2.371452119822564930e-01 -1.802203363294912486e-01 -3.661726509528905327e-01 -3.458909617014518934e-02 1.691101318817394006e-01 5.305595776149567566e-01
2.693283090598657670e-01 -3.962297898665008145e-01 2.327429400141838300e-01 -3.507097029963053836e-01 2.315342870344077042e-01 -2.378578752827954501e-01
3.502070238626382448e-01 2.377641251275737500e-01 -2.523898940583901296e-01 -3.160805734224376717e-01 -6.489917911500373005e-02 4.291200192730633689e-01
-4.427705048668272858e-01 2.084086533078562120e-01 1.674688077722727431e-01 3.963697787729543731e-01 5.169219250419437861e-02 -3.533800525376267765e-01
2.313012339860034128e-01 -4.247842631168171068e-01 2.059550539203422737e-01 -3.322870582034457287e-01 3.004902368191840201e-01 -1.894499746890110636e-01
-1.501291713788709299e-02 -2.804245183875105352e-01 -3.434277483372042417e-01 -1.000498991433232919e-02 2.662128838163574929e-01 4.939266994187805349e-01
1.472435792565068846e-01 -1.342344043380513385e-01 4.794323847683633066e-01 2.860395557333740568e-02 -3.431406788801276420e-02 -5.084646574663156393e-01
1.639068953485834090e-01 1.612115186536999811e-01 -3.656804078553897441e-01 -7.769633962593824883e-02 -1.480909876465233976e-01 5.540803417128044028e-01
2.737941462399439141e-01 3.288644572704859104e-01 2.307642351313447249e-01 -3.276261637336834731e-01 -2.519659431841520525e-01 -3.178063224625993222e-01
1.387791095707636979e-01 -3.139826004070134791e-01 -3.164917232816078507e-01 -1.405003000001947833e-01 2.224729713321882962e-01 4.798865982086641391e-01
4.740127053772710125e-02 -8.383558785084034570e-02 -4.369480096450998330e-01 2.105276860520970128e-01 1.085596807766370658e-01 5.307161021060770034e-01
1.489418674513166563e-01 -3.881183454887804918e-01 3.512277864852070275e-01 -1.986117210080077244e-01 2.736041518522628890e-01 -3.130988196821055114e-01
-2.402058169629174914e-02 -7.544172028854996548e-02 5.263162030104584499e-01 3.801442317378506131e-01 -8.801122997506335977e-03 -3.859391528929408954e-01
1.467532038844825970e-01 4.538951869180339882e-01 -7.009227433906632665e-02 -3.816371608669239524e-01 -3.749056152280078047e-01 1.140078419019435046e-01
-1.952957653664929849e-01 -1.226377028425805066e-01 -4.191885704661016954e-01 3.451621100962758426e-01 1.511924433819202829e-01 3.763755915402940966e-01
-1.941997175297758560e-01 4.440079265925319096e-01 -4.088471659777362377e-02 -8.984869807840052680e-02 -5.256098643015785221e-01 1.803667338405995912e-01
-6.506041673704414385e-02 4.424011398751882540e-01 -1.498018888385204972e-01 -9.640236574973287675e-02 -4.704975005513560848e-01 2.571793816635173924e-01
3.086625793410660012e-01 -2.953892977404659059e-01 2.147585129967130579e-01 -4.394737830308820259e-01 1.821271506107088878e-01 -2.459691992704667873e-01
5.261022809805586675e-01 3.094537930381030880e-02 1.780073789779255955e-02 -4.071744166282712518e-01 -3.161229151509043489e-01 -7.460166837310547305e-02
-3.663567779077046005e-01 1.211118293970929877e-01 -3.470435219820316997e-01 3.565574679647782741e-01 -2.309381132237319778e-01 2.474779923597901776e-01
-3.526819356798078231e-01 3.452406719303905414e-01 6.692866856276127874e-02 5.549666820825821523e-02 -5.665964810581093358e-01 2.284654341189686771e-02
-5.726091138442161999e-01 2.026776739213381473e-01 1.269028412317885768e-01 1.828696698029100842e-01 -3.713242215462496665e-01 -1.889668019102441754e-01
-2.546344879459042781e-04 -3.575267191356386043e-01 3.730415908441882533e-01 -7.938621602746573358e-02 3.409358088326909231e-01 -3.382166532747427623e-01
-4.962713798019546263e-01 7.905241778263173702e-02 6.122839775164822668e-02 3.839255029545201592e-01 -3.951191210788830288e-01 4.086177506924133090e-02
1.659701855182173502e-01 3.419817109288837420e-01 1.889468857579941208e-01 -6.040258379642955422e-01 -2.691410607731278271e-01 5.548189665659369885e-03
-3.681813772544756946e-01 1.500205718976901637e-01 -1.774000608908740673e-01 3.714987268089869343e-01 -4.021987009643825939e-01 2.072130152419436877e-01
3.306110828747944042e-01 2.759520173576496260e-01 3.478508484247632149e-01 -2.027138783980144132e-01 -2.679176102077407418e-01 -3.000459905050469889e-01
-5.763824612303133227e-02 3.079004763862800212e-02 -4.526757894289479833e-01 2.860799667157596926e-01 -1.092724598772882791e-02 4.854699655448725948e-01
-2.022016314204456641e-02 -1.619176705495586344e-01 -4.320437406212260245e-01 2.005139011632103563e-01 1.668175053074025249e-01 4.862207403479424372e-01
3.151171483784457883e-01 -3.327864292796521573e-02 4.150890732159015495e-01 -1.653241849072017433e-01 -5.619456344784039964e-02 -4.616383564094273528e-01
-4.569326972338240145e-01 -1.272705394571619908e-01 1.658722882106550833e-01 4.038868128134447399e-01 3.401528231108520428e-01 -3.538667742216061729e-02
-2.882054347295289198e-01 2.227409969573853898e-01 -3.464937915668315216e-01 4.593965151075271591e-01 -1.948899599270340344e-01 1.699127425239332356e-01
2.422142068435552686e-01 2.546921799340375325e-01 2.407462462211715504e-01 -7.083389168000303604e-02 -1.125849641403282031e-01 -6.351009935708837872e-01
3.343256217627934568e-01 -3.230729958150241887e-01 -5.912645591769608716e-02 -5.404672064619374661e-01 1.590154022910528764e-01 -1.087415961904426159e-02
4.117531928396083729e-01 1.525798639390608114e-01 3.254426068319170584e-01 -3.925583210598921347e-01 -4.009525931998154102e-01 1.093759330886213132e-01
-2.512389429856970446e-01 -2.106046636705888597e-01 -4.066668730449454205e-01 3.504979949058322219e-01 2.847459852836500271e-01 2.198635668839858948e-01
3.308625723185578682e-01 1.493249461481785112e-01 -2.168782913220459740e-01 -3.396551452114837666e-01 -8.644018058902522283e-02 4.865567060251813070e-01
-1.983111340449507723e-02 4.655170294261799513e-01 1.481975813429072808e-01 -3.970049610367127890e-01 -4.419493714847020915e-01 -3.685543776285846174e-02
4.416476378364599387e-01 2.742348201393452478e-01 -5.134132068192482495e-02 -4.722350439897024521e-01 -1.148147267376253833e-02 2.370761612420314579e-01
1.658433000013494751e-01 -3.234513364550653525e-01 4.020491272992470222e-01 -1.544977336903730347e-01 2.442754604512794026e-01 -3.562831918114319762e-01
-4.632423835864737383e-01 2.108579544584209264e-01 8.206350786864805014e-02 2.357558934102289561e-01 -4.906341712190515070e-01 -5.689766069344320831e-02
4.136801579440383958e-01 -2.411892716070592468e-01 -4.371444599624525057e-02 -4.735107991059232524e-01 4.844820900767457528e-02 3.154545052675337136e-01
-3.409439425512102440e-01 -1.646494002419866265e-01 -3.623832867002871883e-01 3.905563288942396905e-01 2.637226021314887925e-01 1.680927075329788911e-01
4.371050201896405363e-01 1.915329644111510021e-01 1.059418243575641350e-01 -4.388989627865021448e-01 -8.793324067306043657e-02 -2.871429782305837675e-01
-2.874270931630254489e-01 1.278065034918820786e-01 4.088598754954680392e-01 3.390336137072066935e-01 -3.205202103155714299e-01 -2.287529697595964140e-01
3.127069110585670164e-01 3.524333834556299672e-01 1.265069885921192572e-01 -5.603032713066382620e-01 -1.319611836190627829e-01 6.980491742014230394e-02
-3.737320547746843941e-02 2.332080851219268947e-01 3.977299039010769865e-01 1.192996592055860922e-02 -3.671278087671656642e-01 -4.004968883068023011e-01
1.454215209453040558e-01 4.617666372957826559e-01 -1.745358704069507050e-01 -2.833527821438855954e-01 -3.294437297194687253e-01 2.615131545179661954e-01
2.093989690984801033e-01 -4.080605155832116027e-01 -1.070070437384377654e-01 -5.509950594630529386e-01 1.602817923294551083e-01 2.072984483619487173e-01
-1.940671621061839380e-01 3.858706242092017624e-01 2.276406046326155119e-01 -4.581131024930659712e-02 -5.470096939662441038e-01 -1.006192228685125756e-01
-4.017028231663153370e-01 -3.238386485600315279e-01 1.188455469874147158e-01 9.547216821099063777e-02 4.979010361527820283e-01 -1.596520625482176214e-01
5.791912152012735487e-03 1.640304994926580495e-01 -4.194395442960908160e-01 2.276939632673314826e-02 -1.811291745219237581e-01 5.189508672412632695e-01
1.246044128066129408e-01 3.687239377185537736e-01 3.769239018582308809e-01 -1.569325465143253662e-01 -2.829819571346577356e-01 -3.273603924078667404e-01
-1.962434197320998552e-01 -4.585148847204711386e-01 -1.135405142864483186e-01 -7.234516830827239509e-02 4.564817117659253909e-01 2.704262182730644559e-01
1.702522543659111542e-01 2.653347273790940264e-01 3.932885570529798813e-01 -1.200145272838109289e-01 -2.088472460886305337e-01 -4.379133747956935330e-01
-3.239931606908582062e-01 1.411831413726244711e-01 3.693178908154180484e-01 5.436072655383545893e-01 -1.408901790945645549e-01 -4.019907133328548543e-02
2.443155767691073954e-01 3.965313164063770102e-01 9.917763772146818979e-02 -5.656365505105505065e-01 -1.899437317692403426e-01 9.422088651081267363e-02
4.922459099691603446e-01 1.572655116964084832e-01 9.827831038337885017e-02 -3.069662018855042196e-01 -2.736466302618447699e-01 -3.207380689835347409e-01
-4.259092707190946792e-01 -2.005873571640501840e-01 -1.325567973691979262e-01 5.399655735113655375e-01 -8.320682293335666946e-02 9.832757946583423059e-02
-3.000569587950706052e-01 4.157072164931768232e-01 1.023790236531505193e-01 -6.609548209605889402e-02 -5.409709636362516338e-01 -7.090942687100443287e-02
-1.343426746613153311e-01 -1.222331674921169897e-01 5.081973042125208506e-01 2.340508111995939777e-01 1.807707013647888439e-01 -3.707082055170489721e-01
1.873591933587732961e-01 -3.865205568746138409e-01 2.568701732396862503e-01 -2.980591157848101469e-01 3.245347822131414706e-01 -2.518236147143064207e-01
-1.970798154555170600e-01 4.299889637726620611e-02 -4.117162881379796691e-01 3.532711200677280394e-01 -7.614499062570950771e-02 4.146725924494294446e-01
3.531235075840136184e-01 -1.390719813292861928e-01 2.872525195538192522e-01 -3.449431708433786103e-01 2.400292149219598881e-02 -4.099630056169215608e-01
2.228569590180926041e-02 4.780777706976848118e-01 7.029553326023241233e-02 -3.281812641750420090e-01 -4.584868089337908459e-01 7.473378451587510407e-02
-3.880528280965189203e-01 -1.466477287399794438e-01 3.797481659324604131e-01 2.875580475206321318e-01 3.047517192051791279e-01 -2.031656211258252576e-01
5.840367218560510443e-02 -2.581989412173794074e-01 -3.408563196823991004e-01 -9.159260450300563128e-02 1.932893940765111340e-01 5.387227842491946195e-01
2.032213704403355303e-01 4.081020174818203450e-01 1.926309660063108276e-01 -3.332211879731640236e-01 -3.047581733806003501e-01 -2.590987427868702841e-01
3.056961275341727458e-01 -3.734694907955396492e-01 1.738557162785266397e-01 -4.079007310553121046e-01 2.325218159307629873e-01 -1.776468577993410292e-01
1.062086571702323262e-01 -3.851209646036334311e-01 -2.222183642758085442e-01 -2.318702638929059368e-01 2.923153163028632262e-01 4.310677357174167446e-01
3.237864193015499437e-01 3.471037742439657681e-01 -1.187539843225219743e-01 -4.056624102958977796e-01 -1.894573484154470355e-01 3.055178231893419527e-01
-3.019782205824980137e-01 -1.819238944489906529e-01 3.710946524353597176e-01 3.184138093722048701e-01 2.855307486885249046e-01 -2.586671166312143888e-01
-8.382786809155413910e-02 -3.897180389177558602e-01 2.694886416922311345e-01 -1.846654017646144619e-02 4.480711126377075471e-01 -2.725789134604014730e-01
-2.307539208226760119e-01 -1.591073723220973180e-01 -4.051916629669227721e-01 3.001062369510744121e-01 2.325777978404255375e-01 3.463202932674304124e-01
-8.929606591235500490e-02 4.495326101638282834e-01 2.017644138310960011e-01 -1.965542115025059600e-01 -5.268953895437916701e-01 1.445704186848975614e-02
-2.264162550340326208e-01 -2.034703049345116255e-01 4.518120988230516777e-01 2.938113915558872025e-01 2.227080158984297564e-01 -2.882792702493946480e-01
2.477220656167231916e-01 -1.865347884964200231e-01 3.916508410278504715e-01 -2.207397787099345809e-01 1.558672280926460263e-01 -4.227841529684826516e-01
1.348275616105216882e-03 -3.617481368418354326e-01 2.934195431249589370e-01 -7.761497060942663950e-02 4.113059561517541929e-01 -3.359866651788555036e-01
1.629457158042719456e-01 2.439052245523549156e-01 -3.040081515538292645e-01 -2.303362367204156158e-01 -2.398528926132671990e-01 4.778533386698175511e-01
9.843040056913801572e-02 -4.068271879428429494e-01 3.231372636479957206e-01 -1.648392599943498127e-01 3.264455873510505035e-01 -3.037599550725670894e-01
7.881799185158180898e-02 -4.916654128154415021e-02 5.166401892321068612e-01 1.314752778158352620e-02 2.327489643525141594e-01 -4.405489445507230206e-01
1.366205694837437923e-01 2.136635992112818350e-01 -3.606079484212429964e-01 -1.214032400351015006e-01 -1.926337756424028880e-01 5.159456191993485596e-01
3.275020556472268418e-01 3.515597842755979197e-01 1.237892001353883692e-01 -4.812155431810538064e-01 -6.928806828820543995e-02 -2.871401494344075211e-01
-1.869169446248479874e-02 -3.300953775237820964e-01 -3.199280507782087946e-01 9.069545414023473529e-03 3.300974612971260824e-01 4.306548754398801804e-01
9.405277184255730893e-02 3.868611963251757935e-01 -1.609357412060158088e-01 -1.832151651350900912e-01 -5.576757029343824001e-01 1.505442062497561184e-02
-3.232116661213515485e-01 -3.556441769021949639e-01 -1.048514817220033840e-01 2.250138787308043620e-01 3.785508292944977926e-01 2.956562520952040751e-01
-2.013588918706808728e-01 -5.170652144979984849e-02 5.270015631106836906e-01 4.180258404447614318e-01 3.636364577813144122e-02 -2.531306045500095747e-01
4.038711757384140233e-01 -2.635718238030608229e-01 2.230995258639269507e-01 -2.356126159106912699e-01 2.144592745670864664e-01 -3.790190249291160440e-01
1.531974528555512527e-01 -2.614145120671957367e-01 -3.179735194948200006e-01 -1.298086781143577007e-01 1.741116535518752451e-01 5.365582171274030365e-01
1.630569790092885052e-01 -4.522674535976592969e-01 1.324353694914026380e-01 -3.573386956747198751e-01 3.590853845611712281e-01 -1.338256186044622653e-01
1.685490425509270362e-01 2.840576970855840933e-01 -2.947458731618812777e-01 -2.093913503919836161e-01 -2.697018192112772828e-01 4.472187199912047717e-01
3.023284960901423402e-01 -3.732721156938024198e-01 5.194560054952469114e-02 -4.747438582629046611e-01 2.326067556273868076e-01 -1.185517583355165661e-01
-8.512823240993272478e-02 -4.831231409756868156e-01 1.137297024287847041e-01 -2.814762388758562106e-01 4.912300942795282954e-01 3.805941100521417764e-03
-1.678567121860550793e-01 9.264557217911210951e-02 -4.285187386991938241e-01 4.183823072689197287e-01 -1.340840930891932792e-01 3.492456671177552319e-01
4.370297439770503556e-01 -1.037317061212892320e-02 -1.480737134576031455e-01 -4.022917810773604663e-01 2.677260661484408971e-02 3.942910796609604418e-01
1.900239146442833649e-02 -4.852586401899468965e-02 5.693547221787692569e-01 2.255388068537782509e-01 8.944361196282693549e-02 -3.993078262948565049e-01
5.389583467086950935e-02 -4.403980806222408950e-01 -2.114289885339333264e-01 -1.636651260368700844e-01 3.329096080457119577e-01 3.841064403222798074e-01
2.452999273262242430e-01 -2.980628697778557878e-01 -2.399620289328784628e-01 -2.674583094236980263e-01 1.640074214454658175e-01 4.836193670509496556e-01
-2.248095981281167666e-01 -3.903881724252794561e-01 1.809294481434032542e-01 4.409079232146098648e-02 5.364718929246490298e-01 -8.103047107247748904e-02
-4.334680662856182920e-01 1.897261850710023068e-01 -8.083543394871156584e-02 3.848448646380443483e-01 -3.770324242277315885e-01 1.481301543176730129e-02
-2.844354106030667073e-01 2.856001036010952232e-01 -1.349827649224864534e-01 2.569634886873474744e-01 -4.879757444687936596e-01 1.943614913354302365e-01
8.524736861135961963e-02 -5.104962668501784179e-02 5.683671341505409647e-01 3.555449860829676956e-01 1.185692827541328653e-01 -3.793504522378542410e-01
-1.477719543091189358e-01 -2.774264407394531982e-03 5.151683374838857965e-01 3.896403181579785047e-01 -3.501285656350541439e-03 -3.281510094078203821e-01
4.700270841831711288e-01 8.835022959220427408e-02 -2.198343657417175037e-02 -4.840561281462388288e-01 1.318957349829157355e-01 2.743761640995061035e-01
