# rod_radius=0.025
# rod_length=1.0
-5.690710308129027784e-01 3.631694007336447316e-01 -8.777737899946647104e-02 3.613429438299727847e-01 6.820814900331360064e-01 -2.684010626289393686e-01
-1.011509806618561963e-01 -2.683169850980995363e-01 6.674038765567271714e-01 1.433321943991731073e-01 -7.655642910956408365e-01 -1.650461782755525686e-01
7.117275900969437519e-01 2.608935611068002314e-01 -2.617802298480689793e-01 -1.512922874416176011e-01 6.122508232911656467e-01 1.011863874649199246e-01
-3.678359895899980248e-01 9.387902757344142313e-02 3.550333478926412378e-01 2.474572526414447471e-01 2.166405954352799146e-01 -4.236474747300956190e-01
3.546768996474137375e-02 -3.345859869067770442e-01 -6.344997932686720077e-01 5.293186286788884587e-01 -4.505362532434316059e-01 2.272813773701477524e-01
2.906589545233059443e-02 -5.301686349235746887e-01 9.889288284533962470e-01 -2.430461992185225240e-01 1.371278587289751494e-01 1.682232800382631011e+00
5.105755771822394484e-01 -2.840396324387841134e-02 2.364278524365427958e-01 7.293984302758815819e-02 1.869595173895201856e-01 -6.365518354144330537e-01
3.911441833639975330e-01 1.052915714769355748e-01 2.927935491399387136e-01 -8.932565668419800708e-02 1.454024445899740614e-01 -5.832999679358190637e-01
6.243539890386459179e-01 5.930799454138303561e-01 -1.429064874193160424e-02 -2.270276931658127273e-01 8.290565089497985429e-01 -4.827608107250202507e-01
1.836823180352515628e-01 9.281622718141939732e-01 -6.363577694257790962e-02 -7.608170112772362215e-01 6.672565662289315913e-01 -2.632584953924499427e-01
4.689721196721060581e-01 2.350831774121401596e-01 -2.881434448692311023e-01 -3.796055820998778252e-01 2.921920991995892725e-01 2.378360747963666477e-01
-8.046239744303705921e-01 2.189875418823468700e-01 3.338759882754379071e-01 -2.029379727700311165e-01 1.017414728220850328e+00 3.559663373350283044e-01
5.874521856732954905e-01 7.705599970566557877e-01 4.036557333531166636e-01 -1.922538795760397878e-01 1.383057567937699073e+00 2.736358215002747674e-01
-2.377346026178837890e-01 -5.750419912306500292e-01 -1.345195331058947341e-01 5.589078945816221555e-01 -2.819100081682716086e-01 3.940959908447857485e-01
5.578170254182686083e-01 1.934449213920878818e-01 -2.149343327738224563e-01 -2.586206393907496404e-01 4.041593472625590877e-01 3.226798134419136543e-01
-3.108404438034089723e-01 8.857321090225904747e-01 1.673037673818711379e-01 -1.173011998217706520e+00 3.800254056232222899e-01 1.369567593616793921e-01
4.664426560312077141e-01 4.153333263313730428e-01 4.835940024514790991e-01 6.912964195263298084e-01 -5.082696640766461993e-01 1.731132443497188089e-01
-4.909676785504333840e-01 8.706898575096918558e-01 8.436007108777139607e-02 4.468098027991642129e-01 1.216330496774031156e+00 5.110433530364145299e-02
8.520279640324575077e-01 -2.167760389742591498e-01 5.102278454573427879e-01 7.536802248183134267e-01 7.635309372704934816e-01 6.814760703162785482e-01
2.204806802457161610e-02 8.133377955802192916e-02 3.692149155550715767e-01 -2.041384016945097246e-01 -5.508162375686042056e-01 -3.718829435450781151e-01
-3.834883021055347091e-02 -8.593483243024386820e-01 -3.542300632034707797e-01 -3.320734961433131904e-02 -8.489893204907177360e-01 6.457030626691084851e-01
2.596119246019756299e-01 -1.501471289204870663e-01 4.955045295900682989e-01 -1.090913134492763059e-01 -3.997344548317367519e-01 -3.999082740904427169e-01
-6.951368501786565623e-01 1.201158798622597584e-01 -2.873381334429691014e-01 4.391266993011999631e-02 6.971152764305341698e-01 -6.350125546862268600e-01
-3.317320551459617458e-03 -4.706435633848153888e-01 -3.416837089086902646e-01 3.245579054193785118e-01 -2.132726277386318703e-01 5.673036604640528946e-01
-4.665500553674699624e-01 3.694144434197311200e-01 1.574288908516104923e-01 4.018851065312301074e-01 6.025263328397124640e-01 -2.801544915899820687e-01
-5.978865722111852410e-01 3.377994692255877340e-01 1.193064720563618675e+00 -7.394117139253345572e-01 -6.456682984798765013e-01 1.306032787499460168e+00
7.701405758610790908e-01 -1.860716478100979676e-01 6.115605259729073317e-01 1.042027521299874415e+00 -2.558272116717400513e-01 -3.482371871991474244e-01
3.946340829214369239e-01 -6.114910066304500846e-01 2.726670466587632902e-01 5.465063768716488246e-02 -5.809052857212310128e-01 -6.672668715733101052e-01
-5.069085480508208619e-01 -9.578185649441738362e-04 1.563662652810605402e-01 7.985709973518162474e-02 2.704823772765717060e-01 -6.065402130370832756e-01
2.904341049291572219e-01 -5.885549071388314069e-01 -4.524911045849923652e-01 6.437001866077685097e-01 -2.601869421885801281e-01 4.235097830457629775e-01
-8.470790061936508963e-02 9.244919042708615864e-01 3.226541695778956109e-01 9.069301424168231263e-01 7.973291494582421812e-01 3.446456541077018709e-01
-2.363703528402129328e-02 -9.091287645466511469e-01 -3.871198227279929460e-01 -4.012303301445407921e-02 -9.912734904967851479e-01 6.093642242478778392e-01
-1.052145618511536096e+00 4.439230928033149892e-01 -9.300078199620227803e-02 -4.200975674499781709e-01 1.141247017213560477e+00 -4.310164703811948939e-01
-4.052710210556315085e-01 -1.199095265427354284e-01 9.920281124432642206e-02 1.864324525265776966e-01 3.166137327411966407e-02 -6.925757320867346190e-01
-5.483420013130644310e-01 -2.461866177383207899e-01 4.056700956481864573e-01 -5.534015450309318629e-01 -2.433201982576751465e-01 -5.943129965372404566e-01
4.563977766273555892e-01 6.565545713569398423e-01 -1.627016035078392153e-01 1.008594362067000372e+00 -1.768414002576389477e-01 -1.396780172235611017e-01
-2.178271789750277632e-01 -7.866515792122210637e-01 4.978511353321464217e-01 -3.870334310324533567e-01 -3.483761088470649359e-02 1.135146201445413894e+00
2.232920349360810464e-01 -4.133570369132855693e-01 -6.759365292840204820e-01 -7.445406694933806580e-02 -6.300242709332367630e-01 2.537959959694425782e-01
-4.608609065079206091e-01 1.710810114724557740e-01 -3.290189895393232367e-01 -4.071018066657607348e-01 -6.254699574065204493e-01 2.731574905411635057e-01
7.428266309426455605e-01 1.795798211475354081e-02 5.479573919947994254e-01 4.599694970043074482e-01 9.688506971342667473e-01 4.222796839356222076e-01
-1.522923876571273816e-01 -5.261149162550034925e-02 8.989254538123621074e-01 9.987405300308199729e-03 -8.308753379998929933e-01 2.923196063098610908e-01
-5.045362697342545971e-03 -3.462442666133070390e-01 -5.404829770971845138e-01 2.705829067273777255e-01 -1.958704461512983108e-01 4.089467313139191207e-01
-8.393786064421630000e-01 -5.108408671227278042e-01 2.465131337742765272e-01 -1.132347432587366587e+00 4.269857083561648947e-01 4.326597996929390511e-01
-2.625134696093217035e-01 6.527077895850242895e-01 -5.881880950640724359e-01 -8.040601674416392175e-01 -1.874411975405053665e-01 -5.585763828734695569e-01
-2.322172185393882038e-01 -5.358629593797656909e-01 1.073443569304209505e-01 -4.766895184295122379e-01 2.229492955274041677e-01 -4.963420321733333362e-01
3.447514553867145892e-01 -6.480652653669944918e-01 -1.289623736831478802e-02 4.868331318177355205e-01 2.356224493151553023e-01 -4.588881881279557873e-01
4.294450917557236513e-01 -7.525374930389103767e-01 -3.411246905387081418e-01 4.702054457989209291e-01 -7.934668512324136724e-01 6.572056060946962486e-01
1.913104877921563418e-01 -9.378704111452416115e-01 4.187092419096597462e-01 6.287384011536361061e-01 -1.874709290916423132e-01 9.142467661658070233e-01
-2.329082064427936138e-01 3.617211288936038605e-01 5.368100679123152252e-01 -8.774542072941811099e-01 -1.581202117509474814e-01 -2.383726628571580797e-02
1.365125199064717576e-01 9.460659058400646693e-01 4.718389637655593938e-01 1.006479806526674903e+00 4.583818712536879558e-01 5.447855375043932913e-01
-7.259033103530658781e-01 -1.261627634773106743e-01 -3.507153010159653195e-01 -6.851318321336908879e-01 -1.348132260379800718e-01 6.484157494780593556e-01
-1.223870738315234047e-01 -4.474054796425658287e-01 -3.408794569292206700e-01 2.121355976569552215e-01 -1.134731833040607540e-01 5.403604671109376589e-01
6.933165487705422736e-01 -5.384612910623070015e-01 3.429142141258709753e-01 8.547348754772114976e-01 4.357209297949602433e-01 5.007531331820451737e-01
8.434684939892002076e-01 2.937082844214597421e-01 -2.034300302198324695e-01 -5.849294316415809547e-02 5.992323113591833117e-01 -5.085867683922111748e-01
1.564090238979789216e-01 2.707768641685361910e-01 4.239892690798423014e-01 5.537265320742718044e-01 -3.070680860396467482e-01 -2.889160620935779522e-01
-3.569698045798605501e-01 6.132638476378936554e-01 -4.640921278938239247e-01 4.819582122844091043e-01 8.114591989323168830e-01 4.277904434372203912e-02
-8.856710444063257137e-01 5.901319364879554358e-02 1.061295525678891266e-01 -3.544694298631021478e-01 6.845001023008341345e-01 -4.653518310410512671e-01
-7.365040545617113077e-01 -2.048506303059950684e-01 7.842158732044197944e-02 -4.916481774831279461e-01 -2.754863251234493382e-02 -8.747885684366492054e-01
4.820455897752386476e-01 2.963373925504831918e-01 -8.686176118440862570e-01 8.552734513402852068e-01 -4.800640759419237957e-01 -3.607773583446061139e-01
5.311129997724914897e-01 3.130872115360090469e-01 -9.631486570918826873e-01 7.756489861370281513e-01 -5.608077801334775403e-01 -5.430180882115511753e-01
3.956129296883603153e-01 -1.602026389585557709e-01 -3.216667864527038567e-01 2.034851093786266274e-02 2.848754345218877937e-01 4.914027828504327067e-01
1.773215582316990668e-01 -4.936708882420541844e-01 -8.393913653006969122e-01 3.361381682979261987e-01 -1.076620674043461623e+00 -4.255585429408692555e-02
-1.438046023723567879e-01 -7.077472861341863597e-01 -7.166123129112100809e-01 -1.820676070425661652e-01 -8.201373003038600062e-01 2.763148884427200080e-01
-7.016306445963946814e-01 7.952161381477432789e-01 -1.893891920814877450e-01 -1.956149106696170037e-02 1.481177119505592277e+00 6.406534399593105666e-02
4.734973160587157004e-01 2.020915660146397341e-01 -2.371145381464564439e-01 -3.641121331098243763e-01 3.309767725352334988e-01 2.937329109419974937e-01
-5.552056253692677634e-01 5.016046656883986765e-01 1.045512038568403683e-02 3.636281382027157782e-01 8.729071250133599857e-01 -1.232572523379334289e-01
2.853984619581195203e-01 -4.892323488576907353e-01 5.995806381872553770e-02 -2.606136961375055128e-02 -4.055565761789708956e-02 -7.777065469028525690e-01
4.904965565928957050e-01 1.019793649863046436e+00 1.104568503168590066e-01 -4.949718874547593961e-01 1.189472805924691290e+00 1.182626036118052948e-01
3.868428480679932391e-01 1.100042242790253644e+00 -1.535407110249142615e-01 -6.058570294417235935e-01 1.135008559336493583e+00 -2.689716856347704743e-01
9.531129549832129122e-02 3.422809718717199079e-01 3.825486639805449340e-01 -6.366680207634309863e-01 6.313185563280976353e-03 -2.101839292923277092e-01
-6.103121695669639912e-01 3.119629444881736324e-01 -7.828290128205511733e-01 -8.037308598963480710e-01 -6.620200716618656056e-01 -6.647345824584958152e-01
9.090825802720922111e-01 -2.124182029678401695e-01 -3.162478514861775114e-01 8.509552844341690125e-01 6.847911148209560039e-01 1.215153922329971214e-01
-4.775765650084351499e-01 4.197139638124641192e-01 -8.414883531318497756e-01 -8.471940341953838605e-01 -4.543382580246280722e-01 -5.261858952069589090e-01
8.001438387512996853e-01 6.487533966560981025e-01 -1.485822154701770814e-01 -4.090370949462895922e-02 1.034058216184447376e+00 -5.282916012347884660e-01
6.243478994794364745e-01 -4.180754733928810918e-01 5.788423526822979170e-02 5.911374913246046914e-01 4.391557373167234157e-01 5.717438660775931991e-01
-2.027920537030034401e-02 -4.149928326838129844e-01 6.171075099223715110e-01 2.867443417259239388e-02 -1.042721731486003778e+00 -1.597837120540988032e-01
6.030962956008629750e-01 2.896264855706716101e-01 5.407940088939930945e-01 8.341105987562139612e-01 -5.086728255381375297e-01 -1.539894469392177889e-02
-1.802288038358317857e-01 9.446471680089260081e-01 -2.869755164604149700e-01 -9.203856007756872071e-01 2.903432736638080769e-01 -4.420700998234274870e-01
-3.414029126227002831e-01 2.688939866550500990e-01 -2.956410901455674423e-01 5.222219287470155624e-01 5.188524794994636702e-01 1.421635297753310323e-01
-3.164756743440422238e-02 2.481358926810640908e-01 5.801721446507435154e-01 -5.168969808310448499e-01 -5.061644658639480321e-01 1.379459854323156209e-01
3.417743147021886641e-01 1.056926081757845637e+00 -1.827435492912686255e-01 -4.973805093794666510e-01 8.813212379598707180e-01 3.320205909275067424e-01
-3.081569469684437568e-01 -2.739694492724837893e-01 2.086059585211410550e-01 2.155094374283189618e-02 -2.503483174554504975e-02 -7.020664650206274171e-01
-4.962801124486228566e-01 6.278298802828690128e-01 6.671223713284192558e-02 2.857808321169236776e-01 6.369343362563727462e-01 -5.564232119203087468e-01
-7.207495222079688402e-01 2.195482949949921492e-01 -1.490606589984094232e-01 1.250347882285794965e-01 5.360877761723956691e-01 -5.785390136046837384e-01
-1.512476483538804928e-01 1.871878979506556573e-01 2.664896181395337016e-01 5.548892123325541714e-01 1.991186836925517289e-01 -4.414852333428391229e-01
8.813621601658990640e-03 -3.466779047305572625e-01 -8.893176458779505911e-01 1.865256629404976052e-01 -7.431162163460977022e-01 1.137935947212975751e-02
1.957522193066154881e-01 -3.334298047109200969e-01 1.878542108991885715e-02 2.240062691072368939e-01 5.290367386487490053e-01 -4.865393954935218757e-01
1.294151112246186841e-01 2.149393256094071225e-01 5.170955758817827874e-01 -3.405391887948898688e-01 -5.217770075437422328e-01 3.089397123762721575e-02
-4.978847450349949133e-01 6.823131005779368152e-01 2.941194210185062441e-01 -1.021588551598942463e+00 -1.694246275823841907e-01 2.774711352591068825e-01
7.596388754144810518e-01 1.732550214726819374e-02 1.746445918111936835e-01 1.319425354860030986e-01 7.453477548425003762e-01 4.502909312045408341e-01
-7.257391076542017705e-02 9.407956797216887601e-01 2.036620120312793158e-01 6.127569889419465232e-01 4.547748845470153678e-01 7.459768141195771696e-01
1.997703363447264902e-01 2.190493620918116946e-01 -8.404166630812808236e-01 7.353647994293268653e-01 -1.202874648225251142e-01 -6.711912072592840506e-02
-2.059934678192218149e-01 2.823976418563005006e-02 9.833724619479076168e-01 -7.144262508540594192e-02 -9.195706667696794678e-01 6.943197717823765824e-01
-3.514763660296478243e-01 5.219513939604543129e-01 -4.581185869688893519e-01 6.374445601586194998e-01 5.455234392771286522e-01 -3.115588366056739611e-01
8.480810811356669365e-01 7.803280185533069124e-01 1.585353691099843365e-01 1.358705349989705269e+00 -3.429833765952372548e-02 -1.165041840831615438e-01
5.146841208972812165e-01 6.723880683540458536e-01 2.493952501300536473e-01 1.012698243078608673e+00 -1.947794557225177581e-01 2.509506583994035589e-01
3.360176187198142816e-01 -3.560186960915626142e-01 8.291407691676148106e-01 6.732822265281688257e-01 -9.189789672224610850e-01 7.460228940127311414e-02
-1.601276246040100326e-01 -9.748413468431904594e-02 -8.660055754251675397e-01 -4.312143096252646912e-01 -6.611039881084138647e-01 -8.572058259857928686e-02
5.297954355013044792e-01 -3.822493840764388806e-01 -5.914019407699209856e-03 1.010789817400860047e-01 1.352113728605743304e-01 7.346510130537169392e-01
-4.403215984604014199e-01 5.578140999578359294e-01 1.210633634583151153e-01 4.507048347755435724e-01 9.736062930678205385e-01 -6.111442723972598801e-02
5.564313527322716224e-01 -1.024513282685602933e-01 1.177021843456094868e-01 2.078542172100794616e-03 1.650117119989543690e-01 -6.704326286876031160e-01
7.525098019044161590e-02 3.724109540096633836e-02 6.070799144997652830e-01 4.765040426736688040e-01 -3.352547943231888317e-01 -2.297251954191700252e-01
2.625064567665031171e-02 -9.175757027172928293e-01 1.420893869684236310e-01 4.446463977003702051e-02 -6.660694618059196381e-01 1.109773664613666888e+00
-8.568028427717684636e-02 -8.057391977882970568e-01 5.631540861679260601e-01 -3.076209646541253617e-01 -1.148261365880552054e+00 -3.497648033064884032e-01
-2.354541426805224769e-03 8.746623163553815528e-02 -9.098486276540409534e-01 3.422290642548125872e-01 -5.190930761802888815e-01 -1.933655889172958275e-01
-2.170901335367295959e-01 -7.713501955374403307e-01 7.326185199099910506e-02 -1.516061307956974857e-01 -1.767155940853584184e-01 8.745867150402721890e-01
6.872168517190548886e-01 -1.542657964765037359e-01 6.817839400630064661e-01 1.103260191590485384e+00 -1.463947550884943660e-01 -2.275267802389668859e-01
5.820386222155692346e-01 -6.445100371560599228e-01 -1.557278164277343668e-01 6.539388470190954372e-01 2.288471046272536613e-01 -6.374722098245682034e-01
-1.258643983241261588e-01 3.396693514685172888e-01 2.794563788629877421e-01 6.598668980050235167e-01 6.355309603706044141e-02 -2.740652046867637082e-01
2.770732373163475870e-01 -2.986105824852716140e-01 5.448207534131711549e-01 -2.458749400789610462e-01 -6.674706533941212605e-01 -2.235980463620836911e-01
3.738967811610575676e-01 7.431002772065512518e-01 -5.516724686657700216e-01 -5.423732766967512831e-01 6.956649180855107861e-01 -1.539300045281002394e-01
9.121970578010880903e-02 -7.773401513253388462e-01 1.069399900510027007e-01 -3.112443863617542217e-02 -4.197843563659899857e-01 1.032783261786578644e+00
2.574857223456582939e-02 -9.261684965845780049e-01 3.964925414252566394e-01 -2.632962967526482068e-01 -8.346062416134005790e-01 -5.564342223802087872e-01
-4.223576629286440731e-01 7.729432839334591243e-01 3.900998136130434113e-01 -9.311180913152981020e-01 -7.701013317556160143e-02 5.270012937092323213e-01
7.091713161687313027e-01 6.873524272970853166e-03 -1.387237963813175157e-01 4.957163795651109428e-02 5.060339912314484323e-01 4.232077766132331664e-01
7.658800279707194125e-01 -1.697905061974013252e-01 -5.922850828270763424e-02 1.027716731704036990e-01 -7.627056119527812761e-02 -8.018867942263968596e-01
-3.957053035426784104e-01 8.823687032143107123e-02 -2.093788773778648971e-01 3.222288279970837443e-01 6.312411630426284503e-01 2.261861818918149136e-01
-2.739365254540671035e-01 1.330323842126962253e-01 3.359496585847182026e-01 2.220141814447595396e-01 -1.391551118142273225e-01 -4.886392470726084736e-01
4.180733251362243885e-02 5.024529335017214882e-01 2.190639095487691423e-01 9.082413899113673805e-01 2.016814199792608120e-01 -1.794690512395318849e-01
7.644932151465871906e-01 -5.244385794828210212e-01 -4.449296902170632451e-01 7.954268746829711301e-01 4.012416159595529885e-01 -8.219698531618819803e-01
1.998945983099173485e-01 -6.613841743804306228e-01 1.482466523451874407e-01 6.048485268465583764e-02 1.018168183115220060e-02 8.759582872635138795e-01
1.088295085857346467e-01 3.711481920899176168e-02 8.438131421545180810e-01 3.834693309185895904e-01 -5.831019461656794522e-01 1.090314521695553429e-01
-5.540049456419897655e-01 7.534316797762746765e-01 6.972555453689364968e-02 4.450993653324093469e-01 7.890670508537336314e-01 9.254432138663590268e-02
1.292158835848967458e-01 1.647807369406478761e-01 -8.773930659756586925e-01 1.512338195565735288e-01 -5.333068686812733050e-01 -1.617193237071580247e-01
2.260915617811082579e-01 -5.085833937677006755e-01 -4.469164106522436342e-01 4.144887675457378795e-01 -3.687032628037492099e-01 5.251638544604617653e-01
-4.785865329553553593e-01 -2.170247240388913090e-01 1.714278454468239343e-01 -6.341362192428068312e-02 9.720333415139950639e-02 -6.823239811350829687e-01
-8.904982648476511553e-01 -2.738364251378356262e-01 2.045260662875234836e-01 -5.101000771800139333e-01 4.958788300520450831e-01 7.172010556786130309e-01
2.735073570042632074e-01 -1.833964871133297037e-01 -5.153913709698823009e-01 -2.095306518838774279e-02 1.290338755467198284e-01 3.877588536606803027e-01
-2.953840053816224054e-01 8.978496996468622593e-02 -4.853001881072305235e-01 4.920443854581321719e-01 6.344581465165508027e-02 1.305429560430561020e-01
6.394551161445319321e-02 3.391022268505829440e-01 4.520203680851737627e-01 4.718477831201289829e-01 -2.774333971144334332e-01 -2.214033924717121460e-01
1.883472125954709642e-01 9.411804408995453342e-01 3.244815121674279879e-02 -7.696619710302695649e-01 7.323636051429318616e-01 -1.640561316712838280e-01
8.732191617470392853e-01 1.172445225463428636e-01 2.972205125005890347e-02 4.038350010282436564e-01 8.781544629044062411e-01 -4.182674266739213054e-01
7.339558037219108266e-01 -2.066478473118076864e-01 -4.411496303894946180e-02 7.943831431281345168e-02 -1.209271319505482029e-01 -7.952865912408977334e-01
7.336700900133027448e-01 6.513869644671145265e-01 -9.091016488756523128e-02 1.236691371548588769e+00 -2.128629517973327223e-01 -8.445473620352289545e-02
-5.603727579961319538e-01 -3.557440209584415980e-01 -2.064918484890233830e-01 -2.673739618998768885e-01 1.374727725885943608e-01 -1.025569927825374261e+00
2.062265365013581653e-01 -1.685850842532561344e-01 -5.403084379503432233e-01 -1.916777239441664615e-01 -3.243593907178615732e-01 3.637969568819027222e-01
1.850407906688309179e-01 -1.201142770564065154e+00 -5.243243768139154160e-01 3.538407518840728239e-01 -1.406740327977578087e+00 4.396446151559145754e-01
1.018139613606074301e+00 1.152339979677159676e-01 3.839070205884623777e-01 6.018662280763916739e-01 1.024226139556741799e+00 4.051144492174328926e-01
2.555570411017587529e-01 -1.127299472404110804e-02 -9.854747708680193785e-01 4.415002569304202762e-01 -8.244674080753930934e-01 -4.339859073526747268e-01
6.027293144176487649e-01 8.588194157859725397e-01 1.063361302623776067e-01 1.152206584305483839e+00 3.387481378060197557e-02 2.387790745773241685e-01
2.640681682337644443e-01 8.976209783566309677e-03 -4.943436720906865256e-01 -1.246520979710185606e-01 2.299602649471174654e-02 4.269054795404390035e-01
-1.959639597643688443e-03 -7.355783661288151087e-01 -2.918442684755631067e-01 -2.134889018759320856e-01 -5.811449934009195184e-01 6.732493563028258965e-01
-6.341985857014433015e-02 -9.883663701517784173e-01 9.587525571556838599e-01 -1.824403610480366811e-01 -4.388501730983738192e-01 1.785714508617704865e+00
5.850955062032445753e-01 1.930421489684884528e-01 -1.575271566038325688e-01 -2.040804888564146102e-01 5.194540067756586721e-01 3.627194655903615006e-01
-9.890297736723961675e-02 -7.513292531518618311e-01 -1.180015202059846030e-01 -4.076560181375810110e-04 -4.452075871886198022e-01 -1.064884932934408335e+00
1.164490131096660885e+00 -3.272231529378318016e-02 -4.441508174809079973e-02 8.401532386250574191e-01 9.071675174718351053e-01 6.241507525676202178e-02
6.587279670787026253e-01 9.648416386026938130e-02 -1.777027579037726290e-01 -8.651231948732951427e-02 4.901540973906307608e-01 3.604802023552633461e-01
-3.932649306103260245e-01 -2.050997563624588904e-01 1.093665718106638512e-01 -1.134639544159604663e-02 5.526038898237475849e-02 -7.773976737532789505e-01
-4.670442693217690677e-01 -4.705864825219020081e-02 2.095958154599668610e-01 -3.922001658448637240e-03 4.459127898350440794e-02 -6.719471818079347791e-01
-7.406911470769517170e-01 3.303203250379481148e-01 6.307383241568553789e-02 -3.169519496108208489e-02 8.964668153171950760e-01 -3.574055266827155242e-01
-5.581689501004158949e-01 6.274517940359363166e-01 -9.018044107782971150e-03 3.867136899988324883e-01 9.143255898915148006e-01 -1.668160849399996926e-01
-5.597272827787190819e-01 -3.702283592778852217e-01 4.333458721290993632e-01 -8.747817947663281135e-01 5.101987018558145071e-01 7.896070807771565780e-02
-4.259847597263617947e-01 1.546060184000404292e-01 -8.372145185796712186e-01 -2.200427796570716132e-01 -8.200424404890063190e-01 -7.497600594003581698e-01
5.085237032154857340e-02 3.278461869394982964e-01 5.149739886015186618e-01 4.835814235146725926e-01 -2.752958573851284063e-01 -1.550746968613306853e-01
1.566311614618759729e-01 -4.366792983686997309e-01 7.327706382572347632e-01 3.476903701530703605e-02 -1.028371162123195237e+00 -6.412983293857299483e-02
-4.915943561350338276e-01 -7.016793135594413811e-02 7.462598614199700275e-02 -3.999779765038752322e-02 2.943053490603452227e-01 -7.397570786545472066e-01
2.086842945361409574e-01 1.048536396405901350e+00 -3.802828104129972187e-01 -7.853302778941724238e-01 9.431651772611593376e-01 -4.091261107118897566e-01
1.484032888842291842e-02 -1.992556975057356572e-01 -7.558222278754217482e-01 5.898584813231790847e-01 -5.799606245413080341e-01 -3.165520093939855339e-02
6.003558154583710227e-01 -3.450981860071589691e-01 -4.897228288641704563e-01 6.469037688138512543e-02 2.470607511487193375e-01 -1.091728087197140429e+00
1.084814669489133188e+00 -7.838500532722054992e-02 -5.864355523603601017e-02 8.383121587204300784e-01 8.750352253195136099e-01 1.152137885210046397e-01
3.471136476115442571e-02 8.059232578625995513e-01 -5.140579137070152571e-01 -7.771506296833687877e-01 2.222481403509084519e-01 -5.283218253119866814e-01
4.090031366844121274e-01 -1.157896286315017731e-01 -3.464786649000666796e-01 -1.602389038555103173e-01 2.668096230742166286e-01 3.812447110307672360e-01
8.281827382162062490e-01 -2.536716696954698369e-01 -3.424710725059928323e-02 1.753240764885188874e-01 -5.968000108880497923e-01 6.410591264519791554e-01
8.168951276589951627e-02 6.885278666518567237e-01 1.717529865875983275e-01 -6.066666953160381182e-01 3.545238342022584699e-01 -4.721468791543227406e-01
1.874482432741350069e-01 1.094081056869024016e-01 -8.900451719305686460e-01 1.365928773780101801e-01 -7.920396217426083352e-01 -4.601548062886507973e-01
1.799749899010803511e-01 -5.214534200570869471e-01 1.221432756167870615e+00 8.124880393227824626e-01 8.447172243918354972e-02 1.703907588674327567e+00
-7.415671947991969715e-01 4.372991121772587531e-01 -1.481787409422825053e-01 -7.794957745223703993e-01 -5.450418794727833749e-01 3.503588446790356636e-02
2.816857052072906931e-01 -9.657496495614177334e-01 3.205475785287415502e-01 3.734005198702159967e-01 -4.302215431833688042e-01 1.160070085702007647e+00
-1.927187270291856047e-01 -5.245615515105956916e-01 -2.248225113692418065e-01 2.577312282519882425e-01 -2.705628350535033699e-01 6.310860642539599663e-01
-9.005363243326148792e-01 4.851760018085822801e-01 2.350156503752696413e-01 -4.197308564286024168e-01 1.360642575317690950e+00 1.861855295293812496e-01
2.169830714372825708e-01 2.209768145394144789e-01 -4.703277210427556088e-01 -3.852157172058695567e-01 5.840674742451942847e-02 3.112908510465843270e-01
9.666550775572044785e-01 1.076744458843073710e-01 3.821316918016852693e-01 1.005141624189184180e+00 1.350164613494398702e-01 -6.167532865209687243e-01
-3.262690447790617121e-01 3.398220964115530873e-01 2.141825715170053435e-01 5.337450103768989207e-01 2.730846706867112728e-01 -2.917047093488230880e-01
-7.978044036204926526e-01 2.054219884753936964e-01 1.546718044163531425e-01 -2.202487207073078324e-01 7.517558045926787669e-01 -4.519160247571387123e-01
2.433026468614812171e-02 3.259419487488182110e-01 5.598547266164370928e-01 -4.764955167381507706e-01 -4.242576548186965946e-01 1.281440695000253260e-01
-1.604924114106280331e-01 -1.638427119567767709e-01 -6.161161638557086651e-01 -6.170234186495522355e-01 -3.445856931915561860e-01 2.550390543251718212e-01
6.413573646005933382e-01 6.528462673088556434e-01 1.249154424257016734e-02 1.109807296921586195e+00 -2.301628212385313788e-01 -1.665653375873427100e-02
-4.563222262603017221e-01 8.517072311103864868e-01 5.511302407524937448e-03 -8.036572969125551635e-01 -7.493032394615206648e-02 1.493903844654618784e-01
2.831199593564034389e-01 3.277902502242957539e-01 6.211652506227040016e-01 8.589730242665210014e-01 -5.489211570471008717e-02 -1.012940592630517944e-01
8.231074860501393087e-02 5.603353343491234151e-01 -3.016759753021557300e-01 -6.905441396292736345e-01 1.103608364002028885e-03 -1.750653956876901951e-03
2.981112340604123445e-01 -7.677797678330142706e-01 -3.587792564349285840e-01 -1.311047196813017179e-01 -3.088166919103481067e-01 -1.136678067330790354e+00
9.589857494476258237e-01 2.202894309411228824e-01 -1.365178905433040324e+00 1.103469377960553555e+00 -7.692079926302749504e-01 -1.369575476517882695e+00
-2.504515790873603764e-01 9.608023760863995122e-01 -4.913841977561442947e-02 -1.033673630942666399e+00 3.412200300303424028e-01 2.639316204600027083e-03
3.412621199728204657e-01 7.359236211239968961e-01 -8.087213466442137733e-02 -5.301199582411932898e-01 4.146210239517676421e-01 -4.516253070282013060e-01
2.711592161198813078e-01 -4.661819686887027636e-01 2.619312484010260511e-01 2.494266139460006027e-01 -1.768129655920172016e-01 -6.950396362394535288e-01
-4.189467758950356502e-01 -5.568615125668999744e-01 7.849612967545324671e-02 -1.386245817269703418e-01 -1.303663240757624853e-01 -7.814581258816144516e-01
-3.615407672782046111e-01 2.573751708406971650e-01 1.627331643609969958e-01 4.932401626964451058e-01 2.768795565393652458e-01 -3.558891844538130678e-01
-1.523395169329866627e+00 -3.902206148064036317e-01 -5.781280518504246929e-02 -2.061494430069300776e+00 4.524728661270692176e-01 -7.561400693945280471e-02
6.434171395736090204e-01 3.555102413375925141e-01 1.208545089271702982e-01 -1.220043165338455804e-01 8.959665052361960313e-01 -2.284834668829427429e-01
-3.896112708015591619e-01 9.283844601716834122e-01 -4.099635207154691541e-01 5.891236574965821315e-01 1.121354155516921747e+00 -4.795382058214633925e-01
-6.085963326770841286e-01 -2.160552459176613010e-02 1.480503727902468813e-01 -1.472635807346545089e-02 6.052916322528805182e-01 6.523502914937856501e-01
2.259379326085312611e-01 6.810063932900365380e-01 3.764739987654384112e-01 9.655337141857095462e-01 5.836903349556021858e-02 1.208946606697959836e-01
-6.921887157724178063e-01 1.516658349646038406e-01 2.786373899570435131e-01 -1.055754260696921687e-01 9.486159027253540099e-01 4.227048666486327155e-01
-6.326218840536899091e-01 -2.776660559186670540e-01 -3.854664337135034757e-01 -2.201846917391273584e-01 3.851959930683011568e-01 -1.010374000005094031e+00
8.881529163794836187e-03 5.442361065975741541e-01 -6.510467449351386993e-01 9.705440633742637990e-01 3.566204040380105966e-01 -4.510329492884883607e-01
1.843747028112191141e-02 -6.109032366235980227e-01 -6.909504588874766373e-01 -2.435674307816826922e-01 -9.534755205586515903e-01 2.112677309638425482e-01
1.408855949621564199e-02 6.020811412537541152e-01 4.884398994896847479e-01 8.546842193332142568e-01 8.599353288618150071e-02 3.239634052643995954e-01
4.568759645639386413e-02 5.580946867666966016e-01 -5.678714546678669262e-01 -7.571837956741137576e-01 -3.515473822732007037e-02 -5.091122218385549791e-01
-5.076343045561496070e-02 -6.503526587707186835e-02 4.990403405711217322e-01 7.049687666209872861e-01 -3.324958197229850865e-01 -9.873361205495995163e-02
-6.886940958694452997e-01 -2.600279078823352075e-01 4.190036143830557641e-02 -4.085867464001783911e-01 6.209948414248639414e-01 -3.393328847201138587e-01
-2.093906869247564029e-01 8.509691549874341954e-01 1.462057404300377284e-01 7.810446040975198567e-01 9.397872798230569868e-01 4.061561305866519256e-02
-1.057463776020165780e-01 4.455982808657912853e-01 5.995476475712643305e-01 -3.668759181101103328e-01 -4.965861036993879929e-01 3.895477700580475267e-01
-4.755129064753970125e-01 8.056384639318966423e-01 6.368037754216035462e-02 4.232962769319060792e-01 1.210799053625030819e+00 -1.036126240514767816e-01
-2.245534579594009594e-01 1.040237554909300144e+00 9.210584416360621807e-02 6.445366155293502652e-01 6.946954264001079515e-01 4.460593461785656300e-01
2.048602222857706379e-01 1.374632498936435550e-03 -9.075371854976511665e-01 -2.319108199810099025e-01 -7.660715648923827059e-01 -4.382213102635028057e-01
4.725341805261199513e-01 5.308529955860964433e-01 2.299350098495325789e-01 -3.950479810225079325e-01 3.390212313434179392e-01 -2.288697058957960273e-01
-1.961869410915905165e-01 4.177849365131267589e-01 3.859631861618749160e-01 5.777204992627437141e-01 8.532050904285443105e-02 -1.530495022148148920e-01
1.061626963401469254e-01 -7.327649928510016064e-01 -5.286834555976845929e-01 -3.508340097523379719e-01 4.068776178741573268e-02 -9.679155661757514739e-01
-3.439487135059769440e-01 -6.304335708665725901e-01 3.779291831531607186e-03 -2.481858949024771666e-01 -8.548189578838560898e-02 -8.292015929446986400e-01
4.400531594302697358e-01 2.544391173077630297e-01 -3.763095844488846820e-01 -4.137447979816888943e-01 2.315457173949147518e-01 1.437913097626110637e-01
-6.777149311019229350e-01 2.893561180801106913e-01 2.140012657954681874e-01 -1.401937538535359407e-01 7.724866372749653598e-01 -4.771252677944514131e-01
7.080265245661429008e-01 1.463787499480797838e-01 -1.208631806778973777e-01 -3.559874852991518068e-02 5.977333245729057332e-01 3.723918255592978954e-01
1.600768463746021775e-01 -8.325801323337660431e-01 -3.176945304980444140e-01 1.745833419212004800e-01 -7.002357846808282549e-01 6.734031111252594126e-01
-5.087924945273528676e-01 8.094925756876585332e-01 -6.265047387751883357e-02 -1.255546432663260603e+00 1.444548369893533524e-01 -7.178075238133527214e-02
-7.000997108436320948e-01 -3.797164525055575779e-01 -1.334257607434887749e-01 -5.424320773903891224e-01 1.378490495197361443e-01 -9.744173590811651131e-01
-8.230469640271864673e-01 2.109148252991569494e-01 -6.724687544957954621e-01 -8.091916498945873615e-01 -7.837788713923744544e-01 -5.705252405656651149e-01
1.737017079566351430e-01 9.182462865460728763e-01 -1.981477686963269425e-01 1.056163314670917952e+00 4.480278072231606012e-01 -1.856539951072838368e-01
-3.760127397655022019e-01 1.154414403499751628e-02 2.686728914749379471e-01 1.649143622049245028e-01 2.397888648467898232e-01 -5.408345005700159192e-01
1.939195301221147694e-01 3.138797299648355410e-01 -5.852077065018731483e-01 -4.287578024479168914e-01 1.077270421736126194e-02 1.361792010907101336e-01
-5.374703048626803259e-01 1.845551656627358039e-01 4.637142980592631747e-02 2.848258543212909277e-01 3.702840295762364065e-01 -4.915261586815935502e-01
6.944484203321227289e-01 -3.336714387069097953e-01 -3.753867392365610629e-03 3.835996034083506978e-01 5.091821054211169706e-01 4.355306829482031850e-01
6.598439387186970650e-01 -3.238205495948160428e-01 -1.266327568114674340e-01 4.262006137481644252e-01 3.127665971347856622e-01 -8.615937090500055406e-01
1.583957152537029955e-01 -5.287678479972932610e-01 5.386260510995679596e-01 3.928460734756792916e-01 -7.519018655424304365e-01 -4.075474212318821454e-01
2.325749959448260573e-01 -8.274273089976840190e-01 3.332079723905827934e-02 2.306727744572354688e-01 -2.977683334590107700e-01 8.815293513015218796e-01
-2.167905299129339602e-01 1.487870283069364641e-01 4.004351083308819170e-01 1.520809923742287850e-01 -2.759802321742677034e-02 -5.121557713322335559e-01
5.331231085206074027e-01 -2.577192510779388046e-01 -9.145366856997055871e-02 1.667334432188830595e-01 3.526621158285254687e-01 6.108234847630185094e-01
-7.825997381262480568e-01 -5.149860643351708012e-01 -7.061047100388409548e-02 -1.315937914843205991e+00 2.627288121215262118e-01 -4.033415338672355910e-01
-1.168605012959903627e-01 -1.927749785691062478e-01 5.676571409556879777e-01 2.841862420080393248e-01 -5.497366390851032847e-01 -2.759896350156860745e-01
-1.281270787969746028e-01 -3.175892975863252587e-01 -8.543282950573056755e-01 -3.938557047063024896e-01 -8.807495537433047694e-01 -7.187138042395302406e-02
1.055825354341165312e+00 1.443747102033214880e-01 -2.761340022810183092e-01 3.630339448528125956e-01 6.143134774236309603e-01 -8.231235981625097953e-01
2.889026148026946905e-01 3.332893576722615325e-01 -5.279824312281040655e-01 -5.894418613227470072e-01 1.845135410735198878e-01 -7.369536597607534434e-02
7.049927410027245767e-01 -2.433107095400831588e-01 -1.568373939353313873e-01 3.824888437618342851e-01 3.871446869225528831e-01 -8.628949194497739228e-01
5.961960301074749058e-01 4.982252542718913074e-02 -1.303637905997690784e-02 -1.113474339183327944e-01 -1.311528639495451731e-01 -6.961397057641439678e-01
2.052519458696137333e-01 5.037087984417311370e-02 7.447481522807132270e-01 6.633036947909640713e-01 -3.623699460766018898e-01 -4.254696768912935578e-02
-1.135928094495312901e-01 6.210366075315738588e-01 5.136481047222555274e-01 -7.567039766651074695e-01 -1.240607872354513308e-01 3.369056397795849866e-01
5.113742594847300871e-03 4.785158813109934850e-01 1.925473465782424343e-01 8.397431279318336994e-01 1.568204913228302133e-01 -2.545609906202128681e-01
1.394008264526112595e-01 4.324626302284260704e-01 9.211474959063552514e-01 6.080857728408101126e-01 -4.202810973194452404e-01 6.905774281246652713e-01
3.024394584424645593e-01 5.424304533698344200e-01 3.223998356965195322e-01 9.538496653687504878e-01 -1.301825140626491351e-01 -2.867926985367136306e-02
3.283377285277891411e-01 5.466115922592436061e-01 -2.935468086796979570e-01 -5.553375446709667429e-01 3.757358411463223025e-01 1.422507236890606097e-01
1.853008611907987491e-01 1.691450115545158062e-01 -8.122823918730001092e-01 7.142177254902755124e-01 -1.621148344897549720e-01 -3.092852514017663257e-02
5.224421580580642654e-01 -4.249215548331825576e-01 -1.686849263858895831e-01 1.901816822853896749e-01 -3.676543679680344123e-03 -1.012578057545043819e+00
7.154327059128354205e-02 2.468503934071308581e-01 -6.633365751245161590e-01 6.839072916393663659e-01 -1.146565551530019100e-01 3.974452394483352080e-02
7.464624179189901509e-01 -4.570975174286976972e-01 -3.778185428362841602e-02 6.067821909521490253e-01 -2.742763600240485378e-01 -1.010954941971382137e+00
-5.970755726478997882e-01 -1.232943172402988230e-01 3.573194323399470629e-01 -3.848414663355130827e-01 -2.256779039674345622e-01 -6.145212363329941585e-01
1.416794674497041939e-02 3.646051963068098201e-01 -1.074304790886653649e+00 -5.296743811557153014e-01 -4.464096285543017184e-01 -8.586882881808927115e-01
-3.592607154126935542e-01 -4.112253448543917167e-01 6.919938479860128222e-01 -7.653950841793806248e-01 -6.308798600769062181e-01 -1.950274417522024351e-01
9.132034898645252641e-01 -3.971402431991428728e-01 -1.575546625441646420e-01 1.593275385624845608e+00 3.356949619892479753e-01 -1.362291230796403851e-01
5.773869438627593498e-01 -9.607179818706085284e-02 6.701808561429285493e-01 3.139014967713000259e-01 -9.783089125377022466e-01 2.800102611036978106e-01
-5.738973708467726143e-01 3.433147439078925167e-01 -3.767982698564220634e-02 3.588045151086820539e-01 6.526466055554596135e-01 -2.231009458065263407e-01
5.261612051177541050e-01 4.901454909136679361e-01 -2.749307372020045603e-01 -3.687777462454879807e-01 5.818136115142086284e-01 1.617398812261480745e-01
-1.809331393622676254e-01 -2.934070603097740926e-01 1.431884506533524261e-02 4.933763615149558968e-01 1.786185113985815920e-01 5.822084088716350525e-01
-6.445787056260572356e-01 -1.233329314661448135e-02 9.139174250007531253e-02 1.225939012375604209e-01 4.879660161957627418e-01 4.928226734827556577e-01
8.266137186638023993e-01 2.166743391326798607e-01 3.040559529402266370e-01 9.027306021236847222e-02 8.927602826336575870e-01 2.774057801133673062e-01
-2.686859075443813749e-01 -3.817886651854004998e-01 7.547542923702293960e-01 -7.562264820096830098e-01 -4.895336707728192294e-01 -1.116723935190100381e-01
3.164323194623061553e-01 -1.655650544854332107e-01 -2.610730764567595341e-01 -3.136936890673680534e-02 7.015074029737586314e-02 6.463805309841672564e-01
3.055904508217858750e-01 -5.305220469268088213e-01 -5.966347000608925866e-01 6.041802448424132832e-01 -6.476627919170341308e-01 3.505306396606653330e-01
2.034772341378842386e-01 1.459310720953818086e-01 4.792128956168210663e-01 -2.561011528463187359e-01 -3.232497605982189715e-01 -2.748806346895578678e-01
6.621918641858148824e-01 -6.355396500231095258e-01 1.242588927077686450e-01 5.937048236439850246e-01 -4.207371476807976740e-01 -8.499943650570195297e-01
-3.842727222585792246e-01 -5.658389681847083574e-01 -1.238527696563759134e-01 -2.789821343100007955e-01 2.195219889416877290e-02 -9.259845767763118518e-01
1.640104439776547962e-01 1.788808394693117976e-01 1.006147075280277248e+00 4.190915437132722854e-01 -6.716010277833377451e-01 5.461316124617818790e-01
8.735426445584280053e-01 -5.385090608328738440e-03 1.343523245816333200e-01 3.462240579593544032e-01 7.302638417830102924e-01 5.595061279265383103e-01
-1.096631376393404494e-01 3.098711906372252911e-01 5.128730560672134509e-01 -4.962643733182057204e-01 -5.938785573242264526e-01 3.290909088624673906e-01
-3.588120144825155955e-01 3.212005774688798110e-01 -4.446088247189159959e-01 5.617231869465495464e-01 4.713723859013354556e-01 -8.396582827773146906e-02
-6.804056225845245276e-01 1.209178066366349558e-01 -1.396120416647279594e-01 2.096880690585445350e-01 3.663742739950766603e-01 -5.236489444867451493e-01
-8.207550264142690066e-01 5.710938670548995066e-01 -3.300876449005218372e-01 -1.449971651649539783e-02 1.133400502115596842e+00 -1.463388396571664585e-01
-7.059659650252692433e-04 4.077095714304189433e-02 -5.709500096679555048e-01 -2.996088811378619932e-01 -4.899506964103399198e-02 3.791021508667071771e-01
-2.177304622564222025e-01 6.584773866738224957e-02 -4.947715636798579730e-01 5.624857728315744154e-01 9.821123705049894514e-02 1.299005346865712562e-01
-4.361954372384477807e-01 4.498527277108813061e-01 2.082192660463252076e-01 4.962103708788216938e-01 7.291399297529074230e-01 -2.116701899425463274e-02
-1.950679923362758916e-01 -1.219956805194348237e-01 -2.094500917015510444e-01 4.655970610419606359e-01 1.052331968079484037e-01 5.060139007909215669e-01
2.643114447239179321e-01 3.418913254759531339e-01 4.960675007529058433e-01 5.926999793166582986e-01 -4.582185467438424364e-01 -5.913736669823754788e-03
-7.662298544940450949e-03 8.592542661956316039e-03 -8.944234361851667314e-01 -3.362787458896443482e-01 -6.719434533094974515e-01 -2.395326141990231639e-01
8.167854122390739713e-01 1.292060923534869843e-02 -7.952565621505028326e-02 5.228251613934660202e-01 9.466596079923147444e-01 1.247262792057081682e-01
1.844459956781462073e-01 3.085011752477456737e-01 3.176044962115694426e-01 -4.583948001464961397e-01 -3.583969171337639814e-01 -5.922788774905007880e-02
-9.926209728252782805e-01 4.253499321980762082e-01 8.061427986079103269e-02 -4.177874742264551244e-01 1.236019790703272836e+00 1.918834552859794984e-01
7.471774094368897889e-02 -1.023210446016946558e-02 -6.601640039201406296e-01 -4.922313045216339944e-01 -9.035660060647764114e-02 1.596828384615686103e-01
3.093710610235036462e-01 5.538643700841825446e-01 7.241176582636272840e-01 5.478121009940686292e-01 -4.034850895253191405e-01 8.872981799049995955e-01
-5.846960953184583420e-01 2.241092274014117314e-01 -1.295775022189501746e-01 3.147550733856601113e-01 5.860735135919059591e-01 1.153091054985838360e-01
-2.263986685320829029e-01 2.285168222698183982e-01 8.139021664419385793e-01 -2.578999689090689662e-01 -7.072311368118312513e-01 4.626423976822838791e-01
5.249786819953651262e-01 -6.598739180782444702e-01 4.434872002730180091e-02 4.865381876338932821e-01 -5.418546360898804926e-01 -9.479182689792843286e-01
-2.766514689143446670e-01 4.871789537749977028e-01 9.378120490031306433e-01 -7.092079491379523759e-01 -4.115221280399976034e-01 1.010139477832869170e+00
-1.182217010984499411e-01 8.524159474034207484e-01 -4.215473215209490920e-01 8.234839507085603971e-01 5.406710063834356816e-01 -2.950342506421670397e-01
7.166444360221797816e-02 1.398056618465588763e-01 -4.280081982321443101e-01 5.092258321668989840e-01 1.504339491409686091e-01 4.711175275406953578e-01
-2.585844661084539808e-01 8.417356423392461373e-01 2.483882876472053580e-01 7.133561567608449616e-01 8.578911854604717169e-01 1.371740312401312223e-02
-1.582878634171263621e-01 4.873298712859031601e-01 -7.011000101999567136e-01 7.827756612446508111e-01 4.455410438635006853e-01 -3.654616088603402368e-01
1.739584440428753043e-01 -5.106157706197989032e-03 6.519678286017484004e-01 -2.093707938976511196e-01 -5.130424078327315840e-01 -1.194331443995375608e-01
8.459367039755052442e-01 2.656343435852064894e-01 -5.732055839063761038e-01 2.081875703059375970e-01 1.022933465937231778e+00 -7.138259301887261987e-01
-2.371839390537729408e-01 9.081418221570234373e-01 -4.120379648051251120e-01 -1.051259653379594816e+00 3.560984715767974151e-01 -2.316803466542398104e-01
6.244094253694275620e-01 4.197549112859529363e-01 -4.276318777069313543e-02 -1.772474776144228326e-01 3.951625429702433911e-01 -6.400415360464077885e-01
5.613085762247840282e-01 1.007527859010456606e+00 5.035479236736147696e-02 -4.287760082950887730e-01 1.128999971048719964e+00 -2.019335780735711378e-02
-2.914205059761066918e-01 -3.900493401493377865e-01 2.123335861070279051e-01 -6.664342963608674286e-02 3.752131127330301519e-01 8.155322632943163841e-01
-3.509284667221260756e-01 1.494725595940908369e-01 3.457620251702306358e-01 3.562369634200954760e-01 2.062988676155410039e-01 -3.589988031456015638e-01
6.183885330636441635e-01 4.123556236483698623e-01 -2.526630537896148443e-01 -2.108092073101706099e-01 7.801850058479211647e-01 1.682082483321337696e-01
-8.059186260386219658e-01 6.304743192312896038e-01 -3.516847975976152285e-01 -5.154879274504420295e-03 1.229322950521599456e+00 -3.391253919582256637e-01
7.627307996697825221e-01 2.503947128631388575e-01 4.190317107138416541e-01 2.230504147837969464e-01 1.092168019261070988e+00 4.317903472086898620e-01
3.484635472877793405e-01 6.281170939170556133e-01 4.040926167390739288e-01 8.338269176533065208e-01 -2.235153232325054473e-01 2.062426110089449482e-01
-5.618204440388350346e-02 -5.817567594075003790e-01 -8.120905545240346413e-02 -4.018311002515066038e-02 -8.084555411452121199e-02 -9.465598505122334583e-01
1.868389304612192714e-01 2.662059051170703183e-01 -4.815757243237843155e-01 -4.274268654981763227e-01 7.041600442761100642e-02 2.828481415401627452e-01
1.864635725395377142e-01 -3.214625968119232402e-01 7.750144134672258822e-01 8.702733100693610391e-03 -7.990406453335168191e-01 -8.540425876874080391e-02
-6.444319885942002557e-01 2.186358412148336205e-01 8.163341381863473134e-02 8.622121317607978064e-02 6.326326808452426009e-01 -4.612777350067250870e-01
6.474896302641567347e-01 -2.987392789336291155e-01 7.076062284210259401e-01 1.026972989890364563e+00 -3.836906445711665281e-01 -2.136839784319090052e-01
9.145571581645957071e-01 -5.778739895461236786e-01 1.600687351809210526e-02 1.153710296121161605e+00 3.706518236125943000e-01 2.236232466130883278e-01
7.176752903610332801e-01 -1.526986539665539828e-02 -2.108791082579495324e-01 4.658181128264615722e-02 4.628971774658009464e-01 3.556805280193272578e-01
1.095247232106534074e+00 -2.342764244666056817e-01 1.107829865860795598e-01 9.039888855297762982e-01 6.779507969727346373e-01 4.730836094530375124e-01
2.530934311045474616e-01 4.117981764107663811e-01 -6.341545254054816727e-01 8.840715569999011425e-01 -2.440938347877484316e-01 -2.198209951577421162e-01
-2.613715038731319051e-01 3.553823347296802826e-01 2.994051753098090352e-01 5.539183797791057406e-01 1.459480481913768557e-01 -2.404463646866169535e-01
-4.134939474680331961e-01 -1.082067677387345550e-01 1.716277560393445756e-01 1.217989469212761855e-01 2.776013398054030801e-01 -5.797800036820512926e-01
-1.294132165780590427e-01 5.183579181977845396e-01 -7.364541549879893845e-01 8.447212629386899874e-01 4.459402213588559150e-01 -5.224034764065430547e-01
-2.336075129571405506e-01 4.089960158250369182e-01 2.493957348372079497e-01 6.095354532357509791e-01 2.759357806087435749e-01 -2.715696309632810723e-01
8.830757608552732008e-02 3.821210106816114727e-01 6.999278341945341930e-01 6.234446993428046646e-01 -4.073314090113124286e-01 3.992733209190587051e-01
9.170676870846920792e-02 1.072272252637656714e-01 7.769502215649590759e-01 -1.532178966144026044e-01 -5.004360380491711391e-01 2.146543234921871601e-02
-3.352848685017470465e-01 4.085115850209353888e-02 3.258965701275394755e-01 1.428772405557406366e-01 1.945760004161495998e-02 -5.521144281623984185e-01
5.318314413453566480e-01 -4.501604907955882307e-01 1.884667289843332261e-02 2.048355224569703981e-01 -1.681835547262784947e-01 -8.831304202449038465e-01
8.397701559783835590e-01 2.595015282721543221e-02 4.055968291875096665e-01 4.453070637717898572e-01 9.341798273636090499e-01 2.658909696886000429e-01
-7.135563410780026983e-02 7.864360318038843278e-01 -7.003805658241714083e-01 9.043302027933162179e-01 5.703332577306895468e-01 -7.369420032745460647e-01
-9.075833853423239672e-01 -3.885033579016386462e-01 1.778117986257419028e-02 -1.023547878864476512e+00 5.293561585448811613e-01 -3.618056274828755914e-01
-8.514872385496885521e-01 1.416480303630859514e-02 9.856788339882383010e-02 -3.771272562228732972e-01 1.274706721332630882e-02 9.788977063584005656e-01
1.049427876143928379e-01 2.159874439645917688e-01 -6.983251329680317809e-01 6.681684039614823600e-01 -1.729657639184369045e-01 3.071005628413492339e-02
2.822491001182390602e-01 -4.285349890877360735e-01 6.817080638821205740e-01 8.430202050510118283e-01 -5.552527329289176361e-01 -1.365085219118107318e-01
3.478979604244855084e-01 2.047720002908872960e-01 -7.332214219085905205e-01 7.668362753468584980e-01 -1.203940293160480068e-01 1.145743916453951794e-01
9.249141724649381224e-01 3.375810633949611894e-01 3.005254093611079980e-01 3.498257059176997918e-01 1.153273285925853653e+00 2.379198684964272115e-01
-2.848481368734248065e-01 1.303776636376234588e-01 -7.151639373762620489e-01 -2.910813947062296791e-01 -3.630540130143026234e-01 1.545982870122537545e-01
-8.734370606813741666e-01 1.436303456205448026e-01 -2.129891701997048692e-01 -5.890732453951552650e-01 1.011417020978557568e+00 -6.205226125414985416e-01
-9.328507685995943710e-01 -2.481439773263952042e-01 1.369367898670965922e-02 -8.311221864940239179e-01 7.307858896708121499e-01 -1.633588868902635105e-01
-2.962567331643291973e-02 5.170272970201441609e-01 3.362659486317685631e-01 7.194387267326503022e-01 1.201652942520514689e-01 -1.942084384389037299e-01
-2.706796427896792645e-01 -4.875869271154105733e-01 4.577133098905801223e-01 -5.457878881548482441e-01 -3.274587323658840754e-01 -4.902710858556555973e-01
1.999542195040253656e-01 3.509949339766026410e-01 8.401721499516781044e-01 -4.659125461778961252e-01 -2.524950914473594876e-01 4.015136956001374990e-01
2.111109035614862350e-01 3.963271475426311530e-01 -7.139242554870172119e-01 1.000781906781924580e+00 1.291464602169117848e-02 -2.349518550814390094e-01
-3.071963870384796236e-01 -5.914234634038364469e-01 -6.616721885740043385e-01 -7.338039994915694919e-01 -7.458231827849364226e-01 2.294881065761509298e-01
-3.068470978286262363e-01 -5.922113807771117733e-01 4.935896947258259226e-01 -2.669617381991212235e-01 3.243218231309799027e-01 8.915545728510110290e-01
-2.809388804416557139e-01 -5.440376934429187739e-02 6.727230521160416643e-01 -7.841593059239796437e-01 -8.229528274075703642e-02 -1.909848075551805469e-01
-1.419339636041187513e-01 -5.426967859804290306e-01 3.569971830874171248e-01 -4.357531712235208077e-01 3.390947059872507774e-01 -1.193917717993292493e-02
9.788179543629510482e-01 3.084838253958889220e-01 -2.886826866170059125e-01 1.563865625992739705e-01 6.548763128788739341e-01 -7.399241413361077324e-01
5.847900663436101931e-01 2.385037815576660225e-01 -2.001547036488934006e-01 -2.316469588333388563e-01 5.042080453744164359e-01 3.125165634510023160e-01
-9.677394794430381753e-01 -1.301504864487698920e-01 1.183240696506383527e-01 -5.921210053131829021e-01 7.492465523970958108e-01 4.108503248167040267e-01
2.920118644883133996e-01 -2.424287620290844526e-03 8.627645647015478314e-01 -2.648096425655354080e-01 -6.663842285119051523e-01 3.636583573934389357e-01
-1.479173417623098619e-01 -2.820959470454375562e-01 1.415783727181843255e-01 -3.092534679216575877e-01 4.053597756182189538e-01 -5.665002131555059162e-01
-7.699238843745863647e-01 3.413833731893614054e-01 -6.879902249299786783e-03 -6.654002322195273766e-02 1.035040135976381004e+00 -1.620940746365049367e-01
4.462478167985524102e-01 -6.958929359225949351e-01 3.491922150984740902e-01 4.755035679457353948e-01 -7.149249626785596501e-01 -6.501985408035275693e-01
5.176412368199958536e-01 -3.057954799997752993e-02 4.117139115531743276e-01 -1.776244328015483820e-01 -2.347309796407697768e-01 -2.774361748610411627e-01
7.736880793770335440e-01 -6.127725832101277303e-01 9.025511499953720040e-02 9.499324017185384328e-01 3.574294879025239347e-01 2.565256176483984851e-01
-1.556758669034496445e-01 4.649574226960849210e-01 -6.470077655882554568e-01 7.862204956579290638e-01 4.749938247766170019e-01 -3.112541165732052306e-01
1.060911681852617916e-02 6.724795980042012067e-01 3.838070631488078033e-01 -8.888398204052092577e-01 2.786664449124803822e-01 1.943266953555990717e-01
-5.232011575594391894e-01 -1.999173290429759053e-01 9.210033126525776215e-01 -2.784249940958750669e-01 7.693716924292818282e-01 8.972667869293036169e-01
-1.688955888876619016e-01 8.949189569829922863e-01 1.926918413537993535e-01 7.879501544954226055e-01 1.017211843924576753e+00 -7.091899524660516541e-02
-2.662857749541684416e-01 1.014942370217402218e-01 -8.118814688312880889e-01 -7.212169595563462376e-01 -3.386473845245867587e-01 -3.772840240383457111e-02
-1.280678882999575774e-01 -8.037285003513781056e-01 3.903768549868448234e-01 3.135795855620447381e-01 -2.906770557468566496e-01 1.126397047658571626e+00
-7.683642434742680161e-01 -1.910449448229254721e-01 3.898004873202481346e-01 -4.654932842363002088e-01 6.420947484642134384e-01 8.525611528047785104e-01
5.249623429973085953e-01 7.477397477718416251e-03 1.495347672021994923e-01 7.546580097644650653e-02 1.467352680734922976e-01 -7.328257623935083842e-01
5.271852955998038853e-02 5.562137507277556958e-01 4.084671198376478851e-01 8.367849719487940874e-01 1.150166012621617884e-01 -2.809317293207186372e-02
4.073062639667869578e-02 -1.745173908954146536e-01 7.765541195747277525e-01 -2.136099180523258201e-01 -6.065094834828383963e-01 -8.871677407148914618e-02
1.169208236738561169e-01 -1.678966729368808752e-01 -9.329958634149219110e-01 5.129073512657702505e-01 -5.905489345711192328e-01 -1.177905299552091112e-01
-7.299445165979387973e-01 5.211527417052237432e-01 -3.166634092397713207e-02 1.141752670876708953e-01 9.626581780907803587e-01 -3.358615749967001074e-01
-5.151775436475293235e-01 -7.201229595870872746e-02 1.858327056079650888e-02 -7.069777330635412804e-02 3.101071276773740837e-01 -7.916157666130845261e-01
-3.450112321398720594e-01 -4.515816374992820403e-01 -1.032848534983106525e-02 -3.263477445379490693e-01 3.239663514592117100e-01 6.206841857218113878e-01
-3.555223606906640077e-01 -1.007013901378880805e+00 -3.020538024616513662e-01 -2.903968668812835219e-01 -9.302409741113709662e-01 6.928655850742745370e-01
-9.061729422062460015e-01 3.725153089181214572e-01 -2.988965619815185382e-01 -9.632403663139484928e-01 -5.856337917418796835e-01 -1.837274835753649471e-02
-4.180043210103398521e-01 -4.297616301130070537e-01 -1.672726392641441795e-01 -1.808625077911723555e-01 2.554085787323867596e-01 -8.559710822229510407e-01
-6.410529446480280058e-02 -8.136299757266270971e-01 4.912309565315173265e-02 2.166399180884616416e-02 -6.990984068698754550e-01 -9.405870383089695030e-01
4.020959920215752548e-01 -8.252201942432894066e-01 2.318148730432150473e-01 3.472923920766048944e-01 -7.775892571176155066e-01 -7.655455729649479624e-01
4.983938135547683612e-01 -7.528596721259326330e-01 -4.705784247005748711e-01 5.029783577741521183e-01 -7.557196791664417823e-01 5.294069763498748804e-01
1.473762244723645642e-01 5.624269774524569554e-01 1.553618690579195716e-01 -5.634316285823602888e-01 -3.089697052224904539e-02 -2.224196667474198919e-01
-2.958857513898564551e-01 9.550345768990231576e-01 -3.647571033518032246e-01 -1.076699404002891880e+00 3.303556018362238111e-01 -3.750633154387297830e-01
4.114885391780576107e-01 -7.087429157556902615e-01 -2.873319202337272227e-01 7.344352647638880960e-01 1.552724122297294285e-01 -6.735739757373166992e-01
1.409439802041258238e-02 -1.162341753868785105e-01 -4.438933600105934296e-01 -2.825092527875143200e-01 1.017140268091810545e-01 4.859049275157468761e-01
-7.368285207197055042e-01 3.521046949218110678e-01 -2.649091015047041475e-01 1.399479989438738858e-01 7.678241570205831534e-01 -5.066533121880805179e-01
2.823770016163896224e-01 2.775728380970537423e-01 -9.040847574356390970e-01 5.685573084248853881e-01 -4.662123753581136065e-01 -3.000281473067155646e-01
5.147402601840689318e-01 -6.236600443843503400e-02 1.317734955873803016e-01 -5.689350268332238336e-02 1.588981251868241962e-01 -6.583385382984754397e-01
-6.597972164727101685e-01 -6.692329990947628107e-03 3.984580900142165732e-02 -1.163960149623896045e-01 7.684963957375717802e-01 3.620221174111714624e-01
-6.163751882241378516e-02 -5.568642527983270751e-01 -5.106854329195391617e-01 5.556421559790137854e-01 -5.412934423050024257e-01 2.759042650409826436e-01
4.750271591890610212e-01 -2.415545110019049757e-01 3.607876262335744100e-01 -5.077562350820619130e-02 -4.542101383715828611e-01 -4.628075521494823263e-01
2.128892988505180217e-01 -9.171962882307332920e-01 -4.011915393091720905e-02 1.722911804716801554e-01 -7.800968034147442998e-01 -1.029844127874329551e+00
-4.067219922811063926e-01 -5.670016502239701994e-01 -3.479794130571736005e-02 -2.665083629354609851e-01 1.542008430582875178e-02 -8.355007958610275454e-01
5.368457635100615244e-01 2.376793763062511333e-01 -2.432330255381439099e-01 -3.096356376264995935e-01 3.733528815256678124e-01 2.716086370255623161e-01
1.254972755233097481e-01 -2.457383739291562896e-01 -8.782341417487780078e-01 6.328314335272253732e-01 -8.213891350552812165e-01 -2.369555335468740420e-01
-4.750709194030646731e-01 8.490771654688287207e-01 -1.055214579008245807e-01 5.029235775782733286e-01 1.030519934094869861e+00 -2.539490607824879120e-03
4.542511257170649963e-01 -8.363942833684498979e-01 -4.963030331755693414e-01 9.524752531270531675e-01 -3.458245198525855546e-02 -8.262583421501161762e-01
1.088006937516360906e-01 4.253330537104962339e-01 4.488064323406510958e-01 -6.518946806176360020e-01 -3.222319881655466567e-02 -1.161166372703686944e-02
6.938885811292945238e-01 5.877221102455787438e-01 -3.641405679537523810e-01 -2.421590047868741324e-01 9.183378569122282453e-01 -4.845903290849666867e-01
4.626818420800354326e-01 5.315039983394045375e-01 6.915291601489044204e-01 8.321134857222423076e-01 -3.975896267895170366e-01 7.090018937820972145e-01
-1.994715923819773973e-01 -8.964539906869635200e-01 1.906173399967276139e-01 -1.138492558584565523e-01 -6.175674138454494422e-01 1.147116735054495074e+00
-1.300837539991435698e-01 3.269952892437679587e-02 -7.066803881035293999e-01 -5.963182225898193689e-01 -3.467501594187238911e-01 9.247125852825588410e-02
-2.080747749765975985e-01 -8.264466499504847796e-01 2.063887043991695022e-02 -1.656860117029096413e-01 -7.494224267599199907e-01 -9.754888632318332586e-01
2.672835513880741920e-01 1.973557474447625304e-01 7.737942028271752593e-01 -2.722187908999472161e-01 -5.436267094466922245e-01 3.739414533745274993e-01
5.818529565372715373e-01 -2.326135932677948215e-01 -5.535562025393169633e-02 2.391006327615617377e-01 1.722300750887889309e-01 -9.030716391765042372e-01
1.813852606253256450e-02 -5.881307912785956882e-01 8.146347727761087398e-01 1.287579625057015398e-01 -1.068766777139787960e+00 -5.528038939560298015e-02
2.210655406482756047e-01 -6.106265560950034921e-01 -5.460857875424902641e-01 -1.828966046070354956e-01 -7.918056426283375249e-01 3.505683954085924148e-01
-1.079978751273668186e-01 6.411332307967683164e-01 -4.982374606378500159e-01 -1.013261010434206133e+00 3.291245064917687202e-01 -2.098814102210120880e-01
3.263494710190153469e-01 -7.409189705362548839e-01 2.346475185018428999e-01 4.929666722761272823e-01 -1.465429850500006292e-01 1.021385019910344027e+00
-2.667064234162039860e-01 7.924304910149293502e-01 -3.337589148624270363e-01 -1.041448985128966331e+00 2.786952394205326478e-01 3.481950873286265846e-02
-2.510406029674991379e-01 4.144251109398088828e-01 -7.527905050321125335e-01 -8.639383695236255711e-01 -2.768297059323370779e-01 -3.700071382284231269e-01
7.560491735886010201e-01 -4.049698522486360752e-01 -5.370024146919632341e-02 5.857178489201454452e-01 -2.156768963147281948e-01 -1.020734582467742735e+00
7.223644629725414212e-01 4.103407525463965144e-01 1.826336276261459335e-01 -2.606489353624086291e-02 1.073550322713445748e+00 1.851957272900536244e-01
1.025422790612459945e-01 4.840213021306111751e-01 3.258852862103167047e-01 7.869472307435561031e-01 2.920597566024141223e-03 -2.219577334405617441e-01
-6.827436706078067186e-01 6.515214766104073796e-01 -1.265981304050678435e-01 2.165954440935239367e-01 1.016259032010410790e+00 1.145567419260879738e-01
5.615639702183080617e-01 8.051480782011822823e-01 1.635003179807911072e-02 -3.561168114212970304e-01 1.052101098023990655e+00 -2.948993682169553376e-01
-1.372343432389812046e-01 4.270101437116244347e-01 4.847575988839242789e-01 -6.386665362519668987e-01 -7.419372303445309624e-02 -2.204802615355004325e-01
1.071127556537807557e+00 -3.681940453251706380e-01 3.795675236725421647e-02 1.408781746777941324e+00 5.728206982244070655e-01 5.988619001627158017e-02
-2.733940024928080068e-02 5.568387300642062554e-01 4.759395500548775360e-01 -8.427059762507068674e-01 1.313473280700228063e-02 2.770342708231564033e-01
-7.163610643185400195e-02 4.035610047872261186e-01 2.680570256395261031e-01 7.113475247929164080e-01 8.978027432636054295e-02 -2.690447211696966323e-01
3.668139945335466834e-01 -1.772790815326795721e-01 -2.494877202581168851e-01 2.609411926354554545e-02 2.674713368857659090e-01 5.788280600531194864e-01
4.797204400744847774e-02 4.991794614020280130e-01 5.791023690005807634e-01 -7.016448342357590739e-01 -6.329909386935467230e-02 2.302579757351506662e-01
3.722333435131608415e-01 -1.088705674454183425e+00 2.939648825857327785e-01 8.387764949242644263e-01 -2.595873912141271056e-01 6.020239033406160623e-01
-3.151071487783068115e-01 2.583012781087715148e-01 -6.676403248788956857e-01 -7.333233044536391354e-01 -3.198588464823832189e-01 3.294951052045302919e-02
9.816973478775108120e-02 5.288445062838117439e-01 6.873694443318965064e-01 5.984831856745160827e-01 -3.155083871552627484e-01 4.956544417816542425e-01
5.071278450948053518e-01 -6.484794263776136880e-01 3.168005726663817856e-01 3.028983980420571487e-01 -5.926607844035144401e-01 -6.605297768903564126e-01
-2.470150657733830024e-01 -3.376757206718995485e-01 -6.407047052900893824e-02 -8.154757695608907953e-02 9.389229609452454106e-02 8.227043357486583108e-01
-1.975499345689318564e-01 -3.000678507970769848e-01 -2.742151105788752097e-01 2.627158316246832603e-01 1.673164268829354095e-01 4.805745034512446945e-01
3.975143432829020274e-01 -9.424772244816308486e-01 4.682801352717442384e-02 4.312606307291055319e-01 -6.142472742959086407e-01 9.908228693842795476e-01
2.435438299079428492e-01 4.677449836002905981e-02 -6.249682168054918607e-01 -1.123326873170345241e-01 -2.481134507873278272e-02 3.068189753725190094e-01
1.928759241742510622e-01 -2.160967515029189878e-01 -8.912768399707842182e-01 5.930996404489375928e-01 -6.165354156133120433e-01 -6.697722622784241242e-02
6.564490253064225733e-01 3.773325761650478949e-01 -5.863479403520857614e-02 -4.844238732152927884e-02 4.392854635020007059e-01 -7.652393058761570721e-01
-2.352155663107826367e-01 4.753528297000575997e-01 -4.495960851402074909e-01 6.330396054183534682e-01 4.538619431105401780e-01 4.605611001200282661e-02
-8.021464734232912619e-01 5.094366201400007954e-01 4.051428614393710603e-01 -1.440597566849338040e+00 -2.077242405904005107e-01 1.257497671447637688e-01
3.376859476916704295e-01 -7.040534165127876332e-01 1.536539058534981128e-01 3.066831083864128837e-01 -5.383741981736633875e-02 9.127704855673074436e-01
1.364409833623936308e-01 5.667678690352726534e-01 3.028129609115110532e-01 8.018753684086562528e-01 -8.518414274096031136e-02 -6.071922960127562607e-02
-4.189262160786897393e-01 4.185335031411674400e-01 1.684571819478822008e-01 5.301313132611374934e-01 6.711476723821508950e-01 -1.989325607144099006e-02
-2.506977550006643241e-01 8.503568849548391873e-01 9.968258455750236835e-02 7.387859631518811643e-01 9.523890664923128080e-01 -2.842560854333361919e-03
7.482316217123502478e-02 -2.352178503802235532e-01 8.520829961324630775e-01 -1.202684289687942221e-01 -9.814422612688076253e-01 2.156174435214538443e-01
-3.319365867705318524e-02 7.574784950515282000e-01 -1.388589647770868685e-01 -7.955513466319875659e-01 1.487970884710697606e-01 8.095391223252240698e-02
-2.141862907028056207e-01 2.654109381268744405e-01 6.756029645766339353e-01 -5.027408085239986058e-01 -5.471723486945350157e-01 1.691992795352493806e-01
-4.868865489529912716e-01 9.510517839241157123e-01 -8.294167461450547771e-03 3.915287486188309685e-01 1.377920830689173926e+00 -2.231647841257528853e-01
2.978105933834597763e-01 -7.306626306665779946e-01 -1.287670810875582994e-01 2.619038227463289514e-01 -5.693443955897691255e-01 8.574819396238013702e-01
8.284602910560932010e-01 4.160260725905366996e-01 -1.496935399686083745e-01 6.565063562750528270e-02 1.042383837035064875e+00 -3.103091696718599524e-01
-3.420377889797500404e-02 -4.115892043802936162e-01 -2.655046388911804778e-01 3.122750901084226371e-01 -1.625838329676743965e-01 6.389005348775851356e-01
-5.874163144663001601e-01 5.298480980116689887e-01 -5.769323406392401488e-01 -9.359771618548462513e-01 -4.074366990421077750e-01 -5.753370727497709725e-01
1.213157592230931919e-01 -1.111174399663333312e-01 6.193255651314460986e-01 -8.894290614164260256e-03 -5.070817864665342345e-01 -2.896615520611177663e-01
7.500155279161410116e-01 2.057766369840295928e-01 -6.315668936217699869e-01 7.501187483188720417e-02 9.420937018191318790e-01 -6.785482554105900510e-01
1.150171740809931287e-01 -7.073689674596600474e-01 4.448349774912194882e-02 -1.459320733757996091e-02 -4.723041836823493878e-02 7.843606801463087752e-01
-4.262789871503053774e-01 7.436957181136081285e-01 1.231528689025662981e-01 -8.350860843854552851e-01 -3.727372587600663589e-02 5.953429628316135869e-01
8.356785047658288335e-01 -3.577409097322837850e-01 -3.164226688926893849e-01 6.031807088088195767e-01 -3.561981550231204663e-01 6.561730306572521876e-01
-5.508470436939554293e-01 9.001564715078837209e-02 -1.969720522358438253e-01 2.120680687650661200e-01 3.272691036159394162e-01 4.044191088041046989e-01
-1.693426550600391212e-01 -7.505329881554521076e-01 1.957765825317386299e-01 -9.637720054649179247e-02 -6.712803823578934459e-01 -7.984040182254519280e-01
2.519362780324956308e-01 7.645488602119511201e-01 1.667865125672278459e-01 1.027779590608494775e+00 2.550593354981370853e-01 -2.053526798567795464e-01
-7.506502754953259249e-01 2.834003226452885271e-01 -3.855779709145734091e-01 -5.030635223538348910e-02 9.165836449913777884e-01 -7.151189690553819700e-01
7.718422088039943452e-01 9.538314142665002549e-02 -1.107550581783043331e-01 1.371894836023095365e-01 6.828654298985261661e-01 3.913211104713559818e-01
-6.033365216694723809e-01 9.394393935004385909e-02 1.303118081952295837e-01 1.677211594183418697e-01 4.822208051756056713e-01 6.350009480626942482e-01
-3.927628956020749462e-01 -7.065840415671588159e-01 -1.419705296523365023e-01 -7.682577525359093329e-01 3.633015275998785487e-02 -6.961204302058651150e-01
-2.991862508890761885e-01 -7.272779421982358272e-01 -6.511234854986869269e-01 -4.380422425569558964e-01 1.005720779055268022e-01 -1.194615304933100752e+00
1.527779961925964658e-01 -8.829105433660109359e-01 -2.853126281550253940e-01 1.994664743660537476e-01 -7.416114614473690025e-01 7.035527597794475341e-01
-7.528539862399862281e-01 5.061360996535049228e-01 -2.595383145280357184e-01 1.504035170672736177e-01 9.162291189480158415e-01 -3.858300333580814145e-01
-2.378924890966807940e-02 -6.856350435028105705e-01 -3.010784000954804251e-01 6.997631069278065219e-02 -5.386296659814275856e-01 6.836029893966919513e-01
1.012135598065693476e-01 -7.813511670724729852e-01 -3.919119549273732961e-01 1.409742923721138963e-01 -8.769354701485918557e-01 6.027149726948904940e-01
6.849392982104038352e-02 1.039411194218326617e+00 1.350174374083898121e-01 8.458143314595399920e-01 4.202311846070049262e-01 2.463238114140390289e-01
-1.572827435738445301e-01 -6.670315362358928413e-01 8.733085521385133831e-02 -7.014858775389650747e-01 2.840029635570651134e-02 -3.819425354667100869e-01
-1.372818003795460151e-01 3.225501694424866006e-01 6.888587568042289222e-01 -3.930386928587052964e-01 -6.234072641254663205e-01 4.894773488772717340e-01
-6.221554303904521660e-02 2.057239845649162235e-01 -8.289967274967210420e-01 -3.766298881105490937e-01 -3.522355957937569615e-01 -6.099625464580504808e-02
7.041345546694091073e-01 8.380355299855932194e-02 2.145290931257739023e-02 7.591472992597103620e-03 7.440463974347495402e-01 3.023570241613612319e-01
6.905472650741745211e-01 -4.625211892601509001e-01 -5.687027869284894122e-02 7.029577552203084556e-01 2.749174336798422824e-01 -7.321704024383575149e-01
-8.581217607225685162e-01 1.528840270326434492e-01 1.132285529387412615e-01 -3.647417068053575573e-01 7.551469068003343610e-01 -5.143505624328411630e-01
-6.274575642943788223e-01 7.174629546848442230e-01 -1.850438776613462788e-01 1.924619856851952360e-01 1.273352328067188566e+00 -4.822671454985108519e-02
1.218552731908058295e-02 -1.333922056333480377e+00 2.222552638915858414e-01 1.397091586847972085e-02 -1.323823881488341625e+00 -7.776921543522559155e-01
8.782779784299343806e-02 7.266225014410557792e-01 2.336788310189823192e-01 -8.133259873969879150e-01 3.138019017696492274e-01 1.013874562638841514e-01
3.496228939368556943e-01 4.426565646876063354e-01 3.001643603097235800e-03 -5.029426026877958922e-01 5.969370562415143855e-02 -3.526267052993846685e-01
-5.624838294116011328e-01 -5.078420486188317540e-01 8.096727490440130959e-02 -3.718001015412051302e-01 -2.654217469952888653e-01 -8.702803864783741350e-01
-4.832706729718311278e-01 -7.460521600588605473e-01 1.215070957510082199e-02 -5.582954999841714949e-01 -2.479608588834203986e-01 -8.517221578221368938e-01
2.438298161445362766e-01 -6.776423538325606621e-01 -2.403262081114342363e-01 3.419127357973614223e-02 -3.562637701402951440e-01 6.831278987153532878e-01
-3.956655791183748549e-01 7.314789219857666946e-01 2.819147238604009509e-01 5.429247085006821960e-01 8.923156066757071958e-01 -2.333899494597901914e-02
-8.453865099671711292e-01 3.771022543889148704e-01 1.876332303727376305e-01 -2.882189647115712683e-01 1.133767193727661438e+00 -1.544522795357354539e-01
1.779730773319468662e-01 -9.250682653500083563e-02 6.131036799346910593e-01 8.754090731567647221e-02 -7.222472424790116197e-01 -1.584201571259746810e-01
4.105672582424820249e-01 -6.696328572208065655e-01 8.064628547580596218e-02 4.626790126192550368e-01 5.495445713818258859e-02 7.678562889869614549e-01
-1.274363051060681262e-01 -2.887771009488457330e-01 -6.917645783910092439e-01 -9.766763531209703142e-02 -8.352713440838757109e-01 1.451690321892853408e-01
2.683007782240082878e-02 -1.737863012445420574e-01 9.512447918644015843e-01 -1.366037539067019857e-01 -8.723834073521257171e-01 2.546448593461355658e-01
-7.437078108463988091e-01 -3.545698792508115704e-01 -9.472109939887250751e-02 -5.316445395284601361e-01 1.691134970562508388e-01 -9.198179969433791792e-01
-8.621162854656218011e-01 -2.853682688571630988e-01 3.421928873434405549e-01 -7.459555315568876521e-01 -3.750907854800115682e-01 -6.469767387886082854e-01
-3.833057165813553990e-02 -4.115573212031131689e-01 2.049430611160528992e-01 -1.076405404878991862e-01 -5.157409446739308345e-02 -7.254376161820927926e-01
6.433461214464100131e-01 -4.131504146719821025e-01 -8.247658581294853297e-02 4.688607128391956147e-01 2.124897714875074728e-01 -8.428246637650746997e-01
-4.121901606311441646e-01 -6.896751249716717713e-02 3.439113464122671715e-01 -7.390058439974189763e-02 -2.391820150531009659e-01 -5.816086078473988730e-01
-5.012046610730608309e-01 -4.931794041024495368e-02 -5.082722385624400818e-01 -4.788344973675028315e-01 -1.856129888390547489e-01 4.821434496965731897e-01
3.436812899403360877e-01 -1.489103840589290906e-01 -3.572158974292078959e-01 -4.042670748530263758e-04 1.864255865920019239e-01 5.197988779543912807e-01
-1.273357505216143049e-01 4.410563877384147125e-01 3.310132169595216833e-01 7.882838535060116003e-01 8.705093852191819748e-02 1.404328332750510999e-01
-2.963864630694013624e-01 -9.436975502677820149e-01 -2.617551782921880288e-01 -8.898137607199458898e-01 -2.912138730814630705e-01 -7.330396925811593078e-01
1.548615654755315596e+00 -3.892326097687507369e-01 -2.317179257910559065e-01 2.027433453548576292e+00 4.815216261765821182e-01 -3.436133061337493522e-01
-4.119057467211458268e-01 -3.673741864908202648e-01 5.916329134071053319e-01 -6.620538335097050364e-01 -3.781792224732923868e-01 -3.765143821391049306e-01
1.202823452286519434e-01 -5.513797460978746567e-01 -8.866399183134385797e-01 2.900807181774774923e-01 -9.685024549966694263e-01 6.207861694364824601e-03
-7.453808636238831165e-01 5.687546907150711206e-01 2.728221566968334622e-01 -1.259455806398411815e-01 1.301398369528157684e+00 -9.194101858779946124e-03
1.007835415082612762e+00 -2.850533270240757644e-01 3.282876342583158635e-01 1.124195846565648749e+00 -3.389412785103306236e-01 -6.634564550458235122e-01
-4.801543630504797044e-01 -1.823048660056338088e-01 2.920958016333611088e-02 2.278591037456473289e-02 3.505885528781538252e-01 -6.512870660278775592e-01
1.572881067676487055e-01 -2.149238937823702011e-01 5.465035558827359141e-01 -2.400188462745955209e-01 -7.585435219641798454e-01 -1.928372890053028366e-01
5.366996759226996261e-01 5.303384094720218211e-01 -2.129101276754547523e-01 -4.023269140198301175e-01 7.060218063190316640e-01 8.266457938386090332e-02
7.185635122397916463e-01 -9.621862605825189096e-02 3.952435550568649814e-01 2.105234750251564479e-01 7.349187604591223000e-01 6.213098402920165242e-01
6.608178951989470695e-01 3.314131490311624240e-01 4.476314523996176575e-01 -1.379429019800897382e-01 9.229778100972068078e-01 5.573239346749573331e-01
-1.007710816554230560e+00 -2.709218150532988756e-01 -1.219818328063516782e-01 -8.334413798267927831e-01 6.397791531714041025e-01 -4.964867191526984858e-01
2.628173771067311426e-01 1.437786317299790534e-02 9.927483571637593096e-01 -5.325331476180301671e-01 -5.193669176824663447e-01 7.054609544994601134e-01
-1.093589774340217591e-01 -3.519923038351709943e-01 -4.604300465737485859e-01 3.591660063994199792e-01 -2.707056831467387070e-01 4.192726445787385292e-01
-1.290968159652589875e-01 -1.015172228230121210e+00 -2.586100094735535038e-01 -6.698913479073952404e-01 -4.510779334552958986e-01 -8.825802818615722245e-01
2.807253847397619961e-01 1.919041241174589962e-01 -9.226132017264623286e-01 1.223317701277307545e+00 4.837266814646204449e-02 -6.210863439654508156e-01
5.700679956838775597e-01 1.710447398464015265e-02 1.051346686961408539e-01 1.510515905652561330e-01 2.531243658564697463e-01 -7.716320408009049725e-01
9.875836918450008051e-02 -1.730372451715739279e-01 -7.428026921169128549e-01 5.901120747536497957e-01 -5.482755344190550773e-01 4.317934476821150280e-02
1.768217947490008102e-01 2.889591224855871943e-01 4.887570662573200164e-01 5.616608795216968542e-01 -3.038154570316750069e-01 -2.187153195708808062e-01
5.315688789745884879e-01 7.651964149563564854e-01 3.438982948560397324e-01 1.152667320289926023e+00 -1.845649866723741983e-02 3.327252395482758196e-01
1.998881817992465559e-01 -9.435571256710330035e-01 1.707036143224462954e-01 4.368993722936109769e-01 -3.393083588887271240e-01 9.314329508295292603e-01
6.994544313104332778e-01 5.847994698110109413e-01 -1.379249017087410822e-01 -1.783423737368975415e-01 1.044483189118206923e+00 -2.726974777492748303e-01
-4.173641228016275462e-01 2.980308660591525771e-01 -3.670343052740707157e-01 5.026864697268162985e-01 4.020947123560609793e-01 1.069261074059812966e-02
2.570752312488307489e-01 -6.851141763651632521e-01 -1.300568098601148914e-01 1.637453692030780283e-01 -2.453925654932953559e-01 7.632149526974901788e-01
4.415330198810235585e-01 5.325379326498115296e-01 -2.593627047149469830e-02 -4.298297852249709505e-01 2.659075048831152643e-01 -4.378040609902013602e-01
2.395396372614152503e-01 -2.741961026433481496e-01 7.447726875099928145e-01 5.783605029299773714e-02 -8.345710326880690921e-01 -6.328903306596966871e-02
-5.068912988368862865e-02 -6.095406319937285433e-01 3.465036053373179437e-01 1.839033332457345737e-01 -3.755793245995268648e-01 -5.970155957843477079e-01
2.778087518174907622e-01 7.302906324602845833e-01 6.567444805534651542e-02 8.378132532169667579e-01 -3.675550613299694014e-02 3.787801485487429232e-01
9.218798268814608621e-01 4.883410332245270991e-01 -3.257646445697897075e-01 2.086572074306449753e-01 1.184924093158125302e+00 -4.037744882900664578e-01
1.890286390409584294e-01 -6.335893269143416662e-01 -7.683305350456981486e-01 5.124165601743745357e-01 -1.082304545925172334e+00 6.478104493207992309e-02
