-8.740436688256624301e-03 5.527960507568374648e-01 3.847552561414328831e-02 4.190464954130823649e-01 -3.502139871139962057e-01 7.811404511020828001e-02
-4.625178728971322539e-01 -3.964938113515747986e-02 -3.469107069312108577e-02 4.704389554918287364e-01 3.075760483645722521e-01 6.031449478142895254e-02
3.969515907331578886e-01 -1.222426549729727363e-01 -1.937539913059253549e-01 -4.950694630285382702e-01 -2.787323031636073090e-01 2.302854286246329707e-01
-1.712364177028819212e-01 2.783144632740516822e-01 5.380515420018873174e-01 -4.043552057313834491e-02 1.311464443084798814e-01 -4.423732126344913640e-01
2.062150464050337417e-01 7.395962392835646326e-02 -3.290415153882957910e-01 -2.020110433899651725e-01 -1.135738744079353851e-01 5.643691665561487714e-01
3.425318320977350228e-01 2.595624570347309090e-01 3.225853931865388935e-01 -4.582642672662062266e-01 -2.838895069271326621e-01 7.082048278500935323e-02
3.402341885094832818e-01 -1.183312762702398296e-01 -1.760272322455836425e-01 -2.646651724636729375e-01 2.770157697674490715e-01 5.152017285796561819e-01
1.987754287589695024e-01 3.331827076089325379e-01 -1.806346970187663603e-01 8.251124514986980796e-02 -5.192114042367117488e-01 3.291759714657062075e-01
4.064624046662284607e-01 -1.753342273068855262e-01 1.388792218639754716e-01 -1.584460275020594389e-01 6.439288854515847760e-01 4.045963367915761388e-02
1.154837848723701821e-01 4.440279502839117876e-01 -1.203861228472804107e-01 -2.486164565980859831e-01 -3.161008860420035371e-01 4.177915117186360994e-01
-1.358203066911042346e-02 2.952019964402769481e-01 4.559167527004576725e-01 4.594148784561986887e-02 -4.639841527156213785e-01 -1.922293278041339870e-01
-5.242543161590362821e-01 1.838916018618174109e-01 5.459663357635553826e-02 3.498633139433975359e-01 -2.699487034798643270e-01 2.276496485500153488e-01
-4.238061381816743967e-01 -3.529666468407653690e-02 -1.863744322863624681e-01 4.492289324697966157e-01 -7.162585594136017253e-02 2.999278968003618040e-01
-1.281761843238420351e-01 -1.827209780927920024e-01 5.058678434387666734e-01 -6.785711657924475837e-02 -1.325837529000315484e-01 -4.910513452201702433e-01
2.370754011794898308e-01 3.292344130796564516e-01 1.231780972415781189e-01 -6.840925916988840338e-01 -5.962306368139119739e-02 1.077058102916997606e-01
-8.296404003065394051e-02 -4.111833719005046350e-01 2.101045729497781622e-01 1.017436402800582507e-01 4.925680281215142897e-01 -1.760514574219829431e-01
5.745024470721061399e-02 9.889747786642587302e-02 6.091916656449085643e-01 -8.373576799340509691e-02 4.178527356112892166e-01 -3.280031131362204366e-01
8.529877639007496515e-02 -2.925044352339100651e-01 4.357687887367595603e-01 -2.115376862304077510e-03 4.135075366412984121e-01 -2.670155746209132430e-01
3.889882497629669200e-01 1.747951882331767390e-02 3.627120481380324835e-01 -3.484000895175350387e-01 -4.655483477498521538e-01 -1.094558427725158545e-01
2.431495556327908231e-02 4.834716487384927430e-01 2.017996825035853758e-01 3.272175908136239486e-01 -4.286099221553222871e-01 -7.452838627385011128e-02
-1.672665738717917239e-01 -4.294634088592573784e-01 -9.687241077671508716e-02 6.079833683827315927e-01 9.159530999252984973e-02 2.601784799138032733e-01
2.136225257491508878e-01 -1.345419597010197588e-01 -3.718166070948499824e-01 2.284010542389534881e-01 -1.394494689075486404e-01 6.280621412787035229e-01
8.645232585412256088e-02 -5.800963775981888837e-01 9.052870058676784626e-02 4.748531419555984123e-01 3.373679866152948792e-01 4.482512698776447424e-03
-1.111572164273317287e-01 -4.817560668334948115e-01 2.008689514916579821e-01 3.837118167491544440e-01 2.610064088544683525e-01 -2.501394128574500053e-01
3.342734382677380323e-01 4.608706994058747036e-02 -2.983596330119259732e-01 2.631830264607210035e-02 -3.106624918342571623e-02 6.499077342386767597e-01
-3.698019185497272154e-01 -2.709146206001688539e-01 2.068417173824304081e-02 2.571354380395906025e-01 5.080969081423745148e-01 1.116634640867067083e-02
1.499800676927747489e-01 3.401117395765546614e-01 3.642005314378000125e-01 3.017808854712522582e-02 -3.483800271338393650e-01 -3.510802336920793576e-01
2.477863555585002337e-03 -4.963016049515224237e-01 2.989864486657444753e-01 -5.115748447125291198e-01 3.516183468151966585e-01 1.694427551946151578e-01
4.702792283745014235e-01 -6.807333308790745885e-02 4.786087047484164497e-02 -4.204650607550499686e-01 2.552474547642755720e-01 -2.715734412791304120e-01
-2.002810406715847535e-01 1.420926357214765401e-01 5.429439718148603156e-01 -1.461521661420615292e-01 7.535493391149700182e-02 -4.533572597909675261e-01
1.813058028410831080e-01 1.986865696135740877e-01 -2.614524571111853102e-01 -1.433536897257181031e-01 7.736590483691213604e-03 6.649029387043539074e-01
3.516794560348655563e-01 3.023751567115949834e-01 -9.353034496693711508e-02 -5.951791605517926520e-01 2.848654435908509752e-02 7.512251809567545291e-02
2.947324256135426188e-02 -2.750508410831143946e-01 4.277042386015015296e-01 -3.451577899455844922e-01 1.880737808782173559e-01 -3.755187528622380144e-01
1.812029067156682716e-01 -4.297178785373292342e-01 2.426969517891220396e-01 -4.174259642645085089e-01 3.217149729996409135e-01 -3.477763165955499725e-02
-3.155844319467199927e-02 2.096135820044938980e-01 4.360674396034120992e-01 -1.069432512061906093e-02 -3.775673454683229346e-01 -3.731193416709452926e-01
-3.207594148318403393e-01 -1.805344053518055936e-01 3.488971070545435760e-01 2.223292733073326533e-01 5.968132082889083811e-01 3.142999949478481048e-02
-2.933725717967589075e-01 1.441835139064553406e-01 -2.699067416139370734e-01 2.409243559360271236e-01 -2.311078180219459099e-01 4.875120389788816788e-01
3.696384247398316059e-01 4.906156706361692321e-01 -4.136677850383368993e-02 -5.479587294107219897e-01 1.592556721420848587e-01 1.782146735653370451e-01
1.749840881516079001e-03 4.301400109695609486e-01 3.902670315523909528e-01 -9.053517339153312193e-02 -1.470532202965885715e-01 -4.211092374628941926e-01
-2.931460489838321748e-01 4.099873926686182224e-01 8.301673765120966275e-02 4.397848762401317946e-01 -1.854754551509248395e-01 -2.459760521132224320e-01
1.583306758736327813e-01 1.197645483878720732e-02 -3.746232772388948806e-01 -2.879525209568618571e-01 4.191470949307689320e-02 5.197675820251121959e-01
3.831982262870466949e-01 1.024152178892280135e-01 -1.461262768737672801e-01 -4.286085716193416273e-01 2.383031600132037853e-02 4.324877015853124118e-01
-4.507289887350153790e-01 -1.556164930444754735e-01 5.209730484391827086e-03 2.546794755826946033e-01 5.491333541943961283e-01 8.088371072672603801e-02
1.458154121000208581e-01 -4.460427606105120124e-01 -1.086282080825478197e-01 1.372372670203785283e-01 3.568998764197160445e-01 4.873663699682395656e-01
-3.526939663554167215e-01 4.941470483167497152e-01 3.992078301177870436e-01 1.726916392994284344e-01 2.926191222805146763e-02 -3.134293676304670262e-01
-1.702951987144748006e-02 4.097076222852438221e-01 5.052799143084302225e-01 -2.963784982827424863e-01 -4.454936898620763808e-01 6.870819744845368948e-02
2.107701043681307201e-02 6.149839982546643213e-01 -6.556433810441748833e-02 4.183455358317787753e-03 -1.908759636248524849e-01 5.263007898059481882e-01
6.770458686416951088e-02 -4.810130324936369717e-01 5.747079317661617226e-02 -3.407096169633641591e-02 5.073727748556382533e-01 -5.537969882820252543e-02
3.506564693945213862e-01 1.293449830662756483e-01 3.865512033623427768e-01 -5.489210551213696831e-01 -1.434199489075640155e-01 4.543601860627288769e-02
2.187663385861617626e-01 -1.244190664959068798e-01 5.585406419483697205e-01 1.682629578164521189e-01 -1.138674469492934049e-01 -4.401275070659929067e-01
1.083604715898746351e-01 -3.546914555014887283e-01 -1.782472638888468464e-01 -1.784720346178224892e-01 4.972523074320006620e-01 2.598382736279010174e-01
4.485650982248271523e-01 1.801972613908220111e-01 -1.460026651256532970e-01 -5.143048888759047532e-01 4.933104821460679301e-02 9.012319578236685502e-02
-4.502991974049855295e-01 -1.703352047510964806e-01 -5.399674423669773016e-02 3.738946533858445442e-01 2.071237001382218446e-01 3.681753432327837805e-01
-4.150639388988062728e-01 -4.220095952449498533e-01 2.198413269919143598e-01 -3.065089798288939127e-01 5.313087996705656568e-01 -6.193847848930647548e-02
1.330308536596298274e-01 -2.795812574258086380e-01 4.449541501793040643e-01 -1.586744697964671269e-01 5.251151441046321144e-01 -7.212582973805226061e-02
8.543862900189540255e-02 -4.553259853108584387e-01 -1.666147184156200611e-01 -5.691543849256599508e-01 1.549369407189014058e-01 2.795771094239709598e-01
-5.739304554174698980e-01 -2.023896449598715577e-02 -1.174487930311548106e-01 2.612144440756299923e-01 -2.971205346231264866e-01 3.578086035179048885e-01
-4.814144980210066649e-01 2.774084785304781393e-04 2.559642780316582211e-01 4.234797637862836028e-01 -3.329701125661869709e-01 -8.823306015988685580e-03
1.666884987090717363e-01 -3.016775957240473982e-01 4.125432803817508098e-01 -1.988091930136785257e-01 -4.437382519287069726e-02 -4.819991764171319693e-01
7.068907399213411602e-02 -2.420060239592862483e-01 5.230356578854680194e-01 1.610978486920307817e-01 6.831564367020981354e-03 -4.412807362991432170e-01
1.384487452931781049e-01 -2.492395910829587058e-01 4.963602204550269237e-01 -2.875920778317729853e-01 3.003327198587990576e-01 -2.222909411506229782e-01
-3.760520915865345759e-01 -2.138462147117907719e-01 1.092924674347818259e-01 3.982508393013704517e-01 3.148263524778112110e-01 -2.385009883972047384e-01
-3.567301886705925851e-01 -3.922952102116088469e-01 2.568480485189097440e-01 5.414375907606674421e-01 -1.212979253278137493e-01 -8.935292140626333035e-02
-1.054185576304593475e-01 -2.818525074060495572e-01 -3.518403058830816832e-01 4.039482076725803283e-03 4.439514591966270407e-02 5.870853601006138511e-01
1.932776421471191775e-01 4.580627244311876733e-01 3.047373658790837880e-01 -2.706877224668546855e-02 -3.059168698294375544e-01 -3.017134872138639845e-01
2.204613197455342066e-01 3.358720342212593302e-01 2.982852787571859121e-01 -1.605157420824848413e-01 -3.167743902555234525e-01 -3.566262595276123992e-01
5.608028908609196117e-01 -3.226780799291125712e-01 5.404626153088499391e-02 -1.438992125285643020e-02 4.770672347057038909e-01 2.259784010868877424e-01
-2.996757960736149973e-01 1.464190148960691773e-01 4.352898478603887122e-01 1.880146450849428108e-01 -1.660668325021374958e-01 -3.798853656847704929e-01
1.891934519642960236e-02 -3.310486423082469321e-01 -2.293561584008278198e-01 -2.747658678074733074e-01 3.662045366002275593e-01 4.245452104346251199e-01
-4.074327338146463973e-01 7.185676285469387581e-02 1.918910369078758935e-02 5.060151558846335274e-01 -3.218101132902420614e-01 1.223362967220071873e-01
-4.738865131234776817e-01 1.249646459190791592e-01 -9.580585646682145519e-04 4.625996694617700578e-01 -2.883160869874201726e-02 3.142249706301799006e-01
-3.396553921816536925e-01 -1.318281543384587640e-01 -2.381587602426160910e-01 3.974088717702280449e-01 -9.652304245203419120e-02 4.367410989066935478e-01
-9.982359614340691190e-02 4.489371323164701999e-01 3.177880453557416773e-01 6.524416384048251083e-02 -2.006922215744839089e-01 -4.243267282319579392e-01
4.117267216223163273e-01 -9.087762948743428881e-02 -2.282618305921111090e-01 -4.058890682630624247e-01 4.013840309906738235e-01 7.037319373263858924e-02
3.000105514980232549e-02 1.503181806711697266e-01 -4.333618724659906163e-01 7.671514480094313027e-02 2.052863794670274078e-01 5.640328793495601456e-01
-1.354318433995877757e-01 -1.170886165830463954e-01 -3.252828170518948792e-01 1.057120582050835034e-01 8.316668062413212770e-03 6.370700981002689334e-01
9.204500606558534137e-02 1.757103550936709169e-01 -4.087428625231007695e-01 8.923701079497436961e-02 1.290365571476360662e-01 5.901633751928586635e-01
6.002825475521311044e-02 4.648652718521450455e-01 1.162956844253575095e-01 -1.602578452518783197e-02 -5.072462515326792154e-01 3.381401551961465413e-01
-1.106930763618925277e-02 2.947466844082333726e-01 -3.158521926457362738e-01 -1.770356760043948208e-01 -3.026644235233568736e-01 4.687210242630611701e-01
2.589432511908204004e-01 -3.915230855270536714e-01 2.033195791986363021e-01 -2.841894573695397108e-01 2.560551776330018403e-01 -3.311420695419378113e-01
4.094304591986233643e-01 -5.193884406244904210e-03 -2.827474545906066283e-01 -1.607858118784830093e-01 -6.773703577866296843e-02 5.363628910987434661e-01
-1.589417162611996837e-01 3.599932538555668526e-01 4.639934221769622669e-01 -6.364386671408388263e-02 7.698259995745471151e-03 -4.670310442969343168e-01
4.029361329572896944e-01 1.422366564403056144e-01 7.584284224037309008e-02 -3.539092556711017634e-01 -5.099577287725741703e-01 1.185925978973703249e-01
-1.407133454664546701e-01 3.260491580802960532e-01 -2.033666851470656844e-01 2.377190727479951693e-01 -3.470810996776715895e-01 4.319950708117391569e-01
-1.480581451670216486e-01 -1.596150283926643931e-01 -3.439415874691323372e-01 -6.150882945184141248e-02 4.993792347337738802e-03 6.386128141208355924e-01
7.966703020976072247e-02 3.068870355359571978e-01 4.001374767904321006e-01 -2.033611683317271268e-01 -2.462133990235988446e-01 -3.834280585162137545e-01
4.478330249857973566e-01 2.093846505943398884e-02 3.155975269545414630e-01 -3.831739986910084328e-01 -1.547512464474035676e-01 -2.121907372863952590e-01
8.603670575617033967e-02 -4.310605815064940116e-01 -1.240454304278016118e-01 2.975817332883371469e-01 4.820186269854927485e-01 2.245733590056736284e-01
-4.749163436581300135e-01 -6.768631198936148584e-03 1.807606188175944206e-01 4.347425349170100373e-01 -3.037737506979402285e-02 -2.339240226176275694e-01
1.330585326936433999e-01 1.119865750620854250e-01 -4.950763465876520941e-01 -2.623628483726160310e-01 -3.045977305549778524e-01 3.235196757024647596e-01
-3.537459268744129193e-01 4.320294091047726520e-02 -2.186750390350418460e-01 4.165857969843780872e-01 1.574377351633860500e-01 4.086521857836639127e-01
9.055000403166829637e-02 9.447603324504964817e-02 5.407443723047745676e-01 -6.416634738673102079e-02 -2.580404638105816550e-01 -3.821830191553583500e-01
-4.436502757128695795e-01 4.317344543343510921e-01 1.796293527147899832e-02 3.540552827392934865e-01 1.554843212048340195e-02 4.543744806369983680e-01
2.207837826894313779e-02 1.049398657679566221e-01 6.235883455534959596e-01 -2.685585887488738943e-01 -2.538972946009655507e-01 -2.634099891355003997e-01
4.473439916164752561e-01 -7.706117909714423064e-02 -1.144964045379316120e-01 -5.506653206793310495e-01 -1.415772531892274533e-02 -1.099612007252317586e-01
-4.342988432775858887e-01 -5.118663634247028194e-02 -1.477147758909047037e-01 2.249080347501556942e-01 5.486996089594469161e-01 3.056976022578245522e-01
1.764178523317421476e-01 2.518370806752359137e-01 -2.800302393671274537e-01 -3.280976477448197537e-01 -3.843218316332227547e-01 3.037213760250833117e-01
-1.454229221090142521e-01 2.491880826472729904e-01 -3.090118326724519138e-01 -9.377427768008347875e-02 1.198235922776046125e-01 6.812392699071159186e-01
4.846433122378519531e-01 2.157671463422538433e-02 1.089265018338984731e-01 -4.336391722124695036e-01 -2.722118359498514051e-02 -2.839806677114749545e-01
-2.168455258054764467e-01 -3.886375834329647838e-01 -2.746066934673284110e-01 1.818212585426773331e-01 3.015971086143742763e-02 5.412815472551313345e-01
-2.122478657022386639e-01 3.832532718473838362e-01 -2.037909195108305316e-01 5.046332705942232488e-01 -2.511554999494089446e-01 8.535773894979362120e-02
1.157636204313710754e-01 -5.375039433430333080e-01 2.205860871109598456e-02 1.758658332778814670e-01 3.916648441737139441e-01 3.867956212497337676e-01
-6.105594263866620519e-02 4.244262510848460096e-02 -4.813662184601221750e-01 3.215117320338366502e-01 -2.170944643886215386e-01 4.053594851658892662e-01
-3.964557181943390018e-01 -2.231844232283874963e-01 -1.603501031006411004e-01 1.333924008135927153e-01 4.723720664834719640e-01 3.248943099568126769e-01
1.054970087696094905e-01 4.992993628657224070e-01 1.447291306099404984e-01 -4.334129518737038222e-01 -3.425995955212818300e-01 1.167613243624043284e-01
-1.364282870343580534e-01 2.559362153789977445e-01 -3.368028136919066218e-01 1.449573767384540468e-02 -5.855752036554957574e-01 1.819268561751932745e-01
-3.493768243852602429e-01 1.774916010575361969e-01 -2.333044646665913546e-01 3.050296254072760171e-01 -2.125310524197763229e-01 4.144875762265064489e-01
1.591209228102158368e-01 -4.981289661642772371e-02 5.640911006135640449e-01 1.684698532003225668e-01 -4.901736633392880793e-02 -4.358648807336803488e-01
-4.477375259166913035e-01 -2.370644540260678224e-01 3.833326800029958070e-01 3.306274480343929234e-02 2.120071916173991433e-01 -3.697714009542896196e-01
2.834456238842573139e-01 3.859683107305140193e-01 -8.291093455233322640e-02 -4.401259649308972843e-01 -1.866937421136167230e-01 3.024490647883595340e-01
-5.793637739364496109e-02 -4.923185974802504750e-01 -5.672796505197827410e-02 3.061517661533924572e-01 3.999148782418288639e-01 2.104035541092197092e-01
3.251634539812209845e-01 -2.588697666036031686e-01 3.049994268800641506e-01 -4.716478244997543423e-01 9.267287370870197494e-02 -1.864367933232974339e-01
1.197320330064053362e-01 -1.580515268680537933e-01 4.763625209288037676e-01 -1.463737649430640886e-02 2.826376523893077697e-01 -4.111834829920651413e-01
-1.925723883845108231e-01 -6.824899415070957709e-02 -3.353867051742155936e-01 -1.306427233692856460e-01 -2.840628319511527555e-02 6.618982465696734430e-01
-1.214753063356676377e-01 -3.998568319608745147e-01 -1.547001080418222152e-01 4.216778228193555078e-01 3.888641324250990960e-01 1.332302978328726573e-01
-3.238349586877827258e-01 9.207978173763405050e-02 4.290814833169627751e-01 3.880705419329302797e-01 -2.796865357939615770e-01 -1.667208021225686232e-01
-1.124008253699984722e-01 -3.702439015674149903e-01 -1.900077491374530247e-01 -8.366645957132365363e-02 4.819845570014236746e-01 3.323723716821748164e-01
3.502525722786491852e-02 4.029418950440576963e-01 -2.625533715592943684e-01 1.463237631667893904e-02 -1.018633270699639826e-01 6.004389911731665697e-01
1.279984065316603636e-01 1.304216645765648441e-01 -3.407683583935647298e-01 1.670288238889557075e-02 -4.372412741547216375e-01 4.749350768675275059e-01
2.473183565710393994e-01 -3.474568931689014373e-01 -9.000109984889520520e-02 -5.051782537554634356e-01 1.068355318116732122e-01 3.868293145044598424e-01
-2.233356548624269508e-02 -3.606302161139785523e-01 3.710058030236515481e-01 -1.167296207397574281e-01 4.681533525238042448e-01 -1.805439962770071793e-01
2.581739005462031500e-01 3.502134889325703715e-01 -1.246831135137290991e-01 -1.189521227407596693e-01 -3.499336923608708516e-01 4.815923082927385801e-01
8.639774130329601343e-02 2.867361565804930623e-01 4.658017841463978348e-01 6.107106995352225287e-02 -1.191281552316054704e-01 -4.477805712631361956e-01
8.866616735526704207e-02 3.127759096454812426e-01 5.593368018183977330e-01 -2.817127042633569833e-01 -7.929471393104225996e-02 -2.827440242231592515e-01
2.560652363114762076e-01 9.424453082297742576e-03 4.426948317678052747e-01 -3.441661253001670473e-01 1.333187300384877823e-02 -3.571220501541690351e-01
-1.946019174879881630e-01 -4.729221848722089949e-01 2.070158021059642986e-02 4.921651266088011845e-01 1.937710397759763725e-01 3.103067793192499924e-01
-2.654929768366184883e-01 -2.801907371775870237e-01 3.602341425697736521e-01 3.487013037738178611e-01 2.477157225057596834e-01 -2.263493173828777238e-01
-3.167879034572180230e-01 2.352475234738536369e-01 -2.365308327730539784e-01 -1.920980436079846032e-01 -9.071063731445810907e-03 7.251140428420480566e-01
-4.718916208450028571e-01 -2.300146086483249863e-01 -1.932139172028332352e-01 1.381405901224214694e-01 -6.600967901799870141e-03 5.670143687156654622e-01
-2.168819773373267257e-01 -1.071481926524551209e-01 -3.160463074653058202e-01 2.692400065555982103e-01 3.628929325881624646e-01 4.206671764336525898e-01
-1.612448129752679649e-01 -4.597749179640865380e-01 -1.809884545926012112e-01 3.697326180012567853e-01 1.407581221290460372e-01 4.168602181917999139e-01
9.056173342674782301e-02 -6.456444042810420558e-02 -5.088164532032101173e-01 -2.312853820045646658e-01 -3.249048456205474444e-01 4.014787229417466907e-01
2.768135081908126849e-01 -8.517493381929122642e-02 -2.146841572149894573e-01 -4.554991147004687213e-01 -4.428318655135218274e-01 3.647981475753813152e-01
9.298774694134692709e-02 -3.690844339122545392e-01 -3.914322802024447490e-01 -1.179992931747750884e-01 -1.655069639174841234e-01 5.646224685507665875e-01
-4.451094690845079915e-01 -6.832887329984332903e-02 3.284801631017537082e-01 4.961677366545728107e-01 1.467854225768741583e-01 6.824361365972769766e-02
2.939501408267604088e-01 -7.526034813500037668e-02 -2.642961831910038972e-01 -3.230711015627273364e-01 2.267613224534595351e-01 4.623864827197007310e-01
-3.672480073298662467e-02 -2.029218610632039371e-02 6.166191280069331926e-01 -2.926608937072427974e-01 -1.132833495543087987e-01 -3.455915349113606316e-01
2.383813247699356208e-01 -4.899003793391163430e-01 8.472749775502538827e-03 -3.040038264504864585e-01 2.509435982010442823e-01 4.046653149228988666e-01
3.564047654807263044e-01 1.958366999432531175e-01 -1.741406446561130361e-01 -4.554602694034184385e-01 -3.469926526388861232e-03 3.746325633067548733e-01
-2.050404733554330450e-01 5.590171843921899753e-02 5.134321617227101120e-01 3.226300593487635426e-01 -1.134424515648214532e-01 -3.189657965888850200e-01
1.197805660643251335e-01 1.315348858975331214e-01 -3.531093662613851158e-01 -5.686681814383163225e-01 9.864379903079437129e-03 3.618973540098987529e-01
4.650474346744277732e-01 -1.035372941132521041e-01 4.652899790714765810e-02 -4.351757820761490425e-01 1.055333547959915463e-01 4.284813820964754050e-01
-3.468043732900624038e-02 4.779071071745691346e-01 8.863227951181464059e-02 -1.998733174488714626e-01 -5.043920174106490961e-01 3.161303837084655788e-04
-2.489276378596661510e-01 1.494482085320408826e-01 3.908399085127911010e-01 3.626555081405397063e-02 -3.402865600520993405e-02 -5.499050544360919446e-01
-2.386190683934159285e-01 -2.169060659703365632e-02 -3.008454526496081582e-01 2.897715837538882289e-01 1.975396506060970447e-01 5.193626996202871382e-01
-2.609438663481886689e-01 4.152453728577016889e-01 -7.443336012326638718e-02 -4.156175594741368107e-02 -5.492407168672980289e-01 7.266549222807659747e-02
-1.387873627648372396e-02 2.134618319931613339e-03 -4.397239070722377963e-01 4.130835149523857941e-02 3.618455119949567367e-01 4.917064222142800145e-01
-2.128108720820490185e-02 1.584591116059531068e-01 -3.342495676651995873e-01 -1.344743634030385326e-01 -2.703550141091248804e-01 5.620236762796888552e-01
-4.215764408360422322e-01 1.543515243772855816e-01 -2.338171883208270407e-01 3.716240408382102678e-01 7.801320782860368674e-02 3.703396268341846986e-01
1.171148996387836594e-01 2.378974268215859056e-01 -3.224608351696066078e-01 1.034702928137984368e-02 5.290355756411940780e-02 6.544618281955627559e-01
-2.974292417095832364e-01 -3.064270640434085258e-01 -6.961611868921559199e-02 4.622156894926448545e-01 3.094697257306054383e-01 1.392156864670540672e-01
1.786125996224787946e-02 4.815191595912523548e-01 2.382044052128046707e-01 -3.589471097993396920e-01 -4.362146956929603414e-01 1.125858423218434323e-01
9.859463035579275891e-02 1.855638750042120921e-01 5.592003151160638286e-01 -3.586015057079313673e-01 -1.678538223615037295e-01 -2.569293463698523183e-01
-4.408368264955866422e-01 2.002598289989480917e-01 -9.014569893640200782e-02 2.167220661304019025e-01 -3.622330051220042924e-01 4.110709351561454561e-01
-3.048237868928688754e-01 -8.271225329621924305e-02 4.040103387705742954e-01 3.321099765334934451e-01 2.288469216939186812e-01 -3.011465668093082360e-01
5.978267452202423726e-03 1.894794244221205751e-02 -4.964064177124933308e-01 3.991397747279431529e-01 -3.459043644871571954e-02 4.215029847790592865e-01
-1.376587097780540836e-01 2.090688229859147262e-01 5.502587188003410512e-01 -1.347811669275553736e-01 1.893572258290399379e-01 -4.495428478540969275e-01
-1.267967113274882929e-01 -4.817749167248431830e-01 3.800663369042053819e-02 3.334981476950271695e-01 4.028895897188372599e-01 -3.613750833173764998e-02
1.288163534120148335e-01 -1.982621186692171411e-01 -3.891075273640475229e-01 -6.891478632853328956e-02 3.999404815572049632e-01 3.874593052133238347e-01
-4.382408465121611640e-01 6.290868558041039227e-02 -1.110750163625359860e-01 5.414510084451122918e-01 1.659443695460949275e-01 6.093520763621375347e-02
4.574806125493511288e-01 1.673844306573199214e-01 -8.524463575248594771e-03 -3.017071183248444255e-01 -2.136521310808900120e-01 5.191545372470443009e-01
3.469622882950706422e-01 -2.838498827960978521e-01 -1.045067600941961550e-01 -5.215541838276096520e-01 2.037493585704922561e-01 -1.547801490310975192e-02
3.989633070355485533e-01 -1.981798423327562619e-01 -1.944365441324339139e-01 -4.803743350351254437e-01 -7.378102508414643990e-02 2.652266428912108953e-01
4.277174761292935057e-01 2.756127841360281883e-01 1.142656365324191785e-02 -2.291818876555564155e-01 -4.171076208088597692e-01 3.091204776522514241e-01
-4.331798881198373752e-01 -2.198798106571306921e-01 8.638719876807410269e-02 5.497307776550091063e-01 -7.890052028020066999e-02 -3.198282611519324969e-02
-4.687535275993542222e-02 -1.492698787980229758e-01 -3.309960100800955485e-01 2.248384015357039467e-01 1.369142295776941409e-01 5.878458108225910195e-01
5.342501914024710974e-02 -5.025775749424706840e-01 1.838162627619977993e-02 -6.169098924730286315e-01 2.391762266307849716e-01 -2.888167423901320807e-03
6.706522005545068055e-02 -3.896197016585196266e-02 -3.944112926924457918e-01 -3.859676075643793114e-01 3.135653649575858432e-02 4.943049526410479011e-01
-1.550096372427679225e-01 -4.160152487829517631e-01 2.825579339489837638e-01 3.673886810619503285e-02 3.369198250994995258e-01 -3.469826010557658380e-01
1.911302830020720211e-01 -3.244321945447540823e-01 -2.520401678478027541e-01 -2.062298640768212565e-01 4.561115452982504315e-01 2.305117813818488015e-01
1.724507168228655574e-01 2.282784614744350626e-01 4.845981617263698804e-01 -3.930350798898240572e-01 -1.471016092308763124e-01 -2.497829493007930890e-01
2.726811928003086694e-01 -5.532379785500821101e-02 -3.062330775271310257e-01 -2.438941220650249209e-01 -2.444087926440701719e-01 5.288697956671850609e-01
2.673260992755954746e-01 3.327025274050816606e-01 3.678442068301442935e-01 -4.374992717080383731e-02 -3.305372016124497048e-01 -3.128501207671046114e-01
-2.117269764688278211e-01 1.991132834444254984e-01 4.297580451144542568e-01 2.359939156371636537e-01 -2.737072289471487174e-01 -3.291798745032075146e-01
-5.707762326858963897e-01 -1.299075055591987493e-01 7.478660363134316535e-02 3.913724145206838312e-01 -2.285867617393860518e-01 3.288188556748045110e-01
2.164507936719377024e-01 4.783528783475871071e-02 5.681119634096196691e-01 1.302598222020582563e-01 -8.516226870059190324e-02 -4.192495541677592197e-01
3.213151330449817711e-01 6.217470381278488584e-02 4.607526717112836456e-01 -6.270223421034709643e-02 2.106744203644213276e-02 -4.616576787702887374e-01
-3.513755644112159238e-01 -4.355368681637327710e-01 1.711090763970591344e-01 5.864888987001384280e-01 -9.292254461841470414e-02 1.161029482435953497e-01
2.652111649740056531e-01 3.134449272225884875e-01 -2.326947252117036180e-01 -2.602642450406160712e-01 -5.308759529419343481e-02 5.351135212974426070e-01
-5.124493052641031499e-01 2.460032159876943403e-01 1.494951518314305283e-01 4.677444263793995027e-01 4.801799551880051031e-02 1.541963136738443707e-01
3.506126632130270870e-01 -2.740931632706803400e-01 1.138516482049623108e-01 -4.364019642255129172e-01 3.427354046487779415e-01 1.024282513280918711e-01
6.956752884493000444e-02 -2.760691110967020689e-01 -2.512169333448258657e-01 1.181581074630792122e-02 2.503008272253427480e-01 5.970751313873063904e-01
3.989699183068333710e-01 2.308642444824705875e-01 1.908713047375127647e-01 -2.168976382057541397e-01 -2.659835098126841491e-01 -4.205609988636924701e-01
1.069014525745252270e-01 -7.967491977893738364e-02 5.115676538741994461e-01 -2.596958432070740619e-01 -5.827794093042640289e-03 -4.158766974232518399e-01
4.736597797942293520e-01 2.801767280238688651e-02 2.287866953859283570e-01 -4.014931438314126577e-01 -4.082652742621061814e-01 1.958690960637246570e-02
4.116050321284564495e-01 8.167109722963378227e-02 -4.229693862624001738e-02 -5.432645022246750388e-01 2.694229456441913362e-01 1.878626055624614544e-01
2.707893757590419392e-01 -1.201184246576988551e-01 4.686804054787245821e-01 -2.088252590179727752e-01 1.403823170517776719e-01 -3.692391405855282027e-01
-1.281758957607358751e-01 -4.454689103141100670e-01 -1.163014621616649258e-01 -3.062152023006069479e-01 3.993075608395021403e-01 3.883317899254840055e-01
-3.674175571937378648e-01 2.792082683745069072e-01 3.136038889942770469e-01 2.064493383033433882e-01 -3.167354759004977205e-01 -2.481147593627361925e-01
-6.189713207301512921e-02 1.988239783034772001e-01 -4.317988310800773277e-01 -1.308144714575059514e-02 3.743940554635741824e-01 5.514570750354566009e-01
-6.947859138187102712e-02 6.544790149653939570e-02 6.118469845209966174e-01 2.289296795560643583e-01 1.286111136837320146e-01 -3.404990200708363224e-01
4.120621138307156150e-01 -1.156385255467129169e-01 4.818609752405336732e-02 -4.688578225558153734e-01 3.040035119644630690e-01 2.670025183663175539e-01
-3.312554416483234898e-02 2.653026530174124389e-02 -4.517579840147351589e-01 -7.112608600427017258e-02 -3.539771476095255887e-01 4.722388057737812450e-01
9.899731960969042344e-02 2.567478599629609004e-01 4.823345646555856070e-01 -3.292633862580847670e-01 -3.358057895074948451e-01 -1.999212087233425694e-01
-5.337984625663350080e-01 1.564073551655788263e-01 3.050525193366338539e-01 1.871453471050400497e-01 -5.164889512433993302e-01 1.393703413038750172e-01
-1.468761159161388885e-01 1.728429499931799229e-01 6.089915572235253816e-01 -1.490417017947331946e-01 3.491247122557199489e-01 -3.753458089936754227e-01
9.768402175631130113e-02 -3.350817514974072098e-01 2.727118048001591633e-01 -2.912734371164379943e-01 4.597324769566441538e-01 -1.931019320456369703e-01
-1.176966651475492842e-01 2.753777564682955981e-01 -2.861212247120144547e-01 2.609104189316646671e-02 -2.784534089842417015e-01 5.339983613712941946e-01
2.089168530315095862e-01 9.923221842370463786e-02 3.945590487953788972e-01 -3.630114271449303431e-01 -5.074377232209338340e-01 -1.575728414621124229e-01
-1.046891175902578824e-01 -1.895545375165036961e-01 5.449601960355239250e-01 1.183187334089991077e-01 3.870187437615795756e-01 -2.410619090664366526e-01
