3.325458352912789017e-01
7.306040117431926717e-01
2.895210638990551935e-02
1.568104357774483093e+00
5.295120330540989073e+00
-5.636943883679024214e-01
2.639891957657038435e-01
-1.431237643114171287e-01
1.535078476587016016e+00
3.839491591225465128e-01
4.047483575456534144e-01
-5.248994779852896864e-01
-3.085932088214584090e-01
1.252935190800482879e+00
3.441490845758793160e+00
-3.212835013505198622e-01
7.167250900311751272e-01
4.446491529702258916e-01
3.215168384506307486e+00
5.443808198570437185e+00
1.967639509442264401e-01
7.598314471194890507e-02
-2.409062888498074984e-01
4.557456846765589598e-01
3.671838477454639094e+00
2.989219982291449473e-01
3.097356275511728985e-01
5.342465765214657880e-01
1.531434893882028359e+00
3.670789159470537744e+00
4.851095066891085161e-01
-6.608133635834392838e-02
-8.239923268787369137e-02
7.576192694094362468e-01
2.598761749437488167e+00
5.863774941497261750e-01
2.456705336131661810e-01
-2.570155469715088570e-01
1.080230406359172335e+00
4.613967845169663740e+00
7.933779679986031619e-01
-4.622993786891106682e-03
1.480052557968029037e-01
1.637706245546249884e+00
2.090758662505668664e+00
3.645597282360319574e-02
6.927414969311910253e-01
1.428456636867684870e-01
8.859474914470519824e-01
4.302847913088845289e+00
-8.048027316987096946e-02
2.569245344598023451e-01
4.671411493317837449e-01
2.309631424957374612e+00
4.728806973200931907e+00
-6.170743958698567955e-01
1.239982587359781119e-01
2.061687240041842617e-01
1.227972475528753993e+00
5.730047380488054287e+00
-3.954711120215236853e-01
-4.206027341685333321e-01
-2.797946192543007138e-01
1.078762278978329103e+00
6.187235441868162766e+00
-2.290892455069023781e-01
-6.596207696386087171e-01
4.817014540798891242e-01
3.179373869839290823e+00
7.061665367184213338e-01
-3.935409606932972759e-02
7.969122417945524450e-01
3.111167748025818469e-02
1.619891699439073518e+00
3.489805958305273403e+00
-5.288405145919842371e-02
-4.463992260708156690e-01
1.449767660896263133e-01
2.025289005642816775e+00
1.314273579320630159e+00
1.515938982859776352e-01
4.998222119967684618e-01
7.672274779924641575e-01
3.548435773945653349e+00
5.130957479008782407e+00
1.161391556998634944e-01
-1.713615342672956954e-01
4.946667881059449434e-01
2.307814189006349270e+00
1.429267861841819309e+00
4.820294901738760296e-01
-2.630193093093310952e-01
5.585562037680331660e-01
4.249077733918094069e+00
6.284824459726241486e-01
4.760782189952820209e-01
6.388454552054843028e-01
1.858600847066110562e-01
1.868864284135055120e+00
5.257518889596772382e+00
-2.338050970506375809e-02
-8.032614029769814534e-01
-2.135369126780615467e-01
1.251694297734944117e+00
4.102981447680576488e-01
5.237844607967604427e-01
-5.798691470309015328e-01
-3.713537785855027251e-01
-1.492730131621399503e-01
2.818598478321124645e+00
3.923550165676396584e-01
-8.882322998785844304e-01
1.026155408537743063e-01
1.630261984067233660e+00
7.042176274201760178e-01
1.794669977548719597e-01
-7.619349458290303190e-01
1.160133995359581144e-01
2.034051219036835612e+00
9.180155433685462940e-01
7.574483555279458713e-01
1.605352749576217583e-02
-1.105858032642088457e-01
2.773573153481427855e-01
3.313364728629666356e+00
-5.325439205452560110e-01
-8.767204767308213464e-02
-9.067131943990611176e-02
1.551935234792849672e+00
9.967698742565134218e-01
3.812233383138349807e-01
3.791330722440205969e-01
2.782787494245639870e-01
2.370860356428768245e+00
4.535090505103433145e+00
-2.371358121726580281e-01
-5.992421968780367036e-01
5.960235924630843396e-01
1.519880627663164008e+00
2.182259374929069740e+00
7.051452328544532966e-01
1.423340216529641322e-01
-2.325994916769830723e-01
1.984586422991847288e+00
2.797690523311336719e+00
-6.793334982083869544e-01
2.453944772379021144e-01
4.728763133238103600e-01
2.986388595557915249e+00
5.293165249079950563e+00
3.268755162819833027e-01
5.264363066790317403e-01
-5.829442211702724058e-02
4.115522905290268652e-01
3.727696757963889329e+00
2.722710671448259623e-01
6.607780894192287757e-01
-1.969581059284231661e-01
1.387236126456803387e+00
3.336365665062481334e+00
-8.223115726274436710e-02
-3.242816512977783061e-01
4.102343884195688295e-01
2.450145283666300688e+00
2.179876968477118204e+00
-8.629389639326288941e-02
-6.537372176623900133e-01
3.181401052586186884e-01
1.753187380790167449e+00
2.378790997084128556e+00
-1.459072230613122079e-01
1.667707525270810398e-01
4.117853177231964312e-01
2.496946233659067094e+00
4.900728317764721176e+00
-4.883571271916555823e-01
2.905373083663348802e-02
5.734399737748712145e-01
1.786020277132704503e+00
1.071659044611727563e+00
-3.263621949300341551e-01
7.162952131130842504e-03
-3.440241595625024296e-01
6.824215789225204221e-01
5.424703590998254832e+00
2.102252062117727083e-01
9.270397833759221884e-01
-2.223060053703942995e-01
1.392316438736011630e+00
3.256757626433632424e+00
4.871194201497307252e-02
6.086314149677352070e-01
1.702928959798268582e-01
2.588141414050918687e+00
4.472380039562638743e+00
-2.443335696454701778e-01
5.833288495917354766e-01
-5.388810023651923187e-01
2.204630174308538137e+00
5.657457774220461921e+00
2.209818481682101002e-02
1.750353444342324094e-01
-4.762526219181150711e-01
3.429447498020376517e-01
2.993641680161529095e+00
4.664900218688681766e-01
2.573770471563165962e-01
-2.926731481875575677e-02
7.990562919651437168e-01
3.036560979644590041e+00
-7.888952017878307910e-01
1.757772740224327335e-01
-1.041498940569641762e-01
1.517400799688908508e+00
1.023761041147697393e+00
5.279613539718738258e-01
-6.200946913231082380e-01
4.469365560860739245e-02
8.640578509701397625e-01
1.268511837018229338e+00
-3.378311310080553409e-01
8.545777736346642506e-01
1.106008617440169955e-01
3.907810489324837988e+00
2.446867762342164632e+00
-2.369372383030259044e-01
3.498196185306735595e-01
8.114951881668006628e-01
1.934940271058383399e+00
4.350010489080440301e+00
1.978658024553972897e-02
1.057812769038279921e+00
5.345368074006597858e-01
7.676195326621046977e-01
4.709008026487596865e+00
9.682593644372713970e-02
-5.008884555100823199e-01
-1.465787642069300289e-01
1.780309607175917685e+00
1.639497817035015403e+00
3.237452693367166567e-01
7.609474288521896057e-02
6.341381486272611445e-01
1.791701692035248872e+00
3.309204571956219088e+00
6.208374902632798342e-01
-4.418797382352271375e-01
5.336622692798969059e-01
3.187163075267840373e+00
2.933799123700550737e+00
2.027588108134001921e-01
-2.966381562799908500e-01
-2.981673379543885449e-01
1.247172707715958895e+00
1.948032019123541181e+00
4.110812362861661073e-01
5.290966727468071618e-01
-4.960679908482943934e-01
1.593075619456016945e+00
3.121993209901781974e+00
-5.387910251594305588e-01
-1.948087778703542772e-01
9.376956428963760526e-02
9.690439488490214526e-01
4.194284507051183053e-01
-8.618632455752556210e-01
-4.296431559111194010e-01
6.611139555398484746e-02
1.901034192701721581e+00
1.629313074427803709e+00
1.731009991397909897e-01
-3.237764545808308886e-02
7.362744752216143773e-01
2.093512176973491457e+00
2.033257704211147932e+00
-3.255727854438925095e-01
-6.658052749324576691e-01
-2.554507287363648182e-01
1.131461017727008800e+00
2.479148697804287593e+00
-8.266294082232864548e-01
-3.657230610014453598e-01
1.175190572581152545e-02
9.363533989264350987e-01
5.897679292527351791e+00
-5.464071755968072930e-01
-1.790912137304534746e-01
3.639321123187777007e-01
1.830127914719987370e+00
5.886643378388506598e+00
1.677697794237300866e-01
-2.885185681760762400e-01
4.768560241860654303e-01
2.866817828931517376e+00
2.947691878159640400e+00
3.606300409519996308e-01
-2.890811089430755931e-01
5.265657856962947525e-01
3.159134289682038244e+00
1.345018351506615639e+00
-7.005538157863303549e-03
-1.775393504006213541e-01
7.122600668248332267e-01
2.426571566726322349e+00
2.331599253924829807e+00
-4.278912607446651029e-01
-1.964312925809264254e-01
-1.562941906002793813e-01
2.129897241829521004e+00
5.215734378201711818e-01
-2.495545220337214154e-01
-8.988168871956701000e-01
2.948173574283624032e-01
1.936358600846718625e+00
1.546229491467598048e-02
-2.804628027659044065e-01
-6.350456471339115394e-01
-1.163705934235922529e-01
2.116554031835890803e-01
1.419353919676433984e+00
4.265623312644711840e-01
5.513424043630534843e-01
1.305295996385121837e-01
2.308143146123606826e+00
4.451184919998479650e+00
4.189965888740303512e-01
4.005285929668460088e-01
1.230569334274661808e-01
2.431151406861931541e+00
4.209971252105147776e+00
8.152534263482913435e-01
-1.589765148238651005e-01
1.301203138390606140e-01
1.367877737209474143e+00
2.027616049290677847e+00
-5.873303389054419510e-01
-4.805284471552617037e-02
3.591112166327165012e-01
2.570368948101286577e+00
5.822998274180838152e+00
-1.853565549194174100e-01
-3.523620313123227432e-01
-2.421097004571867162e-01
8.372977789556255157e-01
2.090449408748442650e+00
-5.773575541777282716e-01
-3.997028907247556218e-01
-1.464273921779457588e-01
1.465050547755647470e+00
5.784415887307322812e+00
-5.312296111475262039e-01
1.127412164321954235e-01
6.748322766877890011e-02
1.193106077951102462e+00
6.242112326354053664e+00
-2.946136341568291739e-01
-3.834200576911288016e-01
-2.868628032541639117e-01
7.318228945971227972e-01
-4.660780213378907383e-02
-4.530311156464166683e-02
6.832084320191598170e-01
9.131869978187541481e-02
2.545686729330043807e+00
4.729890018825022580e+00
5.044798162255998975e-01
3.124687385891278812e-01
-4.788023027036169554e-01
1.406441697795049128e+00
2.533300951769451803e+00
3.925976686276221872e-01
5.654114716105460570e-01
-4.617319353420673567e-01
2.404730632020456449e-01
8.658364241774365588e-01
-8.726502021646588558e-02
-1.491461557688083250e-01
-3.143180010806022051e-01
-2.716036882633263150e-01
3.675814320262069668e+00
2.250245818329097147e-01
6.496671294340228275e-01
-4.457004887460941922e-01
2.112829713758522243e-01
1.502375334506848015e+00
2.059314704089580395e-01
5.126671804509423946e-01
4.050028922475008564e-01
1.310570628827706807e+00
4.672980081059689539e+00
-2.077152953731163376e-01
2.696339028779871083e-01
-3.318767704350786274e-01
6.343418002250200693e-01
4.549545410765445830e+00
2.430276947123268805e-01
-6.311246490834342415e-01
-3.490929169795464193e-01
2.273541958854147449e+00
2.262353688598329526e+00
6.532025466418627246e-01
-3.985921331824957003e-02
-1.469438158656733717e-01
3.622073943844608124e-01
3.116057972036875956e+00
-4.752836811582027976e-01
6.335173851050184268e-01
3.480372697344886745e-01
2.978269185555678877e+00
4.944150636980586988e+00
6.958214179056856352e-01
-2.503534785617440583e-01
-1.701985086612492135e-02
1.406468330185983273e+00
3.812372559472090305e+00
4.217236874817879844e-02
3.876792353279154835e-01
-2.847670163162877577e-01
7.729415509922062943e-01
5.231193645131542169e+00
-4.320878075483446379e-01
-2.585989012674050902e-01
-2.502780910671675296e-01
1.463885725821130745e-01
1.030797764472570988e+00
9.360287671316989966e-03
3.676783402773454723e-01
3.967058907497442166e-01
2.588993574567399758e+00
4.171826377455674084e+00
5.481478279799458786e-01
-1.574417431827071223e-01
3.289968250149059026e-01
2.231956918867087580e+00
3.479744733100289977e+00
4.950404877482522670e-01
-5.263512843836961608e-01
-1.222389829331113204e-01
1.291588770236472117e+00
1.270986431927188187e+00
-5.529046719327203041e-01
-1.278530166245595186e-02
9.847843701170156446e-04
2.017454042673636039e+00
6.199775968394766856e+00
7.715798790064673507e-02
-3.643015504888770517e-02
-5.874012609562114795e-01
6.294675475282734967e-01
3.994923286832181564e+00
-2.793975409310717195e-01
4.025155255117989772e-01
-2.645083924221754423e-01
9.627078605555540181e-01
-4.426216615584357972e-02
2.284996644301184876e-01
-2.243325023781852501e-01
6.139963193227419014e-01
2.914785479830130921e+00
4.196761796036304837e+00
-4.364677677183741999e-01
7.105894843371191039e-01
3.332407997022853730e-01
1.068504399641652780e+00
5.905267734749846120e+00
-2.024628049279695585e-01
1.139090157334678860e-02
7.630675666713924166e-01
2.627974758706043801e+00
4.142527461832984592e+00
4.398679312258942931e-01
-1.343355924258176348e-01
-3.147553566675712067e-01
1.631174800474179731e+00
3.097039173413531632e+00
-5.629555221095695616e-01
2.490403192252905462e-01
-2.395857036373157667e-01
1.110614139816604506e+00
7.719362170806560730e-01
7.785022090277859963e-02
1.618957930133931022e-01
-5.118909143658844085e-01
8.795904641944399804e-01
4.103384075116414564e+00
-3.651336643208292210e-01
5.851339269847197766e-01
-4.011498784164077014e-01
-3.280115691431270686e-01
5.074233163644068512e+00
6.048576053511324213e-01
9.726234567036584622e-02
-3.006476722008171731e-01
1.934629861707641174e+00
3.318734758481347136e+00
-1.727517161742146146e-01
-8.016880647520262526e-01
-1.199403486962506288e-01
5.088347757719142717e-01
6.287972646526728271e-01
1.659979301483247571e-01
4.994363647392912609e-01
-5.377548192257621817e-01
1.286120877609405078e+00
5.636885442361418974e+00
5.479178223244310919e-01
-6.467048912493198465e-01
1.993749750320840675e-01
1.098371308648827593e+00
1.437507678950859624e+00
3.443044408130558343e-01
-4.678013167043628545e-02
-6.534846071165869574e-01
-7.245244300706598084e-01
2.561793063322208575e+00
-5.336658205635456120e-01
-5.434266991043879870e-03
-1.797762187896668196e-01
1.067415156428774825e+00
1.042547802529361300e+00
-1.756713902779639125e-01
6.788455670242008466e-01
3.399237502234319086e-01
1.575287307116765012e+00
3.978284615403741231e+00
-1.346645117293051030e-01
1.029246802236026409e-01
-9.797204905951468756e-01
1.414455477725943711e+00
4.923216439192112048e+00
-3.807138977466345553e-01
2.285513619872387159e-01
-2.240468365404533757e-01
8.417021478984212379e-01
5.814540091546708922e+00
4.232816178588294509e-01
-2.415076361058181575e-01
5.695998678007082594e-01
3.027695253954914012e+00
6.333846638789618171e-03
-8.466161274953676319e-01
-1.590174430354334700e-01
2.617844821364087027e-01
2.498774166769878402e+00
6.921878551150215664e-01
1.775857667361300796e-01
5.870248087793750180e-01
1.400637802120788559e-03
1.027075847935140729e+00
3.736401409453998124e+00
3.060862797815972480e-01
-5.775301678865766286e-01
-1.144066471024737935e-01
1.258327603554018959e+00
1.208195059150228401e+00
1.266064552771219986e-01
-6.013221892839911709e-01
2.848857155548849551e-01
2.142631556197847065e+00
2.700584615495245089e+00
3.594417901382911396e-01
-4.029851882772847449e-02
4.887040329292963725e-01
2.705082692360187835e+00
1.909753165856152846e+00
-7.018828838598154540e-01
-2.369087321737572971e-01
-3.956722232809604667e-01
-9.839634216183537618e-02
6.306549490381783141e-01
8.922032337720919859e-02
-5.214726381216344686e-01
-3.306725807105157511e-01
1.408328271292183187e+00
8.289290487921161521e-01
-3.003709177584500400e-01
-1.732460673107362736e-01
5.899566925268096007e-01
2.235886291319022945e+00
-3.765558441130402723e-01
-4.304265042836851740e-01
-2.471960880430733309e-01
-3.827957079712008825e-01
1.051479397194376997e+00
1.544142755026725933e+00
1.560567031414484274e-01
7.697861196863995392e-01
-8.032575998564896180e-02
4.277211136221510390e-01
4.667530163598459403e+00
4.175403518428475458e-01
-2.179408654197149131e-01
-5.043535733915817110e-01
6.666331203737891897e-01
4.595877572931562405e+00
1.299040724481492770e-01
-5.352116098159267477e-01
-3.462760845812414001e-02
1.060610765992073379e+00
2.744791677186289469e+00
-2.146477868625926433e-01
-3.203864105882632263e-01
3.696093993339792938e-01
2.106610241240331138e+00
1.657129186247204622e+00
5.011339999081217966e-01
3.862395976887046389e-01
1.882692811130887503e-02
8.889496550113156204e-01
4.132252555345472089e+00
3.129701889717928509e-01
5.132446508129078211e-01
3.658770201134776689e-01
2.779744613513537299e+00
4.747704160749730562e+00
-9.815417748274987697e-02
4.534642715993139617e-01
5.300672593142472522e-01
2.315561464714003481e+00
3.705578529556676326e+00
1.467090857094826006e-01
2.311691747988812301e-02
4.429494839501749159e-01
2.515441432729607740e+00
3.157211869383238501e+00
3.317658904029833350e-02
-8.745210505128234724e-01
2.972660709603979767e-01
1.288541421105727336e+00
7.032708541399901314e-01
-1.884174101856087857e-01
-4.202201128401308883e-01
3.475760074966174340e-01
2.062833336939958961e+00
6.904058059868991570e-01
-6.363762806964495811e-01
5.666207194753976051e-01
-2.355573631671797064e-01
-1.658467650876737087e-01
2.068617902244365592e+00
-6.580055827653612521e-01
-4.488205817901055328e-01
3.910173704383951288e-02
6.120393324550225111e-01
6.571424591513721936e+00
-2.655155239716030513e-01
9.714905119574993031e-02
-4.302175276448851893e-01
9.225436283015701067e-01
7.721359182913918318e-01
-2.846595167240994692e-02
-7.454783911180523637e-01
-3.768153526487279248e-02
7.444846488840936027e-01
7.218517071621370906e-01
-2.453422682406475666e-02
-3.564885322333999906e-01
-6.213234600997038504e-01
4.903900292803946015e-01
3.772099923718110315e+00
3.084550351393499645e-01
-4.248967053584507547e-01
-2.570631805708591400e-01
9.132218765132024130e-01
3.474531103871662197e+00
7.239133759129533219e-02
-8.966513465077388112e-01
-3.351021330295917977e-01
1.468824899140370732e-01
2.410325974214110101e+00
-4.430294725378502996e-01
7.497388748413827408e-02
6.541916086504792061e-01
1.486789104456927024e+00
3.967237178677598397e-01
3.218395715066009188e-01
-2.548812483416505736e-02
-2.325103194317878208e-01
7.334507644618841748e-01
2.503782516446612760e+00
-4.715163363073818781e-01
-9.233220356993895872e-02
6.960115879990902421e-01
3.532998198920722643e+00
3.697799493907140689e-01
1.643317186734227220e-01
-7.460918792765364183e-01
2.131587972435538270e-01
9.669166109959473898e-01
2.200220809594906513e+00
3.689700285847155592e-01
4.748758037512875174e-01
-2.386819798433694947e-02
1.005709369930717800e+00
3.407565403059540809e+00
-7.443410019707807912e-02
-4.966879181454909170e-02
6.478541969329241201e-01
2.626338431591528355e+00
5.854909571468617457e+00
-1.514619398539478190e-01
4.376904533834418687e-01
-4.944501751175925386e-01
7.992538834378154489e-01
3.259380729981733449e+00
6.432232550250178704e-01
-8.311862400929372063e-02
4.051146183876804807e-01
9.115651555354230551e-01
2.783966284740480468e+00
-1.889248584608277937e-01
4.941581466806429512e-01
1.760548179071293184e-01
1.845109015096219718e+00
4.343412879042785946e+00
-4.405995127970815939e-01
1.919816305484351449e-01
2.830508557117453750e-01
2.807583626173918212e+00
5.638748118051545077e+00
-3.009333943282496149e-01
2.215413720571898226e-01
-2.870656982148216407e-01
6.898815011787593487e-01
3.109060849256111148e-01
-7.828614170934654615e-01
2.814854492833411825e-01
-3.805409068701787745e-01
1.508805535993469116e+00
4.764029907768240868e+00
1.032476189724969851e-01
3.871227343599882853e-01
-5.871584037802023426e-01
4.107016438174569961e-01
1.573869811850341138e+00
-9.826897960292142742e-02
1.434098870732629094e-01
-3.260382768530193931e-01
4.876241894804427823e-01
4.470807780037483248e+00
-4.024409768790245812e-01
3.322176571035588832e-01
-2.649013444391041805e-01
9.144192528789796270e-01
6.328702178645701615e+00
2.664678837565967462e-01
5.419311506999435757e-01
-3.036458105407863761e-01
-3.039302282798310093e-02
4.117018252706975190e+00
1.148999816782694285e-02
-4.297819891866984654e-01
-2.530063101682015758e-01
1.391320961207718643e+00
7.946605278080601797e-01
-2.700189274913987192e-01
6.145425628271293794e-01
2.808735204972801491e-01
1.576812762453770445e+00
4.165666269776594710e+00
-2.311289221805751526e-01
2.353213215647913525e-01
7.488505578311145383e-01
2.445085848092041214e+00
3.768749628644903371e+00
-5.836177001766709171e-01
6.599007480064239539e-02
1.409196168307804689e-03
1.064113912360004965e+00
5.569065350140414594e+00
-3.170315870754154552e-01
6.196502493266065059e-02
4.653136034132727694e-01
2.380713105507294092e+00
4.150835808538957949e-01
7.234074610569436459e-01
1.214954398311583750e-02
-6.958158910845055889e-01
4.809083980274445058e-01
6.122943829665627113e+00
-2.389203407109617150e-01
9.617557245993462178e-01
5.318784867612809109e-01
3.508711620493843775e+00
5.021181891044383505e+00
6.287936040170379048e-02
-5.763130452658505876e-01
1.054027160113209655e-01
1.743126001060670394e+00
8.791520492365939576e-01
2.613833622524645017e-01
9.471917331381196625e-02
-5.177130179342066540e-01
6.045487140251656344e-01
1.922832389865995362e+00
-4.334821431748192011e-01
3.555074858168107976e-01
-4.566290843800603350e-01
1.485389256445780459e+00
1.001880838204218666e-01
5.821750776590701726e-01
2.072063897536099430e-01
3.454493511973416031e-01
9.841611679525702483e-01
3.701769425742498676e+00
2.187965336759960522e-01
-5.004806384198102753e-01
-4.567397425145815482e-01
1.524367690275164389e+00
2.687860146544940321e+00
3.405120220274041043e-01
-6.713468122776795610e-01
-2.995230569175502677e-01
1.146218149641021533e+00
3.268188189023560675e+00
7.995217181404372653e-01
1.092211432258885645e-01
1.896076090503124867e-01
1.253605825257578132e+00
4.091010292893902722e+00
-3.684707062627102792e-01
-8.491047214060426507e-01
1.614375264410800315e-01
1.789884424903741555e+00
1.094854404662829878e-01
1.655514530695273434e-01
-1.867920923743478512e-01
-3.785132016198986538e-01
-3.875049156166895381e-01
3.804843882843726099e+00
-2.594052348225400206e-01
-8.020724440766686669e-01
-1.079293191340892216e-01
1.633601594954385394e+00
2.437426862939318539e+00
-3.930751785264406939e-01
-2.154569673909683958e-01
-5.995627194824136863e-01
-6.332831282265056760e-01
6.130882053089397488e+00
-3.790958373294179840e-01
-5.694697731719633449e-01
6.929198633316557832e-02
2.386683904496127884e+00
1.432003497452072338e+00
1.282648755007264607e-01
-2.049423568514894822e-01
-7.151807385009476548e-01
1.083242957098878856e+00
2.098560459217012397e+00
-1.338837310932690650e-01
4.663096563497666769e-01
5.644151604723567361e-01
2.306958178595894360e+00
3.729274825185456610e+00
4.083103943636307576e-01
-3.377916267362763292e-01
-2.712003742859843136e-01
7.423962955677694264e-01
3.465374778965221392e+00
2.796673011808105680e-01
2.809365803100880021e-01
3.491648553454235193e-01
2.276976984716029051e+00
4.303146893894143510e+00
-1.933193256259820303e-01
9.568197171064607431e-02
4.690537650495497646e-01
2.404981675233680338e+00
5.415343824131475081e+00
-6.493803318751627529e-01
-6.551980665319746544e-01
1.726670309019076588e-01
1.213543101155136084e+00
-1.796778991208570764e-01
3.981911895619482666e-01
-8.336237934675136407e-02
5.231572649262032915e-01
3.001370173158097288e+00
4.106459580263784659e+00
5.835651776674978253e-01
1.489486519509496953e-01
3.601498264981908837e-01
2.806395334419136578e+00
3.126048760510383495e+00
6.544186785121229588e-02
-1.230478836692379119e+00
1.912461888062839954e-01
1.586027144885233220e+00
-5.707715089926412161e-02
2.501675073177011543e-01
8.455477707326661818e-01
-1.706262926451431461e-01
4.831217296377193215e-01
3.525236640441287150e+00
-4.898347469586737390e-01
6.487860631458387539e-01
4.749360960235722851e-01
1.414318311274810336e+00
6.259312182196016039e+00
3.882528654970281989e-01
-2.179336644204935280e-01
2.591798562127636818e-01
1.623616528546151461e+00
2.393505068349451648e+00
3.123728484989262699e-01
-4.231470690699126180e-01
-1.296655473099781464e-01
2.940543421699770565e-01
1.642769193136287331e+00
4.912189127437959213e-01
2.307565680015546961e-01
1.458776237357979066e-01
2.474551369402731016e+00
3.830972972427072243e+00
4.625090992718022820e-02
-2.122031312368300171e-01
4.901630956670314787e-01
2.641905125091305706e+00
2.778787400180763534e+00
6.110080284589242128e-01
-2.682870263733217464e-01
2.959915104036499600e-01
1.760702223250411036e+00
3.638429448425541057e+00
4.315461809378232094e-01
2.008721657672381256e-01
-2.583240507986460377e-02
1.292610412622642757e+00
2.990114100785679963e+00
2.851758151486007975e-01
-1.678774162946606585e-01
4.554554116014217779e-01
2.575635026473745981e+00
2.655155924808585866e+00
-5.573198450966415640e-01
-5.352797621546476758e-01
-4.512773183987555531e-02
1.056873312252877728e+00
2.026381480301091109e+00
-7.899946875332164442e-01
2.147523242831969603e-01
1.809653173926800418e-01
2.279649340734562379e+00
5.442330443086786929e+00
-2.008991984546903420e-01
5.794095293490260090e-01
-4.775853933081027902e-01
-2.329405501855587868e-01
4.464836589404812983e+00
2.516811415369994975e-01
4.781116339588875608e-01
7.849835868437665676e-01
2.616007236375682776e+00
2.532192565048255184e-01
6.979488951826141596e-01
1.673277384194397366e-01
3.702368786464514394e-01
1.279607790774450082e+00
2.716517520029489763e+00
-2.037340122940000386e-01
-9.422657095540173944e-02
-6.375355646294296186e-01
-5.451723656656918271e-01
1.327597493563287712e+00
-2.753371645616797259e-01
2.621923593271249797e-01
6.271779660957261804e-01
2.290260241739256131e+00
4.264298459849179324e+00
-8.074450117475905353e-01
-3.253356840902676961e-01
4.958689313117258246e-01
1.680511816984648688e+00
5.424112501226608707e+00
-4.858918717685015709e-01
3.784791171821473843e-01
6.768433119999400782e-01
3.564467720633422321e+00
4.858711524817270089e+00
-1.577470037200229269e-01
-4.318619747517759011e-01
2.643398386810112966e-01
1.986530685637168947e+00
2.170435020486637168e+00
-2.667860649938969542e-01
3.048359871784344644e-01
-2.083905896881018127e-01
6.176812880811888284e-01
5.019547414592897994e+00
1.595843644927617822e-01
-2.578080691495757137e-01
6.820418011160634952e-01
2.155587097873421065e+00
4.112324169417461484e+00
-2.749139307009269492e-02
1.011709392589629913e-01
8.282953204515912660e-01
2.450615488369030537e+00
1.187744839250082673e+00
