5.633766119895439184e-01
-2.745480862065882710e-01
8.353075534647033673e-02
1.651237857256747432e+00
3.060589722388593614e+00
-3.606676331013434211e-01
-2.089398453805740852e-01
-1.774464812112475087e-02
1.475701948599132285e+00
6.816232007591720432e-01
-1.768080148410308139e-01
-1.081174844828295817e-01
3.702610579848691352e-01
2.495548122004858538e+00
4.524074587421778038e-01
4.198184364462869134e-01
2.233945378250510039e-01
-2.393580029744254156e-01
1.020948924502817157e+00
3.893870910605873092e+00
1.605537445644350525e-01
2.703566338689877835e-02
4.803815382216630181e-01
2.849494418507481974e+00
3.333291901717405192e+00
2.403127514195516901e-01
-4.795374683876959532e-01
1.049510207637828658e-02
1.533098235313598900e+00
2.144838212570885361e+00
-3.384576361054810745e-01
1.645414775757216008e-01
-1.134789994079500736e-01
1.414977384137654282e+00
-7.518726951661458546e-02
1.189069516036200536e-01
-4.841469611945647088e-03
5.045373276919179473e-01
2.873699642682071342e+00
2.079600763292417387e+00
5.932310366711494865e-02
-1.461083062373513541e-01
-5.056462597799675773e-01
-3.465916085583237716e-01
2.745217298604468059e+00
5.101821167221359116e-02
5.657074685390131585e-02
5.658212013635139925e-01
3.313247777530349047e+00
5.596599619333596287e+00
1.785180514347711744e-01
-5.231424127588059081e-01
1.230664947522517594e-01
1.632565168345422979e+00
1.430432171432510335e+00
1.102163409672835132e-01
4.965363385749869130e-01
-4.409277876711395483e-02
1.369071959632617075e+00
4.367821293245329528e+00
5.699056900184401066e-03
-4.951986611228426094e-01
2.285829229033959908e-01
1.878314067222156991e+00
1.154756685131383298e+00
4.335256656232777672e-02
-4.271532921651339243e-01
2.953469221648018506e-01
2.227862657854458472e+00
1.562471022060271109e+00
-1.628284649060745826e-01
-4.029243518898108500e-01
1.947513390461106109e-01
2.056118569542418228e+00
1.208765509403916028e+00
-1.004785189685681174e-01
-2.113173305162857271e-02
4.752370795229657330e-01
2.654124506432920860e+00
5.845450586406947480e+00
4.800248857448946027e-01
2.805657273977120170e-01
-9.459119215482625354e-02
1.386334187352054492e+00
4.146214775624532223e+00
-1.375416600179796556e-01
3.874297777200773063e-01
-6.136310505105281587e-02
1.552305562804765726e+00
5.001052310362136488e+00
1.939425373663575258e-02
-3.204663299041046187e-01
-4.463139381483471335e-01
2.713890595646560877e-01
9.477463044044239782e-01
-2.797347429612191405e-01
-3.322666521034270959e-01
-8.535799117494363708e-02
1.295981453362214486e+00
8.510904467526378969e-01
-3.490916140944088641e-01
-1.174191024788738547e-01
1.947020855399621830e-01
1.853209856014800483e+00
6.427119164450648015e+00
2.282486886569010109e-01
-1.764191309677043962e-01
4.491642572810807255e-01
2.620433796337005905e+00
1.957077203171697644e+00
-2.280146396108853890e-01
1.053499434662484163e-01
4.050715831812247147e-01
2.519743096602460763e+00
5.934898578084555787e+00
-2.987472739645359310e-01
-3.384886353036676288e-01
2.598183470843438703e-01
2.145941400047312264e+00
3.475850467220912288e-01
-2.558685671085585422e-01
1.009856618300999757e-02
3.825928126087754233e-01
2.292830039269873499e+00
6.048729382344075312e+00
5.212637631028860241e-02
-4.560302730873452837e-01
1.946283328279578562e-01
1.957405218966179694e+00
1.326569930218567617e+00
1.152757020108715891e-01
-1.026748618104683097e-01
4.850684876254988120e-01
2.835025215543131694e+00
1.437117609303011578e+00
2.236191479869188703e-01
-3.861583419320855359e-01
2.873363921813749111e-01
2.042999076057930186e+00
1.850900885343353730e+00
2.299787776531624361e-01
-1.155085464733045519e-01
-4.535101698992068942e-01
-5.159772938031006451e-01
6.088394852047135153e+00
4.851686056996190044e-01
1.370193162688090327e-01
1.543665645547719345e-01
1.904043887310903571e+00
3.449477603187609542e+00
1.724143812894493866e-01
1.484150414762284431e-01
4.752732730415251683e-01
3.395013359984146550e+00
1.344468829678302946e+00
1.247305094507350359e-01
2.600232815883547488e-01
-3.577513029663867417e-01
4.919165450371205672e-01
4.576171818595383911e+00
1.758032355280911563e-01
3.892606468435382272e-01
-7.625006680904769518e-02
1.419900741416295409e+00
4.795193607435896510e+00
-3.440543730488738738e-01
-2.116500544813542106e-01
-1.623022011670288423e-01
1.427291626560651228e+00
4.581819773653882932e-01
-2.027084451957178457e-01
-1.699326608334716104e-01
2.211631062313176022e-01
2.255278764183723084e+00
3.504557126033401304e-01
-1.571931775863911473e-01
2.378340746541457718e-01
3.010746609384158390e-01
2.024225320556771290e+00
5.388117715698911958e+00
-6.771282531648031844e-02
3.158233241588706552e-01
-2.795276141653108559e-01
9.373506889672698073e-01
5.196879575726054412e+00
-2.038353512015027291e-01
1.045879630649035330e-01
-3.256128041941173112e-01
-6.053594267925741512e-01
2.428263351898340972e+00
2.048310478811938562e-01
-3.485409599986273310e-01
-2.607134838461920290e-01
8.844174158916197070e-01
1.945693943489173350e+00
1.992628835099315987e-01
2.056881775589509964e-01
-2.486943034799471430e-01
7.392921728867941633e-01
4.061919647375522580e+00
1.801031308305698075e-01
-3.452208333570999099e-01
4.144376947818971257e-01
2.644649172304250229e+00
1.770466242533173196e+00
-2.467676036542465201e-01
2.804934692526239726e-01
8.956272795571422474e-03
1.455207098850949565e+00
-4.698850630418721641e-01
1.507215753703385341e-01
4.311830312302198931e-01
7.429688262487235684e-02
1.919575341124913459e+00
4.516533578724741815e+00
-1.630129140087114778e-02
-9.181419448826234897e-02
6.230146853485570846e-01
2.988970936157604452e+00
3.743908997571590458e+00
5.547768836295078332e-01
6.900880838278568297e-02
2.679402378443854760e-01
2.073523544321657308e+00
3.852489289866761979e+00
3.752568615727381318e-01
-4.709207235250045254e-01
-8.772283581365773741e-02
1.434579288106185180e+00
1.824225331022225838e+00
-3.121307271839615094e-01
-3.159375505051683075e-01
7.299863071740639309e-02
1.427018667065651059e+00
7.842676572089496423e-01
4.949544962071641963e-01
-1.917692817063195929e-02
3.072437240161606797e-01
2.168640936714286038e+00
2.933454767859945633e+00
3.032967539703099180e-01
-2.230615474362506734e-01
-3.210077039709118840e-01
5.789980773425841276e-01
2.254340685507096431e+00
9.510722291114236115e-02
-5.669907341180861066e-02
-4.825382309958514693e-01
-2.365623866273781906e-01
2.600534748191867251e-01
1.459985783720226526e-01
-1.389904828836767692e-01
-4.604709073925125629e-01
1.104433613222071953e-01
4.701971206432009609e+00
-8.380503159774821409e-02
1.397773197192496708e-01
3.861231515059661001e-01
2.759814736651369671e+00
5.350719100578061216e+00
3.180324724334129827e-01
3.140227533080123812e-01
-2.742441865669278389e-01
1.154476016477076650e+00
3.964783094685734088e+00
-3.894036541654544714e-01
-8.021043948843963739e-03
-6.584992018875106268e-02
1.626983579533887836e+00
6.218832964270252894e+00
-3.592290922585616997e-01
1.671498051082331571e-01
-1.261968670997279107e-01
1.714329431804500814e+00
5.865145727800812558e+00
4.864013627676556650e-01
-3.711504552785310773e-01
1.136573534809140751e-01
1.563524100607908585e+00
2.365500548221671551e+00
-7.422585431692779734e-02
7.470832146119715800e-02
5.202638889005397616e-01
2.496068688977709282e+00
5.722148400429158954e+00
-9.854988884695746465e-02
4.549158750590329148e-01
1.647449529373036514e-01
1.428806852880002420e+00
5.218698554070666518e+00
6.120340258100032127e-02
-4.157455436709057810e-03
-4.796324239045393067e-01
2.138690224819083940e-01
1.550637454105740165e+00
4.253780183595127218e-01
2.941188104956188876e-01
4.222772754810915664e-03
1.684152067830753996e+00
4.091360853785437790e+00
4.326722901137606409e-02
7.818440061677035813e-02
-4.144537157374779679e-01
4.107987262228202097e-01
4.971479109058726031e+00
6.402397603365592160e-02
2.243719621266113129e-01
4.486894513674294371e-01
2.511886931703299020e+00
4.563045454597682848e+00
1.833770517227837349e-01
3.363473829405856375e-01
-3.368599502876516438e-01
7.318104020959717015e-01
4.632058351613039804e+00
-2.006006479468104009e-01
-1.599591516655935186e-01
-3.385931132832160073e-01
7.644793618564601489e-01
4.670331190629065099e-01
-4.904338542537395318e-02
4.147190416816234904e-01
-8.381993638810711356e-02
1.219196652604705999e+00
4.907636305381485542e+00
1.377553814289404210e-01
5.153731841434358585e-02
-4.916977964402487467e-01
4.327373197230423019e-01
3.875263246450819210e+00
1.884894257316324373e-01
-1.235440439069876960e-02
-4.182593640288065906e-01
-1.598855877976595452e-01
2.994382434676314819e+00
1.266864440128090408e-01
-2.180113021769281567e-01
4.632725867592254465e-01
2.699300281560039316e+00
1.963327732170485618e+00
-1.687284028094566124e-01
-1.639424890453257122e-01
4.452906433269767650e-01
2.661991548047518918e+00
6.222314070624638260e-01
-3.879721174178489274e-01
-9.669535389372031775e-02
1.610511384713663174e-01
1.695642192690957950e+00
3.143449751238900358e-01
3.697867014871295543e-01
-2.605247055708113588e-02
-4.536890001559396590e-01
6.957700982970552728e-01
2.811802662367266947e+00
5.545614130773995898e-01
2.519572680870755393e-02
-1.523927799213565526e-01
1.264358014503039973e+00
3.125512593704575348e+00
-3.321270749958073476e-01
-4.874061915303127407e-02
-1.249653434766376386e-01
1.187177470169286764e+00
6.357850936407325904e+00
4.487630313516887126e-01
5.220689579636984823e-02
3.314948419363231147e-01
2.091883975192892375e+00
3.670991854744289906e+00
-3.440001288493774734e-01
-2.056019969760380373e-01
1.059362389287688555e-01
1.749590083327389411e+00
6.087722432752853408e-01
-3.376247602240085022e-01
1.075338379613455381e-01
-1.620088420409500629e-01
9.609507739891162137e-01
5.966616800606460380e+00
1.402144796702885499e-01
-4.904959005784554904e-01
-1.433826615901692414e-01
1.047370397687535037e+00
1.653373872360477392e+00
1.311330778948310849e-01
4.414100780403445445e-01
-1.245431714479929425e-01
1.396606959635845691e+00
4.478916581849646583e+00
2.198592871792607317e-01
1.860292590540063573e-01
-3.536086161072718448e-01
6.392197677977152770e-01
4.132663102723755699e+00
4.603889024005246022e-01
-1.021519788307024834e-01
3.874840172485713996e-01
2.695186914162774894e+00
2.968953126214651572e+00
2.391748409822828936e-01
6.563355933005024685e-03
5.323545798048860966e-01
2.579714978450350138e+00
3.178021423059053330e+00
4.042706234302719248e-01
1.186932570431465661e-01
-2.487855619197017198e-01
8.791181869730096965e-01
3.717273349503752211e+00
-1.831546184670905242e-01
3.725616767211353819e-02
-2.946692346146140840e-01
6.236828032175837366e-01
6.305752259342901844e+00
-1.507411952879629813e-01
-1.448997567311249290e-01
-3.922301276386420676e-01
5.454137912582798231e-01
6.579786666221252744e+00
5.027139395453235071e-01
2.746729158278338745e-01
1.041753356500471975e-02
1.485962784307210072e+00
3.421614906185328486e+00
-4.003329975187996381e-01
1.692029702071332631e-01
4.697096985410382369e-02
1.578655995230085374e+00
6.169532289087577226e+00
-2.831698340296804894e-01
-1.372926913595070575e-01
-3.166359258432768775e-01
7.238516973752140427e-01
2.866995943878039577e-01
2.230680733201620414e-01
1.666147135310114269e-01
4.648561991057735820e-01
2.712447580315766160e+00
3.893268975425365763e+00
-2.058796625370928335e-01
-4.020916109232814395e-01
1.217174787261086355e-01
1.872231703381578738e+00
7.732720259230407844e-01
-6.439355437770886981e-02
-2.147525400479930180e-01
4.627627802038564719e-01
2.898184522268677732e+00
8.180560461757468982e-01
2.524661465581546360e-01
-4.928718544499844922e-01
1.796096690378093108e-01
1.942130010368127158e+00
1.996474018805438178e+00
3.059079467041391776e-01
1.403286223797373458e-02
-5.253719655873435590e-01
7.039689888130037376e-01
3.274676206543998269e+00
-3.270846817896106429e-01
7.100058987184267034e-02
3.016332061310130208e-01
2.161103330297148961e+00
4.726889552260007954e-02
1.312417111918220136e-01
-1.420407766771325797e-01
4.996715448966530526e-01
2.714059578831233832e+00
2.262948548653686665e+00
1.155023327779294319e-02
1.556998262499089715e-02
4.861111459307402294e-01
2.726529564014438467e+00
6.189567601985475953e+00
3.712710129362233047e-02
-5.015465840158185307e-01
-6.556841783528744028e-02
1.275300570885386398e+00
1.586335430504216548e+00
4.940948278622285805e-01
-2.705880633573283789e-01
3.567135391737768363e-02
1.470631141537996900e+00
2.555520326893894634e+00
2.111460221180073427e-01
-2.782170953233146227e-01
-4.048856304135702300e-01
5.213182768677222523e-01
2.411314885006893949e+00
-2.334158674273062728e-01
-2.096769194670478065e-01
-2.959681079513817870e-01
1.116266713227603624e+00
2.987499816368247574e-01
3.793880798487160866e-01
-8.531322305505273373e-02
-3.616490480983349798e-01
8.023972474716597469e-01
3.281374185996972948e+00
1.358118818684620789e-02
-3.249736309336435092e-01
4.422701219010427010e-01
2.547954696645287509e+00
9.731630082364869372e-01
-1.371956957595079629e-01
2.613068042308983596e-01
-2.638351538090655257e-01
1.043021551460949103e+00
5.382148360616183069e+00
1.606654359368047680e-01
-4.244112512149491589e-01
-2.645389304614572112e-01
1.022373751634125361e+00
1.493106703773792621e+00
2.610006825322433999e-01
3.296650220351053928e-01
-2.492339227196747053e-01
8.848002939245015463e-01
4.364746684835764334e+00
5.040288173576743525e-01
1.949171061434393504e-01
-1.784377607625529660e-01
1.064735194158748399e+00
3.380363092774045786e+00
2.873215649319730280e-01
4.472087659881433530e-01
-1.788306381929473388e-01
1.086843120604161328e+00
4.729469456881543188e+00
-3.057932823418137436e-01
-6.798480966901029703e-03
-3.378123512060665079e-01
1.000713703825882872e+00
6.349011837752631671e+00
3.212362418911487993e-01
-3.376828270443508750e-01
3.896424979070015060e-01
2.188261961177354831e+00
2.413230026984794385e+00
3.159464046901094836e-01
2.083818488019897330e-01
-2.892634276174195218e-01
7.799083431079889550e-01
4.466967020275006917e+00
-2.101959192590655001e-02
-9.510290082429777303e-02
-5.069143411630806506e-01
4.220676307612298839e-01
5.714681290395863478e+00
-1.138422466428141294e-02
4.275097827870961154e-01
-1.257558350277885872e-01
1.271531380164092839e+00
4.632498713572468674e+00
1.570634848607847245e-01
2.551917810843007950e-01
3.337560975948854480e-01
2.350526729685235239e+00
4.398159690045457815e+00
-2.876618838839363479e-02
-2.940679696871429383e-01
-3.984430853751129153e-01
6.719918641757351985e-01
1.154208019204930213e+00
1.583281982839531421e-01
2.251972725954906329e-01
-3.845827090464022380e-01
6.286585571452832921e-01
4.332126994084564586e+00
5.801713053368618978e-01
-1.836882195780705218e-01
-1.039140383422172131e-01
1.389629530841644867e+00
3.073347529691220714e+00
5.532173852195702846e-02
3.778904112127243198e-01
-2.498689448341276098e-01
1.225463871753179390e+00
4.782433391870799966e+00
3.339060824912262193e-01
3.478830338002101841e-01
2.216706116867287191e-01
1.950592253579352287e+00
3.781870902068611429e+00
-8.268015318941290825e-02
-4.857735210202184239e-01
-1.421273889832141979e-01
1.397809190954435898e+00
1.177290030340936378e+00
-1.714746035177598382e-01
-1.048134987220633585e-01
-4.000292101359481101e-01
3.542276179142453962e-01
7.543755975997416645e-04
-3.327470399457169159e-01
-1.623943008458170467e-01
-2.343077403084933841e-01
1.083297646173011497e+00
-9.923798015672659345e-02
2.493987228848876803e-01
-1.749785066685255464e-01
5.030782877789280461e-01
3.001962237432198588e+00
2.644572646594998577e+00
3.995976636310943908e-02
2.757746234405281105e-01
3.676181984769384958e-01
2.461308872460589381e+00
4.792843039685943829e+00
1.230214812744511443e-01
-5.996843833052137862e-01
-6.954936075954161467e-02
1.222821188771319401e+00
1.906702840800352128e+00
1.192361816349702397e-01
6.481568323531090858e-02
4.912882310158545596e-01
2.906414094629036438e+00
5.764416563945309768e+00
1.787899305584533527e-01
-1.153267023296171284e-01
-4.833172853101931898e-01
2.731392354695114794e-02
1.971763381223343492e+00
1.033312298771032200e-01
-4.117988632943891392e-01
3.110881725861316949e-01
2.225419166365768309e+00
1.761565743483174185e+00
5.718475237239287745e-01
1.443940185549150712e-01
-7.694815314698602582e-02
1.294510859348607879e+00
3.604137645014456659e+00
-1.591659488405272327e-01
-4.930561064590379683e-01
-2.524170518758785467e-02
1.530458107115179933e+00
1.526087110224757737e+00
-3.003327019569972112e-02
-2.394957270423556800e-02
4.679791579114484512e-01
3.494542217437120790e+00
2.554632970528794011e+00
3.643094158530413990e-02
1.633767244063236423e-01
-4.743797217232694208e-01
1.131080085614294545e-01
4.421700733289975815e+00
-1.086716402117335473e-01
4.186986362224898173e-01
-4.292869772214088359e-02
1.388529070016839784e+00
5.323552411164559572e+00
2.141945200538455663e-01
2.607582317148313122e-02
-4.220597455361753680e-01
-4.026659102589782435e-01
9.276686088946849429e-01
-6.661961199506802322e-02
4.410833991081029026e-01
2.553971394105608930e-02
1.801542780442202174e+00
5.285151467036046213e+00
9.360046098240376589e-02
-1.761750127925877096e-01
-4.048732524707081004e-01
3.728880665854054088e-01
1.427597894914692800e+00
-6.140436374088588389e-02
3.735547226972071866e-01
1.518567006671733555e-01
1.793954231201418947e+00
5.454269109865454546e+00
-3.059151155177740611e-01
2.286995205360370098e-01
1.648612581442141511e-01
2.068804088987736378e+00
5.569389190891318897e+00
-3.495008295952218846e-01
-1.833926099151009584e-02
-2.613073586518315228e-01
1.185833298070630981e+00
-2.638268404782255772e-01
-6.804074713293838117e-02
6.727183961594879191e-02
-4.032862586993086751e-01
-1.930672143043312694e-01
2.406439679871886117e+00
1.475729330796265440e-03
1.227902537130350358e-01
4.454140540281009697e-01
2.886100287537601172e+00
5.503096895471885297e+00
-1.256136538153111437e-01
2.950795463996201407e-01
-1.787208519300358955e-01
1.110261476308373352e+00
5.483325874362873442e+00
-3.973882735444121406e-01
-1.835623918696282662e-03
-6.370201033150590941e-02
1.277739835153938852e+00
6.217921586874915363e+00
-8.994955177402221003e-02
-4.823915714324965021e-01
2.572734297506067414e-01
2.120064597640972881e+00
1.044765523118466932e+00
-2.823835123514548129e-01
-2.680672748321672461e-01
1.049707985230274518e-02
1.507762722706623260e+00
6.614983440919114166e+00
-3.681687756348802631e-01
-8.416632703224284640e-02
-2.319846186164414847e-01
1.140378711373458476e+00
4.244612898570396808e-01
-6.168222737905038056e-02
4.414505386151071353e-01
-1.958241204250697753e-02
1.578118343313958283e+00
4.724339922704466233e+00
-3.962738102362788895e-01
-1.336488250753193052e-01
-1.493420294663420911e-02
1.711269971895750475e+00
6.366967408590376576e-02
1.578505468152096303e-01
-3.492688448795012168e-01
-4.039776196321540613e-01
4.088191418889738360e-01
1.750473342502378404e+00
2.448163966555574056e-01
2.032999780759226216e-01
-3.005756927234076170e-01
6.279857006309345069e-01
3.990074069363597431e+00
-1.592410200095907002e-01
-3.931300254199858735e-01
-2.699486330165649650e-01
1.012443280206457352e+00
6.822999390023797295e-01
2.827660798171714451e-01
2.147071536131835157e-01
3.998396452742161711e-01
2.471623310301944265e+00
4.077934734095286728e+00
3.273498773122331396e-01
1.418512229346670372e-01
-2.630845093354486353e-01
8.560076625111516790e-01
3.926656061576173418e+00
-1.833029210340207105e-01
6.632352687210324449e-02
2.623094545727068239e-01
2.329093540912657190e+00
5.609755475861754270e+00
-1.807063341011124480e-01
2.327367646312314686e-01
-1.093905121807988573e-01
1.139082079145644189e+00
5.259062243557147021e+00
4.252840190913183549e-01
-4.158003431375892900e-01
1.087514589022622880e-01
1.788423977704176604e+00
2.610949581746305093e+00
4.466863067854775493e-01
-8.238913028055216969e-02
-2.438053629621444451e-01
7.544722784329124243e-01
3.094595788087134203e+00
1.908257319687195475e-01
3.320249195705002876e-01
-3.007911690057959442e-01
1.089489918363190091e+00
4.611779281164134936e+00
3.280924408393968705e-01
-1.863186098706703930e-01
3.710867895010319106e-01
2.543059677952216546e+00
2.738232326532954009e+00
4.761790782561051150e-01
-2.999982467932593155e-01
-1.245097683818716522e-01
1.279606957721170835e+00
2.731352929521003503e+00
3.609722667258944973e-01
3.024311300842558725e-01
2.477849785706202346e-01
1.976962179215325133e+00
4.065938913834180823e+00
-1.971092013055325276e-01
3.106085813016771779e-01
-1.072646126728578203e-01
1.586522263801302124e+00
5.340662780487966721e+00
5.937551649356794664e-02
-5.081781643051727082e-01
-2.076807832253173558e-01
1.002947396987677431e+00
1.338944969843969934e+00
1.043328160959977186e-01
-5.513948441113833976e-01
6.109936762431252694e-02
1.665049890546295375e+00
1.169872834255915928e+00
-1.903218344238162552e-01
-3.535212220193043042e-01
2.013109750910123119e-01
1.956128978058122581e+00
1.002349528398732259e+00
2.170208671817850932e-01
-2.838290091679293581e-01
3.808735333096209263e-01
2.473228419817256274e+00
2.044927304261178413e+00
5.075552611730401731e-01
1.052390283920599523e-01
1.211200264075395910e-01
1.818587502260848865e+00
3.746675286953753847e+00
-2.019433289492695571e-01
-1.989202816555982190e-01
3.152363976583731353e-01
2.457427658029265771e+00
5.367181271287122524e-01
4.792620676385490608e-01
-2.311542189675287184e-01
-2.066305154026351898e-01
1.075899067737656312e+00
2.564563994045425233e+00
5.279307329846375518e-01
1.336686175689461853e-01
-2.714597567651908516e-01
1.280819482176411173e+00
3.799673697342085266e+00
9.468433592089173234e-02
-3.684043169783085547e-01
-3.008561799491459854e-01
8.664172512881394006e-01
1.490521539004333151e+00
-3.600970280737468641e-03
-2.022882988589733881e-04
-4.741246722336663333e-01
-3.056999351630209846e-02
5.655420041812559973e+00
-2.404332702464201665e-01
-2.166776170858959738e-01
-2.638849052023556352e-01
9.110913952234015456e-01
5.893542031346816756e-01
9.899939269908568373e-02
-7.538370508672823100e-02
5.404496000286987956e-01
2.816606954860592982e+00
2.225317449151469784e+00
6.846966222623063203e-02
-3.983725376727491052e-01
-2.876318595080228913e-01
1.018679591605232027e+00
1.846462953288417141e+00
4.489995696613366949e-01
-1.583731559550573265e-02
3.070429786529224048e-01
2.451587817505602729e+00
3.299738550855971120e+00
2.668114215830960645e-01
2.174524128651815838e-02
-3.985742401592184403e-01
-3.425775010880418581e-01
3.722838690545541285e-01
3.450159407498056829e-01
7.411549859697007248e-02
4.172086232664717342e-01
2.708254008609116248e+00
3.572232475910108285e+00
-2.052003684896604729e-01
1.572520071463326397e-01
-2.410503928693028541e-01
1.015797080142421871e+00
5.708143667043983349e+00
5.777933748314361129e-01
-2.903265837978452613e-01
-2.499428315292827329e-02
1.412969036303937553e+00
2.278884519404688280e+00
3.436782661075284406e-01
-2.107248347064930860e-01
3.370661272327596936e-01
2.415912431147164696e+00
2.330487980529151404e+00
1.013328071344235803e-01
-1.053531186810630488e-01
5.337338600599647043e-01
2.703363191619477135e+00
1.238648222351765638e+00
3.869047305046119933e-01
-5.205204653410501203e-01
-1.343127934988052989e-02
1.700091068224369728e+00
2.349791135141583442e+00
6.820738604473150501e-02
3.084701343271832874e-01
-3.466906798672392265e-01
6.384883110379244719e-01
4.656728054004396711e+00
-5.598974841638403727e-02
-1.792283665727425757e-01
-4.216623646490067490e-01
1.286406717974561964e-01
8.996716389288106352e-01
7.339031878234844597e-02
4.090089488971996312e-01
1.865113480388646550e-01
1.962725202568489813e+00
4.977519421356539020e+00
-1.713648755941032664e-01
-4.264576105654137583e-01
5.186077972876770165e-02
1.538761109382466685e+00
1.318178086903026625e+00
2.703839068985028904e-01
6.032723113391250808e-02
4.534161049228654372e-01
2.520525800116567350e+00
3.888166665445891290e+00
5.269651424178196653e-01
1.252024935031191000e-01
1.375727325663508860e-01
1.679631301111063069e+00
3.140522178341520476e+00
-1.683658574996864943e-01
3.429735958572337484e-01
1.780685646829123780e-01
1.946121167920318973e+00
5.590800564332679912e+00
5.519505547636527343e-01
-1.563494091797688890e-01
1.581689896144242158e-01
1.770788382699101104e+00
3.193478437055443653e+00
2.457609148404317836e-02
-4.225144988894220521e-01
-2.768939096565957714e-01
6.876652895712548341e-01
1.391590874075830042e+00
-3.868836699825025510e-02
4.684955605904071035e-02
-4.248571222171292350e-01
4.366928501730119039e-01
5.990198094293319286e+00
-3.307951482576524521e-02
-1.809656506437546664e-01
4.514522486865097384e-01
2.941571218029582546e+00
1.099987865874828774e+00
-1.175687214635604966e-01
1.806393435017635829e-01
4.103874854800746985e-01
2.509371195336202565e+00
5.609307898101373091e+00
2.830293861226425012e-01
-3.369393508643100388e-01
-2.549384134907468069e-01
8.505925802408307312e-01
2.117055278436346111e+00
4.481553443116298441e-01
2.346121569958972419e-01
1.664002392861365920e-01
1.735071721367738018e+00
3.970026896733232835e+00
-3.676613796243909382e-01
7.230326484099691697e-02
1.946225760741491784e-01
1.650124064390431355e+00
-2.810154404550713192e-01
5.996591728532514320e-01
-3.977080155158885938e-02
-4.734102699912098346e-03
1.624846396598921716e+00
3.361076360585332434e+00
-1.194782541381086555e-01
-6.422300578691458872e-02
5.362617291828326582e-01
3.091954600938585429e+00
1.460843000910655998e-01
1.425807631408391174e-01
3.921515963353648937e-01
1.191637249776707624e-01
1.709981728453376482e+00
4.831285604775882092e+00
4.700562192981417309e-01
5.216424800359810432e-02
-2.661812552024789280e-01
6.525350130988137876e-01
3.391374629344523939e+00
