# rod_radius=0.0033333333333333335
# rod_length=1.0
5.633766119895439184e-01 -2.745480862065882710e-01 8.353075534647033673e-02 -4.301213714699334556e-01 -1.938953599138331652e-01 3.175950863490942244e-03
-3.606676331013434211e-01 -2.089398453805740852e-01 -1.774464812112475087e-02 4.123748970320897378e-01 4.182678803809378731e-01 7.720647272519316762e-02
-1.768080148410308139e-01 -1.081174844828295817e-01 3.702610579848691352e-01 3.646586752793927744e-01 1.550503519938342123e-01 -4.282103023870763026e-01
4.198184364462869134e-01 2.233945378250510039e-01 -2.393580029744254156e-01 -2.026969514576825171e-01 -3.591933423882337495e-01 2.831991265830631210e-01
1.605537445644350525e-01 2.703566338689877835e-02 4.803815382216630181e-01 -1.221335496942507759e-01 -2.782899718198172251e-02 -4.772602333638106820e-01
2.403127514195516901e-01 -4.795374683876959532e-01 1.049510207637828658e-02 -3.023319305467535578e-01 3.595788978712095574e-01 4.818426510950836461e-02
-3.384576361054810745e-01 1.645414775757216008e-01 -1.134789994079500736e-01 6.466361318229532085e-01 9.033508152965852300e-02 4.171017281232745899e-02
1.189069516036200536e-01 -4.841469611945647088e-03 5.045373276919179473e-01 -1.003737291262568609e-02 2.263284948768185534e-01 -4.597934292028896808e-01
5.932310366711494865e-02 -1.461083062373513541e-01 -5.056462597799675773e-01 3.726794862076133752e-01 -2.772564669984399766e-01 4.348897243536096191e-01
5.101821167221359116e-02 5.657074685390131585e-02 5.658212013635139925e-01 -8.109139452702646134e-02 1.648493839932132499e-01 -4.194821979451126559e-01
1.785180514347711744e-01 -5.231424127588059081e-01 1.230664947522517594e-01 3.181549405614934600e-01 4.651343700001663306e-01 6.133692441042420257e-02
1.102163409672835132e-01 4.965363385749869130e-01 -4.409277876711395483e-02 -2.207239470705400497e-01 -4.255996520279706763e-01 1.562662504483037229e-01
5.699056900184401066e-03 -4.951986611228426094e-01 2.285829229033959908e-01 3.908810421491392684e-01 3.765876234345214568e-01 -7.411083702128506978e-02
4.335256656232777672e-02 -4.271532921651339243e-01 2.953469221648018506e-01 4.994436273123362136e-02 3.646067796058314880e-01 -3.154497190935660056e-01
-1.628284649060745826e-01 -4.029243518898108500e-01 1.947513390461106109e-01 1.504473006854048778e-01 4.242649784040903316e-01 -2.717420762782642996e-01
-1.004785189685681174e-01 -2.113173305162857271e-02 4.752370795229657330e-01 3.237493643973005653e-01 -2.196772243407154601e-01 -4.082845053088311471e-01
4.800248857448946027e-01 2.805657273977120170e-01 -9.459119215482625354e-02 -4.728215799911666961e-02 -5.490758719357043960e-01 8.882663215197944551e-02
-1.375416600179796556e-01 3.874297777200773063e-01 -6.136310505105281587e-02 1.470807898227875221e-01 -5.710315890856130228e-01 -4.287339473401885481e-02
1.939425373663575258e-02 -3.204663299041046187e-01 -4.463139381483471335e-01 1.758170164923404666e-01 -1.027660815250844017e-01 5.170855226920589853e-01
-2.797347429612191405e-01 -3.322666521034270959e-01 -8.535799117494363708e-02 3.546939659825127933e-01 3.915145360815212028e-01 1.860107706558424279e-01
-3.490916140944088641e-01 -1.174191024788738547e-01 1.947020855399621830e-01 6.013630627803576711e-01 2.033611131160723007e-02 -8.397229125206043254e-02
2.282486886569010109e-01 -1.764191309677043962e-01 4.491642572810807255e-01 4.067235325454227057e-02 2.847804701896464175e-01 -4.180785266550684498e-01
-2.280146396108853890e-01 1.053499434662484163e-01 4.050715831812247147e-01 3.195484776307996322e-01 -9.346373542481307972e-02 -4.077308243708017699e-01
-2.987472739645359310e-01 -3.384886353036676288e-01 2.598183470843438703e-01 4.901855104997028256e-01 -5.266289151768510646e-02 -2.841381822327449513e-01
-2.558685671085585422e-01 1.009856618300999757e-02 3.825928126087754233e-01 4.740625983975134128e-01 -1.642444087561567845e-01 -2.783194513962955474e-01
5.212637631028860241e-02 -4.560302730873452837e-01 1.946283328279578562e-01 2.760851698131204790e-01 4.426776498113241254e-01 -1.824214359452308865e-01
1.152757020108715891e-01 -1.026748618104683097e-01 4.850684876254988120e-01 1.554982752124146606e-01 1.964205781826441344e-01 -4.683066024520492476e-01
2.236191479869188703e-01 -3.861583419320855359e-01 2.873363921813749111e-01 -2.258398483469131746e-02 4.697016500873771871e-01 -1.675126942739787461e-01
2.299787776531624361e-01 -1.155085464733045519e-01 -4.535101698992068942e-01 -2.540755915897504602e-01 -2.000844546347896324e-02 4.163007856100686688e-01
4.851686056996190044e-01 1.370193162688090327e-01 1.543665645547719345e-01 -4.153800443005913334e-01 -1.493524576709726603e-01 -1.727470794183603719e-01
1.724143812894493866e-01 1.484150414762284431e-01 4.752732730415251683e-01 1.161534650789901174e-01 -9.590781527624422931e-02 -4.927871852850559953e-01
1.247305094507350359e-01 2.600232815883547488e-01 -3.577513029663867417e-01 6.059173778684352751e-02 -2.079176039137013987e-01 5.236779600178862459e-01
1.758032355280911563e-01 3.892606468435382272e-01 -7.625006680904769518e-02 2.575734217854130370e-01 -5.959887893491636612e-01 7.407353453620396655e-02
-3.440543730488738738e-01 -2.116500544813542106e-01 -1.623022011670288423e-01 5.435848198605712778e-01 2.261216235300150812e-01 -1.928954039121211217e-02
-2.027084451957178457e-01 -1.699326608334716104e-01 2.211631062313176022e-01 5.249460344755012553e-01 9.605780698593921474e-02 -4.111090102214154385e-01
-1.571931775863911473e-01 2.378340746541457718e-01 3.010746609384158390e-01 4.050697531119991091e-01 -4.635731323274342452e-01 -1.369759374594815005e-01
-6.771282531648031844e-02 3.158233241588706552e-01 -2.795276141653108559e-01 3.076844505355447734e-01 -3.974095804162633416e-01 3.123978111326707885e-01
-2.038353512015027291e-01 1.045879630649035330e-01 -3.256128041941173112e-01 2.264789594043532805e-01 -2.677777503317953500e-01 4.966848119853134458e-01
2.048310478811938562e-01 -3.485409599986273310e-01 -2.607134838461920290e-01 -7.842387345545928645e-02 3.712784108212663359e-01 3.730267807188890061e-01
1.992628835099315987e-01 2.056881775589509964e-01 -2.486943034799471430e-01 -2.087422489807586046e-01 -3.304938193688478076e-01 4.902513494822801077e-01
1.801031308305698075e-01 -3.452208333570999099e-01 4.144376947818971257e-01 8.554355720818820896e-02 1.220482817814774745e-01 -4.646061386382367986e-01
-2.467676036542465201e-01 2.804934692526239726e-01 8.956272795571422474e-03 6.389029494479198101e-01 -1.692689125972207664e-01 1.242882772022278759e-01
1.507215753703385341e-01 4.311830312302198931e-01 7.429688262487235684e-02 -3.216700545896639118e-02 -4.906403250568914243e-01 -2.674537088973780730e-01
-1.630129140087114778e-02 -9.181419448826234897e-02 6.230146853485570846e-01 -1.415778004195175632e-01 -1.779471443357883431e-01 -3.653612103706093128e-01
5.547768836295078332e-01 6.900880838278568297e-02 2.679402378443854760e-01 -1.092418331938026510e-01 -5.027703579031080894e-01 -2.138768734226723645e-01
3.752568615727381318e-01 -4.709207235250045254e-01 -8.772283581365773741e-02 1.268544745150295416e-01 4.881703319066763025e-01 4.807334047631352247e-02
-3.121307271839615094e-01 -3.159375505051683075e-01 7.299863071740639309e-02 3.884706675444035140e-01 3.830815639019946039e-01 2.162814398680344974e-01
4.949544962071641963e-01 -1.917692817063195929e-02 3.072437240161606797e-01 -3.137571076834034245e-01 1.516201360451427949e-01 -2.556185189776452593e-01
3.032967539703099180e-01 -2.230615474362506734e-01 -3.210077039709118840e-01 -4.227560581525918737e-02 2.011928752080166527e-01 5.160036036104209689e-01
9.510722291114236115e-02 -5.669907341180861066e-02 -4.825382309958514693e-01 -1.313747822272876009e-01 -1.169611339314363396e-01 4.896111327391688972e-01
1.459985783720226526e-01 -1.389904828836767692e-01 -4.604709073925125629e-01 1.448503628088868567e-01 -2.492034736275146045e-01 5.334364214225633116e-01
-8.380503159774821409e-02 1.397773197192496708e-01 3.861231515059661001e-01 1.381933209514619731e-01 -1.594314031086867534e-01 -5.418805508837989393e-01
3.180324724334129827e-01 3.140227533080123812e-01 -2.742441865669278389e-01 -3.037789739606405193e-01 -3.566581927776324989e-01 1.301536295634259655e-01
-3.894036541654544714e-01 -8.021043948843963739e-03 -6.584992018875106268e-02 6.069516263208207807e-01 -7.222749619844176516e-02 -1.220076136655656868e-01
-3.592290922585616997e-01 1.671498051082331571e-01 -1.261968670997279107e-01 5.452597933075543635e-01 -2.346451587714601106e-01 -2.692376406165168379e-01
4.864013627676556650e-01 -3.711504552785310773e-01 1.136573534809140751e-01 -2.272362108402483649e-01 3.293269028092133954e-01 1.209295155691262058e-01
-7.422585431692779734e-02 7.470832146119715800e-02 5.202638889005397616e-01 4.351656322715924952e-01 -2.453907185605841978e-01 -2.785207616582145995e-01
-9.854988884695746465e-02 4.549158750590329148e-01 1.647449529373036514e-01 3.815228768190490616e-01 -4.108232623601198452e-01 3.062577990203816936e-01
6.120340258100032127e-02 -4.157455436709057810e-03 -4.796324239045393067e-01 6.548167938798855892e-02 2.080417742355118726e-01 4.975846365656915182e-01
4.253780183595127218e-01 2.941188104956188876e-01 4.222772754810915664e-03 -1.527592196545992653e-01 -5.139422964419697593e-01 -1.088903629819938657e-01
4.326722901137606409e-02 7.818440061677035813e-02 -4.144537157374779679e-01 1.455790413015759233e-01 -3.078286946958277981e-01 5.023484348452320614e-01
6.402397603365592160e-02 2.243719621266113129e-01 4.486894513674294371e-01 -2.359889838562095887e-02 -3.579798429187133757e-01 -3.595113943627366027e-01
1.833770517227837349e-01 3.363473829405856375e-01 -3.368599502876516438e-01 1.297564237388516006e-01 -3.297153754985109320e-01 4.071059293567784176e-01
-2.006006479468104009e-01 -1.599591516655935186e-01 -3.385931132832160073e-01 4.174357521194227427e-01 1.516789537990961001e-01 3.831497075439466715e-01
-4.904338542537395318e-02 4.147190416816234904e-01 -8.381993638810711356e-02 1.330968797939254544e-01 -5.062660415754423049e-01 2.605801219798018487e-01
1.377553814289404210e-01 5.153731841434358585e-02 -4.916977964402487467e-01 -1.737103854810310988e-01 -2.292645292329210382e-01 4.161234405888624699e-01
1.884894257316324373e-01 -1.235440439069876960e-02 -4.182593640288065906e-01 3.459727370107133493e-01 -3.570648781644237407e-02 5.689861408321946756e-01
1.266864440128090408e-01 -2.180113021769281567e-01 4.632725867592254465e-01 -3.704049254607916231e-02 1.774480262100059380e-01 -4.405002883796541591e-01
-1.687284028094566124e-01 -1.639424890453257122e-01 4.452906433269767650e-01 2.062165413185199636e-01 1.049991703374220098e-01 -4.418884100333483334e-01
-3.879721174178489274e-01 -9.669535389372031775e-02 1.610511384713663174e-01 5.556252472523941499e-01 2.100917622159642617e-01 3.652933806487040913e-02
3.697867014871295543e-01 -2.605247055708113588e-02 -4.536890001559396590e-01 -2.366480292306911704e-01 1.815242169678145112e-01 3.138713142007864554e-01
5.545614130773995898e-01 2.519572680870755393e-02 -1.523927799213565526e-01 -3.987293789610444339e-01 4.052602116500549079e-02 1.492720139967692317e-01
-3.321270749958073476e-01 -4.874061915303127407e-02 -1.249653434766376386e-01 5.926055014904183516e-01 2.043371630286629909e-02 2.493133939629634810e-01
4.487630313516887126e-01 5.220689579636984823e-02 3.314948419363231147e-01 -2.997940404361508770e-01 -3.857815152474067255e-01 -1.663288839624765258e-01
-3.440001288493774734e-01 -2.056019969760380373e-01 1.059362389287688555e-01 4.632733445234077374e-01 3.571426319250750603e-01 -7.190644951128932760e-02
-3.376247602240085022e-01 1.075338379613455381e-01 -1.620088420409500629e-01 4.413784133267398269e-01 -1.476562124265036191e-01 4.107320188908588077e-01
1.402144796702885499e-01 -4.904959005784554904e-01 -1.433826615901692414e-01 6.877434883297105228e-02 3.726645608753333949e-01 3.564676414894920597e-01
1.311330778948310849e-01 4.414100780403445445e-01 -1.245431714479929425e-01 -9.672297688677372607e-02 -5.167367382354117744e-01 4.876665735578351868e-02
2.198592871792607317e-01 1.860292590540063573e-01 -3.536086161072718448e-01 -1.069382436564310090e-01 -3.130683957631130165e-01 4.489528487013411673e-01
4.603889024005246022e-01 -1.021519788307024834e-01 3.874840172485713996e-01 3.508032188487619774e-02 -2.798864025061005567e-02 -5.145206449070178767e-01
2.391748409822828936e-01 6.563355933005024685e-03 5.323545798048860966e-01 -2.932478168839927068e-01 -1.284073052165977252e-02 -3.139016431084055148e-01
4.042706234302719248e-01 1.186932570431465661e-01 -2.487855619197017198e-01 -2.417705023885290960e-01 -3.005954989799503041e-01 3.890449820521121316e-01
-1.831546184670905242e-01 3.725616767211353819e-02 -2.946692346146140840e-01 4.007252421731224978e-01 5.043479378017202280e-02 5.170638693996729707e-01
-1.507411952879629813e-01 -1.448997567311249290e-01 -3.922301276386420676e-01 3.453786951765033253e-01 6.722565044971234860e-03 4.626825730652086577e-01
5.027139395453235071e-01 2.746729158278338745e-01 1.041753356500471975e-02 -4.548792162911825532e-01 -7.102094968851058177e-04 9.514935864549732558e-02
-4.003329975187996381e-01 1.692029702071332631e-01 4.697096985410382369e-02 5.931847595085306679e-01 5.579797315900547616e-02 3.911138233969958800e-02
-2.831698340296804894e-01 -1.372926913595070575e-01 -3.166359258432768775e-01 3.520731799947530161e-01 4.999092621830394934e-02 4.326244826397295795e-01
2.230680733201620414e-01 1.666147135310114269e-01 4.648561991057735820e-01 -8.090707126012713912e-02 -1.175207378231010180e-01 -4.444656123345915866e-01
-2.058796625370928335e-01 -4.020916109232814395e-01 1.217174787261086355e-01 4.774826276413703385e-01 2.648953558918410445e-01 -1.751736906622860246e-01
-6.439355437770886981e-02 -2.147525400479930180e-01 4.627627802038564719e-01 1.003719719561866480e-01 -3.885781428370016499e-02 -5.077594332360104712e-01
2.524661465581546360e-01 -4.928718544499844922e-01 1.796096690378093108e-01 -1.323278330777441503e-01 3.558137607419787907e-01 -1.832488706194603523e-01
3.059079467041391776e-01 1.403286223797373458e-02 -5.253719655873435590e-01 -3.356169812398623331e-01 -7.185119164676607995e-02 2.369073113937160135e-01
-3.270846817896106429e-01 7.100058987184267034e-02 3.016332061310130208e-01 5.027572115093803529e-01 1.102555403954149083e-01 -2.549828922575781420e-01
1.312417111918220136e-01 -1.420407766771325797e-01 4.996715448966530526e-01 -1.333715340277004391e-01 1.771700213133260149e-01 -4.103198269858981395e-01
1.155023327779294319e-02 1.556998262499089715e-02 4.861111459307402294e-01 4.130321007323880522e-01 -2.212601891976741231e-02 -4.289797356611968482e-01
3.712710129362233047e-02 -5.015465840158185307e-01 -6.556841783528744028e-02 2.226209338960050133e-02 4.549958079600023853e-01 2.256457368570770616e-01
4.940948278622285805e-01 -2.705880633573283789e-01 3.567135391737768363e-02 -3.348487632047014717e-01 2.797327228788198394e-01 1.356691292200803700e-01
2.111460221180073427e-01 -2.782170953233146227e-01 -4.048856304135702300e-01 -1.598762485550399848e-01 5.400288001050501663e-02 4.622777697906890748e-01
-2.334158674273062728e-01 -2.096769194670478065e-01 -2.959681079513817870e-01 6.252542873772907184e-01 5.476527834891592450e-02 1.430716274509074570e-01
3.793880798487160866e-01 -8.531322305505273373e-02 -3.616490480983349798e-01 -3.326230939691072197e-01 -1.854925513522530378e-01 3.333359809062380608e-01
1.358118818684620789e-02 -3.249736309336435092e-01 4.422701219010427010e-01 3.283375177009048573e-01 1.374490430868314239e-01 -3.866410455847084093e-01
-1.371956957595079629e-01 2.613068042308983596e-01 -2.638351538090655257e-01 3.991296849933709812e-01 -4.159892069136188475e-01 2.397769977996951907e-01
1.606654359368047680e-01 -4.244112512149491589e-01 -2.645389304614572112e-01 2.268950469507456935e-01 4.263627381406741579e-01 2.568028553766432132e-01
2.610006825322433999e-01 3.296650220351053928e-01 -2.492339227196747053e-01 -2.615203348590611210e-03 -3.978343300925446524e-01 3.842101216639728367e-01
5.040288173576743525e-01 1.949171061434393504e-01 -1.784377607625529660e-01 -3.458172311523948217e-01 -1.194723445114967419e-02 3.062980832001015452e-01
2.873215649319730280e-01 4.472087659881433530e-01 -1.788306381929473388e-01 3.024398268779131538e-01 -4.378246056544389808e-01 2.864513937346746530e-01
-3.057932823418137436e-01 -6.798480966901029703e-03 -3.378123512060665079e-01 5.342398249862192472e-01 4.857799169436605863e-02 2.018892560440930795e-01
3.212362418911487993e-01 -3.376828270443508750e-01 3.896424979070015060e-01 -2.872299883973835066e-01 2.050527023241101587e-01 -1.893281332649077719e-01
3.159464046901094836e-01 2.083818488019897330e-01 -2.892634276174195218e-01 1.450894871180336276e-01 -4.737605144401548785e-01 4.217145678143595644e-01
-2.101959192590655001e-02 -9.510290082429777303e-02 -5.069143411630806506e-01 3.241933613646310608e-01 -3.156456405753623184e-01 4.053295499228061205e-01
-1.138422466428141294e-02 4.275097827870961154e-01 -1.257558350277885872e-01 -8.764246549725762669e-02 -5.249959045614129849e-01 1.690620685564478975e-01
1.570634848607847245e-01 2.551917810843007950e-01 3.337560975948854480e-01 -6.272681950544561902e-02 -4.210920803493319320e-01 -3.693316358146905287e-01
-2.876618838839363479e-02 -2.940679696871429383e-01 -3.984430853751129153e-01 2.231426433044788604e-01 2.752346634063014830e-01 3.841401066677541665e-01
1.583281982839531421e-01 2.251972725954906329e-01 -3.845827090464022380e-01 -5.993847232577925732e-02 -3.208563725401124556e-01 4.242343760445739242e-01
5.801713053368618978e-01 -1.836882195780705218e-01 -1.039140383422172131e-01 -4.011731283882024046e-01 -1.166120813640782045e-01 7.626335779595100339e-02
5.532173852195702846e-02 3.778904112127243198e-01 -2.498689448341276098e-01 1.211770547181124508e-01 -5.607652123278652478e-01 8.864057899693292275e-02
3.339060824912262193e-01 3.478830338002101841e-01 2.216706116867287191e-01 -4.108782248484380561e-01 -2.069637028174396431e-01 -1.490603344255708451e-01
-8.268015318941290825e-02 -4.857735210202184239e-01 -1.421273889832141979e-01 2.950262445712306669e-01 4.240125155724246975e-01 2.999827648166786265e-02
-1.714746035177598382e-01 -1.048134987220633585e-01 -4.000292101359481101e-01 1.753913380599018135e-01 -1.045518314704619589e-01 5.378854715402114905e-01
-3.327470399457169159e-01 -1.623943008458170467e-01 -2.343077403084933841e-01 5.464133441461660468e-01 -2.499279393447595976e-01 2.341096816289803262e-01
2.493987228848876803e-01 -1.749785066685255464e-01 5.030782877789280461e-01 1.270609965467189018e-01 -1.086177030375989894e-01 -4.871892136851283528e-01
3.995976636310943908e-02 2.757746234405281105e-01 3.676181984769384958e-01 9.051189128526107575e-02 -3.512043762689405768e-01 -4.097760493723552888e-01
1.230214812744511443e-01 -5.996843833052137862e-01 -6.954936075954161467e-02 -1.868476262421444323e-01 2.878422598350377504e-01 2.714456449561802875e-01
1.192361816349702397e-01 6.481568323531090858e-02 4.912882310158545596e-01 3.215948881315123797e-01 -5.071658557415367752e-02 -4.811845186120123352e-01
1.787899305584533527e-01 -1.153267023296171284e-01 -4.833172853101931898e-01 1.681303892956921842e-01 -9.018233740144591948e-02 5.163097126707669737e-01
1.033312298771032200e-01 -4.117988632943891392e-01 3.110881725861316949e-01 -4.708563803090673461e-02 3.670876188917674976e-01 -2.977719211270448141e-01
5.718475237239287745e-01 1.443940185549150712e-01 -7.694815314698602582e-02 -2.891326997277914312e-01 -2.849100816400260139e-01 1.958357253737909309e-01
-1.591659488405272327e-01 -4.930561064590379683e-01 -2.524170518758785467e-02 -1.145079835063077672e-01 5.051319402218934496e-01 1.508557584540994381e-02
-3.003327019569972112e-02 -2.394957270423556800e-02 4.679791579114484512e-01 2.577789166350049621e-01 -2.153910930193441431e-01 -4.703780711922481150e-01
3.643094158530413990e-02 1.633767244063236423e-01 -4.743797217232694208e-01 4.081945639727871389e-03 5.524486125725619479e-02 5.192303842203167541e-01
-1.086716402117335473e-01 4.186986362224898173e-01 -4.292869772214088359e-02 4.556438444892069728e-01 -3.867161272590446952e-01 1.383310399272509872e-01
2.141945200538455663e-01 2.607582317148313122e-02 -4.220597455361753680e-01 -2.081185920806527534e-02 -2.875098851611473938e-01 4.979598223186226247e-01
-6.661961199506802322e-02 4.410833991081029026e-01 2.553971394105608930e-02 4.609720927638485399e-01 -3.770494482936209701e-01 -2.031645428447059476e-01
9.360046098240376589e-02 -1.761750127925877096e-01 -4.048732524707081004e-01 1.455904780103952356e-01 1.844027122804982322e-01 5.264058369061270781e-01
-6.140436374088588389e-02 3.735547226972071866e-01 1.518567006671733555e-01 5.975163501990431447e-01 -3.453647684143368868e-01 -6.945362001582808253e-02
-3.059151155177740611e-01 2.286995205360370098e-01 1.648612581442141511e-01 3.581543782389148278e-01 -3.464849036327324328e-01 -3.128149770354063941e-01
-3.495008295952218846e-01 -1.833926099151009584e-02 -2.613073586518315228e-01 5.452429452244326180e-01 -2.600304860152683473e-01 1.142175129186017157e-01
-6.804074713293838117e-02 6.727183961594879191e-02 -4.032862586993086751e-01 7.427464973677587456e-02 -6.141550291144035056e-02 5.781340873742043529e-01
1.475729330796265440e-03 1.227902537130350358e-01 4.454140540281009697e-01 1.811233798922804172e-01 -5.495968655226984856e-02 -5.221249272968994104e-01
-1.256136538153111437e-01 2.950795463996201407e-01 -1.787208519300358955e-01 4.985969386051169461e-01 -3.474510081232867198e-01 2.657064456278705467e-01
-3.973882735444121406e-01 -1.835623918696282662e-03 -6.370201033150590941e-02 5.579389616478345193e-01 -6.427250548802035390e-02 2.251777389065396373e-01
-8.994955177402221003e-02 -4.823915714324965021e-01 2.572734297506067414e-01 3.382989555037031471e-01 2.552080191545252341e-01 -2.647898422579285649e-01
-2.823835123514548129e-01 -2.680672748321672461e-01 1.049707985230274518e-02 6.611969873876002435e-01 5.702942567452340406e-02 7.348895100928617974e-02
-3.681687756348802631e-01 -8.416632703224284640e-02 -2.319846186164414847e-01 4.599772946788662775e-01 2.901012507976098997e-01 1.852657455646750106e-01
-6.168222737905038056e-02 4.414505386151071353e-01 -1.958241204250697753e-02 -4.973188988696983226e-02 -5.584512457947381492e-01 -2.690436313717616684e-02
-3.962738102362788895e-01 -1.336488250753193052e-01 -1.493420294663420911e-02 5.918697107113612965e-01 -7.064889585097733349e-02 -1.549463128761989772e-01
1.578505468152096303e-01 -3.492688448795012168e-01 -4.039776196321540613e-01 8.680794973166555684e-02 4.185762875980481024e-02 5.136132647047090272e-01
2.448163966555574056e-01 2.032999780759226216e-01 -3.005756927234076170e-01 -1.436040706430994074e-01 -2.374999055764405453e-01 5.086368894548209951e-01
-1.592410200095907002e-01 -3.931300254199858735e-01 -2.699486330165649650e-01 4.990125024081062399e-01 1.416828039027349107e-01 2.598414554302848622e-01
2.827660798171714451e-01 2.147071536131835157e-01 3.998396452742161711e-01 -8.530170311917067982e-02 -2.854126916636522404e-01 -3.840010576269534126e-01
3.273498773122331396e-01 1.418512229346670372e-01 -2.630845093354486353e-01 -2.068583748423606372e-01 -3.919994906884375352e-01 3.923733145510588938e-01
-1.833029210340207105e-01 6.632352687210324449e-02 2.623094545727068239e-01 3.842082622089386668e-01 -3.864664226496510313e-01 -4.253767518516066160e-01
-1.807063341011124480e-01 2.327367646312314686e-01 -1.093905121807988573e-01 2.914457023426677562e-01 -5.431434735479364617e-01 3.090378693673805355e-01
4.252840190913183549e-01 -4.158003431375892900e-01 1.087514589022622880e-01 -4.168539199470062129e-01 7.835034702118870431e-02 -1.071623828214367524e-01
4.466863067854775493e-01 -8.238913028055216969e-02 -2.438053629621444451e-01 -2.374617052291468355e-01 -5.021262521390615352e-02 4.848277204057009349e-01
1.908257319687195475e-01 3.320249195705002876e-01 -3.007911690057959442e-01 1.017965851056089749e-01 -5.498835947681465219e-01 1.621463897921779918e-01
3.280924408393968705e-01 -1.863186098706703930e-01 3.710867895010319106e-01 -1.901217293625186433e-01 3.483440125745732030e-02 -4.550762812488670095e-01
4.761790782561051150e-01 -2.999982467932593155e-01 -1.245097683818716522e-01 -4.022422376258323884e-01 8.204145192397133135e-02 1.625819598310689895e-01
3.609722667258944973e-01 3.024311300842558725e-01 2.477849785706202346e-01 -1.923780065504760439e-01 -4.308541780848385572e-01 -1.473050515343194700e-01
-1.971092013055325276e-01 3.106085813016771779e-01 -1.072646126728578203e-01 3.905671874002815125e-01 -4.983346660580461607e-01 -1.229899015032213938e-01
5.937551649356794664e-02 -5.081781643051727082e-01 -2.076807832253173558e-01 2.530935776118982683e-01 3.123236095663918244e-01 3.301390303462641285e-01
1.043328160959977186e-01 -5.513948441113833976e-01 6.109936762431252694e-02 4.928693461288241040e-01 3.652195275417562392e-01 -3.301470416609795372e-02
-1.903218344238162552e-01 -3.535212220193043042e-01 2.013109750910123119e-01 3.085284987705613213e-01 4.274218169958138858e-01 -1.745564415410897907e-01
2.170208671817850932e-01 -2.838290091679293581e-01 3.808735333096209263e-01 -6.591412112562611281e-02 2.675144502763657228e-01 -4.039628713757644762e-01
5.075552611730401731e-01 1.052390283920599523e-01 1.211200264075395910e-01 -2.897792020330404172e-01 -4.462169685296090704e-01 -1.241431735287727572e-01
-2.019433289492695571e-01 -1.989202816555982190e-01 3.152363976583731353e-01 3.412144995205806941e-01 1.242462771568745294e-01 -4.597106641705115959e-01
4.792620676385490608e-01 -2.311542189675287184e-01 -2.066305154026351898e-01 -2.582694498218367496e-01 2.489271067973638785e-01 2.683107245464809720e-01
5.279307329846375518e-01 1.336686175689461853e-01 -2.714597567651908516e-01 -2.302057449210364037e-01 -4.523971595254140388e-01 1.447027976046544318e-02
9.468433592089173234e-02 -3.684043169783085547e-01 -3.008561799491459854e-01 1.557891544343086854e-01 3.911555619493215508e-01 3.467046214262044512e-01
-3.600970280737468641e-03 -2.022882988589733881e-04 -4.741246722336663333e-01 -2.833869874427958832e-02 1.774982072225503305e-02 5.254081019024088306e-01
-2.404332702464201665e-01 -2.166776170858959738e-01 -2.638849052023556352e-01 4.164374784255477913e-01 2.225197883976701430e-01 3.489988183175567471e-01
9.899939269908568373e-02 -7.538370508672823100e-02 5.404496000286987956e-01 -9.538096798337199200e-02 1.779258315173607163e-01 -4.072056928106222440e-01
6.846966222623063203e-02 -3.983725376727491052e-01 -2.876318595080228913e-01 -1.632760036989638341e-01 4.208975828168754485e-01 2.368587657635868315e-01
4.489995696613366949e-01 -1.583731559550573265e-02 3.070429786529224048e-01 -1.795979347231099199e-01 -1.160845607621402154e-01 -4.641999579877618132e-01
2.668114215830960645e-01 2.174524128651815838e-02 -3.985742401592184403e-01 -4.609394487919687977e-02 -1.004420968102939238e-01 5.433177313788732921e-01
3.450159407498056829e-01 7.411549859697007248e-02 4.172086232664717342e-01 -3.654959871530549798e-02 -1.011740500867745335e-01 -4.903602794703661449e-01
-2.052003684896604729e-01 1.572520071463326397e-01 -2.410503928693028541e-01 5.080106250198548334e-01 -3.049833353797007929e-01 2.858922670634556074e-01
5.777933748314361129e-01 -2.903265837978452613e-01 -2.499428315292827329e-02 -6.450582530104831402e-02 4.598390146802823208e-01 1.321785909988265062e-01
3.436782661075284406e-01 -2.107248347064930860e-01 3.370661272327596936e-01 -1.133722707268990937e-01 2.704495030338996964e-01 -4.109820419912923462e-01
1.013328071344235803e-01 -1.053531186810630488e-01 5.337338600599647043e-01 2.396982402055259642e-01 2.957912599783448226e-01 -3.717705266776170081e-01
3.869047305046119933e-01 -5.205204653410501203e-01 -1.343127934988052989e-02 -3.097954746934853953e-01 1.851598026800335139e-01 -1.423660822644573776e-01
6.820738604473150501e-02 3.084701343271832874e-01 -3.466906798672392265e-01 3.505158885098885735e-02 -2.865891263380080378e-01 4.563069349542764330e-01
-5.598974841638403727e-02 -1.792283665727425757e-01 -4.216623646490067490e-01 2.378720338229347447e-02 -7.876455145114681644e-02 5.700748282670022871e-01
7.339031878234844597e-02 4.090089488971996312e-01 1.865113480388646550e-01 3.155563956726761821e-01 -4.828728705980790403e-01 -1.954603933993457887e-01
-1.713648755941032664e-01 -4.264576105654137583e-01 5.186077972876770165e-02 7.844683780237740600e-02 5.413069288313169247e-01 8.389051803785305128e-02
2.703839068985028904e-01 6.032723113391250808e-02 4.534161049228654372e-01 -1.567445368729945554e-01 -3.348594743058906920e-01 -3.598420093096167394e-01
5.269651424178196653e-01 1.252024935031191000e-01 1.375727325663508860e-01 -4.671176059406909609e-01 1.262666348864445454e-01 2.895249035014971217e-02
-1.683658574996864943e-01 3.429735958572337484e-01 1.780685646829123780e-01 5.477782888383597726e-01 -2.509628440142466221e-01 -1.885062122160751086e-01
5.519505547636527343e-01 -1.563494091797688890e-01 1.581689896144242158e-01 -4.267986595717693232e-01 -2.071781998178049422e-01 -4.049255543158786219e-02
2.457609148404317836e-02 -4.225144988894220521e-01 -2.768939096565957714e-01 1.377161796984578135e-01 2.020554356650666739e-01 4.958361320070088230e-01
-3.868836699825025510e-02 4.684955605904071035e-02 -4.248571222171292350e-01 3.662329937709911110e-01 -7.530263499235265168e-02 4.812982363247323425e-01
-3.307951482576524521e-02 -1.809656506437546664e-01 4.514522486865097384e-01 5.704780095595537309e-02 -3.892451734171742395e-03 -5.286100703411678037e-01
-1.175687214635604966e-01 1.806393435017635829e-01 4.103874854800746985e-01 3.441951735567951864e-01 -1.881182763815223979e-01 -3.963292696661437353e-01
2.830293861226425012e-01 -3.369393508643100388e-01 -2.549384134907468069e-01 -1.074595614556289047e-01 3.053442504814651848e-01 4.045994226199007282e-01
4.481553443116298441e-01 2.346121569958972419e-01 1.664002392861365920e-01 -2.187736898915786377e-01 -4.923411713777199328e-01 2.862715447430025373e-03
-3.676613796243909382e-01 7.230326484099691697e-02 1.946225760741491784e-01 5.900915019786093785e-01 -2.041559851636531864e-01 1.153780124245483152e-01
5.996591728532514320e-01 -3.977080155158885938e-02 -4.734102699912098346e-03 -3.749255011838845686e-01 -2.571785908717621472e-01 -5.875785927833358097e-02
-1.194782541381086555e-01 -6.422300578691458872e-02 5.362617291828326582e-01 -7.038907826933958611e-02 -5.700039631486508718e-02 -4.625065556184716486e-01
1.425807631408391174e-01 3.921515963353648937e-01 1.191637249776707624e-01 2.600503551429436677e-01 -5.911861356447468685e-01 -1.957271514917162392e-02
4.700562192981417309e-01 5.216424800359810432e-02 -2.661812552024789280e-01 -1.183026045835155471e-01 -9.793179200693789832e-02 5.283658315920977122e-01
