# rod_radius=0.025
# rod_length=1.0
1.755393459803974432e-01 -1.292955759514564651e-01 -3.735124981199136052e-01 -5.224115415087702274e-01 -2.591125734224685173e-01 3.307687708491640066e-01
2.534191472656096566e-01 -2.730131155524676556e-01 4.160888126816761345e-01 -1.020807899767114391e-01 9.241463362980600893e-02 -4.441915804159947689e-01
6.439219644949224775e-02 -8.376089724874613562e-01 6.753850796985853833e-02 3.364134050580078195e-01 -1.258512151563527803e-01 7.151536382333146813e-01
7.348288157213227201e-02 -3.464208183747315428e-01 -7.088941240133634913e-01 -4.879700820947504014e-01 2.878587611618749764e-01 -1.774244780574163460e-01
4.473346369384277876e-01 2.043824951662371325e-01 4.719289861185294033e-01 -2.035472780227169931e-01 3.600196914290998418e-01 -2.711253833026781024e-01
3.876443969162124414e-01 -7.281910781801244070e-01 -5.924915757915474174e-02 4.321784595608103574e-01 -5.302049118584495346e-02 6.770669401140623211e-01
-5.352391304103647496e-01 -2.022975288608918620e-01 -8.578171009966592542e-02 1.247081257139979193e-01 3.582833863590912382e-01 4.144368987355622203e-01
5.437686072051807207e-01 -9.374295014746276966e-02 -4.267559628560262386e-01 -1.826925091541458102e-01 5.931842119443242467e-01 -4.463855425378456254e-01
4.892603202974072918e-01 6.853775359498938125e-01 9.981037634773365363e-02 1.067092885247586942e+00 -1.054198498725836819e-01 3.016742449806121273e-01
2.982080480616852158e-01 6.964654975239190637e-01 1.372746000921107150e-02 -6.062899312011893471e-01 4.869329607376894353e-01 -3.577284883040495744e-01
-2.023084648836639687e-01 1.537144709773823337e-01 4.118732052502757646e-01 7.575553074590898883e-02 -7.803354082804443426e-01 1.877499414132604016e-01
-1.698978620152492569e-01 -3.572633559218413302e-01 -6.951051011732470863e-01 -8.213631706166082402e-01 -4.245059075470593579e-01 6.058755522872294463e-02
-6.458590763208290619e-01 9.026643301053718926e-02 -4.322354253502231347e-01 -6.397013483287022906e-01 1.356467587470306935e-01 5.667153784544611828e-01
4.100897348865427672e-01 -9.939851686204883574e-01 4.829263336870006501e-02 -5.118812862393108398e-01 -9.419159814645338136e-01 -3.354497749641150439e-01
-6.129578219978548681e-01 -4.426157114683930693e-01 1.972137222818899915e-01 3.238247530685024467e-01 -5.699654129623690224e-01 5.231285279925846909e-01
-1.243231496141934123e-01 -5.631081760910171541e-01 3.131497529561781956e-01 -3.950606387325665547e-02 -3.178574480603647001e-01 -6.525925223775930206e-01
1.670737437167806871e-01 1.375971157313622684e-01 4.255302218828738714e-01 -3.748592890909501762e-01 -5.475170065879116921e-01 -6.122148828413287447e-02
-5.056721898271777649e-01 -6.684582955133129278e-01 6.736570788449923464e-02 3.362295743704534212e-01 -5.793896910317537507e-01 5.995951726237447321e-01
3.084680773140908161e-01 2.007932060621340775e-01 5.425897661508107817e-01 -6.743418493866457641e-01 4.023543900240780791e-02 4.514533222039047722e-01
5.605359975962389552e-01 -6.558827836689071766e-01 4.070062856470642032e-01 7.278070353444231477e-01 -2.444799816680261473e-01 -4.889670032608526284e-01
-7.617598757990801106e-02 2.659921100292020890e-01 4.757712557452917213e-01 5.317473447861305047e-01 -3.468224349816786400e-01 -2.909264214014667393e-02
-1.992754316506501477e-01 3.173767085911526342e-01 3.000149137503200780e-01 -2.270949821080636422e-01 -3.015273465464463065e-01 -4.849588712556399672e-01
-4.938521897895482571e-01 -8.673365190360148302e-01 -6.407100120524295006e-02 -1.027065940929481336e+00 -2.156127806640173450e-02 -8.270799018077878983e-02
1.760854505558507865e-01 -5.357607599729714565e-01 -5.745729670572401471e-01 1.188285065490860271e-01 -9.021597420315781157e-01 3.541215081655981756e-01
5.996947037023193927e-02 -6.838353053993347086e-02 5.120499053995137828e-01 -3.008418388533228294e-01 1.401276879619140492e-01 -3.969815961972456009e-01
-7.612450975871687398e-02 -5.293629643440387333e-01 3.337411351637642465e-01 8.300219852092189932e-01 -2.769648487845121632e-01 -5.660869720302719177e-03
-4.278314244385735265e-01 4.849035315348363406e-01 -3.560162237393186269e-01 5.200856741257311455e-01 6.344975192490548421e-01 -7.481378226843021784e-02
6.884439673631334022e-01 -5.319028993773436964e-01 -4.548270118767026027e-01 2.153708573934375869e-01 1.912208990253998486e-01 -9.581100384206030496e-01
-1.569673859662827631e-02 -6.172497324553987141e-01 5.974798149803230984e-01 -7.946666945704842222e-01 -1.218197555466760118e-02 4.328626310376778585e-01
-2.932377399345935665e-01 -7.971110635715117354e-01 1.851651351892040775e-01 5.276448025052081769e-01 -3.827919188315186405e-01 5.782191999430084106e-01
8.683276562835720025e-01 -1.251463028806922562e-01 4.005737131757917679e-01 4.030640946956085546e-01 7.579609765172551361e-01 4.610001257189750290e-01
6.606703653388197317e-01 8.860627328846437667e-02 -3.547097332633856737e-01 1.616588357502438122e-01 -7.755465310627646103e-01 -4.197283772785947442e-01
-6.073251038903451637e-02 1.940425263181596582e-01 -4.279457397937336816e-01 2.901435090375602543e-01 -3.804170959792508855e-01 3.115690750282982813e-01
-4.943962711866150550e-01 -5.193877854417566775e-01 2.740453881933921920e-01 -2.458741886932760135e-01 -2.925921777192687645e-01 -6.676554808892275483e-01
1.430619958594623875e-01 3.907089224763356516e-01 -4.103655920174442695e-01 -2.214600698324411532e-01 3.258151910073553981e-01 5.185652273871761420e-01
-1.990159480431062389e-01 -8.927321131304779556e-01 1.385850143306798510e-01 -9.444105103763364983e-01 -3.941745078664904978e-01 -3.039387259110050143e-01
3.531984494610390102e-01 2.510079694513667192e-02 -6.011595446441009294e-01 -1.900432202346145627e-01 5.074864140479284913e-01 8.600317605503382534e-02
5.987103242684195248e-01 2.086593289923427130e-01 2.705999163610679492e-01 5.086250182035428891e-01 -7.843090576930048519e-01 3.474010926196099969e-01
1.760367480784015004e-01 -3.519197317576708839e-01 -6.715290374451552413e-01 7.540643464295492260e-01 8.875649162831289463e-03 6.039362831321160030e-02
-1.260478795487623704e-01 -5.415909114169336486e-02 -5.445239318609379486e-01 -1.652982834435949566e-01 4.507998159163432161e-01 3.177265584125356090e-01
6.174436850603282068e-01 8.958215890375419502e-03 -1.401736469261259110e-01 -8.296758354343725106e-02 -6.328223845038034590e-01 -4.524903383957802339e-01
-3.301794871140176779e-01 1.179245200326007326e-01 4.065307196691273495e-01 5.936525552932456762e-01 1.443081758644418622e-01 2.464296112406572092e-02
-6.903868374497796889e-01 1.090519290924552298e-01 2.545765231222013592e-01 -3.380638270393134803e-01 -8.234461133719442882e-01 3.340491418998006168e-01
-8.998045802085327671e-02 -1.025563850795383924e+00 -1.545383893606966097e-01 -9.243959589691023160e-01 -5.449194340235758993e-01 1.151497942947449504e-01
5.104799250381972797e-01 5.628538875355981741e-01 2.019198288465898494e-01 -2.294113012341519875e-01 7.421220976209553788e-01 -4.464811906914668560e-01
-5.860214561014324280e-02 2.061514566786493974e-01 -2.559236181730108473e-01 -1.235931668015050333e-01 -1.155754092584746762e-01 6.886757629927720004e-01
-1.990668236335366437e-01 -6.734529463635355873e-01 4.656965896516676029e-01 -4.855656792752227613e-01 2.810365666856391442e-01 5.485710440701040413e-01
2.766631263461604151e-01 4.042709453600516756e-02 4.735907623460793858e-01 -3.843555824444307989e-01 -3.643356156966379156e-01 -1.582489444102664344e-01
3.843273245940810323e-01 6.922658598502368262e-03 -3.361762388679495617e-01 -4.215899873894071170e-01 -5.082726314045450389e-01 -4.450673514158304256e-02
6.968633119565043055e-01 -5.906138143189072487e-01 -2.433985589705575658e-01 -2.077935282737755074e-01 -1.014779984126295886e+00 -2.843749157570677477e-01
-8.547711838572732423e-01 3.144059693828739066e-01 -1.910756412684189720e-01 -2.293887220329927645e-01 8.493983142857602919e-01 3.769736236179229150e-01
2.992145484723804805e-03 -8.230457083915145855e-01 6.035665222354878040e-02 7.228119684601548300e-01 -1.822231031636381005e-01 -2.064875178094054686e-01
-6.103892906032039045e-01 1.890924631365087094e-01 -2.858738835211787621e-01 -4.387769317032336192e-01 -7.684992529109960779e-01 -5.442776964154863450e-02
1.173973092045920430e-01 -8.047765421420471910e-02 -5.066020721962891660e-01 -2.864490107646362471e-01 -1.794172689042490831e-01 4.028588134344768257e-01
1.276632244683872375e-01 2.652064918267186266e-01 6.061418579888869784e-01 4.082983013414548390e-01 3.672751445172905971e-01 -3.482301574046799963e-01
1.868328431860565575e-01 -5.343398678779931465e-01 -4.503654189838228183e-01 -2.726694948731743784e-01 -5.898369567403877189e-01 4.360755967898718999e-01
4.364795645164111781e-01 1.585060330600951695e-01 1.072148566259422710e-02 -4.257551271653003955e-03 -7.391295343570142284e-01 1.180908604079828651e-02
-1.150467887207455714e-01 -1.972688425389264866e-01 -5.027522864338531683e-01 5.069824360714063616e-01 -3.056360931952535331e-01 2.727064052381554804e-01
4.031528108266194121e-01 -2.761457493387033946e-01 -6.354196342217391935e-01 7.189841487947570275e-01 -4.836009328619665371e-01 2.904382991495665367e-01
-3.551820424408261290e-01 -8.264562575011284995e-01 -2.604908657272310135e-01 1.052261553084918311e-01 -6.887927043819757067e-01 6.164772280982143693e-01
-5.581679600930149476e-01 -6.060389522564163522e-01 7.262824519436204829e-02 3.653218266161459837e-01 -8.381249511332560242e-01 -2.328266663215732279e-01
1.002777939791077294e-01 -3.800277850512257527e-01 -5.852973467731927837e-01 3.848451799456888422e-01 -8.311812306887439439e-01 2.605643271035361641e-01
-4.051343555590878887e-01 2.979563252327626643e-01 1.724598007209635353e-01 -2.151593027223481780e-01 -3.220701171916331984e-01 -5.887738624825401557e-01
2.453830721545546822e-01 -6.060532589310976270e-01 -5.732874588119076797e-01 6.066668614419454819e-01 -8.285589827319445044e-01 3.322318543305594618e-01
-6.287813299844484671e-01 -2.394171157360431776e-02 -5.577743304114420875e-01 5.884901057498603816e-02 -7.318168478794067067e-01 -7.192590236246316771e-01
-6.712368448326506698e-01 -2.997779539496544521e-01 5.379586707337330465e-01 1.263861679834092921e-01 -8.397803914916649459e-01 8.066497514843202765e-01
1.979910904549553596e-01 -6.693138824916969876e-01 3.011034669260554963e-01 9.596214117194831750e-02 -2.033625946135342866e-01 -5.778046573013219112e-01
1.503662119333267766e-01 5.250265155403031070e-01 2.113842705348998319e-01 -4.009575064566468505e-01 -2.017579466996277660e-01 6.210506018183816757e-01
1.552022986843486496e-01 -4.698154988794897013e-01 5.668939714248701911e-01 -6.873818569022394076e-01 -9.769516987767973282e-02 1.775632617473246744e-01
-1.939024420073838517e-01 -8.672043300972682722e-01 -2.146593840716173318e-01 7.071997762201290838e-01 -6.655368991476948715e-01 1.691961090500191389e-01
7.444706916695466026e-01 3.264444508513263954e-01 -2.266260140052213656e-01 9.858649851991506674e-01 -6.342003828490725414e-01 -8.918403156871712589e-02
-1.374046948460609097e-01 -3.961298437053533683e-01 -7.362399706040830827e-01 5.097610429570565982e-01 3.324080472855282520e-01 -5.117203741223842473e-01
-1.334583437526116467e-01 -9.882447668614621206e-01 3.545039713243954282e-01 8.479185771066558575e-01 -8.248682470941675060e-01 2.534720358113615735e-01
4.835516154972720471e-01 2.362617563575700186e-01 -1.175389252717809752e-01 -4.557137416013114506e-01 2.563114308132291574e-01 2.250666781685193574e-01
3.453410020424158011e-01 -3.751747459995544709e-01 2.101180897991677954e-01 -7.523313442024842645e-02 3.141155945985411035e-01 -3.797939562694352400e-01
-7.883399609626595694e-01 1.046667873500041895e-01 1.483731520632309009e-01 -4.662587942577758326e-01 -7.889444539746521823e-01 4.609794082901778056e-01
3.851745335121184444e-01 2.755098349286990156e-01 4.054950957055075689e-01 3.868220333956776669e-01 9.780351888409544170e-02 -5.785870914018442779e-01
-3.982424069112751042e-01 -9.018492781147462167e-02 6.583615380111939031e-01 -7.873084580674315491e-01 -6.719612133778739282e-02 -2.625614352144013397e-01
1.165968587470772727e-01 4.904210702019978219e-01 5.757670801004295402e-01 8.799119602351929137e-02 6.536947552542105022e-01 -4.103989403188591512e-01
9.583837525713442829e-02 -4.218582039754465995e-01 -2.560665064265026936e-01 -8.643521336023179957e-02 2.292102965913306312e-02 6.208301649208021189e-01
-4.394104221803612487e-01 -4.057129880656135668e-01 -4.722247974267768100e-01 -5.036440146532196183e-01 5.857865661797372336e-01 -3.590758710982374646e-01
7.978894403797030799e-02 1.627067339393190384e-02 6.336143791611644760e-01 7.026238354905551819e-01 -1.908263421792855963e-01 -1.208307971968750616e-01
8.384415876874294626e-02 -5.492268646852629388e-01 -3.859645915932092275e-01 -2.366560916487193134e-01 -3.428448399098770194e-01 5.385277281866556187e-01
2.959685869695116711e-01 -3.097072320387680433e-01 6.323003524201245007e-01 -5.678190215997316326e-01 -3.177309214431273676e-01 1.285081455624060842e-01
-6.457741958834102292e-01 -5.045499079439578205e-01 3.799779341108272535e-01 -4.809470845923191629e-02 -1.264216827298470402e+00 1.236862995403716359e-01
-2.878968754370471173e-01 -5.699561457348666371e-01 -2.512124458376529534e-01 -5.322234491745534424e-01 1.681033374685192427e-01 3.777332788630097249e-01
-1.690844771412291780e-01 2.236438132392169487e-01 -2.645428654333931706e-01 3.531444221218658086e-01 1.487764854535405523e-01 5.849698537207630444e-01
6.031851258032182583e-01 2.063038792914251296e-01 -2.427611410276551140e-01 -1.863277867223586126e-01 1.260323708744569560e-01 -8.512230099166145925e-01
-8.320576447211199822e-01 4.054191019490142045e-01 1.768297688418801472e-01 -1.315590470801394796e+00 -4.452224242372869734e-01 -2.958001782111424616e-02
-2.244559310646008221e-01 3.167799853446725544e-01 1.589333770295738857e-01 4.923406043774586349e-01 -3.526905871902671352e-01 3.538997312756343439e-01
3.747311362086053199e-02 -1.354464920194922706e-01 -4.596126893379889888e-01 5.947080495891927665e-01 -5.108718906758827893e-01 2.810255463615049520e-01
-6.010121410225974792e-01 -3.130457268621649192e-01 4.970575567424141972e-01 -7.983702381125660219e-01 3.492601434982783859e-01 -2.257153782787598151e-01
-3.179634582755183070e-01 -5.122758895374401877e-02 7.725578478003598537e-01 -7.792934407615494941e-01 3.544114058850675320e-03 -1.129785477297946539e-01
-2.242254330772678120e-02 2.756400881577247830e-01 -1.667154415982318727e-01 9.589770442540779261e-02 -4.837388963280595533e-01 4.730844309382577495e-01
4.577215072052114864e-01 -5.844933215572400975e-01 4.442936994607137868e-01 -6.894807471241543029e-02 -1.018814499677579422e+00 -2.864485709184347306e-01
-2.353997083816234959e-01 8.076315715310593557e-01 1.687324812139782970e-01 6.371116983746544227e-01 6.962569374983710313e-01 -3.069980475249977081e-01
1.176127998505196032e-01 -7.871142443988670134e-01 -6.064255620270856406e-01 4.126059941891259686e-01 -1.013294227820409121e+00 3.219179252626869214e-01
5.065283728800301644e-01 -3.325318780264149288e-01 1.817096336894503950e-01 -2.792705884300571428e-01 -2.989598925755022063e-01 -4.358605357624684151e-01
-3.106513965023276896e-02 -4.997959439335090681e-01 1.183539036741140527e-01 8.613143025570488276e-02 2.898155801812589138e-01 -4.839571496757608671e-01
-2.063323724974683582e-01 4.203324406789839540e-01 -2.767760315053887643e-01 -3.502095350332475876e-01 -6.201991683387236831e-02 5.873047316773374327e-01
-2.862491823303350280e-01 -4.388359204896632448e-01 3.602223150861419976e-01 5.774716395206175301e-01 -5.204095197864240241e-01 -1.371026187336763513e-01
-7.240858557086127245e-01 -1.961340021825017793e-02 -2.885565602637572002e-01 3.118756532308153417e-02 2.306041321931717458e-01 -8.943232199249010472e-01
6.535327147368591438e-01 -2.836437630186988690e-01 5.954197224712860503e-01 1.045464686218271266e+00 -1.853779610108537701e-01 -3.193114740484612746e-01
-4.294196731948262125e-01 5.099561898030878782e-01 -3.977516804121430244e-02 5.621590306484235411e-01 4.987616954148896276e-01 8.924559532629000591e-02
1.094702873853198449e-01 -4.660268070760826831e-01 8.439127096331785483e-01 3.812717334247051615e-01 -9.423956968904197984e-01 7.732911534734210335e-03
-5.208553379875882072e-01 -5.687533292125900308e-01 -1.266398944863542098e-01 -6.260805770077294552e-01 3.702133420717904633e-01 -4.541597248635149686e-01
-4.220861030547466419e-01 4.194116629753938952e-01 -1.446156825457310946e-01 -7.327667333640177638e-01 -4.660985770359079572e-01 2.008537962592144011e-01
-2.627120227052414103e-01 -5.703337886087421760e-01 2.295159970844409814e-01 -4.299330152710717501e-01 1.527723173176728233e-01 -4.406740500046178455e-01
-9.210124033253887232e-02 -3.191337504214491472e-01 -5.282884556319511482e-01 2.940346241351298739e-01 5.772456330111332967e-01 -3.105659369784374846e-01
4.967882131264409473e-01 -4.001854179156362767e-01 -5.054381981989349848e-01 4.777596755587449895e-01 -5.428090465408648146e-01 4.841558677269918176e-01
-6.798473664936521832e-01 -3.278094880702167035e-01 4.784368252658344201e-01 -1.980429079889225452e-01 5.056250433721073412e-01 7.490866831347755550e-01
9.223972639381979866e-01 -2.081865135926935784e-01 1.569452078089517977e-01 4.776592630199539280e-01 -1.064545419525004810e+00 -1.054619848700200369e-01
-3.851953838842582800e-01 -3.935466805285851577e-01 2.775059487465001973e-01 -2.886526579944603821e-02 9.037008957532249864e-02 -5.217771090983822635e-01
-7.397236972207920092e-01 -1.202260090253095270e-01 4.559678408616768541e-01 -4.913445770461203344e-01 -9.899233669760928445e-01 2.943024787052772595e-02
-1.353475303206396613e-02 6.864723116923224788e-01 -1.248897058896191459e-01 4.854972041791968257e-02 3.407834862600200854e-01 8.114033861107829981e-01
-5.384258483620463220e-02 1.710110742037810605e-01 4.628346633943258848e-01 -5.032810010949859691e-01 -3.911176570940222419e-01 -2.314393455101704244e-01
6.172218812505593233e-01 -5.066029401688317835e-01 -4.543767747142150037e-01 5.693075173566372049e-01 4.818778819445034278e-01 -5.979381833405783553e-01
2.928209848185729935e-01 -5.187137414460837315e-01 -1.526731381000819843e-01 -4.365968852654400489e-02 -7.308310640730231178e-03 6.380513662679105913e-01
7.604367530907113482e-01 -5.117593862972442675e-01 -3.369215123577384147e-02 5.603757343913611244e-01 3.017717829952759612e-01 5.123322304419339890e-01
-3.656209468231682025e-01 -1.556380155674882450e-02 1.922754094928882385e-01 1.727345177420807620e-01 -3.841075486001039319e-01 -5.655826908715391177e-01
6.188564090239977167e-02 6.135451040189643379e-01 3.111021981101926848e-01 1.974331556820694417e-02 4.168414090932764382e-01 -6.684546817176246769e-01
1.926827622235208759e-01 -3.207234261491689331e-01 -7.072744284525543934e-01 7.710755587969910785e-01 3.973287569397437879e-02 2.452679273629065904e-02
6.997748729315145244e-02 7.232087685478229000e-01 -1.927623180124999058e-01 -9.428113181285283084e-02 4.922598341318454862e-01 7.662380447306604836e-01
-2.657164251985830727e-01 -6.077091957556265411e-01 -5.074523326335244056e-01 -6.377773225180406458e-01 2.120191238919640897e-01 -7.200294331993534191e-02
-3.344680278401521156e-01 3.877577622425080750e-01 3.419376290838481713e-01 -3.621980659755579257e-01 -5.111754621274883226e-02 -5.561823565602260766e-01
5.122671714220903283e-01 -5.670586976821120340e-01 -1.109171398952382426e-01 -4.814588665805031864e-01 -6.455488383825123133e-01 -3.124368629556344146e-02
1.708633922134728533e-01 -4.172825821296184956e-01 4.350491853357658645e-01 5.796101553491359581e-01 2.911551681148072945e-01 -1.403133418197090032e-01
-3.437622836813317706e-01 -5.819425441880602401e-01 -4.029075530074481826e-01 -3.076282339167051849e-01 -5.561043380344262710e-01 5.961053185564620938e-01
7.297986830706687522e-01 -3.300434561783557874e-01 -2.245038526926132483e-01 3.910963149708306386e-01 5.815423118235358846e-01 -4.575104908383177404e-01
1.565443022653530969e-01 4.111486668915514953e-01 5.063831972066832332e-01 6.262116492463873918e-01 -3.805086626498469515e-01 1.156259122289386432e-01
-3.790887557351433901e-01 -4.691020378420769910e-01 2.082484160749805135e-01 -1.842979232516832044e-01 2.435003508165400343e-01 -4.657355357060939949e-01
6.050124578660981411e-01 4.110183925926069043e-02 1.819243168856443382e-01 1.207095882948501231e-01 2.185768318834226814e-02 -6.927644237427993401e-01
7.463216627632142108e-01 -5.035417112848069587e-01 -1.167066416547541674e-01 -1.668905687568172924e-01 -8.880137078965164577e-01 -2.517055454414523497e-01
-5.353124794705551581e-01 3.386586444515969907e-01 1.681611375858222124e-01 -7.378836465982820947e-01 -5.078671778018963856e-01 -3.241385216732081131e-01
-6.448103075305240406e-01 -7.384210885269510971e-01 2.632088376165810373e-01 -8.644720154004005286e-01 1.955734305117233784e-01 5.449941681456988984e-01
3.434799950088998077e-01 -4.897913718762892943e-01 -1.280714409442470780e-01 -3.023115730360009801e-02 -6.451086496068259013e-02 6.962321833804723248e-01
9.155405728219397077e-02 -2.392697202291085845e-01 5.563268779159146193e-01 -2.322200448183401877e-01 -5.267187145174360152e-01 -3.450850182179349135e-01
-2.517953206854118831e-01 -1.828156942021073594e-01 -5.134705442618974214e-01 2.253519736515088856e-01 8.531502915082245231e-02 3.234502254058115867e-01
5.532104288285564220e-01 -1.162721746534328415e-01 -6.705432652588633191e-01 1.470412339937710033e-02 7.099913744552865946e-01 -5.053176424660346111e-01
-4.667462553782785739e-01 6.149085131787739716e-02 3.329105852245567432e-01 3.879368279050839363e-01 5.586294439490541164e-01 1.833443896256254368e-01
5.464330838399182877e-01 2.836019923067801263e-01 -2.960855611396110421e-01 6.433147143104075427e-01 -3.109615339037257731e-01 5.021049944155825395e-01
5.203044932104355924e-01 7.629064993767449565e-02 7.192302208818535103e-01 8.982873244696665260e-01 3.620806579656387636e-01 -1.613679000476836434e-01
3.137962764367452917e-01 7.393822203680346927e-01 -6.570882689719878544e-02 7.464526107317868142e-01 8.581018312250388025e-02 -6.867177547920431113e-01
7.902886979464510686e-01 -2.270535904289118223e-01 9.435236906766110432e-02 4.184551736907541342e-01 -4.327822338895004894e-01 -8.108633817340216154e-01
5.125844520948527050e-01 -4.332936103496411451e-01 4.158462906592807484e-01 4.032546769814457921e-01 5.490528301390826815e-01 2.640488231811098929e-01
-4.913401093132506725e-01 -2.486187998144372968e-01 -1.923260225857119886e-03 3.028575122299447253e-01 3.369461359806769640e-01 -1.642927274984791741e-01
8.403844398420162254e-04 -1.126572712749866062e-01 7.172526314452838392e-01 -2.697216641374681201e-01 -5.090211663100484563e-01 -1.600681995978890937e-01
2.078571408608523852e-01 -2.214374984327382168e-01 -4.462805874011812057e-01 2.792339166805130612e-01 1.014381555219001918e-01 4.974654949519878300e-01
3.651965820239941318e-01 2.795427527267181911e-01 -1.063744065555465163e-01 6.074602264375705829e-02 -4.440149061804651853e-01 -7.258695002647839178e-01
7.063492752620476045e-01 -6.072285770787492210e-01 2.425538492173957283e-01 9.824017134323412836e-01 2.376677908599899025e-01 -2.156439015673094761e-01
-7.813548114599420114e-01 -4.538148286838373791e-01 -1.182788780746832635e-01 -1.311869255299524806e-02 -7.681894479854558533e-01 -6.759363574881257497e-01
-2.506810759806719635e-01 4.822182679141504003e-01 -1.466716121299485864e-01 6.248337491707285363e-01 4.020917292583165992e-01 3.298297296762918718e-01
-8.817457037506055972e-02 8.118858116679920078e-01 -1.799040290354858851e-01 -8.403126152679984973e-01 3.268029075921374815e-01 2.661710068026164056e-01
1.973952388824998516e-01 -6.875246612114091493e-02 -5.491777339532125657e-01 6.704441681447204093e-01 -2.541704315762154387e-01 3.121264449582609180e-01
1.017252970592665354e-02 2.011580171885541668e-01 7.962959100041754334e-01 -6.731929072630397914e-02 7.641007534990410521e-01 -2.655917650945882613e-02
2.505162736345149521e-01 -3.755650126912749021e-01 3.526357300330035804e-01 -4.318594444368159535e-01 -1.433406512426203816e-01 -3.404986186587923291e-01
4.567047472958527996e-04 -1.864160353007068838e-01 7.074890482337353736e-01 7.638665136623200569e-01 -1.392219820081266879e-01 6.330104385446777560e-02
-1.016317343362602432e-01 -2.427699878764973812e-02 6.352284035575618271e-01 -7.228679542891510712e-01 -1.984580955738224073e-01 -1.287915598864632916e-01
5.178571985893002383e-01 6.140872014584879413e-01 1.716652322496879934e-01 -4.580581266641464699e-01 8.090363045359287852e-01 7.376668708807468389e-02
-3.589132711161417966e-01 -6.629887666026484938e-01 4.575039304905081927e-01 -9.001185096819541709e-01 1.372513366773966403e-01 1.992159771297972726e-01
4.173331201560748216e-01 -1.517473863154902014e-01 4.594431568741196292e-01 1.466888277140199204e-01 -9.385846857353837835e-01 -9.520874406028467796e-02
-8.034708433473100597e-02 -7.688586356792650456e-01 7.096169544120844996e-02 8.948782143429304115e-02 -2.014732037769687567e-01 -7.347863274837450609e-01
6.972464010203792695e-01 3.688763698269457714e-01 -1.846141317382820335e-01 6.292848287490377945e-01 -1.574474199454056755e-02 7.359551622508293534e-01
-2.999892701941056505e-01 -2.141543429636938722e-01 3.533984300461541772e-01 4.099616570973266261e-01 -5.229961543919096068e-01 -2.795205350289759472e-01
7.765784038330185435e-02 -5.979471961709227346e-01 -5.329885647003590465e-01 -2.939687080614279413e-01 -7.321630342159405336e-01 3.856407497181012500e-01
-2.925141497823265380e-01 -6.009425495952037677e-01 -4.468114269230228919e-01 -2.201368163405753586e-02 -9.579225556913566475e-01 4.472773673134097239e-01
2.563259545531154093e-01 2.038625412396329051e-01 3.592838889380754464e-01 3.121842936371018729e-01 -3.417792095281187992e-01 -4.768709566341314265e-01
-2.392557000442245285e-01 -2.949246225024657053e-01 -2.686393739631763866e-01 3.403350538307122197e-01 -6.686347750062107687e-02 5.137049697647821933e-01
-3.708260211920170191e-01 7.599965603714947671e-02 8.838882557996231848e-02 4.859776972057279210e-01 -3.363761336650527567e-01 -2.211811926829225783e-01
2.631439320620622691e-01 -2.797120220993342676e-01 7.693073862007911989e-01 9.244147178328219194e-01 -4.336095947803145223e-02 5.736699327178818031e-02
2.085023298161048366e-01 5.766224032500878449e-01 -3.543860636657725771e-01 -7.619772100892698852e-01 3.422369529045276582e-01 -2.975272623122361404e-01
2.476237127268245963e-01 3.783470323010393876e-01 2.880537323377466152e-01 -7.181271282274576118e-02 1.117493217196492417e-01 -6.212790069523743686e-01
-4.556521959277717859e-01 1.616991119178538272e-01 2.226016609716956751e-01 -2.570984438926108284e-01 -1.078925532272484722e-01 -7.196810681691131473e-01
1.412589904818406863e-02 2.924537773814506192e-01 -5.934241539934131948e-01 2.051171442620514374e-01 3.926479941405784935e-01 3.830406242652197868e-01
2.324294255402349352e-01 -2.491200083931774667e-01 4.903771827763558910e-01 1.550135284844618155e-01 1.341432928399212410e-01 -4.300118767039037282e-01
7.815303422484513041e-01 -1.955574870014699651e-01 -3.107800722509427849e-01 6.865901221885335470e-01 -1.829209561629014658e-01 6.846226968346873498e-01
2.476480903987809123e-01 -5.156395772937210076e-01 -3.240788217487201583e-01 4.869554287052545449e-01 3.806708050327114456e-01 4.923029462337641382e-02
3.748412627716387613e-01 4.220696983374959688e-01 1.371373806051838784e-01 2.340095292643223635e-01 -3.710508383487005624e-01 -4.554216773155636000e-01
-2.762583629726884094e-01 -1.695382233723226155e-03 -6.904789982761569966e-01 -2.435908755108335266e-01 7.124029594937552057e-01 8.803772571941981262e-03
-4.964822983819475177e-01 -4.305494600137126371e-01 8.168519906133582531e-02 -4.225415582445337104e-01 5.503942738878411234e-01 -9.798716349676363235e-02
-2.500146057638967800e-01 2.330830528597180040e-01 -2.469782311194969049e-01 5.200525989959370321e-02 -3.445731896452161602e-02 6.680114683792214292e-01
-3.626044944567881068e-01 -3.335060042655327295e-01 -6.933445571730320056e-01 -9.436060231879335181e-01 -1.797273959479707139e-01 1.058984366880252326e-01
2.742717166978797527e-01 -6.437690835634545250e-01 3.265644761482330294e-01 6.109619139481601291e-01 -1.163604912671574176e-01 -4.534867323295216357e-01
-3.019678943146348327e-01 3.032991027682441221e-01 9.902094521754564727e-02 5.616452612458744387e-01 -1.485576543814155492e-01 -1.245809075498523766e-01
4.794708761493370330e-01 2.703274770004047978e-02 -5.086993206680624491e-01 5.558611252459140228e-01 1.411539191569163854e-01 4.818262408740278113e-01
4.386734726444027066e-01 -9.129662665261633059e-01 1.581230392945831287e-01 -5.602082838595399128e-01 -9.000870977403312434e-01 2.036132968777662755e-01
6.486250298302140282e-02 4.374468014235778912e-01 -2.862472674595400446e-01 -8.595103113528998473e-02 3.334252520978635004e-01 6.968268880356711659e-01
2.952553002671530757e-01 2.567596094219683489e-01 -1.208552056318778628e-01 -3.194712299060596949e-01 -2.882545463061984559e-01 4.492946546304181221e-01
-1.247821321038225795e-01 -6.405020474785200202e-01 -2.643702156231855227e-01 -2.812887909208163784e-01 -2.457138396518435131e-01 6.409738828868462024e-01
-5.968821757816993728e-02 -5.213268202479294233e-01 -5.080503643821909776e-01 7.432470780104538655e-01 -6.715816768596405417e-02 -1.220118350511693595e-01
1.043074118711470183e-01 5.170904425950006988e-01 -4.554557533271010317e-01 9.777852313595317701e-01 2.226942184747064957e-01 -6.768344631494449537e-02
-4.345959437471593190e-01 -9.660596784249253499e-01 -3.739689694164920475e-01 5.169944335301808191e-01 -1.221911977041310493e+00 -2.036300274041573932e-01
-4.980430864726366758e-01 -1.807751953553708713e-01 4.782450057970723534e-01 -5.284598962156002999e-01 1.884924326916470882e-01 -4.505801858087483125e-01
-6.815851689402661062e-01 -1.909496076473556070e-01 1.359192894836040999e-01 8.292956119797600945e-02 -5.982137947293834079e-01 6.355722783889703464e-01
6.151739371318080130e-01 -7.054641099152174633e-01 -4.672108010102752479e-02 8.986463421056618550e-01 1.516043055341881329e-01 3.834848320589339665e-01
-2.958715435680914219e-01 3.465419438001268726e-01 -5.088143619494366332e-01 -3.708137069849840595e-01 4.835243866408215352e-01 4.789201583017245190e-01
-3.203755091051857518e-01 -1.717928724929198847e-01 2.856363402266393070e-01 3.350244555464443330e-01 2.326118722002560035e-01 -3.522568238724043121e-01
-3.288991909769085620e-01 -1.770871954906786949e-01 -3.926371986521139945e-01 3.484317715963078932e-01 -7.036125036979499203e-01 1.211661362503347883e-01
7.503590419811557721e-01 1.315200975059099275e-01 4.604845332735683916e-02 -1.271365907508116289e-01 5.731715451954129126e-01 2.329853766199216358e-01
1.143354546484412065e-01 -3.513111700684253824e-01 4.872555151808296570e-01 5.228701577927015176e-01 -1.751241532892555686e-02 -3.622606928229907819e-01
