-4.167195767411564500e-01
-1.676078030466996716e-01
-2.161533884584315168e-01
1.023091745514717266e+00
3.618034831984029975e-01
1.583463335508134284e-01
-1.826002306726275115e-01
4.188721721691332500e-01
2.485037777845521934e+00
2.419824220006782767e+00
2.536013598542241065e-01
-1.026220651442695392e-01
3.646902206652571921e-01
2.473659440828313016e+00
2.880733035357720073e+00
-3.977785333157840553e-02
-3.394989586645831836e-01
-4.242291569628902081e-01
6.797532352564125135e-01
1.432215051604716960e+00
-5.159086943073766252e-01
-2.095335962816285980e-01
1.226678722952044276e-01
2.189704207547203740e+00
4.646446060536769673e-01
-1.307742700521156154e-01
-8.975801531314171744e-02
4.176609037264822355e-01
3.187661975149497451e+00
6.392829816535710030e-01
-1.376300487421568686e-01
-4.474667414539904020e-01
1.230631700873495021e-01
1.970469547588637349e+00
1.174360271037284686e+00
1.530864404717471317e-01
-4.192592643723525025e-01
-3.080364836986957955e-01
1.039211920321272409e+00
1.763963679451697297e+00
4.021294538286618314e-01
-2.377890126282704644e-02
1.865505539670831436e-01
1.947173891249262656e+00
2.968507172387624848e+00
-1.481138809042414628e-01
-1.546625274316952847e-01
-5.014417438547595918e-01
1.782645468665751409e-01
1.202287046731917997e+00
9.896474784993926355e-02
-2.630608404063826677e-01
3.725486697931190139e-01
2.543387157514731989e+00
2.010721826045037464e+00
3.600517098377161163e-01
-3.002850281616886163e-01
5.021856024910000688e-02
1.701565503486257791e+00
2.275727438700924754e+00
7.886979601186552488e-03
3.821040809183365861e-01
2.126782225069823729e-01
2.133815977698994004e+00
4.884432573016447954e+00
1.179341083897746112e-01
4.462600021634603453e-01
6.216441068280840337e-02
1.808619960338485599e+00
4.603871533062859456e+00
-3.135464252418949105e-01
1.145184377080652079e-02
3.372879664793020926e-01
2.678369770720550935e+00
6.232781711834001648e+00
-1.558188020689474200e-02
2.177999225079928491e-01
-4.700704873895686919e-01
5.155089932989215251e-01
4.730806396604357644e+00
2.152878654494899680e-01
-2.981708120448018362e-01
-3.427564437699925914e-01
9.522651424725178115e-01
2.183834630142482691e+00
-2.005589192177022542e-02
-1.891647024492513485e-01
4.140440105780541225e-01
2.829122164653838478e+00
1.631346773944465145e+00
-1.345548109514021207e-01
-4.743761036426605848e-01
2.202814395443793496e-02
1.673179983105314017e+00
1.073175707912016552e+00
-3.091502937532559225e-01
-3.880332733742717921e-01
-2.933617459719624343e-02
1.598200575712519500e+00
6.358399871974007578e-01
-3.002608939968841040e-01
-3.496794028429430767e-01
-3.476631331055344831e-01
8.875887260354823338e-01
7.646774577192750888e-01
-4.766529156745153983e-01
-1.355178516433852010e-01
-1.264071732121975211e-01
1.289931957639407711e+00
-6.710123179257289350e-02
1.299174608024720179e-01
1.742849778685401363e-01
3.834469885769990483e-01
3.745598983823811512e+00
8.919648354658999967e-01
3.310462054057006775e-01
2.281306046803023013e-01
1.352671231949431341e-01
1.859592905241826521e+00
3.909791550233967516e+00
3.361935626874405780e-02
-2.940680145588913663e-01
-4.358217015560529872e-01
6.226210879108784457e-01
1.664501060490353179e+00
1.935108421161469694e-01
-1.454693563011892898e-01
4.023968616842200641e-01
2.499453920153991149e+00
2.588014479383523803e+00
-3.788918223505213789e-01
-2.426422442374601418e-01
-3.132461910315835762e-01
8.411633598158064773e-01
5.132280150011122588e-01
-2.430691627536008328e-02
-4.552907811807043736e-01
-2.654912527517926391e-01
1.124735181747652746e+00
1.373080107771785352e+00
2.045187367974333759e-01
3.556154907161382939e-01
-1.497391635917454666e-01
1.394181803707058132e+00
4.387008137972885358e+00
4.028824831261517136e-01
7.685034885973948682e-02
-1.671253829290624826e-01
1.426998264384845561e+00
3.567442666074312374e+00
-4.179853706819661174e-01
1.675378501006258569e-01
-2.353233531273415946e-01
1.045706401628874405e+00
5.981445268361227363e+00
2.088440520013216950e-01
1.316638538878517339e-01
3.970814393663276709e-01
2.517470771016673048e+00
3.731102324254587099e+00
-2.638301769283509235e-01
9.282354369004350292e-02
-4.418704333168088638e-01
4.412328458424599198e-01
5.945721273906079851e+00
-3.520542222641249164e-01
-1.935481570069745028e-01
-3.008402243940460630e-01
8.099296827094518703e-01
4.413468218654776898e-01
2.245832924989571433e-01
-4.117405899235399569e-01
2.184033635552472350e-03
1.589903227697298638e+00
1.973548282804607812e+00
8.339686096454695940e-02
2.431380916404433379e-01
-4.690808927311330701e-01
6.099807482757626520e-01
4.367076750827385112e+00
8.521625576615775299e-02
3.549821543106725930e-01
2.931069072464031477e-01
2.271246465510900148e+00
4.488168650928470171e+00
3.613705116778960780e-01
-1.196768946281990126e-01
-3.759482937367330524e-01
9.380069782045165061e-01
2.794344543969542904e+00
1.963252821272636062e-01
-2.399059300708668019e-01
-4.031674162367792635e-01
7.765514617484414739e-01
2.225556982689016472e+00
-1.346515759651820306e-02
-4.678902135632194148e-01
2.773373393097121678e-02
1.718999176690009234e+00
1.424296096467765560e+00
1.411681064464301860e-01
2.668858581559442888e-01
-3.742404350435725724e-01
7.993889644771606795e-01
4.314210637475447641e+00
-3.194215837030683347e-01
3.256945093959056070e-01
6.066218854856346432e-02
1.965187262341610230e+00
5.662883179912880927e+00
-2.978674208007624502e-01
-1.343175343959209789e-01
3.015762854658172176e-01
2.550201949117284261e+00
4.485053792471240808e-01
1.356622417551356652e-01
8.057886255043558710e-02
4.358372431288707882e-01
2.563741376888707180e+00
3.544954744218769438e+00
4.102344661273978066e-02
-4.464232639759599941e-01
1.228802601472292755e-01
1.916368515197822697e+00
1.450717160631684655e+00
-2.393475648745575501e-01
1.021093020497960135e-01
3.482037036894386484e-01
2.777833701532541610e+00
5.657707808126381188e+00
-2.993997429254476733e-02
3.223395537316431914e-01
3.148453159934135326e-01
2.408792374569463934e+00
4.807709690025778748e+00
-2.224250484989209187e-01
-3.725437519457930891e-01
1.348196794711045976e-01
2.071848981116728439e+00
8.993612281043793510e-01
-3.150321487966921685e-01
3.028758561612079347e-01
-1.177854440511979517e-01
1.466261419917787467e+00
5.747202735048247746e+00
-4.651549503107281769e-01
-7.776702843929096665e-02
-2.043547301316522291e-01
1.046816530748953422e+00
6.773324970247797394e-02
4.152865617898078288e-01
-1.060343300650111176e-01
2.068771456029856737e-01
1.953429126493518853e+00
2.794166356708478904e+00
-2.358701898596286817e-02
-8.745909436298768269e-02
-5.185682570415328652e-01
2.552167576667431215e-01
1.741560427231664487e+00
3.276716993901137576e-01
-2.781086090185258541e-01
-1.688263741709296328e-01
1.457585250675388133e+00
2.616468983374843127e+00
-1.568104469509447596e-01
2.906085375141277405e-01
3.311580971451589250e-01
2.469106680007212340e+00
5.205565489398914281e+00
-2.183177495251461264e-01
-1.630778870911531175e-01
3.547822275186506835e-01
3.572898784081066648e+00
3.802545024679725660e+00
1.997746429466918106e-01
1.701217003386376325e-01
3.576726285058370314e-01
2.421499671709816948e+00
3.860493795208146395e+00
2.360899123599427898e-02
2.755462195386096380e-01
-4.116883100464859280e-01
7.245292353998241675e-01
4.561003511551217748e+00
3.835774886365365677e-01
1.461913223135272166e-01
-2.004963020039367549e-01
1.332138036161195194e+00
3.709402274176497372e+00
-3.459952239720016087e-01
2.952523058455789329e-01
5.611048091061790477e-02
1.825602490824772772e+00
5.718862802777044507e+00
-3.270082853848777504e-01
-3.781933960262208461e-02
-4.034753105148434216e-01
6.071121101062840753e-01
1.327948224449346584e-02
4.539723337418951066e-01
1.005860807487266029e-01
-1.243258529578076255e-01
1.566916885889606093e+00
3.604024655352843887e+00
4.241310321392410265e-01
4.831612001335278128e-02
-2.806674413159510051e-01
1.208303175074928681e+00
3.429301357450138088e+00
-4.781177635840891393e-01
-6.635575503734590652e-02
-1.166905014047043831e-01
1.530142500015149842e+00
3.776323065981628813e-01
-1.302069048145785279e-01
-4.164998239760605014e-01
1.865385079364008103e-01
2.117853068236481562e+00
1.170042195560444975e+00
-4.517406328150839340e-02
3.891191830042064169e-03
-5.179571494007189081e-01
-1.984370648979426610e-01
3.314477022997538991e-01
-3.061727312704966564e-01
-3.726084840628257622e-01
8.229349758615844834e-02
1.850100658279808741e+00
6.610580788522887330e-01
1.286834722600777858e-01
-3.488045385269078480e-01
-3.686464062838726297e-01
8.717147247649588149e-01
1.912636249680176315e+00
-2.979350720678528575e-01
1.497215376449079483e-01
2.784999339097796178e-01
3.878946369438548647e+00
2.682188573338841753e+00
-1.674080326774865790e-01
8.550185365274602656e-02
3.565944032694483568e-01
2.928604207356455991e+00
5.556217332162869837e+00
1.191984483979927206e-01
-2.190027464401038751e-02
5.018783878802569598e-01
2.643745783825039553e+00
3.036016782177767492e+00
1.463928770481442709e-01
2.750527629092081594e-01
2.924186212260666551e-01
2.303034295377098140e+00
4.263246104264829306e+00
-4.836668215680728355e-01
3.465737505645565680e-02
3.839512223006595615e-02
1.466418809117857380e+00
-1.926282054835346258e-01
-3.627981880020588745e-01
2.418935248977188979e-01
1.292967371365980889e-01
2.037268591275902097e+00
5.794497785062612927e+00
-6.674890498391433669e-02
1.611734513478791098e-01
-4.963436410143188815e-01
3.790622035490306962e-01
4.953590126152631612e+00
1.392209074874141972e-01
6.415972808056662202e-03
-5.530193642249973118e-01
4.479718877000044008e-01
3.588124952761948983e+00
-4.040525616767635941e-02
-4.674914741341568702e-01
-9.817654074024237398e-02
1.445354594655125613e+00
1.304827180269218401e+00
-5.133024870958085434e-02
4.077895452029359769e-01
1.595816704813176057e-01
2.030608481490836503e+00
4.925319637686127017e+00
2.210689905823179924e-01
-2.890387115598595513e-01
-3.973861940385433611e-01
8.943038090084657332e-01
2.212373790957779196e+00
2.832451561559773956e-01
-4.231842130181254213e-01
-1.058542062220845098e-01
1.388036976695510516e+00
1.941120612714310800e+00
9.280566115057600762e-02
-3.684109591585873478e-01
2.943771036590998591e-01
2.262054746054710908e+00
1.755293344552287804e+00
-2.600650177787358075e-01
-2.310380935232607125e-01
-4.587536006354360207e-01
4.981286983038183958e-01
5.502669625315141644e-02
-4.168420592619392351e-01
2.203883273982208957e-01
-8.525800060689356363e-02
1.570690907008606807e+00
6.016279017088995040e+00
-3.898783578736511601e-01
-2.615764205967464062e-01
-2.511348309847467042e-01
1.010793169538696246e+00
6.108515354564116873e-01
-2.718243713421227836e-01
1.326107183021625613e-01
-4.177940179266625420e-01
5.342560087647995060e-01
5.772295219949334033e+00
-1.808403760747689382e-01
-3.079031829725875635e-01
2.463481983309217249e-01
2.314448544370990568e+00
9.290066770044713707e-01
4.629792015060220089e-01
-1.694780350036372008e-02
-3.694880142802409173e-01
1.080963862546977738e+00
3.023070028557061750e+00
-2.494009437902299231e-01
-1.770938490424097400e-01
3.339894118422614966e-01
2.647238082168764439e+00
5.198097297300401376e-01
4.963410640908519356e-01
-7.395675119132989750e-02
-7.926471356002192173e-03
1.629396127836646668e+00
2.729371214706381998e+00
1.025708745977673142e-01
3.530359143477520001e-01
2.277706725674188415e-01
2.125708956043319553e+00
4.557545205627389073e+00
-8.648578750404799231e-02
-1.998871710899832455e-01
-4.836589729785409908e-01
2.814741878371206929e-01
1.208790298394366802e+00
2.988836046805233293e-01
3.375363773681037682e-01
-3.388139901329129035e-03
1.682469629400675348e+00
4.162146927548969089e+00
-1.066664163052993830e-01
-5.001691666474715747e-01
-1.818735210062805141e-01
1.212112830065563474e+00
1.104424082119256800e+00
-1.473475065062618272e-01
4.226120058801808299e-01
-1.927841482493621028e-01
1.226572435365549607e+00
5.168913815648323862e+00
-1.028178368204682308e-01
4.071747510445493101e-01
1.752946461453144811e-01
2.057913086864676888e+00
5.048276667234669723e+00
-3.821504357099921728e-02
1.891389516539460081e-01
4.095669578187276505e-01
2.683989980680672183e+00
4.650165482534236006e+00
2.220852965398066314e-01
-1.991651772173555490e-01
-4.250172329626935031e-01
8.550917579849603989e-01
2.749503053582721179e+00
-4.287430675514601608e-02
2.516706831754528251e-01
-4.590962052109034408e-01
5.747390118699975403e-01
4.827338748081559494e+00
-3.878713706325800370e-01
5.636733530508711287e-02
2.591119072399291623e-01
2.485510064628292604e+00
6.052120468527580677e+00
-4.437552010624442600e-01
-1.561921680659806855e-01
2.937927345726814785e-02
1.852667896021870542e+00
1.095437598102310950e-01
4.780124562733904514e-01
5.293681033630385363e-02
1.799193533431357392e-02
1.537384673285194570e+00
3.403576423932186845e+00
-1.785182804428366975e-03
-3.953373505288322876e-01
-3.533723138604067393e-01
8.858947327682974437e-01
1.557002020097817407e+00
-1.417797126695662935e-01
-3.056546717469335595e-01
-4.513458084179813867e-01
4.875382279727524804e-01
1.226131378880036760e+00
-3.261359421300316641e-01
2.271698612172640130e-01
-3.081186740534491708e-01
8.859840815576598416e-01
5.672286709720774311e+00
3.881668915645968276e-01
-2.613860733011700854e-01
1.168337545975070557e-01
1.692368093324373213e+00
2.768389373818979315e+00
-3.857361297016476120e-01
-1.437746635735395462e-01
-2.407058873851282699e-01
9.270974299785587069e-01
4.848706373016155591e-01
-2.774076741311472527e-01
5.212901761224392194e-02
3.260830772598545813e-01
2.607504940677575878e+00
6.037971281502585441e+00
-1.009554539364614090e-01
4.196992573996343179e-01
1.026525976465508389e-01
1.916953567342483122e+00
5.043687502413651380e+00
3.932660449170629069e-01
-2.561526006996667770e-01
4.914684775625774438e-02
1.673633033560209649e+00
2.472646497433569568e+00
2.834528850885273399e-01
3.556300874336871809e-01
3.865127734776806212e-02
1.741261404516074141e+00
4.228966767702780238e+00
5.572704950523842821e-02
-4.779976891694340813e-01
-1.015830126966183744e-01
1.421173091471395589e+00
1.541821973241761512e+00
3.874350769138455997e-01
-3.407068302205819577e-01
-9.334269093874705825e-02
1.418656999494091853e+00
2.252345842306471724e+00
1.733774532741770291e-01
-3.699251438958768845e-01
-3.358074431390651315e-01
9.855762793896559737e-01
1.987323476922372878e+00
-4.593630806562938873e-01
1.487802457763627018e-01
-6.664872401544809366e-02
1.388006010087050157e+00
-1.714625218783499272e-01
-4.806658891153706148e-02
3.139504942146014166e-01
-3.710171507769493560e-01
7.404597790165430293e-01
4.961106316827219587e+00
2.947225010990261462e-01
-3.536736151599880196e-01
-1.700064340734395996e-02
1.534793497774912696e+00
2.147400585312938315e+00
4.228203558037728627e-01
-4.324394081627265518e-02
2.045625726823408486e-01
1.957628086824215519e+00
3.303663152521268742e+00
5.589193576308702088e-02
-1.817713793934789268e-01
4.121835535055951572e-01
2.652774059419060748e+00
2.147505132428277008e+00
-2.980731349273714192e-01
3.416752198333235235e-02
-4.259029390238762702e-01
5.802541878061485692e-01
6.094037154609803331e+00
-1.008892561514062869e-01
2.880768825492799334e-01
3.384798942360722762e-01
2.491792719604912776e+00
5.044146130093230873e+00
-1.748709753703688585e-01
-1.953193463937749619e-01
3.673488603218436066e-01
2.709827640507196378e+00
8.210021846622342911e-01
1.167425603880553608e-02
4.551689055422369901e-01
-3.508118452005248161e-02
1.526676069002761649e+00
4.797386762108991398e+00
-4.716458637601061987e-01
2.140524324710892275e-03
8.931538866761205842e-02
1.635313946306012678e+00
6.365334287345285169e+00
-3.838384835722828958e-01
-2.094487734662515144e-01
-2.238459115698187840e-01
1.016460785634432984e+00
5.021099656940374301e-01
-1.558248182144212068e-01
-3.888375878120011730e-01
-3.341403021432254872e-01
9.796979262216265472e-01
1.158212664276288217e+00
-1.231302025796802840e-01
-4.741546836350241101e-01
-2.291464702938590392e-01
1.116134723967713294e+00
1.191209371777936177e+00
3.764688883229018179e-01
7.085671668549330116e-02
-3.378951838414716580e-01
1.095997498855536989e+00
3.175572940696052893e+00
-2.615971606136217598e-01
-4.124742267124795192e-01
-1.293823043998554856e-01
1.362266271020799557e+00
7.905024899812604922e-01
-8.030807421060380535e-02
-3.749187950903233868e-01
2.847641006463387803e-01
2.318034374631711803e+00
1.312236975250448801e+00
-2.348777245002459935e-01
-1.124981552188038525e-01
-4.356663086306058474e-01
5.070069175776449333e-01
5.321128811194996144e-01
-2.968071767047025245e-01
-1.985460314947016525e-01
-3.716755714187181536e-01
5.956169481418086553e-01
6.759722119704973942e-01
-2.233008184041827271e-01
-4.525480033135900748e-01
6.406532362643636846e-02
1.853410071190750186e+00
9.800949523321300649e-01
-3.533860057299966217e-01
2.910464363579402525e-01
-2.421498294182264643e-01
1.046585111860732553e+00
5.726205205986008906e+00
-2.941218433088998996e-01
-4.396434390321032892e-01
5.527583678268287171e-02
1.854959735494031703e+00
8.578526990979126188e-01
-3.823638352111533023e-01
2.983811377442973645e-01
-4.880858171917556998e-02
1.626056664968298593e+00
5.785620642513644718e+00
3.560094587953108181e-01
5.436886277668563638e-02
2.900139594018165679e-01
2.140844850657004805e+00
3.097053369407538614e+00
-4.532817091686051625e-01
8.585259292791043439e-02
-1.210783972501389416e-01
1.221000915435870304e+00
6.151091383489148079e+00
-2.942705348237242280e-01
-4.295347469527471818e-01
1.141336595771762913e-01
1.990615468100302765e+00
8.129126094340652919e-01
-3.166632375023395451e-01
-2.226103360361442185e-01
1.683982046024285750e-01
2.257698417896935261e+00
5.180558763185305615e-01
3.664400648639316027e-01
2.085020285322008449e-01
-2.248933562100920158e-01
1.200652726053804464e+00
3.923557315060118178e+00
-1.015260069675334373e-02
-3.119053392795063107e-01
-4.296176788315480555e-01
6.848140211135324007e-01
1.520557229891931206e+00
-4.679218378029839642e-01
-1.548840297819052969e-01
-4.856684123218540927e-02
1.743446686249318089e+00
1.393516241669271460e-01
-2.472276247507692870e-01
1.866426895246046658e-01
2.507318794717983690e-01
2.449407700925952280e+00
5.558836748771067704e+00
1.421113780479713318e-01
-4.703100616960222413e-01
-1.290545193049485728e-01
1.360781616303655461e+00
1.560701788262655487e+00
3.814298249179170486e-01
9.721653391415781276e-02
1.737565523674502177e-01
1.975808498585537976e+00
3.582600871140991572e+00
-9.643922909424282319e-02
2.721460404283900236e-01
3.717784969013337437e-01
2.535703524737190850e+00
5.014671728579698673e+00
-2.076581129729842545e-01
2.491708990294042858e-01
-4.080885764416357087e-01
6.943004348826071759e-01
5.335817792766925471e+00
3.403744680293998015e-01
-1.406557467339017986e-01
-3.666473903791551692e-01
9.553296838526774692e-01
2.683806752280540664e+00
-2.045813402534888137e-01
4.192722989687212576e-01
-6.782766609772379607e-02
1.465674400487302353e+00
5.303673378901986091e+00
-1.010616273802577431e-02
3.775517826894159157e-01
-3.009200028424461881e-01
9.881984912026839929e-01
4.823165759457615387e+00
-1.838917042117060863e-01
3.446186146465405886e-01
-2.456533844593573046e-01
9.966366863123131692e-01
5.302523369438278955e+00
-3.853011906650064856e-03
2.886016375500033426e-01
3.229989422590657799e-01
2.436916192493409739e+00
4.722856055275039822e+00
4.190140895266863397e-01
-7.176849554489890537e-02
1.984214543543496578e-01
1.935969178889789477e+00
2.866335655892688905e+00
2.541380205758602684e-01
-7.879930311180471936e-02
3.783458662838228292e-01
2.356927768258498368e+00
2.853143537967377075e+00
-1.888224518672433905e-01
-2.906695907808812609e-02
3.949554923285465979e-01
2.953652062540585543e+00
7.546809678057544990e-02
3.764356851303162221e-01
1.413498966660106104e-01
1.003852605001091108e-01
1.766403470522078578e+00
3.321174883707682657e+00
-3.988599276856136799e-01
2.667750674917813147e-01
8.221619849140250624e-02
1.936114499194339089e+00
5.791506963549389653e+00
3.511863394035339980e-01
3.410306565511320859e-02
-3.468846768254747470e-01
1.056327184645305062e+00
3.376260455290775564e+00
3.104259972265572265e-01
8.058081502298272691e-02
3.453776365401802217e-01
2.264291949871239495e+00
3.451376331909131512e+00
-7.488006654258076711e-02
-2.607861651364208888e-01
3.818205073206107913e-01
2.625872169013148572e+00
1.318300231810826117e+00
-1.493792517985564061e-01
-4.371079894675224398e-01
-1.561689367228766279e-01
1.354416372678955094e+00
9.738340659970659008e-01
3.136488901835236542e-01
-2.480263245801163363e-02
3.520383348276814872e-01
2.252810172296719315e+00
3.184504140674813577e+00
-4.218518051996409390e-01
1.234062765225705655e-01
9.208006761703953214e-02
2.137137209884207856e+00
5.928323514521214754e+00
2.617466316040688024e-01
2.499989516283635804e-01
1.850277966036900368e-01
2.037232252353350592e+00
4.042706253197176025e+00
1.829768268568219836e-01
2.732068746652534519e-01
2.566384944714435457e-01
2.245497434434970518e+00
4.180136839168636875e+00
-2.517123748810489725e-01
-3.510507299837165585e-01
1.690920781213757496e-01
2.135295423181615249e+00
8.299515253986095020e-01
-1.110849692568056796e-01
-4.729569181765735375e-01
-2.075683274041566495e-01
1.210411141014130498e+00
1.179260570289355270e+00
-8.655116432692233630e-02
4.333107149550891046e-01
1.486309003237676618e-01
1.983740681246808801e+00
4.998833046073527520e+00
-9.591122357675847809e-02
-2.401944633750539067e-03
-5.172103099487204148e-01
1.679231837123737747e-01
3.095497951615076460e+00
3.505701311582289093e-02
-4.851705714151804405e-01
-2.294297578722678810e-02
1.592828289590414226e+00
1.437008660485241895e+00
-9.898066168448789448e-02
3.405129611247872390e-01
2.917380518494617769e-01
2.358433993915152183e+00
5.011429573044863695e+00
-2.668750547337340739e-01
3.543261813755491652e-01
1.129962071162780718e-01
1.925813897006332320e+00
5.414682993908895625e+00
1.158091891253325428e-01
-1.811323693769550658e-01
-4.977110378832362847e-01
4.909814275065676470e-01
2.275596933285532586e+00
1.110494026951596991e-01
-4.790938841289870687e-01
9.750063826648042165e-02
1.841489159839706957e+00
1.685438356887783096e+00
-3.938870003481705906e-01
2.369159703031308364e-02
2.186338586466170242e-01
2.331339431698753906e+00
-5.489809752047061786e-02
1.198972916002920969e-01
-9.359556207267141770e-02
-4.836272412506318341e-01
4.356378084298523357e-01
2.795542474593665006e+00
-6.543522461125243772e-02
3.720752739661576519e-02
-5.292137886519685530e-01
-2.866909950471734359e-01
1.565692387532326979e+00
-1.497520669339578447e-01
-3.886980712928173043e-01
-2.099646121442833302e-01
1.231815568016537021e+00
9.842263503093220400e-01
1.783082554888812121e-01
-3.359250483373642515e-01
2.451229074324688950e-01
2.148454760440120737e+00
1.993230834436716892e+00
4.304014092187580798e-01
-7.943018820331652907e-02
-2.183901426028974913e-01
1.217336674369446703e+00
3.229145393155759436e+00
1.773445426263467462e-01
1.749504849793638295e-01
-4.588586287782035478e-01
6.685217981747103577e-01
3.955902883329771136e+00
2.095681938462142305e-02
-2.183586366767996667e-01
3.973365172456949090e-01
2.693123619136703617e+00
1.802157095785833496e+00
-1.598871853515087260e-01
-3.383381295529641064e-01
2.807971341696318679e-01
2.343799020054298854e+00
1.045160916838822285e+00
3.627459519875838034e-01
-2.870018332994063170e-01
-1.256642436957136899e-01
1.551997490905909771e+00
2.336108863562856630e+00
-3.439363855954076787e-01
-3.511463824651662735e-01
-1.371674347645939762e-01
1.255909179787908725e+00
6.331060701434914062e-01
-1.508888556130505987e-01
6.984320137711812204e-02
-5.298649023593340335e-01
1.069941667664479207e-01
4.494808680823838110e+00
3.233077095573633764e-01
3.146845702611406614e-01
-9.444319950141426279e-02
1.494807039273107208e+00
4.178095498842659516e+00
1.763568924329536602e-01
-3.741374494640133941e-01
2.156527735707740867e-01
2.137594325703207065e+00
1.934222052354093169e+00
-5.892331479613039935e-01
8.503760582394412348e-02
-1.262454739425988570e-01
1.596877475222936660e+00
6.290566141776987585e+00
-1.000682986419347831e-01
-9.504238224200409202e-02
-4.906291047150782014e-01
6.244772248273018633e-02
9.853063853453326582e-01
2.004980727472705226e-01
3.803378241826734230e-01
9.361955671130771373e-02
1.842099164794362087e+00
4.421974068091080845e+00
-2.035345098709491485e-01
-4.835634915726310101e-01
-7.888412742635870362e-03
1.716964779356012105e+00
9.689666331128393706e-01
1.564806653688084470e-01
4.165008999635071429e-01
-7.481199899795137886e-02
1.503517072537154275e+00
4.544667929587750344e+00
2.711290648084168642e-01
-1.920674233226394023e-01
-3.658694499257243438e-01
8.823605855996567993e-01
2.632962472093395512e+00
2.407903973266881659e-01
-3.896903015487303001e-01
4.137905871868650248e-02
1.701021627829275351e+00
1.886309355017840028e+00
-3.587927600476700785e-01
-1.298923902034822275e-01
-3.191013543432743571e-01
7.315296573342926489e-01
3.800223339307560178e-01
-5.142787566135274130e-02
-3.568664161993701511e-01
-3.818318342393730580e-01
7.563425358947085675e-01
1.419698608470495449e+00
-1.200486331073276174e-02
1.940016692971424303e-02
-5.540962197487073748e-01
2.742602483347422182e-01
3.818593124290376117e+00
-2.987314658872046169e-01
-3.940198899767922147e-01
5.327223436995276451e-02
1.755144315116695886e+00
6.204701275191453202e-01
-4.297541491008342041e-01
-8.435239993390437896e-02
1.848113481063151375e-01
2.255630877994392325e+00
1.313823039831104045e-01
-3.203303420347889396e-01
2.698424364477172155e-01
-2.497874957467171309e-01
9.657229378785796570e-01
5.638324254095048893e+00
1.292692412227710030e-01
3.935291266563941681e-01
-2.389085241122719805e-01
1.177425537540652378e+00
4.492170970971486987e+00
3.748729927844212106e-01
1.843241127096151288e-01
5.654617654442629232e-02
1.670758040496306052e+00
3.362115513139465772e+00
2.882296908398533919e-01
-1.287836819994669368e-01
3.097675151670092331e-01
2.317685391901159964e+00
2.757080631180875763e+00
2.926294464523497285e-01
2.512886027921673038e-01
2.425405830446686339e-01
2.105110372775397032e+00
3.935332916301802708e+00
-3.595375117005299853e-02
-2.274821839611537444e-01
3.952375013196390841e-01
2.704715874085059646e+00
1.478258800732674461e+00
-3.269722006479147125e-01
-3.885202898049382875e-02
3.256546610776883122e-01
2.592875859814232520e+00
1.584759721884148632e-03
-4.519293920138380168e-03
-4.133502459558696107e-01
-3.196158457488889049e-01
9.078592815007271444e-01
1.453697016653560992e+00
-1.817373992269785410e-01
4.174524868470598782e-01
4.536721608278725809e-02
1.792465317845347572e+00
5.221304551666410276e+00
4.693121422549147992e-01
9.632824613718135587e-02
4.458535204677414876e-02
1.951165438443001277e+00
3.149282818257168604e+00
-2.713896351937317708e-01
-4.815512022213880999e-03
3.760063634087795759e-01
2.726118276676178453e+00
6.191508991454220734e+00
-3.137094139391635172e-01
-2.938523495517704198e-01
-3.375438798799491602e-01
8.781925760805641135e-01
6.489425172400249409e-01
-2.701118380184570622e-01
3.851758093374040848e-01
1.405960928377264219e-01
2.037780459772457586e+00
5.466137995769019930e+00
2.369035328462995860e-01
-3.993975778182168312e-01
6.606251363814992505e-02
1.769635583179190119e+00
1.977816152685722972e+00
-3.622952818710962752e-01
-2.802876193955952666e-01
-1.907837016779364292e-01
1.156051725080280423e+00
5.394946762792783845e-01
-3.539559583908817308e-01
-3.394356682371521550e-01
-8.434606950184382612e-02
1.371563292455155070e+00
5.841280518704231595e-01
2.521942470771690870e-01
2.516637733248784994e-02
-4.621556066668221496e-01
7.501148687542362747e-01
3.321955026630039942e+00
-1.929226028932734816e-01
-1.156924317475147845e-01
3.963472276797673222e-01
3.492745706539754025e+00
3.754516690220222497e+00
4.303401280629613745e-02
4.369433761605330258e-01
-1.711357192720155684e-01
1.262306316856987243e+00
4.744631804606205705e+00
-2.644678222466558329e-02
2.675584480251642638e-01
-4.170058905228876678e-01
6.669714989469174293e-01
4.734290148127948683e+00
-2.413387488340058840e-01
3.695264543541209590e-01
1.098419686066529205e-01
1.885392882910019940e+00
5.575796427479832396e+00
-1.586038358847912666e-01
-2.766145989232740576e-01
3.162348174639246778e-01
2.512857049189654468e+00
1.089672876106569710e+00
-4.325119442433413286e-01
9.774264359170664607e-02
1.359570113141831682e-01
2.087226453289374728e+00
6.139925517540776312e+00
-8.777887133482407955e-02
-2.359643008172344070e-01
-4.938035583801975714e-01
3.407659999544211393e-01
1.300806110005534810e+00
3.871669793568206508e-01
-8.613945885452667373e-02
-3.596601453961216777e-01
1.032633497467593253e+00
2.858067479541081646e+00
-2.855917020012072038e-01
-1.739845084313119128e-01
-4.241329552595378138e-01
5.171636417893680226e-01
4.428404205734371990e-01
-1.743970340628356597e-01
5.532555877939081962e-02
4.088980906106774449e-01
2.908517502075510741e+00
5.676644452268845065e+00
4.009854019166960576e-02
-2.199707672356998045e-01
3.710008349284990570e-01
3.624759594794417783e+00
5.080820399917098662e+00
-3.958310601773805670e-01
-3.046578891775949538e-01
-4.810192420117479634e-02
1.699766410861660582e+00
4.726674841056815457e-01
-1.454882083794139525e-01
-3.977669595099938560e-01
-3.748142187723640384e-01
9.178233453393246366e-01
1.181886820618464728e+00
-3.961286660270391669e-01
-2.073252357661286779e-02
-3.213447988640137365e-01
7.272496660788487777e-01
6.478496819513888949e-02
3.031984717610848312e-01
-3.157202692678997558e-01
-1.375840408120778957e-01
1.416071921890879937e+00
2.456075188304984724e+00
-2.406680542997635952e-01
3.600596713088782264e-01
-9.419650011857320926e-02
1.507224953848683713e+00
5.540084768307845131e+00
4.388378559432445369e-01
3.915942906157738324e-01
-6.397427720186277256e-02
1.680419920529559130e+00
3.732391270010618101e+00
3.363857482492748074e-01
1.827335175654025978e-01
-2.350862066611192902e-01
1.174908857128149409e+00
3.803230998925097861e+00
-1.967647930179104165e-01
-4.227795018157802232e-01
1.474605110735814906e-01
2.027975699884156935e+00
1.001699445028479074e+00
-2.018826056729690344e-01
-2.388042057866689993e-01
-3.721618600247140196e-01
4.702427815892964991e-01
7.571345620296630052e-01
-2.040825998688281795e-01
-1.719258651276951155e-01
-4.350310625336963333e-01
3.666842104508125089e-01
6.784871509765318942e-01
2.657913965841317283e-02
-7.969769770319398705e-02
-5.305475889110320420e-01
-3.430338256313559819e-01
5.611595247808275566e+00
-1.610483554638184600e-01
-1.543899213852002218e-02
-5.245338977635185529e-01
6.576973540387737183e-02
2.773059831305533379e-02
-2.074773239190915441e-01
-3.100446741022510055e-01
3.249041605818109857e-01
2.443237510274138380e+00
9.862742110859955558e-01
3.072249965781716496e-01
3.433858196176793887e-01
7.272978036283550551e-02
1.854708708668551864e+00
4.232906798955300864e+00
3.528270383184136105e-01
-8.807210061441728133e-02
2.575989159025863229e-01
2.022242802333458656e+00
3.101341682394505472e+00
-9.780751314686945974e-02
-1.471513743689760179e-01
4.216327668200917089e-01
2.957797948034755819e+00
1.580724529378198850e+00
2.242921527604164467e-01
-3.823025390434548476e-01
-2.407781082712395493e-01
1.172808932301947493e+00
2.006367531790217207e+00
9.842765413742744773e-02
-8.681495388105855623e-03
-5.144521426892492144e-01
-3.707877600787044536e-01
5.475082741634720862e-02
-5.449432294060092830e-02
3.787761604049076358e-01
-2.734828312612272438e-01
1.025616538933596944e+00
4.982095061985138962e+00
4.093547389373018985e-01
-2.254312720640699597e-01
2.652284855523278154e-02
1.601670617559979304e+00
2.493648444701347611e+00
2.440529817392817213e-01
2.104437926059878616e-01
3.302245022263470275e-01
2.336769112945719318e+00
3.962996636418452123e+00
4.371602372403725623e-01
1.198457476756008833e-01
-9.516262862157279234e-02
1.529005653811169374e+00
3.813588622800579753e+00
-9.510189496886718025e-03
4.527109868947036264e-01
8.152764417990936846e-03
1.584750633922607621e+00
4.866584851029879033e+00
3.192451593426776646e-01
-2.506859297478785109e-01
2.146441846209103110e-01
2.040267767207021521e+00
2.382599257193230624e+00
5.593734053329044859e-02
-7.262572224432367607e-02
-5.156656226168117030e-01
3.227452182884859022e-01
2.802055706304341420e+00
-2.484407960719160202e-01
1.239360545791002993e-01
-4.360601056501654527e-01
4.643719103426487416e-01
5.769572892324754676e+00
-1.653339867073384817e-02
-4.787079163752884226e-01
-9.267896765518654489e-02
1.489935963372136740e+00
1.378589398737481320e+00
4.557961195812961774e-01
1.241991199821079195e-01
1.552510888054263183e-01
1.894461132622161204e+00
3.580890981479947222e+00
1.986203469553039225e-01
4.217066089398672779e-01
-3.825570290719700062e-02
1.572232562133548228e+00
4.479328369758361461e+00
-2.286782958417866440e-01
-4.208697816732278607e-01
-1.675569345393919662e-01
1.280733100709066319e+00
8.898825561028003150e-01
4.849221353344208146e-02
1.340895594367808863e-01
-5.278767082117453713e-01
4.226749402121509624e-01
4.225723195495813655e+00
3.500273974231722374e-01
-2.836019380730775419e-01
-1.665635575135278601e-01
1.387175413873691365e+00
2.294468116685503656e+00
4.412001877037519670e-01
-9.830550653987643606e-02
-1.732608961270948322e-01
1.470997378141558620e+00
2.787327735894165048e+00
4.246312636937730756e-01
-5.632717070923331376e-02
-3.208696776923066207e-01
1.116508244280524309e+00
3.307726232291959167e+00
6.296684289584743299e-02
4.355106158631928404e-01
-9.086572771187041708e-02
1.434875760235624353e+00
4.750715963279820819e+00
1.359815660372655499e-01
-3.022438983467966023e-01
-3.886055538245272722e-01
8.053737797573466972e-01
1.987403292174602543e+00
3.665945830317677290e-01
-9.581650506306059467e-02
-2.935325822714967003e-01
1.221281686211828532e+00
3.026962410633827538e+00
-1.771218236861469078e-02
1.696444532301714936e-01
-4.833902798888527474e-01
2.587501849078157057e-01
4.426274685009011556e+00
5.969358599290021383e-02
-4.815162619618738593e-01
-1.251170002175437390e-01
1.528359798790962953e+00
1.462017057685278454e+00
-3.485867768862868643e-01
-2.230562308516557402e-01
-3.036358289287325873e-01
8.769955117707641801e-01
4.231083837230594225e-01
-1.318950833112598198e-01
4.570512376349205597e-01
8.304753349056478995e-02
1.882950828069425375e+00
5.133010178007189062e+00
3.590413236529093055e-01
1.911013968031806398e-01
1.888998452270639894e-01
1.972391681848948641e+00
3.812043570138300641e+00
-6.337423824903788520e-03
4.436390149548947170e-01
5.556300742397984188e-02
1.702104532714467044e+00
4.921729164023567193e+00
-4.732569601710665541e-01
-3.355799234110661694e-02
-1.473008635561075530e-01
1.388502995960347874e+00
3.264900531005687223e-01
-3.398167507183140756e-01
2.586108202135145584e-01
1.586192002998191575e-01
2.129031400370839044e+00
5.665188521110175124e+00
-2.592445604911560175e-01
8.129742298534974043e-02
-4.050886871105637277e-01
3.244769140783504424e-01
5.890596491800984325e+00
3.077933659475127343e-02
3.472926180881265035e-01
2.569236130995349865e-01
2.182884956864631132e+00
4.661377468560171877e+00
-3.670642280828868564e-01
2.318802929610419561e-01
1.596135790555977818e-01
2.160358882304687089e+00
5.785661019856846110e+00
1.101565659252455726e-01
1.820964726713961424e-01
-4.772637835274339269e-01
5.280708838002114991e-01
4.138207278684112644e+00
-2.715113173006502012e-01
-2.660700181000263953e-01
3.087122825162853523e-01
2.442719169345260788e+00
7.373237008394543102e-01
3.014352716239510621e-01
1.733781002589453724e-01
-2.784148355734434310e-01
1.099458466562787340e+00
3.835748598413904364e+00
2.408721759887181568e-01
2.186203473347404086e-02
-4.713488662831541998e-01
6.641299396863691307e-01
3.199078461130266060e+00
-4.160214442465940410e-01
-2.098123311040451799e-01
-1.474574240145750670e-01
1.121334969667220127e+00
2.565150908007524655e-01
2.376844864383599321e-01
-1.714881964927249258e-01
4.028621591501968524e-01
2.402199300393585535e+00
2.531164902074581669e+00
5.909078463481280963e-01
-6.851254771635897911e-02
-2.947025110030168996e-02
1.432193651251933320e+00
2.873540462853299449e+00
2.537556063849343291e-01
3.764859209666890916e-01
-2.528134320897137879e-04
1.602132964283029981e+00
4.430809349430665733e+00
4.400600075470151307e-01
-5.761618211047037086e-04
1.641731351969243635e-01
1.863912263697706795e+00
3.428939157596997411e+00
-1.528209570362898395e-02
-4.209636092209637168e-04
4.465906119191209722e-01
2.857608903258309407e+00
3.240986838755480992e+00
2.180510532692856995e-01
-4.140727746504550555e-01
-1.138122941502080626e-01
1.465789967941345751e+00
1.896892894068310520e+00
-2.230500636462506014e-01
-2.163762580959352755e-01
2.952198214681497346e-01
2.575677172844105023e+00
7.395926213078126699e-01
-4.517220832085651339e-02
-4.061965243111728685e-02
-5.240174946458672212e-01
1.874330215991078241e-01
1.959820255781365095e+00
3.632465897506216845e-01
-7.204227495661078007e-02
2.759329435474959236e-01
2.070765059160422528e+00
2.963809270230405968e+00
-4.811417782015525724e-02
-1.772459456352655158e-02
4.592015017640361796e-01
3.388945636101014180e+00
4.952743797128414727e+00
8.261109887900239257e-02
-8.229079264147096118e-02
-5.597439426796230189e-01
-3.762588205458974877e-01
5.777951695328497728e+00
-1.220818858401887114e-01
1.241241866376673192e-01
4.242318661996538620e-01
2.810491634828670815e+00
5.011265627907576459e+00
-3.913575143265563550e-01
2.552673146969584028e-01
-1.503872997754992780e-01
1.238761558614675629e+00
5.858003199186527787e+00
-7.902619975291025334e-02
2.019290790219314402e-01
3.701091200609514797e-01
3.619609133810706592e+00
1.911168512456576263e+00
3.040848247037140073e-01
-2.085759009097279126e-01
-2.174986744639936798e-01
1.306989465226490843e+00
2.855170132039428044e+00
-7.297895870650203398e-02
-3.745625999537233186e-01
2.376539488598359562e-01
2.290901008207769429e+00
1.294418880350463041e+00
-4.724684841564641413e-01
-2.418005886114043060e-02
-2.421387692189863605e-01
9.315911225726503098e-01
1.377695102296923046e-01
-2.136796842001391639e-01
1.347648645340382978e-01
-4.412580324338696292e-01
4.335534579338276573e-01
5.603224559015639983e+00
3.583035444288097393e-01
-3.640134057363215714e-01
4.000746007139922150e-02
1.757154323835513399e+00
2.118676553883840796e+00
3.510132268894175511e-01
1.370428468064251726e-01
-2.261177113283803497e-01
1.251579864342499349e+00
3.725812435052568983e+00
2.384160680740828597e-01
-1.202906538146151783e-01
3.348858509012995199e-01
2.435666532024463926e+00
2.731049963368230582e+00
2.870920320402433473e-02
-4.387059569969540274e-01
-2.533110447229657836e-01
1.099561646003782478e+00
1.539271260314368117e+00
7.622987328620446645e-02
1.284939291595118271e-01
4.111772049684997987e-01
2.720245039284609145e+00
3.998748046643936238e+00
-4.598958472275156972e-01
-5.087821048133608220e-02
1.968700521624072164e-01
2.281976400531529947e+00
1.690693012448570010e-01
-3.056409434200216824e-01
-1.929123916178662745e-01
2.651228132114168967e-01
2.459063376618086938e+00
4.189847283558584823e-01
2.656884152184622871e-02
5.356091030769188216e-02
-5.412401990048300027e-01
-3.220783988962042654e-01
1.128568273674151579e+00
1.928801516279074757e-01
-8.339378924415555283e-02
4.255769955072044586e-01
2.560679369888493095e+00
2.669741940376002542e+00
2.237098889549830882e-01
3.293808127909416683e-01
1.057754326434759418e-01
1.807745300727088722e+00
4.321494993645283778e+00
-2.444821850446020628e-01
-4.364160558985398231e-01
2.074337342716720337e-02
1.487482426564594062e+00
1.015856826482177233e+00
4.239880986432084664e-01
-1.528125747354552033e-01
-1.393406907935388905e-01
1.495344952873413513e+00
2.714079077679776741e+00
-4.776378431635640021e-01
4.771322772525469352e-02
-8.804042175036007334e-02
1.741618078090234389e+00
-4.745169315483643846e-02
-1.895794454836435550e-01
2.224176877773482164e-01
-4.293520345950611050e-01
6.301594079392222048e-01
5.360753905837258415e+00
1.822413241031242692e-01
2.213540083944331438e-01
-4.454482479607783652e-01
7.216565064625205528e-01
4.044247907810990306e+00
1.520416455925656385e-01
3.888728647645964265e-01
-2.178025672307782046e-01
1.228729293035449199e+00
4.448186766831576655e+00
1.571355688207710238e-02
-4.686754164970018954e-01
7.805105123738917405e-02
1.817119928929619377e+00
1.490789092505168112e+00
3.287288791446936753e-01
-2.777690811825426209e-01
-2.279346556314012229e-01
1.181308525155263744e+00
2.308968040099529162e+00
1.581668961771067194e-01
-1.434845281025135255e-01
-4.708917518197595076e-01
5.818399605335833336e-01
2.472755849387734184e+00
-1.070482575831136485e-01
2.524946222880350977e-01
-4.347565901566379787e-01
6.126347325037641012e-01
5.049754248121339550e+00
-3.210492814492157954e-02
-4.649222329690337885e-01
8.005056109924935104e-02
1.826518766103463642e+00
1.391283288705965404e+00
-6.697306866517184487e-02
-3.550820185398800150e-02
4.343801190206296181e-01
3.196281359150110912e+00
1.269166297703505641e+00
-4.414820967996594958e-01
-1.261650117694244067e-01
-2.405252723398512149e-01
9.946315574228070666e-01
2.049186593646988852e-01
-3.948832131676269230e-02
4.949544765863250761e-01
-1.085006093117826982e-02
1.670337367623883074e+00
4.989786340007060339e+00
3.256177696085136297e-01
-3.067261407085495883e-01
1.356443193048939566e-01
1.904407038674645003e+00
2.228616740814543196e+00
4.115657534388195149e-01
-2.370317308123403577e-01
-1.734551964032742255e-01
1.298900017767973258e+00
2.417670403487999220e+00
6.775543862147072327e-02
-4.271437605156834794e-01
1.628268071495719560e-01
2.026034856496538250e+00
1.662986753437928567e+00
3.544696261097936285e-02
4.481700026829507633e-01
3.737393595254087653e-02
1.700905215985987651e+00
4.862536962458344547e+00
-1.082786179331603066e-01
-4.570941761195402298e-01
1.640666308337238311e-01
2.035915662166320139e+00
1.201922100609331689e+00
2.940617097800098945e-01
-1.119625101048751514e-01
-4.643224577179128620e-01
8.220753419389139616e-01
2.843958947084218369e+00
-8.997513656984830466e-02
-3.120960001700431308e-01
2.685979057983506335e-01
2.397411440092705348e+00
1.220393429988953171e+00
2.509714298856052794e-01
-1.866346172540786497e-01
-3.439757143952133500e-01
9.174327789292624491e-01
2.414155822385008587e+00
-1.789771329509702927e-02
-4.888688389904451981e-01
2.704634175755525616e-02
1.717653136153814097e+00
1.329444900732705159e+00
-2.455013373045680791e-01
-2.168017349005064986e-01
2.859157888731180264e-01
2.508854249163573247e+00
6.296303106154225171e-01
6.957569648079532654e-02
-4.456627390320241910e-01
1.447885322404982855e-01
1.951803681453079253e+00
1.624796280718417529e+00
-1.782830297721536839e-01
-3.971206452078406834e-01
1.813010354385881651e-01
2.113270487604450576e+00
1.013147999840614322e+00
-5.697991324668899571e-02
-5.284527288560444402e-01
-1.229586695048176387e-01
1.354060515423297639e+00
1.324442744065541078e+00
-4.570873081069261601e-01
-1.973861872699932130e-01
-9.230550429212765196e-02
1.733444575582139935e+00
2.199059028064117294e-01
-3.107637973175499807e-02
-4.252772686764790255e-01
1.609368836999702512e-01
2.048770194350721940e+00
1.439961207361657669e+00
3.072802996078643351e-02
-4.553455360777690641e-01
1.818101406740844361e-01
2.047664976781246704e+00
1.589112749775229760e+00
3.208535951044229062e-01
-3.847064898985455006e-01
-1.162493244781932361e-01
1.292682240493687740e+00
2.118020471365538171e+00
3.268879721355260615e-01
-2.295714125183334064e-01
1.521534616336457368e-01
1.948846073914165533e+00
2.428886497884685358e+00
-2.995959582305720570e-01
-4.078582935676709487e-01
-2.023623903196214713e-01
1.177613373825562748e+00
8.291288796319381538e-01
-4.677122038782458718e-03
3.057095828052044939e-01
-3.988586250420945722e-01
7.285971190371339778e-01
4.789238405651825126e+00
-1.307430128549546232e-02
-1.312887977175779264e-01
4.328001032867327957e-01
2.839353860149550712e+00
1.962794248869937919e+00
-2.232875367624167495e-01
2.469423788320312674e-01
-2.440271451536273617e-01
8.837674764521201709e-01
5.472507138747995548e+00
4.253367127505024436e-01
2.181620461158421120e-01
-9.721184793506121302e-02
1.476102332544992013e+00
3.882451547921482504e+00
-1.524315146226785656e-01
-2.089596250026882485e-01
-4.319129383845237147e-01
4.242150562805311331e-01
1.169594129081062972e+00
2.823459798920436303e-01
2.646248776203405373e-01
2.775245368591661710e-01
2.124060650787906290e+00
3.871879111563643949e+00
-3.330952786890287731e-01
4.374664632210235604e-01
8.162040618385781043e-02
1.858311046329412131e+00
5.418831245638752847e+00
9.524089219206866019e-02
-2.195508818932292716e-01
-4.544757948065437092e-01
5.484369870914254097e-01
2.011941498942058093e+00
-9.570712844833748068e-02
3.783233842659480817e-01
-3.174692090698724156e-01
9.291643214030815834e-01
4.992094819534446337e+00
3.799778067457346142e-01
-2.955897413546492714e-01
-6.648589035322469143e-02
1.582968538110979484e+00
2.315400990378778889e+00
-2.256143488353267237e-02
1.594199773065081358e-02
4.546226651775350791e-01
2.939294796561010781e+00
3.807469015691850256e+00
-2.708554785521603558e-01
-2.734912726901194135e-01
2.265470246029368251e-01
2.356193076040446588e+00
7.384120841092171039e-01
9.311077790652876052e-02
-3.702153462075488677e-01
-3.872310452222522126e-01
8.492378520052156210e-01
1.801062931046780502e+00
2.093622607845005978e-01
3.888203342956913500e-01
-1.822325445855383919e-01
1.318942206078601576e+00
4.513047255739702557e+00
-1.430083625857090368e-01
1.959119093041888915e-01
3.162406226304849688e-01
2.581517087636796326e+00
5.336341709962225899e+00
-1.593166790577078551e-01
-3.711071897258082508e-01
2.215168781530375552e-01
2.224885330111621151e+00
1.094178461502290478e+00
-2.437520766467647093e-01
-7.335227226098847697e-02
3.820580152494835735e-01
2.812497055104580479e+00
3.721645705558556672e-01
-1.668659010083492211e-01
3.265995679261344820e-01
-3.395476702071028030e-01
8.304665552018849484e-01
5.269455104793449252e+00
4.188208272921398190e-01
-3.416750480335949830e-02
-2.586611153974403554e-01
1.210748395891006579e+00
2.848237830551701766e+00
-1.173222972963191002e-01
1.151413675137174936e-01
-5.000055075604524779e-01
2.602364330045583429e-01
5.145985818617173635e+00
2.907905557179247258e-01
2.755372017392624384e-01
-3.511576832599217490e-01
9.856227818297756960e-01
4.005633898582705577e+00
-2.017198815594407890e-02
9.748676994611463198e-02
4.381099910474434145e-01
2.797755312080071111e+00
4.628404955548409916e+00
3.059361213365580090e-01
2.989806708699533910e-01
-1.714104351862785203e-01
1.398806521245996359e+00
4.058132328302507474e+00
3.261442963236597659e-01
2.543673702208040233e-01
1.927918901568086429e-01
1.995799906327637041e+00
3.948605039934416361e+00
-2.160864311360570778e-01
2.575543488343927101e-01
-3.903760297445552085e-01
-5.051126266137311305e-01
2.267783259460589118e+00
-1.134589862326441934e-01
-3.794352104855353569e-01
-3.243579951997439537e-01
8.990448710431647728e-01
1.272030325477504942e+00
3.476449969052645139e-01
9.165400496383688256e-02
2.505713785693429729e-01
2.062736530452690342e+00
3.441763504437430843e+00
3.631378956713922634e-01
-1.453950167799517856e-01
3.433029661026700263e-01
2.159367734310654541e+00
2.714873697678872766e+00
-4.612334809788824069e-02
4.871363024122413177e-01
4.894723009338963760e-02
1.767360072793143555e+00
5.038193405316832241e+00
3.336670231474073156e-01
-4.945629793854714601e-02
3.337589435273549121e-01
2.254416545207935663e+00
2.972572847714568756e+00
3.126040694206641546e-01
-3.429941909095338692e-01
1.129613117929931798e-01
1.880741070437210727e+00
2.126127042892744345e+00
1.030186837581060222e-01
-9.590281237576464557e-02
-5.631920552809202007e-01
-4.764406360876063951e-01
5.846140336647392743e+00
-9.035635397242838818e-02
-1.455883436355440153e-01
-4.840681720472396199e-01
1.711574653216401676e-01
9.894553185896579617e-01
2.683725255720284530e-01
-4.127189000819094233e-01
-5.072044196970205282e-02
1.506857754214944167e+00
1.992344167873572269e+00
-4.490951654756483724e-01
2.102706046232385717e-01
1.516287708878004056e-02
1.780553794198100226e+00
5.946041690406040914e+00
2.913859344520894901e-01
-2.742919505043042161e-01
1.818631736128762388e-01
2.043397672506526597e+00
2.311916569291819545e+00
5.553763302520771383e-02
4.081837202996828617e-01
-2.371381152735257403e-01
1.163419183243737498e+00
4.646526745465940245e+00
-3.036481331635749736e-01
3.905321792203388376e-01
-1.818261846748451538e-01
1.211849062300338620e+00
5.480386347356118293e+00
3.632534940990572725e-01
-9.962326637649994432e-02
2.662880881272350342e-01
2.159749613320320449e+00
2.888025692993907434e+00
1.012322628008073683e-01
1.811094194869300456e-01
-4.680513016911395652e-01
5.645171967479686304e-01
4.224923922319848479e+00
2.621815299826392096e-02
5.688049515992645716e-02
4.599734908227973151e-01
2.825512962351100388e+00
4.052706285357683846e+00
-1.137053101611687315e-02
-2.770553588999477568e-01
3.555586628231951485e-01
2.568851636581587439e+00
1.583231375043012923e+00
-2.246965973300134867e-01
2.234593375881351041e-01
3.273763329337481820e-01
2.557156280691462502e+00
5.428579903136970586e+00
4.219687749676315214e-01
-1.430525214294534331e-01
-3.259646586430506310e-01
1.143195590405768902e+00
2.737214654421821880e+00
-2.919584681819099581e-01
-4.060117222300366202e-01
3.544307200117301215e-02
1.810240614555207017e+00
8.048121877439259331e-01
1.443515812682808208e-01
-3.653712590995845666e-01
-3.601475816915258865e-01
9.637493216847115018e-01
1.916672021199942400e+00
-1.921358007364350196e-01
3.394550058118394609e-01
-3.001756326805424258e-01
9.307515776082032621e-01
5.300201509664839605e+00
-2.772190451984238302e-01
2.741455408034815799e-01
3.140961165583086023e-01
2.382388420026262832e+00
5.525207055365298103e+00
-4.420214119273815911e-01
-1.003043411977730115e-01
1.288106819421895310e-01
1.759587196763411354e+00
6.297819699542254845e+00
-1.498884890168509509e-01
4.332487245109838958e-01
-1.605295518322132076e-01
1.288666041144452157e+00
5.157903178982105707e+00
-3.496689767520390624e-01
2.361357369112571936e-01
1.074649713895182018e-01
1.765093499835268087e+00
5.842740383676436444e+00
-3.617027098222193038e-01
-2.548204090239786779e-01
7.721588951006211343e-02
1.950245221098335646e+00
4.044006880673268189e-01
-1.456044419423466463e-01
1.344680988852439696e-01
3.923046994004550370e-01
2.740444124038838414e+00
5.287890174807653665e+00
-7.249662505865986373e-02
1.408529880493872288e-01
4.031352472697834477e-01
3.312805993297693430e+00
1.761600023198154563e+00
-3.561679947779298194e-01
-3.336108428588963615e-01
-1.338538199222919223e-01
1.285191471417082232e+00
5.790791627561910904e-01
-8.122554594821075613e-02
4.215251597204679457e-01
-1.622611712841940113e-01
1.366251338893969214e+00
5.036159065667400903e+00
-3.750606102781928741e-01
-1.509027552069968081e-01
-3.802477105057976425e-01
7.093452065760974534e-01
5.379715390787350726e-01
-3.966818749861239501e-01
-1.805326804017768488e-02
2.467913361680064144e-01
2.436431685100186151e+00
6.211269874851571338e+00
-2.698054219753798916e-02
-2.773713334038868661e-02
4.463422937203933571e-01
2.952673856243301032e+00
3.144278847945719768e+00
-1.158935765223362696e-01
-2.229817477688323113e-01
-4.556711341391206926e-01
3.494404647447304502e-01
1.141530843966546138e+00
-3.627234741081085123e-01
6.447502009422038938e-02
-3.400603343281382029e-01
7.420542992110529257e-01
6.168122145769449283e+00
-3.185530578987532113e-01
-7.313666557624652620e-02
3.064879426862662237e-01
2.602431422737367051e+00
1.318457943892764328e-01
-2.996061755859620312e-01
-2.444614080284355784e-01
2.230730109265123828e-01
2.315836040516253469e+00
6.221472656227998721e-01
-2.541339449622647684e-01
-3.758748145832284671e-01
-2.634783209331429399e-01
1.020432755754707932e+00
9.183713032355868000e-01
-8.775702108971245030e-02
-1.838073491930849734e-01
4.082780862520919429e-01
2.747822372136743407e+00
1.394184287225836760e+00
-2.034078622170832837e-02
-3.946809814657292748e-01
1.907130853458049724e-01
2.157266613963663371e+00
1.427511542777847309e+00
-2.268090972563554242e-01
3.381392504680129363e-02
-4.761046401318042021e-01
-2.195886490750303399e-01
2.856782211873254873e+00
1.768816758891331165e-01
4.740080649373684674e-02
-5.422403020424971798e-01
-6.095045390881621561e-01
2.880948889534963309e-01
2.883526419325183054e-01
-7.342734123805949586e-02
3.370214188303319314e-01
2.288413556382179248e+00
3.047456511655131983e+00
1.068796061746549522e-02
-1.612816148514098213e-01
-5.157292327097192652e-01
3.819574961095114074e-01
1.952549831423897819e+00
2.493917004018297023e-01
9.752250240677590165e-02
-3.694361613786900644e-01
8.855332228098881098e-01
3.437608275854519224e+00
2.331811479429824474e-01
2.890237853105542265e-01
-3.672818398899418968e-01
9.291841533042716206e-01
4.126294568341542401e+00
2.014293330762367482e-02
-3.521108775370876964e-01
-3.850439804350337947e-01
7.807687795349871340e-01
1.629867528163736923e+00
-9.508383887585801497e-02
-1.951474206704210262e-02
4.529397458419028299e-01
3.010689991086548556e+00
4.463938969292802206e+00
3.046980609145781838e-01
2.952455968265892960e-01
1.375287847053441315e-01
2.018077056413941417e+00
4.142601486854950998e+00
-4.167463179948576180e-01
-2.221696363996346069e-01
5.331187639731579248e-02
1.645020815622770138e+00
3.074520319445019911e-01
3.814035291119109994e-01
-2.789257353003226636e-01
1.799519479840759432e-03
1.843030014058976596e+00
2.440138521007914285e+00
-4.150844492331107194e-01
-2.812640756079971549e-01
3.277151563054856581e-02
1.847629706247329029e+00
3.847062001983768686e-01
-3.811599612824358441e-01
2.775710392349360900e-01
-1.801725644937724746e-01
1.164262720037780641e+00
5.798949828604760270e+00
8.783644579138896735e-02
3.493088871383266958e-01
-3.410054051780440076e-01
9.417793455781187095e-01
4.536496711931349957e+00
2.268863951792823019e-01
3.972853565592975866e-01
-8.474119098271200301e-02
1.526416528948984386e+00
4.409305221387214146e+00
2.066265179773331684e-01
2.635284830430885128e-01
2.777830073944169698e-01
2.197301134880526696e+00
4.008686108305103524e+00
-2.235721204101942805e-01
1.815259121594021419e-01
-4.296011461282729371e-01
5.051496606266224765e-01
5.598768250967493643e+00
3.263298910418521714e-01
-1.886997737833207844e-01
2.120239942455449667e-01
2.043789989411168406e+00
2.484877883864319070e+00
1.630460262565351925e-01
2.078805062605678933e-01
3.025545317974721593e-01
2.467068390582426662e+00
3.910935567041095684e+00
9.851838272530476226e-02
-5.189174510686710151e-02
-5.102534068268151923e-01
3.783053375379126226e-01
2.866951127705792413e+00
-1.409083331101003422e-01
-4.347426174348220651e-01
6.751882221871952083e-02
1.821900080646408959e+00
1.090469086884473748e+00
1.864913387709299375e-01
-4.614127323408298009e-01
-1.527883698929256850e-02
1.722062739617347349e+00
1.762260990411004036e+00
-3.573670786543054617e-02
5.135378028829824804e-02
-5.437252850770042389e-01
-2.618702598223419109e-01
1.070507538700657735e+00
4.021760168513112133e-01
-1.611205779263097659e-01
1.086647451041755641e-01
1.818015104483267974e+00
2.995993137972503995e+00
1.674857318982573562e-01
-4.548887484588867158e-01
-1.650205393150563637e-01
1.271198094040357107e+00
1.718487076861675789e+00
-4.661818903228434618e-01
1.077123034832838111e-01
-6.759881835888159607e-02
1.395805140832435676e+00
-5.486006828636074556e-02
2.188586863441505936e-01
-2.487245833543573481e-01
3.269151951039833137e-01
2.353664169355488944e+00
2.312521491015164354e+00
3.974719531958833540e-01
1.290580726244011656e-01
1.040109001377244047e-01
1.797057649814128855e+00
3.611328520524357266e+00
-4.981157268374994396e-01
-8.817688395877734675e-02
-3.862032907099112455e-02
1.451745416603719585e+00
6.195386986691250542e+00
-2.899735118094819430e-01
2.133220794509006202e-01
-2.994992336750970097e-01
8.318550709303728086e-01
5.647046547132128502e+00
-1.373980371791061195e-01
3.044222974060944442e-01
-3.474153048096347840e-01
7.810355816330173395e-01
5.096689985108247001e+00
-3.576067231142170955e-01
1.527369999305040835e-03
-3.681558055749663549e-01
6.734501094082802064e-01
-3.963265238757826547e-02
-2.844754282711888793e-01
3.560262007895487191e-01
1.379268292086020201e-03
1.628411992805673503e+00
5.614763841862259852e+00
-3.535699626848562861e-03
6.114525171174008816e-02
4.649458531316228993e-01
2.779427653284765931e+00
3.797842328745558049e+00
-4.654602868944494598e-01
5.429426984590329797e-02
-1.723897713273362109e-01
1.102819365321334510e+00
6.331692739018096816e+00
-2.686354060372368457e-01
-4.276510697812552220e-01
-4.841644411386120811e-02
1.569034939732122380e+00
8.361826044907936240e-01
-2.222790648003683533e-01
-4.305656816635550221e-01
-3.112654835548990806e-01
9.936544092911000492e-01
1.000679663913387696e+00
1.799253089418297313e-01
-4.236920659134852940e-01
1.662019187601738446e-01
2.005358798336458914e+00
1.910682773814550206e+00
7.575510032678219041e-02
4.267084388185707899e-01
1.893073606661362374e-01
2.036915675191529829e+00
4.636405904515114251e+00
4.336360062466633469e-02
-2.159052163058866325e-01
-4.872162272948709072e-01
4.677504011682196428e-01
2.071711413506393651e+00
4.515496016650579203e-01
-1.675465034542963638e-01
-6.877963952136516290e-02
1.592492987426108675e+00
2.608686258058584340e+00
-2.746689407548550954e-01
-1.852287468712014717e-01
-3.315817231241856011e-01
7.333309669593417457e-01
6.053473778375102476e-01
-3.597427544676718991e-01
3.055244339860658243e-01
4.351224859237985687e-02
1.621685735643116244e+00
5.743822972115685488e+00
-4.274249453737010151e-01
1.350649390173842279e-01
3.999110569285106026e-02
1.599113611790488942e+00
-1.216914266227111519e-01
-3.031278583239751037e-02
4.611062762032296369e-01
-6.421273646175065797e-02
1.552627940272955476e+00
5.031481547474852434e+00
2.406168107615299090e-01
-3.347714417361816186e-01
1.578576648900020252e-01
1.996210966219891247e+00
2.038620844487368799e+00
1.905191278823064049e-01
-3.007663676454853940e-02
4.116688533548737428e-01
2.637573106137618417e+00
2.927359996283950494e+00
-1.601258845539002204e-02
-4.614138493922708140e-01
-2.077155415513342873e-01
1.236644102793958089e+00
1.401008740102121619e+00
2.661439842812375334e-01
1.951116623553458829e-01
3.370705683610263348e-01
2.472471468527839278e+00
4.391846471327649049e+00
1.378434192968291117e-01
2.008376753002743265e-01
3.290249822525590506e-01
2.438440153494639606e+00
4.040924213264771581e+00
-4.738316695142774648e-02
-3.490326771526864880e-01
-4.396215114919371780e-01
6.825847290268596268e-01
1.418385478371557928e+00
1.723214057853902359e-01
-2.690102174840819926e-01
3.240273974518174116e-01
2.382516965256179731e+00
2.174702358020574877e+00
3.996120286861560289e-01
-1.141486506993660555e-01
-2.443454558314315794e-01
1.364225112080955205e+00
3.047229744007367014e+00
-1.967349440461839960e-01
3.485456096484071953e-01
2.510552175454692780e-01
2.254028101746540447e+00
5.239401921600501666e+00
4.701541559804908732e-01
6.590961112394533132e-03
1.035480737909431764e-01
1.624370072051393166e+00
3.287706495649090677e+00
-1.169714315711727903e-01
-4.636912083297948239e-01
4.754445044675466997e-02
1.742465683105002272e+00
1.075083569042163623e+00
2.546164094474198114e-01
-2.770456497782503580e-01
-3.399264508771888682e-01
1.043661737184051530e+00
2.231293084979034003e+00
2.125915845656152769e-01
3.788387631984474480e-01
-2.044530918735116554e-01
1.281118267102473895e+00
4.314357348828393057e+00
-1.771672292017065567e-02
4.230355761017124960e-01
1.217292276286514457e-01
1.931571456448244462e+00
4.842270164569615787e+00
-2.799629960169906506e-01
-2.430900874773297415e-01
-4.037184969022193370e-01
6.633003695866237504e-01
8.558317892341212874e-01
-1.009866954252977150e-01
4.159099265578710125e-01
-1.981892598515115622e-01
1.206282471757481600e+00
5.072586430652480161e+00
1.732536798161097777e-02
-4.681526519504092265e-01
-1.435053898354430035e-01
1.455387611108673873e+00
1.429986316048692752e+00
-1.535346441013001051e-01
9.158860071144031556e-02
4.105428829848686845e-01
2.826676039694071552e+00
5.305590360104169179e+00
5.709680717035934411e-02
3.034161635832428039e-01
-3.662026451277263228e-01
8.005817515354677338e-01
4.590422737054886682e+00
2.363455962843642455e-01
-3.211394842383642478e-01
2.064982518052559946e-01
2.034313228878815938e+00
2.118156895083580515e+00
1.043886723512004594e-01
-3.402733003098382669e-01
2.986406680860714258e-01
2.305868900152737488e+00
1.908089622703738941e+00
-9.067481299053778421e-02
3.699098531756901953e-01
2.212240918228359776e-01
2.208402363279637015e+00
4.956741572935370321e+00
-4.237343030948437783e-01
-6.636388775466192658e-02
-3.256706547212441794e-01
7.508237187315383032e-01
2.030363339701630743e-01
-2.060504917877897801e-01
2.795025005801985429e-01
3.032746869928130695e-01
2.448072154316626392e+00
5.399999159278428884e+00
-2.265314014638419582e-01
-3.385574552055239939e-01
-3.494529119565493724e-01
8.390583012797918627e-01
9.082827926362234683e-01
-6.614816739520940070e-02
2.266228815876330516e-01
-4.484443058392562076e-01
5.409146157073934091e-01
4.919991762564879245e+00
-1.533788877780613569e-01
-4.352843496014019986e-01
-2.967338509909844269e-01
1.074460543617638431e+00
1.214065026884741716e+00
3.524382467372453309e-01
-2.321445200815560050e-01
-2.833140598540978550e-01
1.134440964887789782e+00
2.474548674236469292e+00
-1.887739467272990523e-01
1.547661632194523018e-01
-4.559805000518495355e-01
3.830347876730494372e-01
5.242451621978693410e+00
-4.202909899517760506e-01
8.035436542245293079e-02
1.740550844186402601e-01
2.256545163531537668e+00
6.072353874602707258e+00
3.294750792719837729e-01
1.753658770372112652e-01
2.970387849498948296e-01
2.187265421112045249e+00
3.766682174538826811e+00
-3.674148944928400384e-01
-1.744996999503760637e-01
2.323765898846032185e-01
2.390582854312848227e+00
2.924203086103399629e-01
-2.708219086024171163e-01
-3.063928479124989335e-01
2.167904922273004020e-01
2.229206170429728573e+00
7.111302546283881920e-01
3.558121350296022944e-02
-3.110357466379839488e-03
-5.332752079336516848e-01
3.171917891068448125e-01
3.243383500576471512e+00
-2.532595465976784643e-01
-9.576958986928077455e-02
3.409193734247276675e-01
3.569988046688273187e+00
3.378820914983810653e+00
5.146790525771614139e-02
1.031991455452952455e-01
-5.248273077693447197e-01
3.698293379727283225e-01
4.140260638418758354e+00
2.995797523736308879e-02
-3.196206166029803009e-01
3.357324129119762524e-01
2.483429847102073929e+00
1.737985577329499876e+00
5.327640948428788437e-02
-9.422974841063917750e-02
4.309851536244129200e-01
3.464728588685200172e+00
5.698613785310846502e+00
3.726328466485920310e-01
9.439064250292025782e-02
-3.029958624865978778e-01
1.096488381549977964e+00
3.604107067964767985e+00
3.305067824379989694e-02
-2.175786527101932488e-01
-4.660434899617945659e-01
4.757637589783734744e-01
1.735177784952962154e+00
1.762091449092192119e-01
3.358317172935552652e-01
-3.748697354502000811e-01
9.578988365895321211e-01
4.360356393143606013e+00
-2.231334824822452378e-01
-3.484490846678157255e-02
-4.812482111782048211e-01
2.790815914062939607e-01
5.900277056158691885e-02
1.001335582050787432e-01
-4.772651177268198985e-01
6.950935383621521801e-02
1.781681968960727946e+00
1.651758295647784758e+00
-2.048461402772789042e-01
-4.315188020184335671e-01
1.196962229351535012e-01
1.956511677546867389e+00
1.010899493555962980e+00
-4.703102982716118596e-01
-9.097162819691728686e-02
5.859328385886935359e-02
1.522682987909993013e+00
5.398594125908174474e-02
3.044624608804457136e-02
3.729044143707724301e-01
-2.952049178947356300e-01
1.013707799414787836e+00
4.714958482897846359e+00
5.051383901709085439e-03
5.406848261628666164e-02
4.614938731115641457e-01
2.896117598394416515e+00
4.000019294584332030e+00
1.723837616636747228e-01
-9.211129602944866102e-02
-5.384914815982104752e-01
-5.441696886522172649e-01
5.788940318108238614e+00
