-4.059468422624034623e-01
-1.671197761874181065e-01
-2.376312745925955872e-01
1.036631324560344014e+00
3.668777290298482763e-01
1.761747548499802418e-01
-1.733700892441371877e-01
3.979610718261352709e-01
2.513028845748257467e+00
2.412942751774109329e+00
2.488916006180583729e-01
-1.164076724507179805e-01
3.601626256992858655e-01
2.519747639616669588e+00
2.855534195067942260e+00
-4.627917422254268498e-02
-3.417204007495055484e-01
-4.215338015678873340e-01
7.007908977819968799e-01
1.438255967110636968e+00
-4.731525339348789938e-01
-2.037786889451354277e-01
1.824298227671073969e-01
2.132985015170947296e+00
4.595961424864782319e-01
-1.069963214367490173e-01
-7.685828702942651414e-02
4.108474857982727935e-01
3.062703189741677434e+00
7.202745738855654833e-01
-1.362977377401685397e-01
-4.296586903569281080e-01
1.294406444662194455e-01
1.961616313147637625e+00
1.185439117880735305e+00
1.340585525745816853e-01
-4.345048066882599147e-01
-2.979555525650676162e-01
1.036270676155789161e+00
1.810810433979090694e+00
4.039570713376611777e-01
-2.469338122976243513e-02
1.765554001363586756e-01
1.991586503201039138e+00
3.005012013024351170e+00
-9.782030720225406983e-02
-1.515425071479311880e-01
-4.999245872168982530e-01
2.000287670460465794e-01
1.203981737093654303e+00
1.158465966587389762e-01
-2.661637072924265546e-01
3.492924850617777910e-01
2.495515009262197381e+00
2.028192959662958650e+00
3.383264392138276566e-01
-3.347455610605880594e-01
3.930698157069818788e-02
1.700733214595258502e+00
2.261749783264400016e+00
-4.647251601896674328e-02
3.853530284476553991e-01
2.007173464209542069e-01
2.123249989727964415e+00
4.874518231096594434e+00
8.789416711981670738e-02
4.460686642779909672e-01
7.490626321675375454e-02
1.827654756882281406e+00
4.615309603022803131e+00
-2.829269242034321286e-01
1.743093526931505793e-02
3.458651208092657914e-01
2.692774998704184242e+00
6.231270132496624647e+00
-2.211616120327473262e-02
2.198018450991043593e-01
-4.688148677319725066e-01
5.045848569769199043e-01
4.767897084037026723e+00
2.173719808479518401e-01
-3.077302521407980773e-01
-3.336055047854262212e-01
9.554550988614625151e-01
2.191333596830764119e+00
1.538292290162015640e-03
-1.865094717667425406e-01
4.138584989346988929e-01
2.824518128773349623e+00
1.685235804085389866e+00
-1.549797788989178693e-01
-4.639735413635908134e-01
1.098742522903276009e-02
1.667780137423202191e+00
1.101658149343349935e+00
-3.231117739818620826e-01
-3.712212972199078753e-01
-3.723661957365102804e-02
1.587970166135461936e+00
6.665249626871453392e-01
-2.941616312758397189e-01
-3.329079225664130504e-01
-3.562239111855541873e-01
8.941460188924741370e-01
7.900313600469965891e-01
-4.818171102447143528e-01
-5.911280829626563288e-02
-1.366222681514277226e-01
1.287847983492478532e+00
-6.497242738664121831e-02
1.439652128563888300e-01
1.808198985106338752e-01
3.621647034682003996e-01
3.736747323194994586e+00
8.697981845031756976e-01
3.316402321921124718e-01
2.584039790499007561e-01
1.145937981010203693e-01
1.868109088298475440e+00
3.910820660712946317e+00
1.961069330213782019e-02
-2.958577136173345390e-01
-4.354469207250860063e-01
6.338631077540541892e-01
1.665110712375845736e+00
2.035048416638945423e-01
-1.521629693097321656e-01
3.760411641784275893e-01
2.488878071355844046e+00
2.576463240915351616e+00
-3.707496557817073213e-01
-2.365582047105586616e-01
-3.438762811405836062e-01
8.506039586492459836e-01
5.466252045645718649e-01
-3.909571920338859169e-02
-4.519593321113445361e-01
-2.710737667731720757e-01
1.109603979435425325e+00
1.365051416140949270e+00
1.888478729554859403e-01
3.653172224321416528e-01
-1.394094808723873591e-01
1.392997602657797485e+00
4.403784280133335116e+00
3.948958018922336111e-01
9.596572796076327516e-02
-1.617067147522168180e-01
1.412823575924154973e+00
3.562958499797473699e+00
-4.099540524475322467e-01
1.708708283477533840e-01
-2.540156037768322994e-01
1.062074750997034522e+00
5.933621522707058560e+00
2.057735488471263696e-01
1.379517374156036535e-01
3.883130686059266812e-01
2.535498331653897264e+00
3.755722344843432037e+00
-2.539013864177038782e-01
8.655069872739309944e-02
-4.207347787032823527e-01
4.545045643333462393e-01
5.940485809996614464e+00
-3.388472572685279904e-01
-1.778404447251112908e-01
-3.561041310713247698e-01
7.941359421126771290e-01
4.440081901468164727e-01
2.259401556194469141e-01
-4.077860580223088283e-01
-1.191113430056153083e-02
1.590467478828312631e+00
1.983774516134654275e+00
7.890910786804662680e-02
2.445267485830666110e-01
-4.676201345316104430e-01
5.979108245891826545e-01
4.364770806942584791e+00
7.620475037762498849e-02
3.466525878650001946e-01
3.058834891645366705e-01
2.301717098183983623e+00
4.502145929309505412e+00
3.729863496322276539e-01
-1.201470606206902908e-01
-3.548355461945650324e-01
9.506779879211250117e-01
2.801772793183613164e+00
2.031714062085133998e-01
-2.420109811348297446e-01
-3.956489471222371934e-01
7.788079150442630549e-01
2.252996837938594066e+00
-2.071715047664950474e-02
-4.645416375554136112e-01
3.400120822118882918e-02
1.723462026594249963e+00
1.436578368638887104e+00
1.378135472294400865e-01
2.779403793133438660e-01
-3.658237784825753569e-01
8.071829114842595798e-01
4.314102423065277137e+00
-3.237702105965366561e-01
2.639911284667590952e-01
1.125389120978236013e-01
1.962097138543430708e+00
5.636818065281990364e+00
-2.665558410626205355e-01
-1.433156056450824445e-01
3.109881495817841124e-01
2.573658908295804792e+00
4.718777452117037252e-01
1.822070584393550297e-01
8.070174433274708570e-02
3.988705306429090047e-01
2.547771706465445263e+00
3.559290623321913039e+00
-2.370443069264923167e-02
-4.459516114730887049e-01
1.148857621386497746e-01
1.930690964805652943e+00
1.454165949585205952e+00
-2.042567868534781728e-01
1.069281681097876274e-01
3.694075736476197247e-01
2.778694226173278992e+00
5.640943400877612923e+00
-3.475124693949004778e-02
3.111290030315925770e-01
3.245470000528060117e-01
2.415753112823931570e+00
4.821163577403614120e+00
-2.391374885322048449e-01
-3.469192009106562002e-01
1.402427739704496246e-01
2.044645056162491592e+00
8.989515352389590985e-01
-3.613528302635686806e-01
2.776125738972588519e-01
-1.103988555105784308e-01
1.457172033499595676e+00
5.747677818261816896e+00
-4.496705948564945765e-01
-6.773345533594138379e-02
-2.299542395333969702e-01
1.041372933864763040e+00
7.506634566999301206e-02
4.220900351486444602e-01
-1.193615451542238415e-01
1.802998012789788218e-01
1.978608361333104471e+00
2.814557614296953947e+00
-3.341108549565343505e-02
-8.271850915850371966e-02
-5.201282611066059269e-01
2.702345737798057534e-01
1.716150236985860555e+00
3.230466257922560702e-01
-2.767146461481416186e-01
-1.692117337897361962e-01
1.423790826127443454e+00
2.587511829176279310e+00
-1.591514973169564640e-01
2.732792560618804711e-01
3.425761296612517826e-01
2.466156286729446201e+00
5.224489776707477162e+00
-2.093398359768514350e-01
-1.460614437772134455e-01
3.796244664995754858e-01
3.590178380507072387e+00
3.804184331614417935e+00
2.026211696898114756e-01
1.810584244269148047e-01
3.458201195968343966e-01
2.407841083388628789e+00
3.864963761194163183e+00
2.029057948154851243e-02
2.878936883864637863e-01
-3.967675950651122219e-01
7.216359465631165815e-01
4.565364547302387166e+00
3.775778509543732397e-01
1.823192288389152982e-01
-1.625441862667415527e-01
1.339685169198723269e+00
3.717556052612897677e+00
-3.559485722670732710e-01
2.605320130843978288e-01
7.075515463995891985e-02
1.830688210578341968e+00
5.730640691791934138e+00
-3.068362801896816761e-01
-2.819575527247970489e-02
-4.179375995718229708e-01
5.995840955346842804e-01
2.022380560945426231e-03
4.466405725159267037e-01
1.122341815490847661e-01
-6.825967771541160967e-02
1.561620700339612533e+00
3.566340242498185376e+00
4.271965980277534491e-01
6.425069673923659852e-02
-2.505333126705237001e-01
1.198444046427149967e+00
3.419059202078534643e+00
-4.575203562352017084e-01
-1.379080515355975700e-01
-9.755740459929347630e-02
1.522241685058019156e+00
3.894486584270029361e-01
-1.333016337070793977e-01
-4.065380144126627404e-01
1.972004287634006592e-01
2.115448521973332330e+00
1.165496202076786725e+00
-3.839006567062458897e-03
1.111576832164956098e-02
-5.114117114956884258e-01
-1.886239281601608531e-01
3.304238738765704619e-01
-3.292495906544765649e-01
-3.519370978113413595e-01
7.872879654060428722e-02
1.844298135567229213e+00
6.708620762207421206e-01
1.230094855175445506e-01
-3.450950738347303148e-01
-3.738869246193082807e-01
8.523633922041062849e-01
1.909211977013421935e+00
-3.007419879541644581e-01
1.451678915068574660e-01
2.679955193142374292e-01
3.856435166064947850e+00
2.681519311587803767e+00
-1.399252291195534625e-01
6.822192410865185463e-02
3.980292767674066257e-01
2.949895806362941020e+00
5.524874710480244921e+00
1.633935073307051233e-01
-3.867701599403360058e-02
4.239598126289388369e-01
2.666493860486410572e+00
3.019446927688572035e+00
1.400731345682573736e-01
3.014916441174969597e-01
2.706215078450313616e-01
2.275090865444791888e+00
4.303590398235847658e+00
-4.682463284433499018e-01
6.076815748158216623e-02
-3.348784383878235238e-03
1.486329919770688734e+00
-2.098299846410342229e-01
-3.736420948084594462e-01
2.231517585155570194e-01
1.332106067304147379e-01
2.003755908898221971e+00
5.794589796313219132e+00
-4.932646884528347347e-02
1.790013142085769560e-01
-4.897819496948397355e-01
4.075351361195868605e-01
4.920135667241934740e+00
1.571893098919044662e-01
3.868274548276569996e-02
-5.219398420849731268e-01
4.407538525562234022e-01
3.585540698789140723e+00
-7.908963432564583562e-02
-4.568155898543458382e-01
-9.705317239567574916e-02
1.438944812938705464e+00
1.297341046592045855e+00
-5.768838520584372576e-02
4.073757838540374432e-01
1.566894286621962618e-01
2.029982319315745354e+00
4.895634845147933234e+00
2.273352978038920558e-01
-2.990168683858787646e-01
-3.898124381616390188e-01
8.757243399830199060e-01
2.213160416320136381e+00
2.508696272135990668e-01
-4.374946808830048051e-01
-1.120856064782017186e-01
1.382087219735791184e+00
1.961751754749096133e+00
7.508153757752486501e-02
-3.934357414638423034e-01
2.727766669537095567e-01
2.260214388515025874e+00
1.747859709100239023e+00
-2.510483847857690742e-01
-2.195915315475269747e-01
-4.650178313277569253e-01
4.868105409768998526e-01
1.056959974366845356e-01
-4.304560576253908533e-01
1.757577853225792963e-01
-8.294823336244669387e-02
1.578336328094676722e+00
5.993870676491757088e+00
-3.707189404507493236e-01
-2.664030252807509380e-01
-2.667972236359128502e-01
1.010863608968740390e+00
6.223943442722621455e-01
-2.390548532997711639e-01
1.266934572400608694e-01
-4.485374391678846329e-01
5.602982135882044190e-01
5.732202480148480106e+00
-1.861588717851655195e-01
-2.963571091289753379e-01
2.491299648111270360e-01
2.307674819628225293e+00
9.313947428600287681e-01
4.715945885476345301e-01
-2.757274086114636438e-02
-3.417959126329276898e-01
1.089329621333835263e+00
3.030315812945356679e+00
-2.265297961881045929e-01
-1.653659824548799895e-01
3.526675632072472366e-01
2.637016611420937018e+00
5.020182264260317773e-01
4.653382257874946748e-01
-1.117706849925342721e-01
-2.804814712599554977e-03
1.639009439253854339e+00
2.742299581174910461e+00
8.907486143272526358e-02
3.655621223565054811e-01
2.179100784565720095e-01
2.138058437508821186e+00
4.562259655068273467e+00
-6.706731417701414233e-02
-1.713706702009883953e-01
-4.979911414903092637e-01
2.780994893372369936e-01
1.206194008948391794e+00
2.929001217834174553e-01
3.361495232241327735e-01
1.905887225041326708e-03
1.678394587449836939e+00
4.173334446885396787e+00
-1.754442282655508945e-01
-4.499512854226846992e-01
-1.884812624566223893e-01
1.219643346773769732e+00
1.126991888547920206e+00
-1.644855143191270852e-01
4.079733829218045171e-01
-2.045009108267874520e-01
1.204741694858168621e+00
5.172260918100639593e+00
-1.308249775571262707e-01
4.011629239874197062e-01
1.691109211187804828e-01
2.054129284107964359e+00
5.065185887673815834e+00
-1.365860973218500050e-02
2.008829978557855611e-01
4.031779442560968207e-01
2.702910234825352198e+00
4.641349863181638113e+00
2.950075251500987039e-01
-1.781912446415165885e-01
-4.061230001984043048e-01
8.865599469523668397e-01
2.742144499716901329e+00
-4.059503970162734593e-02
2.537423832249723343e-01
-4.572587277470424039e-01
5.817589093912050036e-01
4.816016334261332688e+00
-3.148656180953455230e-01
7.192569944565259388e-02
3.047468463671648142e-01
2.488504202167553636e+00
6.017691094472745306e+00
-4.405973092354342757e-01
-1.422868142984047568e-01
5.284957613428040851e-02
1.846388547889632248e+00
1.480998260533931687e-01
4.778092680235818124e-01
5.206309732143559604e-02
-8.152995079267016248e-03
1.554367504238997943e+00
3.402150523546667138e+00
-1.394873338232755638e-02
-3.854054832368296046e-01
-3.647961757162686003e-01
8.630696689886508954e-01
1.534024354818152247e+00
-1.282407336894266225e-01
-2.967396301699600225e-01
-4.777226851984553990e-01
5.166039569964598899e-01
1.215568791159632456e+00
-3.191418244982008323e-01
2.233145421255060270e-01
-3.145797340132038267e-01
8.915143131246394681e-01
5.652325804703338008e+00
4.110811320512871014e-01
-2.375763122006890882e-01
9.345110482393606532e-02
1.688887512465495400e+00
2.757962214838647785e+00
-3.894042826698808080e-01
-1.462894909538675903e-01
-2.606025036276382600e-01
9.514980590446773245e-01
4.266721361427675552e-01
-2.568626082261991628e-01
4.996297216197714830e-02
3.401846599072948507e-01
2.611023280441481909e+00
6.030588823811109833e+00
-1.054643484514383445e-01
4.034357713699641135e-01
1.123124430765869292e-01
1.919094769166391545e+00
5.038377484889327462e+00
3.795405908871226086e-01
-2.562667545151710580e-01
5.005989783887426076e-02
1.708477396188059938e+00
2.456570086877296166e+00
2.701148315037494863e-01
3.659951666211575527e-01
3.038536121368566253e-02
1.730302794989421189e+00
4.199237264472003517e+00
4.194507389334483499e-02
-4.767464394700745567e-01
-1.074107542330668963e-01
1.443708232883838871e+00
1.516525847558275908e+00
3.677248527803002043e-01
-3.633817247274879758e-01
-8.792613041866637058e-02
1.422592512638315654e+00
2.251883484317076078e+00
1.676133611541787416e-01
-3.795565236987428204e-01
-3.229238089312165272e-01
9.970347784006363678e-01
1.990880454318043169e+00
-4.584396457407446945e-01
1.277876093407521729e-01
-9.729379230933281331e-02
1.396332129751814088e+00
-1.427629238947278889e-01
-6.427924285320288367e-02
3.003330947928418704e-01
-3.768661044585292497e-01
7.704820307712184624e-01
4.942779905461122780e+00
3.071275691828238008e-01
-3.497587935886472543e-01
-4.159310668884614454e-02
1.520983233626975739e+00
2.180865855229054073e+00
4.223213916734596673e-01
3.428400589221080458e-02
2.057833297851754395e-01
1.955071528047135132e+00
3.295412482885533123e+00
8.171558613481982869e-02
-1.916174771427989199e-01
3.942055552891640113e-01
2.642850152484566451e+00
2.142914409925547048e+00
-2.807882061271460561e-01
3.670118767521175773e-02
-4.378543836703913117e-01
5.694892221275216215e-01
6.082763461395825466e+00
-1.024551492351022663e-01
2.860452686707083969e-01
3.392504104654130992e-01
2.476057423320157991e+00
5.032401180609198832e+00
-1.918460498960234961e-01
-1.782011916985416777e-01
3.615142487668729920e-01
2.682838509534413163e+00
8.226194580625155739e-01
5.435301597099685689e-03
4.506475819995526266e-01
-5.484286308295299034e-02
1.504710022557212534e+00
4.783733723173989816e+00
-4.724563796248822389e-01
-1.193089918216466185e-02
5.703861355832862134e-02
1.657357498564011600e+00
6.351367321863953030e+00
-3.700574775675621320e-01
-2.084475484597223538e-01
-2.348183853599807303e-01
1.032174295011347054e+00
4.840577615085077667e-01
-1.443035276209387041e-01
-3.987759150166097499e-01
-3.274990380927725320e-01
9.763315765442176497e-01
1.214083966799034409e+00
-1.482022926163323873e-01
-4.377931967296082028e-01
-2.369896436427211539e-01
1.136682310533208673e+00
1.194790616266778294e+00
3.885819753292026335e-01
5.401990618239817243e-02
-3.232187874614161349e-01
1.076138623877297862e+00
3.173552491626637995e+00
-2.923904185331733796e-01
-3.899588903308627841e-01
-1.261705852540407624e-01
1.364658211223510165e+00
7.700313793000901352e-01
-8.559006431340177024e-02
-3.678904977392896680e-01
2.912550077253863723e-01
2.331864323029317898e+00
1.306804798862546635e+00
-2.423718381439493863e-01
-1.378267735912069025e-01
-4.143654597333396028e-01
5.551208338382270790e-01
5.559157307617477173e-01
-2.651771982485868207e-01
-1.890560129516593579e-01
-4.061060512119049615e-01
5.992323019910491544e-01
6.719467193237111946e-01
-2.422870253878923186e-01
-4.125873373920633802e-01
8.470770941163766055e-02
1.865346336142344130e+00
9.534364483937741719e-01
-3.548614775501935381e-01
2.441732257551782748e-01
-2.604093237444862763e-01
1.040666902831569818e+00
5.748683701263504808e+00
-2.836690866630277585e-01
-4.095433538821318109e-01
8.217319051504656802e-02
1.854978695008669298e+00
8.737022502933401435e-01
-4.031856670286124156e-01
2.542422946576380349e-01
-1.687210832893294363e-02
1.646324754835043036e+00
5.802584138840749972e+00
3.678495635108708917e-01
-4.499145107110938575e-03
2.700793505680498252e-01
2.141491649201788139e+00
3.119219574656437288e+00
-4.460077207179622971e-01
9.429745297894301381e-02
-1.712191360383357452e-01
1.210612471313749605e+00
6.153064561113506414e+00
-2.918349304279888035e-01
-4.112579841515001666e-01
1.545273626470521910e-01
1.978489027799675615e+00
8.556688359190274262e-01
-3.086669425267535294e-01
-2.143437392893756399e-01
1.877303832242002979e-01
2.218377634421327738e+00
5.473798512446041986e-01
3.575207659545912575e-01
2.405287624939808355e-01
-2.262724297027194631e-01
1.199029054071952816e+00
3.907856069059866044e+00
-2.462257473921434375e-02
-3.122533645833130977e-01
-4.289345300020396823e-01
6.618446314836800015e-01
1.509744351567340326e+00
-4.678122740588214756e-01
-1.188897245281678727e-01
-1.585340328230687434e-02
1.730346090515126889e+00
1.432253025090467757e-01
-2.478839079957967095e-01
1.547086213782529196e-01
3.065743068278450334e-01
2.511834600525828964e+00
5.611254488855971445e+00
6.850397776001727890e-02
-4.715681349223090346e-01
-1.224964990710813023e-01
1.364616641993628310e+00
1.593293124315942499e+00
3.821313879401473934e-01
1.017493760132326119e-01
1.568323005755309918e-01
1.984755324470198978e+00
3.536433051801331828e+00
-1.094658103335163918e-01
2.630134928223334945e-01
3.741115834993680722e-01
2.538146640798535802e+00
5.080349596223059372e+00
-1.939133610536695473e-01
2.469633870708524692e-01
-4.141852592516087617e-01
6.858537027998202751e-01
5.343511421898284652e+00
3.435241400264943956e-01
-1.519471623666004967e-01
-3.476541180894282546e-01
9.596322570807853669e-01
2.683052728847588497e+00
-2.123930484154135379e-01
4.088936020070300659e-01
-7.605152870103490392e-02
1.458477277460952681e+00
5.289579613916672862e+00
-3.274416042189610271e-02
3.653157869806651914e-01
-3.071066007559070110e-01
9.492102726643850685e-01
4.827340681589045168e+00
-1.999392817553070634e-01
3.120814937926141841e-01
-2.604556489542164677e-01
1.001286926752410045e+00
5.316603042316617511e+00
-1.339679918999095659e-03
2.898279743069399061e-01
3.219161002799804105e-01
2.442706857679687538e+00
4.724989090826107407e+00
4.264708038804086998e-01
-9.100557317143252722e-02
1.586507773291498113e-01
1.926050732102804419e+00
2.876612683907277646e+00
2.737092828104058517e-01
-8.768419339084922159e-02
3.279397374356651240e-01
2.360716340558889570e+00
2.850953214769778032e+00
-1.636522999959728053e-01
-2.131113734228760187e-02
4.091203721602508225e-01
2.928734343204128177e+00
5.859308375787240092e-02
3.837463610054996366e-01
1.132036723864856542e-01
8.032744833263685824e-02
1.774478441013010332e+00
3.321008751710925022e+00
-3.993934701781710617e-01
2.421283150139916518e-01
9.905108635485677937e-02
1.928742257064173238e+00
5.792866948107944225e+00
3.566706694698465463e-01
5.809843747888350507e-02
-3.096026076080359846e-01
1.049949748833360452e+00
3.381640284822274634e+00
3.311904023265935804e-01
8.920373912455395460e-02
3.245058190601493586e-01
2.258122771301715570e+00
3.471022442990924883e+00
-8.245553948498178520e-02
-2.633902442816133393e-01
3.766824278169799145e-01
2.605796640279206322e+00
1.307332346982647664e+00
-1.694805419109909062e-01
-4.343801412858724342e-01
-1.469130938270427345e-01
1.348361684667123361e+00
9.878881057063646498e-01
3.452045942670246004e-01
-2.404002106483286993e-02
3.054575752377322040e-01
2.230757549439716492e+00
3.178243647396822968e+00
-4.043186659392295490e-01
1.191119640835763965e-01
1.678215125691404908e-01
2.112969117908888972e+00
5.951367041797086088e+00
2.590831824318695631e-01
2.735390933526781199e-01
1.714161178909958394e-01
2.036776858859679518e+00
4.050221232479644051e+00
1.774048297963598531e-01
2.766280634113230108e-01
2.577093748197672451e-01
2.248889405113154716e+00
4.181749028544061275e+00
-2.590651862477849066e-01
-3.340986464708264325e-01
1.840898482360971145e-01
2.125714656200337060e+00
8.296834999231093022e-01
-1.642845096864098131e-01
-4.375941496344346593e-01
-2.188626169660540521e-01
1.183613899840336048e+00
1.161015265127558482e+00
-1.075618578631768324e-01
4.288030095780170359e-01
1.438870405331558744e-01
1.980466397931935019e+00
4.998847177342110371e+00
-6.081189078498167727e-02
-6.127899757535762437e-03
-5.065638464658774875e-01
9.380689825459549713e-02
3.084419422159275559e+00
1.141098337265324071e-03
-4.806205331930784586e-01
-2.784258319222892436e-02
1.600942300400885587e+00
1.453796754490156884e+00
-1.102710987589626684e-01
3.144188058150449994e-01
3.135463931100356261e-01
2.389902113831501751e+00
5.021046945912955195e+00
-2.747849381703282301e-01
3.732887992281191392e-01
1.029402732371304252e-01
1.923123089083841775e+00
5.412812749092201337e+00
1.266916120142551339e-01
-1.855073593851575275e-01
-4.792852595259525783e-01
5.038685639531126359e-01
2.287433387647841876e+00
9.764199979664689444e-02
-4.792806466409402777e-01
1.020208296459993030e-01
1.847258067923380098e+00
1.685243776616576206e+00
-3.584446105131432470e-01
2.869818727702138153e-02
2.581376141391050205e-01
2.343849680074146402e+00
-1.029477945707065051e-01
1.502678935520922465e-01
-8.215781093775958999e-02
-4.770196903876888772e-01
4.622383641365747642e-01
2.829363390956765034e+00
-3.601497362626136095e-02
6.743232312445777976e-02
-5.206442129398145546e-01
-2.740064224486750688e-01
1.556280838360626362e+00
-1.808399541662518706e-01
-3.820458147366284085e-01
-2.002568373995892992e-01
1.213165206131758822e+00
1.011727767254803290e+00
1.661275477138554613e-01
-3.475139724946305630e-01
2.375904235438737744e-01
2.176893067480347721e+00
1.995122406307591634e+00
4.308654283241120098e-01
-6.329893867770831906e-02
-2.121213033867172248e-01
1.222896001296529755e+00
3.198025688462883931e+00
1.845907901974757348e-01
1.819958178656088388e-01
-4.484398872367711397e-01
6.335385203190939674e-01
3.960066802367602445e+00
3.696320841275261421e-02
-2.192393782868583552e-01
3.955166083940200306e-01
2.691389550516160245e+00
1.817577405378155486e+00
-1.673554050903378609e-01
-3.231363123312843699e-01
2.827731023981478464e-01
2.342915774624486414e+00
1.035647633087326991e+00
3.465500953585332611e-01
-3.009120731005741067e-01
-8.553128356598861670e-02
1.518292240857761710e+00
2.328159028117557483e+00
-3.478609491364383910e-01
-3.213251607359797202e-01
-1.610143447185377885e-01
1.263798886773620289e+00
6.293750821731913803e-01
-6.415280011243629232e-02
5.340741778653716743e-02
-5.312631168516387392e-01
1.249060365373877990e-01
4.560777477972148830e+00
2.898698959734813396e-01
3.437687116216986971e-01
-7.614103238630616499e-02
1.498996917309274979e+00
4.171411874767449568e+00
1.547673925504950698e-01
-3.739219649537067758e-01
2.230474356182607365e-01
2.126777276314782750e+00
1.947793882490935546e+00
-5.081291543027108837e-01
3.993321114621273260e-02
-8.935581175603909965e-02
1.582931368641937731e+00
6.289630617336697149e+00
-6.465812706934759291e-02
-8.364780026490283016e-02
-5.044741959844262214e-01
9.273829300477137716e-02
1.037023563611288113e+00
1.696401620492785645e-01
3.943329006387055191e-01
9.303094445884566022e-02
1.855823512575858647e+00
4.446532914884055998e+00
-2.192425461618504046e-01
-4.389827216356453898e-01
1.805567582609549082e-02
1.731264826597310513e+00
9.901711147588092565e-01
1.330208269180058467e-01
4.222500891920403787e-01
-7.160381634344817336e-02
1.501931042376645431e+00
4.548301151005236242e+00
2.880488839985908545e-01
-1.893618343679070448e-01
-3.674600580596910082e-01
9.018285346344413478e-01
2.595505330229461283e+00
2.099782213724510349e-01
-4.222798545262657077e-01
2.048475061611547063e-02
1.692128035487560966e+00
1.897553390301970122e+00
-3.200479880357305906e-01
-1.347397542027855000e-01
-3.347283998971861130e-01
7.651282163014415660e-01
3.626786458644503663e-01
-6.741713964615655974e-02
-3.427055772480208096e-01
-3.915868583011729021e-01
7.506940468493994434e-01
1.379232707056625484e+00
1.711909275008538511e-02
2.507409426291775170e-02
-5.491500488235410149e-01
2.292545845415847050e-01
3.798390637000331083e+00
-3.301842006196220036e-01
-3.648257019366484832e-01
4.402982673760166138e-02
1.764291190038862256e+00
6.833073707740375813e-01
-4.338097948024138839e-01
-7.053381478817177808e-02
1.678606251618606771e-01
2.188745498986080840e+00
1.118971520732445629e-01
-3.164627017870322301e-01
2.589028494134360536e-01
-2.890130427724578177e-01
9.782374626345754498e-01
5.652855801093674692e+00
1.276136935417291896e-01
3.940522943795969901e-01
-2.351739929910723892e-01
1.160963144726133489e+00
4.477799150115086668e+00
4.000649051843757076e-01
1.504094488517074280e-01
4.228405414248256194e-02
1.655775906085478644e+00
3.375201151632368113e+00
2.873523418942716678e-01
-1.332807576997528387e-01
3.055180230259527674e-01
2.358871142091594653e+00
2.749215363094436260e+00
2.894686282561914070e-01
2.637448748869085091e-01
2.339640277304704807e-01
2.109391812536968835e+00
3.950486715641683855e+00
-3.611154351357767633e-02
-2.201852216868029344e-01
4.001217448467719318e-01
2.707736566097490805e+00
1.472901241347353007e+00
-3.113574922649193222e-01
-1.864120337544044811e-02
3.355721773059958113e-01
2.602006653314552498e+00
2.224446074169969881e-02
-2.872608280862989222e-02
-4.034676816468638627e-01
-3.234588155850691704e-01
9.357301361433337794e-01
1.449585854925304673e+00
-1.744932299461202097e-01
4.126712966991113452e-01
5.877051090662879090e-02
1.803028038474510764e+00
5.210835930058468790e+00
4.558033466148784796e-01
4.924109404717795513e-02
7.971701529403343867e-02
1.944486448921129762e+00
3.180800665328645582e+00
-2.599706330187882553e-01
8.950212099109795816e-03
3.779744772039393408e-01
2.717843650764535379e+00
6.171978397378078185e+00
-3.124971717971467555e-01
-2.752757153624186826e-01
-3.514606469738162375e-01
8.659958313827613718e-01
6.422016971751546288e-01
-2.798155253198618131e-01
3.578165271682310355e-01
1.562680759637023464e-01
2.039251507712245282e+00
5.456393520538353137e+00
2.193762016875978882e-01
-4.164615403203555943e-01
6.388931203795618352e-02
1.768883712123056284e+00
1.976040107109606092e+00
-3.646722320874346557e-01
-2.613699020267446493e-01
-2.162489590822975760e-01
1.109017232949041531e+00
5.222282340084358765e-01
-3.614418056572215043e-01
-3.203780020387054228e-01
-1.031214742334104345e-01
1.378267246420795233e+00
6.005178833331005217e-01
2.706444844813837292e-01
3.278234059076315376e-02
-4.418697042419046928e-01
7.371138869861322274e-01
3.332357217745978595e+00
-1.878399695230474342e-01
-1.246187612845312126e-01
3.970105593964791124e-01
3.506968777126171943e+00
3.819619441255280190e+00
3.373069420755877429e-02
4.368680778895507877e-01
-1.694471091997190593e-01
1.280366626351503001e+00
4.745436445141566040e+00
-3.616845799167589526e-02
2.677179297872351871e-01
-4.171710074345401642e-01
6.463768470052743131e-01
4.765769756414971248e+00
-3.107765826663383413e-01
3.276363871511975279e-01
1.101059158976890467e-01
1.890796843763009383e+00
5.566953432461783535e+00
-1.512882477401192582e-01
-2.657329411200876623e-01
3.323989163745746378e-01
2.519972852657564211e+00
1.072941759908436321e+00
-4.183092105365876501e-01
9.174183689701330413e-02
1.564635507915666246e-01
2.103061526312680396e+00
6.114911103272832271e+00
-6.229517656922940738e-02
-2.514043997590922896e-01
-4.842928982925986947e-01
3.660435137852295906e-01
1.298814900757798707e+00
3.911447040152882249e-01
-1.046530201490887685e-01
-3.402653087286973133e-01
1.016478486171912943e+00
2.860053474250749073e+00
-2.760405685511527207e-01
-1.700516714494718917e-01
-4.375120570239986462e-01
5.837185581299418891e-01
5.013613960123503022e-01
-1.356754645531633441e-01
4.578678953033645666e-02
4.199877832652604837e-01
2.885836156778052608e+00
5.664953453998887056e+00
6.213346279843851017e-02
-2.134108340692214556e-01
3.715383940373590543e-01
3.622666289649067561e+00
5.078196063086322987e+00
-4.056069574727672600e-01
-2.743974961709989002e-01
-1.585698546030029146e-02
1.673205866555024901e+00
4.717602765640613871e-01
-1.151498599003308310e-01
-4.029972378815475653e-01
-3.803020245176899072e-01
9.266047467717550834e-01
1.164153356888986801e+00
-3.588466270195126984e-01
-1.648780218501096767e-02
-3.556454466731663322e-01
7.201753408630546804e-01
5.985758186651128632e-02
3.158981303753959358e-01
-3.102974203300080669e-01
-1.279909408129885628e-01
1.404538774356095532e+00
2.451299889691626710e+00
-2.660808917150844222e-01
3.297645360234482403e-01
-1.079159221154421117e-01
1.514221311274215109e+00
5.533763666122957225e+00
4.581089049347537023e-01
3.417987858003976864e-01
-5.573947964892501244e-02
1.686744678026052879e+00
3.735627630370727648e+00
3.250773922237779612e-01
1.973174614252688475e-01
-2.276360221131869532e-01
1.184484197473441913e+00
3.798067321271992647e+00
-1.962955332917803997e-01
-4.049748928575309659e-01
1.591454123662165154e-01
2.031075172921799066e+00
1.024006329655152259e+00
-1.877527938946883523e-01
-1.759399204286437868e-01
-4.634694426387829247e-01
4.615796808459282086e-01
7.806032111392122719e-01
-1.771393241988145628e-01
-1.533049024529185289e-01
-4.495183436994228399e-01
3.700621759532965460e-01
6.680807746977079908e-01
5.522730604172904761e-02
-9.674334860083536047e-02
-5.119938062904073606e-01
-3.437679543122281745e-01
5.596929805977445049e+00
-1.049050615136164627e-01
-1.387974595191121194e-02
-5.297907239958571379e-01
8.426979492421077245e-02
1.131249026946851977e-01
-2.029626572925579409e-01
-3.066265924799821962e-01
3.328115332998015097e-01
2.428395524466547606e+00
9.847736145312004918e-01
2.928471310301585251e-01
3.485768337395768746e-01
8.028061907666582397e-02
1.845084147740155833e+00
4.194621662950561714e+00
3.952508939564488011e-01
-7.960469414364226837e-02
2.203233195074829343e-01
2.057817020260988894e+00
3.109734775925663275e+00
-8.121359986516349383e-02
-1.353494789397709508e-01
4.240939208627827472e-01
2.979154144916101643e+00
1.494676377762999442e+00
2.083164621921159143e-01
-3.976043931031022494e-01
-2.389175793684892857e-01
1.187002555504426127e+00
2.008187703044707284e+00
1.173310522253699084e-01
-4.785341932655718528e-03
-5.063886120571861049e-01
-3.824501884368683435e-01
3.727512706188390590e-02
-1.114388405262048964e-01
3.639574092075082423e-01
-2.694097385233407693e-01
1.018441019946602744e+00
5.018311203497420436e+00
3.939304938320067895e-01
-2.489286825614943632e-01
-1.549007336816399672e-03
1.600264469169363490e+00
2.507405437294512485e+00
2.449134450482038095e-01
2.304051841860019767e-01
3.176793714806950830e-01
2.338677636902003698e+00
3.963848584502145833e+00
4.022334307666030617e-01
1.999325370048105066e-01
-8.134601504225857926e-02
1.525796903930917603e+00
3.788787003566936207e+00
-3.379154132924502840e-02
4.488109569277398125e-01
-1.169195854780109324e-02
1.589691645355967520e+00
4.866489619522075927e+00
3.124635468075621092e-01
-2.667198669083966078e-01
1.889226742416448834e-01
2.035769725917221162e+00
2.394788888107753255e+00
6.112280624992384725e-02
-6.140481032525919175e-02
-5.184906451361209756e-01
3.245669712284534048e-01
2.825716743490268357e+00
-2.277053002912341195e-01
9.987229417649144680e-02
-4.619205322529883473e-01
4.380654602090847116e-01
5.810568658478701742e+00
-3.185976914526527509e-02
-4.821400344415437966e-01
-6.714057438701614977e-02
1.511296782378608317e+00
1.366146344141700553e+00
4.420066124129851115e-01
1.624180289268494504e-01
1.676723002018102315e-01
1.898923461260593193e+00
3.591403257543980487e+00
1.642267354732876439e-01
4.300195762409518840e-01
-4.057390124053459474e-02
1.570752490075734809e+00
4.498294070979548032e+00
-2.468229584318147318e-01
-3.974135608594656643e-01
-1.740311663349099480e-01
1.291098503179394674e+00
8.926730344382713955e-01
7.879633111005006352e-02
1.441254014259048810e-01
-5.071034390184678831e-01
4.422697264507284287e-01
4.197962626623670701e+00
3.148221481302296842e-01
-3.339284672435386403e-01
-1.612823346894433629e-01
1.373469627688122197e+00
2.291048384598073806e+00
4.371531210290375835e-01
-1.172133346989664565e-01
-1.305678926607745094e-01
1.450675179275874749e+00
2.803918676655271280e+00
4.329569417837070278e-01
-8.083559523798470453e-03
-2.910389143414119362e-01
1.107619293130314153e+00
3.280670538003212844e+00
3.463023047130122517e-02
4.356345733991690561e-01
-8.880437961418810588e-02
1.436384482515277172e+00
4.749813330254536226e+00
1.312022103045354382e-01
-3.013345193428987323e-01
-3.900391662864379216e-01
7.888484888057983868e-01
1.993521398559393143e+00
3.791399560338912234e-01
-9.188564191301147599e-02
-2.710022475761458827e-01
1.192969430354044347e+00
2.986234952124527275e+00
-8.359912157061456447e-03
1.622684643002917371e-01
-4.865317316830367056e-01
2.670380751549590315e-01
4.420300158657589407e+00
2.707527332953775859e-02
-4.807839690541036992e-01
-7.179287820392975250e-02
1.519349757577375781e+00
1.493790319401647082e+00
-3.416048414153526891e-01
-2.031663071019181033e-01
-3.196835392382261221e-01
8.819445179859733974e-01
4.301729601116436319e-01
-1.700520424842926204e-01
4.233616613791012506e-01
8.384521401706195032e-02
1.871391635807728715e+00
5.132655038485319565e+00
3.588274346517092983e-01
2.165263955631599735e-01
1.760775157769171317e-01
1.996672387773508417e+00
3.808512529277245040e+00
-4.099597274182837509e-02
4.398630388676220693e-01
5.878316143673042310e-02
1.713056102778853340e+00
4.928094104158960320e+00
-4.698594206999007761e-01
-5.312355422864919324e-02
-1.370932381732605232e-01
1.381629933800050836e+00
3.377185892837987202e-01
-3.350796017296004403e-01
2.508663654101702667e-01
1.737919703696686746e-01
2.127135920525825785e+00
5.666879502372381694e+00
-1.981331662648019298e-01
7.700525914108938275e-02
-4.513996363086396069e-01
3.229600238543119950e-01
5.863265495022560891e+00
2.701375802333777498e-02
3.635668761991399656e-01
2.359567420284074402e-01
2.198255359278490584e+00
4.688111606813533783e+00
-3.635300571991390006e-01
2.155342065393067996e-01
1.823594422761853906e-01
2.132210287729557674e+00
5.776436613242283968e+00
1.111892430765662187e-01
1.787465795652024847e-01
-4.776166062334381568e-01
5.072103714512653516e-01
4.147652665973788899e+00
-2.853271849814300043e-01
-2.452469470247067851e-01
3.164716803536771206e-01
2.444587586309728167e+00
7.408264126834924745e-01
3.008365109383625557e-01
1.916896090138262287e-01
-2.618540776300411488e-01
1.092210598768415197e+00
3.830210021742366688e+00
2.619180554643249503e-01
-2.407112561239223162e-04
-4.611009541972632131e-01
6.627977592476849145e-01
3.182299702435392952e+00
-4.094608383677321717e-01
-1.786552576804141257e-01
-1.884065223188997329e-01
1.140732439594259962e+00
2.849111694199890632e-01
2.418841536101499212e-01
-1.727927029837547368e-01
3.606333479131729192e-01
2.421445063388897090e+00
2.525265558558882351e+00
5.281025395347649365e-01
-8.835360245030279835e-02
-6.588601018849757351e-02
1.446949027315025615e+00
2.882942311692922477e+00
1.877605855230441712e-01
4.096523014169565768e-01
-8.709270236323794377e-04
1.626012208136888404e+00
4.439480027773248239e+00
4.382214472869908062e-01
5.393504580584775054e-02
1.319140462053199347e-01
1.877951730277723552e+00
3.411692352866618538e+00
4.342709169561779353e-02
-1.266668425793598951e-02
4.359400122770392128e-01
2.872677892808379152e+00
3.197680708551502438e+00
1.961739746418296737e-01
-4.373881207873403509e-01
-1.076191576511215803e-01
1.451816829820882004e+00
1.906800010273527857e+00
-1.948719057754828288e-01
-1.931978389788305828e-01
3.347473275360864364e-01
2.610945471849939192e+00
7.477794563716801957e-01
-6.974893906783401210e-03
-4.184778221660924447e-02
-5.197181330425160173e-01
1.612768671298006884e-01
1.986437203330051915e+00
3.665314918905558383e-01
-8.677427107166289788e-02
2.542944578339065842e-01
2.083094810154277443e+00
2.955801884618391551e+00
-1.354634392348047153e-02
-6.298360746240225239e-02
4.389083125119575546e-01
3.362897433995208907e+00
4.948042952058328225e+00
1.132292349289188982e-01
-9.304937751582971484e-02
-5.254648833361357241e-01
-4.140062979573166935e-01
5.764561304709738820e+00
-7.848867341029697187e-02
1.295734454006421676e-01
4.249594406910063293e-01
2.823548485394043350e+00
4.957122155118057982e+00
-3.986129562402342397e-01
2.088408801481099475e-01
-1.664556525719558533e-01
1.226979698268035657e+00
5.850455349716112252e+00
-7.069800235174132641e-02
2.032332974837825768e-01
3.727577392497076758e-01
3.625618578375592982e+00
1.881989988272856129e+00
3.575482506360364021e-01
-1.899677740185519159e-01
-2.087304366543908662e-01
1.314748042009595830e+00
2.836203019374630152e+00
-9.233907383534148416e-02
-3.666975391363113679e-01
2.404216424603833058e-01
2.251948160885572037e+00
1.293535550958303970e+00
-4.326176278954225740e-01
-4.288885233998546154e-02
-2.834192837005965471e-01
9.467351875945949624e-01
1.249491787561902850e-01
-1.984341244644164115e-01
1.234262414357642501e-01
-4.621098394167769130e-01
4.196014517644791608e-01
5.625157412633207343e+00
3.217264173625065671e-01
-3.682139432817522207e-01
4.685140981828226497e-02
1.743053114702642015e+00
2.166321671242572577e+00
3.459358200186752885e-01
1.620269322306655824e-01
-2.061100915265278166e-01
1.245853214233534345e+00
3.713543919263132320e+00
2.553712617320114675e-01
-1.181142869186259658e-01
3.211796728206807727e-01
2.445230987692041502e+00
2.743914415930469364e+00
2.554046228004961186e-02
-4.405665731588712664e-01
-2.489117575511541058e-01
1.112713405920935372e+00
1.561101582361753781e+00
1.029394566608698575e-01
1.420795100669936528e-01
3.988189813212002499e-01
2.705909479192126987e+00
4.017063975797121600e+00
-4.404310746281756006e-01
-5.413937306228797791e-02
2.225420634933966690e-01
2.279472060505126851e+00
1.747398164738934168e-01
-2.880768657517772668e-01
-1.640445066508705030e-01
2.923818501012288018e-01
2.469343327667029353e+00
4.209296016406720575e-01
2.825852655072749742e-02
8.099497315444820211e-02
-5.043620383148618158e-01
-3.203978672606166422e-01
1.138572730526736354e+00
1.930690144341214165e-01
-9.814150664964681192e-02
4.113206517480330615e-01
2.559259514539221847e+00
2.712697426872007878e+00
2.149052631702305927e-01
3.456703585841428006e-01
1.021398333719127360e-01
1.801379353167122721e+00
4.306973100862967918e+00
-2.460921363293554487e-01
-4.338748894735463546e-01
-8.424663615704172312e-03
1.489809772184067294e+00
1.022344019102099377e+00
4.229124387355754355e-01
-1.565819738480492829e-01
-1.197382207768655227e-01
1.486022560955856608e+00
2.709654477378834692e+00
-4.747494178370323947e-01
2.839903504379501231e-02
-4.877247126673546485e-02
1.766433230738224891e+00
-3.532019651580058789e-02
-1.835011558467562198e-01
2.241004639176777391e-01
-4.347254532418052264e-01
6.153395518537129183e-01
5.334407446245020168e+00
1.867474239518907009e-01
2.261292529039503063e-01
-4.347389219182570264e-01
7.047084033619057664e-01
4.039491512970562859e+00
1.458510814876956552e-01
3.959156613823243687e-01
-2.084049805997186255e-01
1.228741360631914636e+00
4.437929860481113487e+00
-8.944790896001019245e-03
-4.691114826053386921e-01
7.741380102200923208e-02
1.821562133022142760e+00
1.506335178525594287e+00
3.162551931541393024e-01
-3.009556817211060942e-01
-2.205907838997398784e-01
1.170137208075941793e+00
2.311311414159219257e+00
1.615787295033631610e-01
-1.457957582700737942e-01
-4.527766475349800923e-01
5.837682458790719453e-01
2.464430158626212286e+00
-1.050763863291168804e-01
2.516640812520615778e-01
-4.345898253063754657e-01
6.082032466704329066e-01
5.065524100675689034e+00
-4.156514886300970851e-02
-4.589333057875690236e-01
8.293558630532715803e-02
1.836046098777189828e+00
1.390536787655422657e+00
-3.838743830876587687e-02
-2.634562985984875705e-02
4.376318269905416503e-01
3.193725057771865661e+00
1.180822218496979437e+00
-4.332718435013367397e-01
-1.136820516516172525e-01
-2.635143744709118052e-01
9.953048448923620395e-01
2.097232666571324788e-01
-8.111750995912628270e-02
4.599700738742480977e-01
-1.512835586220956201e-02
1.643648443671002601e+00
5.032515598726789996e+00
2.890669712309798522e-01
-3.429945974512696449e-01
1.417916859097968774e-01
1.897532769161273336e+00
2.233561314742446235e+00
3.991656780877369526e-01
-2.472211561833144722e-01
-1.685915213484837916e-01
1.301859799532472550e+00
2.438440114743873899e+00
6.817781659550579965e-02
-4.239501441502982471e-01
1.684107145834635721e-01
2.028900937353235623e+00
1.672959132483027744e+00
1.340784539383007082e-02
4.447410595536808731e-01
3.228749736268605314e-02
1.714363779680920574e+00
4.853318164781619259e+00
-1.263385545411223887e-01
-4.303991874917690308e-01
1.694454777507885812e-01
2.044457513363477474e+00
1.213753884259858973e+00
3.201194052044062932e-01
-1.253113636505038819e-01
-3.927924732127007768e-01
8.620782228224762589e-01
2.827387860033387490e+00
-9.580429130321460596e-02
-2.993289886686737455e-01
2.783338554771414564e-01
2.406137876007877985e+00
1.205419729198595524e+00
2.401662497090517046e-01
-2.324485179286046033e-01
-3.397163563588259660e-01
9.246381662046780914e-01
2.421545785184254118e+00
-5.094635467438225762e-02
-4.777922952308195637e-01
2.997857551215859367e-02
1.715410159942552859e+00
1.307338842111556376e+00
-2.397379262405617550e-01
-1.948427162631206910e-01
2.941902954400195114e-01
2.490652845709887764e+00
6.222684922724495138e-01
5.478972973476428643e-02
-4.527323783162152671e-01
1.300186784970071285e-01
1.942473585891944188e+00
1.635939644519382341e+00
-1.893179646794409532e-01
-3.627669618530158790e-01
1.856709854937292070e-01
2.135743678185495487e+00
1.030703051795575087e+00
-8.607231133940576595e-02
-5.064702298843197781e-01
-1.217345146879884599e-01
1.358294106470359530e+00
1.307744173539678201e+00
-4.590697818161362798e-01
-1.718765527582516162e-01
-2.807959242905634298e-02
1.672950796851414568e+00
2.327256739302261401e-01
-3.050733273581557325e-02
-4.203608727044472748e-01
1.683283364300005303e-01
2.055879682014800203e+00
1.435818748276856072e+00
3.235816328208870885e-02
-4.530869382655161037e-01
1.862750206685634402e-01
2.046772156068044080e+00
1.593654063572184310e+00
2.919310025843796508e-01
-3.905682269714444987e-01
-1.429845631186753840e-01
1.306976197108087767e+00
2.138585334776627267e+00
3.354013610539027246e-01
-2.372122706399858727e-01
1.304735926875809915e-01
1.944135848984619663e+00
2.444427204559457500e+00
-3.059926287069950623e-01
-3.973249037986087973e-01
-2.093444390886969320e-01
1.192326245959491215e+00
8.322339251175806529e-01
-1.091312636215867153e-02
3.012804984919303930e-01
-4.028644710270026241e-01
7.273865227492750662e-01
4.780703557624995881e+00
1.668996150877642692e-02
-1.490701120190014439e-01
4.195863640169384401e-01
2.812294587894257347e+00
1.948643624942266062e+00
-2.250592269797370426e-01
2.192333921983037337e-01
-2.733386193742393111e-01
8.741500227065374107e-01
5.476263816908560678e+00
3.930776638937920620e-01
2.771462340639770372e-01
-9.084890303650126897e-02
1.483774208563811259e+00
3.873596468120171998e+00
-1.144889238010067950e-01
-1.952635405630692433e-01
-4.458286220611024642e-01
4.305321752382567091e-01
1.185799959934985548e+00
2.979004960405724489e-01
2.665880948106690851e-01
2.616272855474935377e-01
2.122583510935508233e+00
3.862878818925894464e+00
-3.289343268619166483e-01
4.366686455782277099e-01
8.895477743368235268e-02
1.843276248359678737e+00
5.407212780083210824e+00
8.777818277937629587e-02
-2.282971993229677421e-01
-4.540200802743657449e-01
5.379119902662753416e-01
1.958358055573503176e+00
-1.190601321565452897e-01
3.666420597373514778e-01
-3.255891767850552232e-01
9.212831135632197910e-01
5.041189349255090768e+00
3.568579088307217706e-01
-3.140358134401046164e-01
-4.778008598671668744e-02
1.572835179198267319e+00
2.310970256081014806e+00
2.081458175341228262e-02
4.633478345963162187e-02
4.383780465334350396e-01
2.890494136740180853e+00
3.797285511686486537e+00
-2.563140328282828007e-01
-2.529857595699212536e-01
2.641895353199151253e-01
2.354340211672141248e+00
7.619944985789387504e-01
7.677713912769056070e-02
-3.740405800542225268e-01
-3.869946405590562466e-01
8.491446132397615365e-01
1.795227829024179211e+00
1.293484607057007185e-01
4.250011872339558572e-01
-1.711331441712568568e-01
1.314537526382211441e+00
4.460705308092472343e+00
-1.433256541095355163e-01
1.969389570804986334e-01
3.176842935443617844e-01
2.550518253051035078e+00
5.342209896388039780e+00
-1.665885722135851676e-01
-3.652777717720484540e-01
2.231282437110847505e-01
2.214031866170127039e+00
1.092979091398884828e+00
-2.157974546561386431e-01
-7.583999453115140843e-02
3.899042048067095645e-01
2.802920100247175306e+00
3.714766956059423753e-01
-1.679860631618597666e-01
3.003476465828613939e-01
-3.538367664094456133e-01
8.395522167422406756e-01
5.235677335783007535e+00
4.200597212494825983e-01
-8.788410562070611554e-02
-2.385777952040999961e-01
1.211290910488687755e+00
2.863056970594174633e+00
-1.108136277701425726e-01
1.204903661637205109e-01
-4.981641873721477376e-01
2.451472341368422236e-01
5.180720527382225882e+00
2.793191252210449060e-01
2.771279464551766880e-01
-3.495954707581331311e-01
9.665420561979283232e-01
4.003678403899068705e+00
-3.558859979465016365e-02
1.376815959489249841e-01
4.231363336172853096e-01
2.804938555147455048e+00
4.665356213759880966e+00
2.997815730686944624e-01
3.250047506285203003e-01
-1.411686256253338323e-01
1.389435023919533663e+00
4.072083827813600010e+00
3.215676022113796440e-01
2.654317029116051163e-01
1.748600598658947292e-01
2.006549630661850880e+00
3.930325898432434073e+00
-2.043302868106904868e-01
2.210367159160931128e-01
-4.389763025710632371e-01
-5.485753777961398514e-01
2.270649719790180043e+00
-1.101004434881462934e-01
-3.789581209750400026e-01
-3.265714177487207270e-01
8.998232766469246302e-01
1.264156210938129909e+00
3.531107649744564259e-01
9.648319169152536068e-02
2.269816674967279901e-01
2.065476438941862281e+00
3.446673771573689926e+00
3.725523318107429871e-01
-1.819348857670290143e-01
2.766302547461004790e-01
2.155866195494240856e+00
2.681757629902890461e+00
-9.414964523486075987e-02
4.604719474042210936e-01
5.736609988334804427e-02
1.786115033636061167e+00
5.017208683836854810e+00
3.527624302987512617e-01
-6.197849571474760288e-02
2.859145103770228680e-01
2.229842008379727680e+00
2.958745382253529232e+00
2.756227121927329882e-01
-3.608843151851144349e-01
1.129523608678331265e-01
1.891644872014765388e+00
2.139106981176329469e+00
1.352504118981316394e-01
-1.184425379028060943e-01
-4.911854875084313843e-01
-5.137015275252834190e-01
5.753057588282387336e+00
-8.371718152459479978e-02
-1.201922101426998318e-01
-4.948062714224324976e-01
1.497927123198483923e-01
9.876956384205363149e-01
2.488075077021417725e-01
-4.212400472451846567e-01
-5.163533943425414191e-02
1.517656901409805359e+00
2.001868728748987802e+00
-4.488667321554968836e-01
1.825940837517751048e-01
2.548172251948121678e-02
1.777062965397924632e+00
5.954292246224178520e+00
2.803863624501060081e-01
-2.874769577553633049e-01
1.897314060571181626e-01
2.053466718442157113e+00
2.305860578748422984e+00
5.642987003234999771e-02
4.093805510558451433e-01
-2.344414825598955254e-01
1.153536848000572546e+00
4.640816309808378115e+00
-2.926876903047062051e-01
3.494963954517226190e-01
-2.095341736407800859e-01
1.208067520583466559e+00
5.497653281252053326e+00
3.681442714468130539e-01
-1.121491277079869481e-01
2.471273078341345020e-01
2.148042735738538767e+00
2.854193832747565995e+00
1.009999600915431062e-01
2.135331255689669749e-01
-4.532609080537675639e-01
5.724185753214481309e-01
4.265246909599525793e+00
4.918545258918782803e-02
6.463710017294314880e-02
4.705835415195521731e-01
2.832150899010604572e+00
4.053234334348432277e+00
-2.470352524755035570e-02
-2.781783898270883681e-01
3.546937634087626856e-01
2.564560176032602445e+00
1.511355675016290423e+00
-2.200764769639658447e-01
2.125658174270690925e-01
3.487393263421277312e-01
2.546031966368849098e+00
5.446233677583725452e+00
4.280479620715006983e-01
-1.562913784837348941e-01
-2.895840710951793073e-01
1.158807796636849075e+00
2.744486421008152988e+00
-2.980999050596473410e-01
-3.920186878568349687e-01
4.255430892901389955e-02
1.785244867720306772e+00
8.138241091790274773e-01
1.377604695163056336e-01
-3.888278335862818125e-01
-3.397800323332632044e-01
9.601504537911514925e-01
1.912482115089843893e+00
-2.010488983306857325e-01
3.360851249373102978e-01
-3.024704613250918661e-01
9.535271824651607719e-01
5.280191570495429865e+00
-2.863186537767186679e-01
2.434570042248765387e-01
3.191271453484527121e-01
2.371519345730324080e+00
5.582832895235823933e+00
-4.479588919144034675e-01
-7.271028951865522727e-02
1.195049508929538068e-01
1.771876093609702219e+00
6.313617448490482786e+00
-1.634214818035083228e-01
4.236918488823924744e-01
-1.627166167371521810e-01
1.291623332356051534e+00
5.151748465758009488e+00
-3.516866559356265354e-01
2.193195419305807026e-01
9.870965236124508435e-02
1.774366489461604024e+00
5.834111756788893821e+00
-3.648772185884494590e-01
-2.244440012756048763e-01
9.783016620027094878e-02
1.958393329224952906e+00
4.128109550597964250e-01
-1.502674120576499017e-01
1.350531324328714811e-01
3.952793223295039682e-01
2.733958139084157413e+00
5.309794324466088788e+00
-4.848792584278206752e-02
1.055071264774022771e-01
4.115724090361663201e-01
3.331513291108963770e+00
1.774416180787972364e+00
-3.630641960043615724e-01
-3.048367867635294326e-01
-1.484783173332424877e-01
1.285388029715298197e+00
5.759616013557531389e-01
-8.685688574105673854e-02
4.256262827887754563e-01
-1.432555684330738821e-01
1.373766116515162228e+00
5.020464874019712198e+00
-3.650636822637624013e-01
-1.582110176106307498e-01
-3.901114319050591472e-01
6.970079227792430610e-01
5.126581606940353586e-01
-3.688926804084020072e-01
-8.022965328593641837e-03
2.765843215086420948e-01
2.423760002039102801e+00
6.211183230697383095e+00
1.620616072568640403e-02
-2.880162278080494742e-02
4.375256705858087125e-01
2.879478114372294506e+00
3.160397237750951049e+00
-9.205907110140555683e-02
-1.939724790319408143e-01
-4.884835116959813095e-01
3.622250109399466900e-01
1.119810640513869027e+00
-3.445199950278607370e-01
4.429449771546121323e-02
-3.676930297533219649e-01
7.560697274808515500e-01
6.170266178757769282e+00
-3.037671102140125368e-01
-5.699069488216330220e-02
3.369123342866165438e-01
2.588249140610772603e+00
1.461301813138209948e-01
-2.940537385496382328e-01
-2.285954902804265554e-01
2.501357445451355410e-01
2.322936115062884888e+00
6.156897071340443617e-01
-2.540679960951048311e-01
-3.560991203553495743e-01
-2.765597742489702138e-01
1.009596146801987171e+00
9.069553347844168112e-01
-5.177398671535972385e-02
-1.917622483801143807e-01
4.082320124439290931e-01
2.764693884339634256e+00
1.381160987377638039e+00
-2.828655576689725198e-02
-3.915623863813239014e-01
1.959876578832897009e-01
2.138752015691339992e+00
1.420773633411566150e+00
-1.746368443286486494e-01
3.640339035205653051e-02
-4.812846887667001083e-01
-2.555596649650147545e-01
2.776367904358447269e+00
2.043205699023935007e-01
6.293455329287317435e-02
-4.826397158710653001e-01
-6.063317523094632344e-01
3.009270459638441197e-01
2.957781324581348348e-01
-4.589582371664228944e-02
3.289084306092044940e-01
2.282221417125093410e+00
3.080592551399011114e+00
2.756500704087620768e-02
-1.612750564091660899e-01
-5.087065529576927370e-01
3.760899055942324987e-01
1.963495941255007482e+00
2.736958984812583595e-01
1.012182046002752384e-01
-3.497374850237525146e-01
9.184165845251717197e-01
3.423266431550593847e+00
2.301017246141126016e-01
2.997619014456817665e-01
-3.556643420884935680e-01
9.370911655119729122e-01
4.123000439507346293e+00
1.697098937175028216e-02
-3.607081316852973618e-01
-3.784345057447450755e-01
7.930865912192660572e-01
1.634055242427867150e+00
-2.865566278227450053e-02
2.236305109812662933e-03
4.410560140874672519e-01
3.007249400638234871e+00
4.490571407764315737e+00
2.695261377679587511e-01
3.235727791129602293e-01
1.387946600782370699e-01
1.989598220897400793e+00
4.138364579812520816e+00
-4.269925558385631037e-01
-2.095853499027299227e-01
4.013368814845068300e-02
1.649547758144269016e+00
3.357742218073730411e-01
3.574181116819244441e-01
-2.917032561064754614e-01
1.453148421636095422e-02
1.833242192228201617e+00
2.462522607099729033e+00
-4.197929030735041978e-01
-2.404538878210047692e-01
5.071585655305670126e-02
1.847910281889435513e+00
3.920327516360511688e-01
-3.859088885812202441e-01
2.504593083217009908e-01
-1.940416992386880257e-01
1.185424552332138726e+00
5.775399695126991695e+00
8.079249338137158010e-02
3.665682792862772765e-01
-3.254592176456333474e-01
9.378349935548840888e-01
4.526449146968621662e+00
1.765459799206621494e-01
4.151652279905394538e-01
-7.834468878167008543e-02
1.529735218302832767e+00
4.412699288224235517e+00
2.101479419489790945e-01
2.744557806568125313e-01
2.632414999481094142e-01
2.189103321326917317e+00
4.008755155142793569e+00
-2.249665681638808312e-01
1.691416933521996957e-01
-4.274782545610816831e-01
5.266562881286940279e-01
5.634549396295546408e+00
3.263342778952276757e-01
-2.161373074498085245e-01
1.787198266812476677e-01
2.030408777999673120e+00
2.493804886830492951e+00
1.703042342002807630e-01
1.955706798173644512e-01
3.046704254714933113e-01
2.478737246214008927e+00
3.877297944693252951e+00
1.015976561659599348e-01
-4.361932514709262326e-02
-5.170519851014133694e-01
3.484485031487784545e-01
2.852310433469354756e+00
-1.569608908070352082e-01
-4.303576353014813005e-01
6.145913083799199594e-02
1.797490899845161749e+00
1.093942978163224833e+00
1.718841095562036736e-01
-4.624025293223373856e-01
1.192904157984969044e-02
1.729569851013369686e+00
1.748719467241792502e+00
1.079872398783554045e-02
5.180896169940885782e-02
-5.480812653135258561e-01
-2.436635855460924927e-01
1.012637592861642455e+00
4.315841170138830507e-01
-1.391274734373268429e-01
1.059957564579455253e-01
1.804971192311156880e+00
3.018745408837774757e+00
1.357870875600994121e-01
-4.640503273260246919e-01
-1.590825355334675173e-01
1.291092444111406223e+00
1.713874482803706911e+00
-4.623721750513021256e-01
9.309731056396977622e-02
-1.026154376938995250e-01
1.377749000885905906e+00
-5.144795029219706439e-02
2.171449726580959860e-01
-2.586914706880342751e-01
3.183758332505561839e-01
2.343020564638596426e+00
2.312210587755709756e+00
3.981778644546992707e-01
1.447796668135042930e-01
7.962683930415360989e-02
1.780191553738255772e+00
3.593486249111905284e+00
-5.234994857270058866e-01
-4.489136320647907352e-02
-5.512892926975571095e-02
1.455706722270878828e+00
6.208328515283592530e+00
-2.856089426397336317e-01
1.964194720925337700e-01
-3.222454770785018741e-01
8.208062395520385746e-01
5.663919674999606357e+00
-1.197117826861426038e-01
3.091054397602026604e-01
-3.538698497033106460e-01
8.052994522173673175e-01
5.118015046295811388e+00
-3.302080780355246548e-01
2.181682586686394670e-02
-3.879049680971004554e-01
7.032550119338707439e-01
-3.765450282689809802e-02
-3.096528886637556766e-01
3.185932420524442144e-01
1.048147423857560823e-02
1.606376856775157069e+00
5.608625182700242462e+00
8.017780864240831029e-02
6.994387890323947032e-02
4.303182560591666261e-01
2.786389329952669414e+00
3.769613966448400966e+00
-4.529845244929415204e-01
3.556709337679592187e-02
-1.937271648668748847e-01
1.136312976776544303e+00
6.320680224644240397e+00
-2.950680908401967506e-01
-4.040664802832007463e-01
-5.231654965146487202e-02
1.558301650564247076e+00
8.274981847008078262e-01
-2.397464030858748874e-01
-4.021552353223535325e-01
-3.169931870384372630e-01
9.815835785989366347e-01
9.944631791005306143e-01
1.779482502678602363e-01
-4.212183366480654056e-01
1.729119574471887910e-01
2.015255267059555599e+00
1.902113549367416612e+00
7.001291950815009824e-02
4.193239657778490836e-01
2.021508125328800864e-01
2.041344065643528438e+00
4.627562627155016983e+00
7.423541593742356837e-02
-2.120302311644629567e-01
-4.823417050949343476e-01
4.624426174599668982e-01
2.089338005150707556e+00
4.291089692611536055e-01
-2.063001168108424821e-01
-5.329729630107016281e-02
1.579752420478877317e+00
2.596366656788943850e+00
-2.644390099959328388e-01
-1.944709732467593821e-01
-3.378405131836056396e-01
7.211418521705474927e-01
6.274965923362105791e-01
-3.562655338661657733e-01
2.959327330183887383e-01
1.184854668509241135e-02
1.624084220382639998e+00
5.705119803548080348e+00
-3.983611093327620867e-01
1.091254158823302678e-01
1.524000186992338114e-02
1.611548980677593557e+00
-1.258471244360471752e-01
-5.184594721677249912e-02
4.564623433132566910e-01
-6.494386081931335930e-02
1.561316010669483223e+00
5.001224897314256346e+00
1.971408718868344345e-01
-3.552608828298893795e-01
1.673090677755527944e-01
1.998057387587710787e+00
2.049530024359698999e+00
2.069889228647077972e-01
-5.403948269699422602e-02
3.941506967887720148e-01
2.651994267423587903e+00
2.913325168205681770e+00
-2.172704381514638239e-02
-4.602362550784628303e-01
-2.061940006135598302e-01
1.229244474407468868e+00
1.415656792700134226e+00
2.596307933634746656e-01
1.877178738649558087e-01
3.419199027060366713e-01
2.471861853133114462e+00
4.336002100187909214e+00
1.451427864441154902e-01
2.056941062326443082e-01
3.315137218794817486e-01
2.467689702323549561e+00
4.059431484099524923e+00
-6.563065304522609777e-02
-3.365313737907328351e-01
-4.465992491368723227e-01
6.742921065771056988e-01
1.365767830399902127e+00
1.713483289179080771e-01
-2.752613982676081483e-01
3.230565596939860562e-01
2.380360530501177241e+00
2.167320945289961998e+00
4.255891491419986350e-01
-1.196355792651286470e-01
-1.694141302638906832e-01
1.366540480545486824e+00
3.018230745917434454e+00
-2.054055320032247556e-01
3.404920870662672128e-01
2.533558757465234623e-01
2.256266307137039018e+00
5.247870260306034318e+00
4.694823224042037335e-01
2.371889397350003190e-02
5.853560731083021912e-02
1.627943708819669988e+00
3.272204025183361953e+00
-1.486301399147953450e-01
-4.537055554390332368e-01
3.848971285909609519e-02
1.732841388697227814e+00
1.099396073735563029e+00
2.478590116652499009e-01
-3.157526245892646743e-01
-3.063662948246806961e-01
1.043728144141525371e+00
2.233367836202770906e+00
2.055908646200839129e-01
3.951805271764261551e-01
-1.948630350357674068e-01
1.271957912106971955e+00
4.321795587859469379e+00
-2.488765721450157675e-02
4.162319083300004552e-01
1.410071002605189361e-01
1.915905209282426025e+00
4.851163514210595551e+00
-2.477556340533264845e-01
-2.465291706552886208e-01
-4.074181146427562905e-01
6.769906140083239432e-01
8.120754413396473748e-01
-1.167395687678876720e-01
4.052298134396922769e-01
-1.979010501171964420e-01
1.205758422558163012e+00
5.071333735456375003e+00
-1.076261910546352264e-02
-4.657470228250643052e-01
-1.279319433469896794e-01
1.439875183899333999e+00
1.420005942168926838e+00
-1.310895676005754684e-01
9.210080836479775379e-02
4.119511887706142073e-01
2.846508491995550116e+00
5.287301961818152485e+00
5.335194600921856767e-02
3.052333051000875042e-01
-3.657792450539439355e-01
7.991349617091856317e-01
4.574583944408507463e+00
2.293923367102246869e-01
-3.519268685397091145e-01
1.905833024908756002e-01
2.039893401691062369e+00
2.126137116796654514e+00
1.166971273241544371e-01
-3.531786305615909338e-01
2.834651074859950159e-01
2.306344922605254588e+00
1.875253862397613158e+00
-7.994472409997650797e-02
3.632645477962628822e-01
2.363714082824828755e-01
2.218921418081405417e+00
4.923022720137879560e+00
-3.633708869544456377e-01
-7.688776561479519767e-02
-3.627193029861246476e-01
7.343564032783718165e-01
1.980820930457579399e-01
-2.023395760733740223e-01
2.409969091545014208e-01
3.242423440015586578e-01
2.456239559861010502e+00
5.395087349184607639e+00
-2.334696614274631987e-01
-3.307584493542980453e-01
-3.481489799609553404e-01
8.616306776428412917e-01
9.135890133828968862e-01
-7.039853643651265702e-02
2.213611352279419575e-01
-4.506543813656754272e-01
5.341565433232949855e-01
4.961442980883188802e+00
-1.419857287021072945e-01
-4.449813932188832477e-01
-2.847623134028079983e-01
1.061568236101203544e+00
1.206919748678775051e+00
3.479232862652266167e-01
-2.530746021800218126e-01
-2.788483668152839101e-01
1.107134753892571988e+00
2.473639026259311535e+00
-1.440178656379683675e-01
1.587825177482730665e-01
-4.559635787336203117e-01
3.652762757442671315e-01
5.240173702967134695e+00
-4.048695545683862473e-01
6.657420694610791112e-02
2.345869473392403481e-01
2.274820925606205968e+00
6.097754884640378847e+00
3.314508276823154298e-01
1.895945089138632023e-01
2.742674319298815111e-01
2.189343478953230449e+00
3.752162780996138647e+00
-3.523638729424172222e-01
-1.463939948353234211e-01
2.724903770430905925e-01
2.383161950850460453e+00
2.822002662361068337e-01
-2.690145156728530607e-01
-2.976582375082084675e-01
2.286468549791288163e-01
2.225238941304200857e+00
7.369836395791747874e-01
7.379719613651423982e-02
1.338889201045061683e-03
-5.181313913731162568e-01
3.226442500913326294e-01
3.251211245629700208e+00
-2.491918864694394053e-01
-7.633058921780311312e-02
3.498294065477041692e-01
3.596759663150187247e+00
3.400733398095539872e+00
6.707694650899194422e-02
1.061685515411565639e-01
-5.115367071893195394e-01
3.751748917175064535e-01
4.166108831018388692e+00
3.671954048931271031e-02
-3.162524262897321026e-01
3.386339334241314503e-01
2.460390352202996400e+00
1.731881642213199068e+00
6.710783754546663371e-02
-9.602566147032175203e-02
4.246277268337005362e-01
3.453185685820302275e+00
5.693870313180938503e+00
3.740929430220510388e-01
1.345501915439190344e-01
-2.841725646831899654e-01
1.090137917025193692e+00
3.604390919916425240e+00
3.863582517575545050e-02
-2.323465379342557480e-01
-4.578773967350512342e-01
5.007243942191841324e-01
1.730160548895862016e+00
1.508421793666541721e-01
3.686759820275818944e-01
-3.591461973155510856e-01
9.467720143933094912e-01
4.363267546247352691e+00
-2.070452531840452359e-01
-3.899036269807570898e-02
-4.701858692324014655e-01
2.691661289183874262e-01
7.518335230095223032e-02
9.161742832282358806e-02
-4.805226858771885490e-01
6.897912664565455931e-02
1.779090675780621522e+00
1.676284322733222920e+00
-2.174459723638043074e-01
-4.089201183166382703e-01
1.269368889646854681e-01
1.952268695265630516e+00
9.953860415102220305e-01
-4.697061411120878605e-01
-8.173911010025672330e-02
2.033043905812211005e-02
1.569927098170587065e+00
5.579551553247842632e-02
9.868626243394788833e-03
3.702127803857520605e-01
-2.994811295084985336e-01
9.715478015525863542e-01
4.707674419379646480e+00
1.419293913476863712e-02
6.012680533820274204e-02
4.485741858030652951e-01
2.893702187294326045e+00
3.941912118750969807e+00
1.880366626428062182e-01
-1.076824462468148474e-01
-4.821055794758912771e-01
-5.435747973017075463e-01
5.790509719630773766e+00
