-1.382215470075607300e-01 3.388391733169555664e-01 -4.785873889923095703e-01 4.124082326889038086e-01 7.027975320816040039e-01 2.726390361785888672e-01
7.030955553054809570e-01 -3.506526350975036621e-01 -7.722581028938293457e-01 1.809626817703247070e-02 -9.247918128967285156e-01 -1.220744729042053223e+00
1.006395936012268066e+00 4.149295389652252197e-01 4.497645199298858643e-01 4.264995455741882324e-01 1.213391184806823730e+00 6.115646362304687500e-01
-6.492773890495300293e-01 -7.009064555168151855e-01 5.069552659988403320e-01 2.496258616447448730e-01 -9.041486978530883789e-01 8.951119184494018555e-01
-5.505260229110717773e-01 2.282908111810684204e-01 -7.203508615493774414e-01 -6.940811872482299805e-02 -6.200112700462341309e-01 -9.415050745010375977e-01
-6.498544812202453613e-01 6.024311110377311707e-02 3.570599853992462158e-01 -1.429697871208190918e-01 -7.229189276695251465e-01 -3.113776445388793945e-03
4.111523032188415527e-01 3.327995836734771729e-01 -6.350943446159362793e-02 1.178753674030303955e-01 -4.285309016704559326e-01 -6.417520046234130859e-01
2.431906461715698242e+00 -3.075906634330749512e-01 2.178132086992263794e-01 3.114236354827880859e+00 3.554112315177917480e-01 -9.017102420330047607e-02
-5.139477849006652832e-01 1.943265795707702637e-01 2.680834531784057617e-01 4.513672590255737305e-01 2.775336802005767822e-01 5.155577063560485840e-01
8.987240791320800781e-01 -1.919937878847122192e-01 -6.468109488487243652e-01 1.303217172622680664e+00 -2.500149011611938477e-01 2.658876776695251465e-01
-8.625103235244750977e-01 2.513264119625091553e-01 1.962603330612182617e-01 -9.143139123916625977e-01 2.990306615829467773e-01 -8.012569546699523926e-01
1.836608350276947021e-02 8.089856505393981934e-01 4.450244605541229248e-01 -2.581019401550292969e-01 7.124255895614624023e-01 -5.111353397369384766e-01
-4.671132862567901611e-01 3.880637586116790771e-01 -3.110841661691665649e-02 -3.602542579174041748e-01 -6.029604673385620117e-01 4.921670258045196533e-02
-7.386257052421569824e-01 1.701761245727539062e+00 -1.436513543128967285e+00 -3.544952273368835449e-01 2.553309679031372070e+00 -1.793317317962646484e+00
3.974118232727050781e-01 -1.840342022478580475e-02 -1.574301719665527344e+00 2.589641809463500977e-01 8.838291764259338379e-01 -1.165879726409912109e+00
-1.903736472129821777e+00 -7.377373427152633667e-02 5.714278202503919601e-03 -1.772077679634094238e+00 9.175013303756713867e-01 -5.877227522432804108e-04
8.539526462554931641e-01 4.974365234375000000e-01 -3.427878022193908691e-01 2.406533360481262207e-01 1.060829997062683105e+00 2.107930779457092285e-01
5.657919645309448242e-01 2.348346561193466187e-01 -1.589964032173156738e-01 -3.160069584846496582e-01 2.572458684444427490e-01 -6.300891637802124023e-01
7.733490318059921265e-02 7.466458678245544434e-01 4.972757697105407715e-01 -7.816736698150634766e-01 4.194675981998443604e-01 8.910508155822753906e-01
-1.252077519893646240e-01 -2.397669404745101929e-01 8.664415478706359863e-01 -6.214665174484252930e-01 -9.062333703041076660e-01 3.100695610046386719e-01
-3.848314285278320312e-01 2.660251855850219727e-01 5.225840583443641663e-02 -8.773875236511230469e-02 -5.863984823226928711e-01 4.825022518634796143e-01
-8.984233140945434570e-01 -1.346822232007980347e-01 6.145559549331665039e-01 -7.010274529457092285e-01 -1.047994494438171387e+00 2.583321034908294678e-01
5.925201773643493652e-01 -1.161960139870643616e-01 5.189943313598632812e-01 4.840279221534729004e-01 5.694934129714965820e-01 -2.007690668106079102e-01
2.965917885303497314e-01 1.231766417622566223e-01 4.875124692916870117e-01 -1.201100945472717285e-01 -6.997171640396118164e-01 1.012414693832397461e-01
-2.303714036941528320e+00 3.584069609642028809e-01 -2.116317152976989746e-01 -2.774767398834228516e+00 1.138429403305053711e+00 2.002828717231750488e-01
2.001340091228485107e-01 8.433213233947753906e-01 -1.486138254404067993e-01 4.784592986106872559e-02 3.798759579658508301e-01 -1.021555185317993164e+00
2.948229908943176270e-01 7.158617377281188965e-01 8.013575673103332520e-01 6.120319962501525879e-01 1.163816332817077637e+00 -3.453427553176879883e-02
-2.639721632003784180e-01 -1.364392489194869995e-01 9.640156030654907227e-01 5.719348192214965820e-01 3.159534931182861328e-01 6.532095670700073242e-01
2.330301403999328613e-01 -4.574532210826873779e-01 5.016238093376159668e-01 -1.397442221641540527e-01 -5.904611349105834961e-01 -4.167160987854003906e-01
-3.365811109542846680e-01 -3.732172306627035141e-03 -7.123430371284484863e-01 -1.025156617164611816e+00 1.841536760330200195e-01 -1.194119453430175781e-02
-4.644742608070373535e-01 -3.724814653396606445e-01 -5.656497478485107422e-01 -1.021787166595458984e+00 -3.518581986427307129e-01 2.643966674804687500e-01
8.016673475503921509e-02 -6.953353285789489746e-01 8.507440686225891113e-01 -7.247911691665649414e-01 -1.694236397743225098e-01 1.125443100929260254e+00
-6.491807699203491211e-01 -4.548637568950653076e-01 -3.814191818237304688e-01 2.425122261047363281e-01 -9.021244645118713379e-01 -3.118386864662170410e-01
-7.093360424041748047e-01 -1.724707335233688354e-01 -2.367625981569290161e-01 -4.662273526191711426e-01 2.759290933609008789e-01 6.233744621276855469e-01
5.400422215461730957e-01 -1.184616327285766602e+00 9.294900298118591309e-02 -3.948879241943359375e-01 -1.537081003189086914e+00 1.338656544685363770e-01
3.410537540912628174e-01 -2.138655036687850952e-01 -4.257605671882629395e-01 4.547367393970489502e-01 5.077437758445739746e-01 2.571421861648559570e-01
-1.709056943655014038e-01 3.604009747505187988e-01 -1.011917293071746826e-01 1.730003505945205688e-01 -2.627556324005126953e-01 6.012358665466308594e-01
-4.147237539291381836e-01 9.237621426582336426e-01 -1.816894114017486572e-01 -1.285760641098022461e+00 4.370412826538085938e-01 -2.480045557022094727e-01
-5.778243541717529297e-01 8.010934591293334961e-01 2.467944771051406860e-01 -1.119835019111633301e+00 4.807829856872558594e-03 5.154088735580444336e-01
-2.015395641326904297e+00 4.347712099552154541e-01 4.092747271060943604e-01 -2.834254026412963867e+00 2.031922340393066406e-02 1.215946674346923828e-02
1.204114437103271484e+00 3.301645517349243164e-01 -3.878911435604095459e-01 1.445083379745483398e+00 -5.399353504180908203e-01 4.206258058547973633e-02
-3.755589723587036133e-01 -1.977650970220565796e-01 -7.404316067695617676e-01 -2.269804477691650391e-02 -1.077787876129150391e+00 -4.225495159626007080e-01
4.382133185863494873e-01 6.773428916931152344e-01 7.097139954566955566e-01 -9.114453196525573730e-02 1.818656921386718750e-02 1.243842482566833496e+00
3.347953855991363525e-01 4.657772779464721680e-01 2.481366842985153198e-01 -3.222550451755523682e-01 9.684991836547851562e-02 9.055386185646057129e-01
-1.778217256069183350e-01 3.174807429313659668e-01 -2.853722870349884033e-01 5.293446779251098633e-01 1.943576037883758545e-01 4.108722507953643799e-01
8.110371828079223633e-01 -3.848167359828948975e-01 4.535403251647949219e-01 8.405734300613403320e-01 5.866276025772094727e-01 2.181182503700256348e-01
-9.255827069282531738e-01 1.980463787913322449e-02 -2.195573747158050537e-01 -7.285051345825195312e-01 -3.606923222541809082e-01 6.839815378189086914e-01
6.845075637102127075e-02 9.273325800895690918e-01 7.422022521495819092e-02 6.311657428741455078e-01 3.400319218635559082e-01 -5.075268745422363281e-01
3.444641232490539551e-01 -1.169955015182495117e+00 -7.489367574453353882e-02 -4.223967194557189941e-01 -1.117450594902038574e+00 5.647686123847961426e-01
4.417425692081451416e-01 -3.792359530925750732e-01 -3.889192342758178711e-01 -1.777223646640777588e-01 1.007410883903503418e-01 2.322773337364196777e-01
-1.851510107517242432e-01 2.289306670427322388e-01 -1.961394399404525757e-01 4.967209994792938232e-01 1.773052960634231567e-01 5.335080027580261230e-01
8.777701854705810547e-02 -5.234835743904113770e-01 -6.976987123489379883e-01 2.317995727062225342e-01 -9.678196310997009277e-01 1.865088343620300293e-01
2.750362753868103027e-01 2.645935714244842529e-01 2.111467067152261734e-03 -2.140504717826843262e-01 -3.102264702320098877e-01 -6.539190411567687988e-01
-1.340491622686386108e-01 -1.004201889038085938e+00 3.224861621856689453e-01 -9.818212389945983887e-01 -4.759131073951721191e-01 2.756504416465759277e-01
3.894277662038803101e-02 1.506196856498718262e+00 8.419329524040222168e-01 1.470882594585418701e-01 2.086254596710205078e+00 3.456842899322509766e-02
4.657908976078033447e-01 6.865792870521545410e-01 1.161809936165809631e-01 5.991189479827880859e-01 3.331545889377593994e-01 1.042093873023986816e+00
-5.331589579582214355e-01 -4.527517035603523254e-02 -2.519498765468597412e-01 8.273130655288696289e-02 4.214315414428710938e-01 3.827658593654632568e-01
-3.254812061786651611e-01 -2.698984742164611816e-01 -2.248800545930862427e-01 1.316325664520263672e-01 -4.612832665443420410e-01 6.436928510665893555e-01
-7.575657963752746582e-01 -4.460311830043792725e-01 -2.416927963495254517e-01 -2.330873012542724609e-01 -7.917548418045043945e-01 5.363801121711730957e-01
9.137118458747863770e-01 -1.472005993127822876e-01 3.374663293361663818e-01 7.510281801223754883e-01 1.353845745325088501e-01 -6.078799962997436523e-01
-6.415043771266937256e-02 3.477877378463745117e-01 -8.687841892242431641e-01 1.537879854440689087e-01 1.037258863449096680e+00 -1.780364513397216797e-01
1.895960271358489990e-01 -3.471555411815643311e-01 -2.053898870944976807e-01 -2.551287710666656494e-01 -2.191442400217056274e-01 6.810823678970336914e-01
-3.468660414218902588e-01 9.921855926513671875e-01 -2.846574187278747559e-01 -1.189992189407348633e+00 4.851416945457458496e-01 -4.636683464050292969e-01
-5.913951396942138672e-01 1.781221628189086914e-01 5.338237881660461426e-01 -8.342339396476745605e-01 -6.790921688079833984e-01 7.971698045730590820e-02
5.366122722625732422e-01 -8.970194458961486816e-01 4.261480867862701416e-01 1.271370887756347656e+00 -2.221941947937011719e-01 3.572953045368194580e-01
7.551521807909011841e-02 2.335591018199920654e-01 -2.827468216419219971e-01 -2.713168561458587646e-01 -4.552760422229766846e-01 3.538170754909515381e-01
6.510966420173645020e-01 -2.695544362068176270e-01 -3.833916783332824707e-01 6.815522909164428711e-01 4.083916544914245605e-02 5.667284727096557617e-01
-4.062454104423522949e-01 -5.337199568748474121e-01 -4.940117895603179932e-02 2.747043967247009277e-01 4.228717088699340820e-02 -5.016436576843261719e-01
1.830669879913330078e+00 -3.566223680973052979e-01 -1.085412740707397461e+00 1.507688879966735840e+00 -6.587839126586914062e-01 -1.982285976409912109e+00
1.370570212602615356e-01 5.208512544631958008e-01 -2.821404337882995605e-01 1.024150013923645020e+00 1.489361822605133057e-01 -8.744955062866210938e-03
7.692682743072509766e-01 3.593783453106880188e-02 1.307755857706069946e-01 7.474676966667175293e-01 -8.878644108772277832e-01 -2.514731884002685547e-01
-7.144531011581420898e-01 6.294809579849243164e-01 7.898272015154361725e-03 -8.437352776527404785e-01 -7.036715745925903320e-02 7.103929519653320312e-01
-4.666473865509033203e-01 -3.697388470172882080e-01 9.159296154975891113e-01 -1.085494875907897949e+00 1.396023333072662354e-01 3.179335594177246094e-01
-2.314457744359970093e-01 -2.057559043169021606e-01 -7.623835802078247070e-01 -8.285962939262390137e-01 1.666238754987716675e-01 -5.192983150482177734e-02
4.063064455986022949e-01 -5.903010368347167969e-01 -1.152468249201774597e-01 5.072505474090576172e-01 3.319275379180908203e-01 -4.884823560714721680e-01
-4.786784946918487549e-01 1.784073263406753540e-01 -4.438388645648956299e-01 3.712041676044464111e-01 -3.093900680541992188e-01 -6.432206630706787109e-01
7.478505969047546387e-01 2.077234089374542236e-01 1.959698051214218140e-01 6.917464137077331543e-01 -2.727328538894653320e-01 -6.792525053024291992e-01
1.967407763004302979e-01 9.511167407035827637e-01 2.233575433492660522e-01 9.301590919494628906e-01 3.880317211151123047e-01 6.041891574859619141e-01
2.564164064824581146e-02 -1.916246712207794189e-01 -6.568142175674438477e-01 -5.147190093994140625e-01 -7.745664119720458984e-01 -5.002814531326293945e-02
1.187247395515441895e+00 -4.194891750812530518e-01 -2.591967880725860596e-01 1.262012243270874023e+00 5.460251569747924805e-01 -9.813085198402404785e-03
-2.961426973342895508e-01 7.707846164703369141e-02 -6.208660006523132324e-01 -2.974272966384887695e-01 8.261216282844543457e-01 4.165393114089965820e-02
-2.458294034004211426e-01 -6.774126291275024414e-01 3.259144425392150879e-01 -9.434233903884887695e-01 -1.362900137901306152e-01 -1.437118649482727051e-01
-6.779221892356872559e-01 -4.218432307243347168e-01 9.240281581878662109e-01 -1.140866994857788086e+00 -6.706979870796203613e-01 7.329118251800537109e-02
4.647867381572723389e-02 3.367839753627777100e-02 5.133290290832519531e-01 5.823501944541931152e-01 -8.658255636692047119e-02 -3.223617076873779297e-01
-2.987024486064910889e-01 -1.141771554946899414e+00 1.459278464317321777e-01 -4.497446417808532715e-01 -8.088717460632324219e-01 -7.848588824272155762e-01
-3.780488073825836182e-01 6.274895668029785156e-01 -4.787207767367362976e-02 3.124742805957794189e-01 6.714497804641723633e-01 6.741011738777160645e-01
-5.003765821456909180e-01 3.095086812973022461e-01 7.134348154067993164e-01 3.912993073463439941e-01 1.115982383489608765e-01 1.120553255081176758e+00
4.508637189865112305e-01 -5.310676693916320801e-01 4.319210052490234375e-01 5.995800495147705078e-01 3.392115831375122070e-01 -3.765055537223815918e-02
-2.080694586038589478e-01 8.597997426986694336e-01 5.916664600372314453e-01 3.099507093429565430e-01 3.649101257324218750e-01 1.289333581924438477e+00
-5.235384702682495117e-01 -8.318561315536499023e-01 -1.422172188758850098e-01 -1.186433196067810059e+00 -8.319854736328125000e-02 -1.331405490636825562e-01
5.380873680114746094e-01 -7.430308461189270020e-01 6.291211247444152832e-01 -1.480096578598022461e-01 -5.018727183341979980e-01 1.315498352050781250e+00
-4.301263391971588135e-01 -3.924846649169921875e-01 -4.416975080966949463e-01 1.590974628925323486e-01 2.444237470626831055e-01 -9.388523101806640625e-01
6.768796592950820923e-02 -6.479122042655944824e-01 -3.099786639213562012e-01 7.249332070350646973e-01 -1.505237817764282227e-01 2.562664151191711426e-01
1.120125770568847656e+00 -1.019211858510971069e-01 -6.887280941009521484e-02 8.476785421371459961e-01 -1.113364994525909424e-01 -1.030997514724731445e+00
3.758707642555236816e-01 9.012807607650756836e-01 -2.897169888019561768e-01 1.270370960235595703e+00 5.346817970275878906e-01 -5.455968379974365234e-01
-2.863753139972686768e-01 -1.633334010839462280e-01 1.235344409942626953e+00 -8.204741477966308594e-01 -9.207226634025573730e-01 8.597116470336914062e-01
-3.339551687240600586e-01 8.663157224655151367e-01 -2.988542914390563965e-01 -5.346593856811523438e-01 6.581273674964904785e-01 6.584206819534301758e-01
2.929540276527404785e-01 3.990992903709411621e-01 6.527557969093322754e-01 -7.570070028305053711e-02 9.684985280036926270e-01 -8.200818300247192383e-02
5.497157573699951172e-01 -3.332475423812866211e-01 -5.240166187286376953e-01 5.710037350654602051e-01 -4.459190368652343750e-01 4.693875908851623535e-01
4.569641351699829102e-01 3.762866854667663574e-01 2.921531498432159424e-01 2.355870902538299561e-01 -2.950853705406188965e-01 -4.151315987110137939e-01
-1.970513761043548584e-01 -8.629679679870605469e-02 -4.624221920967102051e-01 2.672406136989593506e-01 -2.943791747093200684e-01 3.984695672988891602e-01
-7.983184456825256348e-01 1.925429254770278931e-01 -4.202255606651306152e-01 -5.429922342300415039e-01 -7.702109813690185547e-01 -5.091835260391235352e-01
-3.050289452075958252e-01 -7.490274906158447266e-01 1.392297297716140747e-01 -3.052766919136047363e-01 -7.292249798774719238e-01 -8.605741858482360840e-01
-3.968291282653808594e-01 3.209520876407623291e-01 -3.746992349624633789e-01 -5.695526599884033203e-01 -6.552879810333251953e-01 -2.438484579324722290e-01
-5.248962044715881348e-01 -1.308777928352355957e-01 -1.419686377048492432e-01 2.889226675033569336e-01 1.754554808139801025e-01 -6.357892155647277832e-01
-4.112484455108642578e-01 9.148859977722167969e-01 -6.195832788944244385e-02 4.504578113555908203e-01 1.082265496253967285e+00 -5.409640073776245117e-01
-4.087549149990081787e-01 -5.199151039123535156e-01 -4.682694077491760254e-01 4.563974440097808838e-01 -1.608578562736511230e-01 -8.183971047401428223e-01
2.537299096584320068e-01 -3.093555271625518799e-01 8.230168819427490234e-01 8.406314849853515625e-01 4.831140339374542236e-01 6.570689082145690918e-01
1.989606171846389771e-01 9.077927470207214355e-01 3.686364293098449707e-01 -7.967356443405151367e-01 8.863922357559204102e-01 4.588088095188140869e-01
1.381857097148895264e-01 -8.356668949127197266e-01 5.885772705078125000e-01 -8.468464612960815430e-01 -9.823457598686218262e-01 4.980404376983642578e-01
8.588807582855224609e-01 -3.942263126373291016e-01 1.051679104566574097e-01 3.728139996528625488e-01 -9.854262471199035645e-01 7.487685084342956543e-01
2.884173393249511719e-01 -9.103396534919738770e-02 7.680809497833251953e-01 4.540381729602813721e-01 -6.515554189682006836e-01 -4.332858324050903320e-02
-7.597498297691345215e-01 2.478152215480804443e-01 -9.236349165439605713e-02 -1.944799423217773438e-01 4.235745668411254883e-01 7.136009335517883301e-01
-1.512105464935302734e+00 -2.591430842876434326e-01 -1.156162098050117493e-01 -1.044483423233032227e+00 1.494133472442626953e-02 -9.559776782989501953e-01
-7.439255118370056152e-01 -6.519519686698913574e-01 1.921976804733276367e-01 4.149085283279418945e-02 -1.249194979667663574e+00 2.964946627616882324e-02
-9.705279469490051270e-01 -5.343939661979675293e-01 5.968399643898010254e-01 -1.356439232826232910e+00 -1.212591528892517090e-01 -2.280188798904418945e-01
-9.562104344367980957e-01 2.042789220809936523e+00 -1.116700004786252975e-02 -1.896019101142883301e+00 2.384364604949951172e+00 -1.896628178656101227e-03
6.177013516426086426e-01 -4.839249551296234131e-01 4.342523962259292603e-02 4.345114231109619141e-01 -4.352548420429229736e-01 -9.384467601776123047e-01
3.854973912239074707e-01 5.270381569862365723e-01 -7.880530357360839844e-01 1.077975511550903320e+00 7.046319246292114258e-01 -8.881455659866333008e-02
8.915522098541259766e-01 -2.135221511125564575e-01 -4.173001348972320557e-01 9.267116785049438477e-01 7.277514934539794922e-01 -8.149096369743347168e-02
4.928021430969238281e-01 -9.221305847167968750e-01 4.781266208738088608e-03 1.172036886215209961e+00 -2.172421216964721680e-01 2.091642916202545166e-01
-1.809332013130187988e+00 -4.411125481128692627e-01 5.288760662078857422e-01 -1.679893374443054199e+00 -3.785162270069122314e-01 1.518485784530639648e+00
1.452256798744201660e+00 -6.667287945747375488e-01 -7.667329907417297363e-01 1.284965515136718750e+00 -2.609566450119018555e-01 -1.665266513824462891e+00
5.717642307281494141e-01 -7.413861751556396484e-01 1.178435757756233215e-01 3.757347762584686279e-01 -5.296870470046997070e-01 1.075317263603210449e+00
-1.890541166067123413e-01 2.848770618438720703e-01 7.449296712875366211e-01 -8.238743245601654053e-02 6.808205842971801758e-01 -1.671289801597595215e-01
4.177484810352325439e-01 -1.824214458465576172e-01 -6.611651182174682617e-01 7.271937727928161621e-01 -3.458966612815856934e-01 2.755949497222900391e-01
-4.939972460269927979e-01 -5.002091173082590103e-03 3.484228551387786865e-01 4.927337169647216797e-03 -7.581782341003417969e-01 -8.029615879058837891e-02
4.452114999294281006e-01 2.702953815460205078e-01 8.230301141738891602e-01 -4.061142504215240479e-01 7.814569473266601562e-01 7.048851251602172852e-01
2.969873845577239990e-01 1.447784714400768280e-02 -1.946781635284423828e+00 -4.974588453769683838e-01 -1.736396402120590210e-01 -2.524247646331787109e+00
-2.223737537860870361e-01 2.744558155536651611e-01 1.613081336021423340e+00 -1.702829897403717041e-01 1.269743561744689941e+00 1.531295537948608398e+00
5.417122840881347656e-01 -8.038858771324157715e-01 3.256248533725738525e-01 -2.015478610992431641e-01 -7.267400622367858887e-01 9.901645183563232422e-01
3.895585611462593079e-02 -2.456528425216674805e+00 4.865583777427673340e-01 -3.165441378951072693e-02 -3.227006196975708008e+00 -1.469856500625610352e-01
-5.783290266990661621e-01 3.702478408813476562e-01 6.154907345771789551e-01 -5.032398104667663574e-01 -6.239328980445861816e-01 6.927317380905151367e-01
-4.485087692737579346e-01 -1.039943337440490723e+00 -1.073957011103630066e-01 -2.931515574455261230e-01 -9.928579330444335938e-01 8.793398737907409668e-01
-7.057724595069885254e-01 2.948463857173919678e-01 1.693169325590133667e-01 -1.086773872375488281e-01 3.760196566581726074e-01 9.673698544502258301e-01
4.440369009971618652e-01 8.796066045761108398e-02 1.579652279615402222e-01 -4.750735163688659668e-01 1.281192153692245483e-01 5.499133467674255371e-01
-5.630459785461425781e-01 -2.449463903903961182e-01 -7.829096317291259766e-01 -7.488101124763488770e-01 -1.111675977706909180e+00 -3.200149834156036377e-01
1.001270055770874023e+00 2.643177211284637451e-01 -2.035126686096191406e-01 1.057591319084167480e+00 3.379538655281066895e-01 7.921808958053588867e-01
1.030719041824340820e+00 -4.560997784137725830e-01 -6.130995694547891617e-03 4.740502238273620605e-01 -1.219473958015441895e+00 3.215574026107788086e-01
1.528191417455673218e-01 -7.656903266906738281e-01 -7.125188596546649933e-03 4.729941487312316895e-03 -4.213963747024536133e-01 9.199838638305664062e-01
-2.518215775489807129e-01 3.964076638221740723e-01 3.762827515602111816e-01 2.734181880950927734e-01 3.698998689651489258e-01 -4.742586016654968262e-01
-5.384389683604240417e-02 -1.001854896545410156e+00 2.076966464519500732e-01 -2.199489772319793701e-01 -3.630543947219848633e-01 9.589242935180664062e-01
9.826117008924484253e-02 2.287799865007400513e-01 -1.428012102842330933e-01 -9.504035115242004395e-03 -3.993195891380310059e-01 6.278333067893981934e-01
-5.539624094963073730e-01 -4.554672539234161377e-01 -1.014377027750015259e-01 -5.308392643928527832e-01 5.262653827667236328e-01 8.741769194602966309e-02
-4.610810875892639160e-01 6.037751436233520508e-01 4.732313454151153564e-01 -5.039770007133483887e-01 6.935780644416809082e-01 -5.218039751052856445e-01
1.006171628832817078e-01 8.391135931015014648e-01 6.906273961067199707e-01 -4.445034861564636230e-01 1.273667931556701660e+00 -2.631467580795288086e-02
4.024505913257598877e-01 -3.400803804397583008e-01 -1.111873239278793335e-01 8.454101085662841797e-01 5.391765236854553223e-01 6.401033699512481689e-02
-5.191504359245300293e-01 -6.321454644203186035e-01 -7.772475481033325195e-02 -2.010554373264312744e-01 7.339555025100708008e-02 -7.109919786453247070e-01
-2.190272361040115356e-01 5.455855727195739746e-01 4.222020804882049561e-01 7.149493098258972168e-01 5.696263909339904785e-01 6.567737460136413574e-02
2.353095859289169312e-01 1.633402891457080841e-02 7.558655738830566406e-01 4.831266999244689941e-01 -5.256317257881164551e-01 -4.716604948043823242e-02
3.483025729656219482e-01 -6.240898370742797852e-01 -4.187013804912567139e-01 -3.726428747177124023e-02 -6.246817111968994141e-02 -1.150766372680664062e+00
-1.798927485942840576e-01 1.088543772697448730e+00 -2.865715324878692627e-01 -2.727998495101928711e-01 1.376866579055786133e+00 6.664438247680664062e-01
-2.917160652577877045e-02 -2.575720548629760742e-01 6.992045640945434570e-01 -7.209962010383605957e-01 -6.314771771430969238e-01 8.148813247680664062e-02
4.842565953731536865e-01 2.514720261096954346e-01 -5.926918983459472656e-01 -4.684456884860992432e-01 3.725112676620483398e-01 -8.714531660079956055e-01
-3.829811811447143555e-01 2.234290838241577148e-01 5.258732438087463379e-01 -7.091242074966430664e-02 6.344190835952758789e-01 -3.306898474693298340e-01
-5.268173292279243469e-02 7.897645235061645508e-02 -5.507619380950927734e-01 -7.966921925544738770e-01 1.840718686580657959e-01 1.090890169143676758e-01
2.691183388233184814e-01 -7.563823461532592773e-01 -2.612237334251403809e-01 1.890247464179992676e-01 -5.441826581954956055e-01 7.127147912979125977e-01
-3.084386885166168213e-01 -8.294258266687393188e-02 -4.074860811233520508e-01 -1.537953615188598633e-01 -9.861271977424621582e-01 -7.057607173919677734e-03
-3.154042363166809082e-01 -7.760339975357055664e-01 1.052062392234802246e+00 5.401433706283569336e-01 -1.191546440124511719e+00 7.432135939598083496e-01
3.528932034969329834e-01 -1.077829077839851379e-01 -5.728381872177124023e-01 -5.053167343139648438e-01 3.624275922775268555e-01 -7.786967754364013672e-01
-1.678485393524169922e+00 -4.552598297595977783e-01 5.325759649276733398e-01 -2.224692106246948242e+00 -9.853180646896362305e-01 -1.160353422164916992e-01
1.876142174005508423e-01 8.229728937149047852e-01 3.162228167057037354e-01 7.706736326217651367e-01 5.079027414321899414e-01 -4.326246678829193115e-01
3.340806365013122559e-01 -2.614387869834899902e-01 9.261823296546936035e-01 1.054775714874267578e+00 1.052919924259185791e-01 3.378737568855285645e-01
-4.499263167381286621e-01 -4.443778097629547119e-01 -9.147260338068008423e-02 -7.150472998619079590e-01 -3.285735845565795898e-03 7.659354805946350098e-01
5.741680264472961426e-01 -4.244787991046905518e-01 6.159453988075256348e-01 -1.995530724525451660e-01 -1.025743484497070312e+00 4.163547158241271973e-01
-4.509035646915435791e-01 8.215592503547668457e-01 -2.782291173934936523e-01 8.919695019721984863e-02 7.690360546112060547e-01 -1.118189096450805664e+00
2.082255333662033081e-01 -9.757225401699542999e-03 1.089637756347656250e+00 -4.464437961578369141e-01 -7.639903426170349121e-01 1.039235234260559082e+00
-2.784731686115264893e-01 -1.010336279869079590e+00 -3.252958357334136963e-01 5.926936864852905273e-01 -1.096026659011840820e+00 1.581556499004364014e-01
7.912821173667907715e-01 -6.901913285255432129e-01 -2.807710468769073486e-01 1.307785511016845703e-03 -1.232091069221496582e+00 -5.676251649856567383e-01
1.598105877637863159e-01 -7.023003697395324707e-01 -5.913191437721252441e-01 -6.322876214981079102e-01 -9.972220659255981445e-01 -5.690205097198486328e-02
-9.102550745010375977e-01 -5.567237138748168945e-01 -4.409552812576293945e-01 -9.386575222015380859e-01 -7.014056444168090820e-01 5.481151938438415527e-01
8.518116176128387451e-02 -5.282630026340484619e-02 -8.746574521064758301e-01 8.191441297531127930e-01 1.479312777519226074e-01 -2.258163094520568848e-01
3.246187269687652588e-01 -9.905872344970703125e-01 7.560541480779647827e-02 1.139769554138183594e+00 -4.974718689918518066e-01 3.795238137245178223e-01
9.056851863861083984e-01 -6.034152209758758545e-02 -1.784427165985107422e-01 7.478281855583190918e-01 -6.463646888732910156e-01 6.163264513015747070e-01
5.006614923477172852e-01 7.893966436386108398e-01 2.249637395143508911e-01 9.751916527748107910e-01 2.699797749519348145e-01 -4.856889247894287109e-01
5.487011671066284180e-01 -7.230957597494125366e-02 3.204674422740936279e-01 -2.140445709228515625e-01 1.173563376069068909e-01 9.387277364730834961e-01
1.691107153892517090e-01 -3.174394071102142334e-01 -1.010380506515502930e+00 -8.250252604484558105e-01 -3.496927022933959961e-01 -9.071655273437500000e-01
6.550229191780090332e-01 -6.698616147041320801e-01 -3.470372259616851807e-01 -6.831139326095581055e-02 -7.692639231681823730e-01 -1.030342936515808105e+00
1.403216719627380371e-01 -4.286763072013854980e-02 -3.113656044006347656e-01 5.448807477951049805e-01 -2.467869371175765991e-01 5.801212787628173828e-01
-2.310615181922912598e-01 4.912987649440765381e-01 -5.956007838249206543e-01 -1.638666689395904541e-01 8.152454495429992676e-01 3.480852842330932617e-01
1.756207108497619629e+00 -1.178483247756958008e+00 -1.997656971216201782e-01 1.968875885009765625e+00 -2.078623056411743164e+00 1.803925484418869019e-01
-1.684421151876449585e-01 -3.009172379970550537e-01 -3.377582132816314697e-01 -3.466004729270935059e-01 5.759501457214355469e-01 1.087428331375122070e-01
-3.619106486439704895e-02 1.907115221023559570e+00 -9.057606011629104614e-02 -4.606570303440093994e-02 2.422370910644531250e+00 -9.475556015968322754e-01
1.868443638086318970e-01 3.984344303607940674e-01 -7.241647243499755859e-01 3.425430059432983398e-01 1.026979923248291016e+00 3.786444664001464844e-02
1.834133863449096680e-01 -4.724952578544616699e-01 -4.147687256336212158e-01 1.343313306570053101e-01 -3.523997962474822998e-01 5.767796039581298828e-01
7.135739177465438843e-02 -6.716749072074890137e-01 5.963140130043029785e-01 -7.849338054656982422e-01 -1.608989238739013672e-01 5.196769237518310547e-01
3.469517454504966736e-02 3.122068941593170166e-01 -5.935585498809814453e-01 7.538529038429260254e-01 -9.623783826828002930e-02 -3.143310546875000000e-02
9.530155658721923828e-01 -2.548277676105499268e-01 -1.231903135776519775e-01 1.240982532501220703e+00 7.018442153930664062e-01 -8.013514429330825806e-02
-7.201451659202575684e-01 2.900310754776000977e-01 -3.680321872234344482e-01 -5.318920016288757324e-01 4.993263781070709229e-01 5.915282964706420898e-01
3.240211904048919678e-01 -6.211491823196411133e-01 -2.600205838680267334e-01 -2.400306761264801025e-01 -6.524382829666137695e-01 5.651257038116455078e-01
1.646658331155776978e-01 1.392063647508621216e-01 1.260359525680541992e+00 -7.301012873649597168e-01 5.230005979537963867e-01 1.032118797302246094e+00
2.638394832611083984e-01 -4.708968997001647949e-01 -7.547705769538879395e-01 4.341977238655090332e-01 -1.140950679779052734e+00 -3.227072954177856445e-02
-5.832524895668029785e-01 -4.140397906303405762e-01 -5.630834698677062988e-01 2.035716176033020020e-01 -9.663685560226440430e-01 -8.384753465652465820e-01
-4.197383821010589600e-01 4.524429738521575928e-01 4.879151880741119385e-01 -7.483437657356262207e-02 1.274691462516784668e+00 3.520262241363525391e-02
-8.341527543962001801e-03 5.484879612922668457e-01 -2.485098838806152344e-01 -6.352560967206954956e-02 3.854752779006958008e-01 7.365695834159851074e-01
-4.757521152496337891e-01 1.472245752811431885e-01 1.838232278823852539e-01 4.835895895957946777e-01 3.203053772449493408e-01 4.067727923393249512e-01
-4.858983159065246582e-01 -4.892260730266571045e-01 9.165726304054260254e-01 -8.985348939895629883e-01 -1.079290747642517090e+00 2.226312756538391113e-01
1.253653645515441895e+00 -5.906265377998352051e-01 8.898865580558776855e-01 2.134020805358886719e+00 -4.144922792911529541e-01 4.495114088058471680e-01
-6.578648686408996582e-01 5.150493383407592773e-01 4.136387407779693604e-01 -5.774047374725341797e-01 5.263499617576599121e-01 -5.830550193786621094e-01
3.646027147769927979e-01 -8.084024786949157715e-01 -1.005736812949180603e-01 8.123999238014221191e-01 -3.158124387264251709e-01 6.456385850906372070e-01
