9.373990959037024895e-02 1.666947965560475475e-01 4.783708481369191023e-01 -2.800155500318114721e-02 -1.819790999050334979e-01 -4.509329395048102818e-01
-1.777014629864811512e-01 3.180094284649677139e-01 2.811354672226214491e-01 1.167136757665632185e-01 -5.076332070098955596e-01 -2.001481960770461477e-01
4.099869046006438533e-01 1.207318814438097521e-01 -1.547899443238804629e-01 -5.046441062729061233e-01 4.807161150571445662e-02 2.429167304012880557e-01
2.671481736436528420e-01 6.005611053154909229e-02 -3.563023707475179158e-01 -2.340514475941962713e-01 -1.566529885660347676e-02 5.057099306909873526e-01
-1.679957440606310581e-01 -5.207594888661235683e-02 4.655730282478471316e-01 2.777632009566097238e-01 9.977552100838030236e-02 -4.166061451788704573e-01
-4.462306131537925324e-01 -3.681608032098172834e-02 2.757113717967796251e-01 4.884772946856971165e-01 1.481984068769391372e-01 -2.775323330439954939e-02
8.093585968798849839e-02 4.476103036603809593e-01 -1.027593264351396862e-01 -1.906633713655214724e-01 -4.594184264322024869e-01 2.190057128058842117e-01
2.854989755733677304e-01 4.007697771020922728e-01 1.439190816642453297e-01 -3.475645668407450484e-01 -2.990409980512337418e-01 -1.869818555441520314e-01
-1.685856567798121042e-01 1.749896996903483881e-01 5.027839329039349714e-01 2.561528734175945177e-01 -2.078740045032461126e-01 -3.175894972953289264e-01
-3.451261931804782135e-01 3.027507167113449027e-01 -7.191612815268452752e-02 2.358649422839067533e-01 -4.925691220466524856e-01 1.010452969968489434e-01
2.284116438245797076e-01 6.875507418616799704e-02 4.219478866112141846e-01 -5.459297754502065447e-02 -6.996781104863394884e-02 -5.270854876152042401e-01
-3.894756785397824883e-01 2.882845106646522715e-01 -5.915979516910072067e-02 2.477661561138481128e-01 -4.482773119177085319e-01 1.675548397388064437e-01
5.315479195430726500e-02 -4.758978600325490804e-01 5.467283572012958393e-02 -2.030044746091553831e-01 4.904359859839028113e-01 3.056208714773753568e-02
4.098939695000083927e-01 1.847125740437027819e-01 -1.078078600536679921e-01 -4.700504475889489275e-01 -8.564820913056481189e-02 2.828363127626838947e-01
-1.371640677848725565e-01 -4.658719660166615872e-01 1.613196813174760935e-01 -5.523326477752499297e-03 4.857534036015512813e-01 -1.163129376722812913e-01
-4.578040978188704924e-01 3.203607873659738287e-02 -1.823434540555894101e-01 4.508078554524785342e-01 -2.087170850157306634e-01 1.589221793089037049e-01
1.025494563851902241e-01 -4.013400195051720076e-01 1.981613342194115390e-01 -2.187295402680016487e-01 4.580973511957314170e-01 -1.995159371354351119e-01
-2.041419430525315271e-01 2.017087948832882449e-01 -3.832379023538504126e-01 2.142872332234807553e-01 -2.445453367020122837e-01 4.078210552997666993e-01
-4.693291118667617945e-01 5.282446018086850437e-02 1.237532274345315431e-01 4.999321606864748913e-01 2.718394987802920104e-01 1.165952379434839759e-02
-1.259960241271802506e-01 -2.506672740409943700e-01 -2.852922728138232999e-01 1.695651608996659454e-01 3.541697248778273299e-01 4.541776661589518316e-01
-3.073114498991320886e-02 7.958548783666144488e-02 5.281331767325554427e-01 1.216442897825346509e-01 -2.045142118197813830e-01 -4.184760813739911711e-01
4.524346548999153561e-01 6.262183086456428460e-02 -9.367442997032730811e-02 -4.834189559063302721e-01 9.471016949732888324e-02 2.572505729358506854e-01
3.894576190915858410e-02 -9.874487673272820676e-02 -4.518925893641498326e-01 6.037113597299616219e-02 2.195512717724846241e-01 4.958565943300236589e-01
-2.627038270826540511e-01 -3.169426815620686733e-01 -2.501750017436055740e-01 1.964961554437562596e-01 4.075252879359483882e-01 2.639081989342270673e-01
2.136010332344663587e-02 1.443887113919918030e-01 -4.392562399660027705e-01 2.693965190156947381e-02 -1.658790555235234165e-01 5.113765921258222047e-01
3.627537200562138686e-01 1.185736118865191903e-02 3.645531846423500921e-01 -2.711939218245283945e-01 1.199519369155978982e-02 -4.088227707351410611e-01
4.343258031417489007e-01 -1.684692309235055474e-01 -2.314376668238267432e-01 -2.637632066053033353e-01 3.087730513046382796e-01 3.023333875843836616e-01
3.603403923454297497e-01 3.351815200078187007e-01 -2.267213614835084448e-02 -4.296410743921139086e-01 -2.476031574731508145e-01 1.678306247361080472e-01
-4.148739713046843969e-01 -2.730271003127687779e-01 -1.229956356953290642e-01 4.909621752094472935e-01 1.466728561255118413e-01 -6.543851420602923852e-02
-2.738184297879464046e-01 -3.870554733605722775e-01 -1.065723303413710632e-01 1.050638146891947899e-01 5.077199112519712454e-01 1.297013582306713875e-01
-3.833949379994858880e-02 -3.218126979937907528e-01 -3.451103393521489648e-01 2.503159793972582065e-02 3.117140544066568930e-01 4.260108954252780356e-01
7.076131614013891902e-02 1.302832852973448141e-01 4.928493275556800057e-01 4.286315303343753852e-02 -7.671534412191538532e-03 -4.971962068588645645e-01
-4.855538977320960625e-01 6.985652574171857809e-02 -7.897128136445379087e-03 4.448860185010912738e-01 -2.965858665252219528e-01 -6.658003582196383996e-03
1.621217080651133347e-01 3.841867944448492667e-01 -1.587878364459672231e-01 -3.319282856476953314e-01 -3.913508040466563420e-01 2.342211164271217894e-01
-8.471312311198393730e-02 -4.528287934771006440e-01 -1.002974656443289675e-01 -1.903174835835343692e-01 5.060770377483330140e-01 1.630413387337097952e-01
3.821019656236230300e-01 -2.389123373504222769e-01 -1.171608539238876423e-01 -4.240794050771813928e-01 1.106492604104798438e-01 3.602051345019925965e-01
2.317350812145504979e-01 3.957828174405650379e-01 -2.497234083560479628e-02 -4.716598647297652325e-01 -3.142159072495000482e-01 8.752441720763087796e-03
7.574211206154915499e-02 2.320322315832942239e-01 -3.899704563410930080e-01 -4.752227029359251675e-02 -2.489685767641439673e-01 4.780411302242686955e-01
-4.347555064109485112e-01 -1.636407000767505782e-01 -1.498692863843040513e-01 4.274532982726486630e-01 3.057053312117962718e-01 4.068327864638004998e-02
3.076176252870262418e-01 2.707967155740081955e-01 2.252287413328291354e-01 -3.871591707835611573e-01 -2.353859979074031106e-01 -2.857157411840924865e-01
3.755582777582466142e-02 3.795343420852004823e-01 3.670875758827379931e-01 -1.098866329670545317e-01 -3.289084608389014064e-01 -3.231076977573578146e-01
1.569736670167102555e-01 -4.195631750126077031e-01 3.091883972498881694e-01 -1.906413579348133214e-01 3.199135374648283681e-01 -2.672992315258862495e-01
-2.587726023829479693e-01 4.086197411299331006e-01 -3.391730897133445142e-03 1.184813651974861437e-01 -5.171414919838865920e-01 2.201659861113268446e-02
-3.707520636228816002e-01 -2.312091213464849693e-01 -2.063503895119312148e-01 3.288413931312000882e-01 3.577794045367227449e-01 1.982006105422041420e-01
1.890652006729273693e-01 3.156634285537039397e-01 -1.655887933633622688e-01 -3.411876740908444394e-01 -3.732159818788454708e-01 3.286551207993300139e-01
-1.590906875599841785e-01 -4.567603852180232016e-01 6.624855140510738094e-02 -8.915168252353247724e-02 5.394106196618192461e-01 1.379033363899988263e-02
8.821119357439943798e-02 2.806144872189587636e-01 3.779967671467084900e-01 -1.048432765345594930e-01 -3.396582871577011886e-01 -3.822608582264476196e-01
-4.075519408618753503e-01 3.510814205417905898e-01 9.197458817828770006e-02 1.591263094583947324e-01 -4.368978643823107078e-01 -1.487833964130011455e-01
-2.334464115611827595e-01 1.886910968628929541e-01 -3.743441001173491434e-01 2.404095224214366777e-01 -2.423800881378399275e-01 3.935349185382744364e-01
1.604823240725594680e-01 1.240112735625760326e-01 -3.905965203388339635e-01 -9.850035485655983525e-02 -1.073515291972028246e-01 5.471663630777769960e-01
-6.080440123477302838e-02 -3.240554439637086670e-01 4.027234800260122705e-01 2.805641773134359696e-03 3.212206029857909151e-01 -3.585731675836822396e-01
4.596722388516740754e-01 -1.810650697686536637e-01 7.689175450015432386e-03 -4.008914583988163471e-01 2.185264969164971149e-01 3.235320205623799517e-01
-2.271115603314443621e-01 -2.068920343024436073e-02 -4.039211245318641286e-01 3.322608500220686767e-01 -9.270740190789905980e-03 4.249166914686790530e-01
2.761651388985723043e-01 2.124387684161620771e-01 3.368578400444375842e-01 -2.390772298234047355e-01 -2.445346502680720013e-01 -3.881942933155091979e-01
2.728690341013286780e-01 3.283599613666439154e-01 -1.294821817104561679e-01 -3.916388310190697108e-01 -3.057693981655938975e-01 2.658774679408002495e-01
-1.397805141175810506e-01 -9.579403277386972990e-03 5.137738441714843063e-01 2.836259175519044717e-01 4.339399993978291376e-02 -3.906159015535014545e-01
-1.470213851333892763e-01 -3.232386522807700890e-01 -2.817750528352122030e-01 8.840383312000785199e-02 4.293746457569302954e-01 3.331624970242478279e-01
1.539526347407842721e-01 4.954574987991265667e-02 4.692593130710143168e-01 3.033527794263282673e-02 -5.103486969525269923e-02 -5.179601600270979933e-01
-1.749047989063881314e-01 -4.132002160928992529e-01 -1.295496948813482652e-01 1.014474218624596136e-01 4.926284018221492866e-01 1.915483665301762617e-01
1.708640977511463321e-01 1.035385665448080098e-02 -3.919287701689774250e-01 5.241143114861934738e-02 -7.751509832206175676e-03 6.008658518345532107e-01
-5.226385230956688555e-02 4.586324847270239480e-01 7.488594429444411782e-02 -2.233213908279345628e-01 -5.261411853664705873e-01 4.389986344147853853e-02
3.851361858609210764e-01 3.016151526885486045e-01 -9.521289764195901839e-02 -4.341138669226937696e-01 -1.826477312906373274e-01 2.119007787291946610e-01
-3.833496435314374673e-01 -3.020417624367972564e-01 -5.961593139592978596e-02 3.083837730509549346e-01 4.201059794368844358e-01 -6.235806377651449683e-02
1.397750480816783714e-01 4.602651241653283321e-01 1.708009964723279928e-01 -2.228839655157214550e-01 -3.940365083101561861e-01 -2.015525460195935481e-01
-1.504012074067701821e-01 4.582421935864874341e-01 1.695545494416971291e-02 -2.621231231921219984e-02 -5.332722600569960170e-01 5.537688845459667886e-02
-2.552791631067255484e-01 3.833131982094733492e-01 1.475290360174048576e-01 7.901770983704886619e-02 -5.239002354703143904e-01 -1.078322501849937054e-01
4.412364509528640122e-01 1.396850354746172196e-01 1.420768967140123573e-01 -4.539359448532097607e-01 -2.584133825167597709e-02 -2.717677618087689373e-01
9.832146547044050278e-02 -4.318025057166888780e-01 1.688147974267633633e-01 -2.675569660932123339e-01 4.313431191797778563e-01 -1.791975637597461035e-01
-1.134352643517424902e-01 3.225177981405623617e-01 -3.098490587831229104e-01 6.426647155199137484e-02 -3.900948327104301061e-01 3.688300490494569872e-01
-2.029932465877824499e-01 -3.021875885516815408e-01 -3.228711034634602628e-01 1.999319787653908720e-01 3.094426828446308897e-01 3.579810639603996369e-01
3.249545622050641902e-01 3.344598406715508510e-02 3.988836078292476439e-01 -1.921773527905460965e-01 -6.459301746942022748e-02 -4.513886642522805803e-01
2.854683472331613348e-01 4.005424442087079373e-01 -6.423216289254672640e-02 -4.187047656355798453e-01 -2.688156459895298389e-01 1.726221682878537056e-01
-4.361738356865404315e-02 2.091205335081078587e-01 -3.992082847661735379e-01 5.666039034457506091e-02 -2.473198448639417901e-01 4.848768633109714621e-01
-4.018778941348070122e-01 1.703616240237313118e-01 -1.281191708028784071e-01 4.094418947844671308e-01 -3.497808758137758156e-01 1.387365579547658878e-01
-8.028194584818441892e-02 4.533805117677027208e-01 1.338562841156140659e-01 -1.170592024344412896e-01 -5.335234520206626474e-01 -2.320421268992031716e-02
2.395916250583206286e-02 2.704357116974389075e-01 -3.594223729241267651e-01 -7.939617326651836338e-02 -3.087425077528510031e-01 4.492000758625592227e-01
-1.000705245463957838e-01 4.615371839086629402e-01 2.208485547321239681e-02 -6.000946361656440270e-02 -5.174949310712240180e-01 -1.776430325023674317e-01
1.639950162856518845e-01 -4.174314274217102994e-01 -1.803667894920753800e-01 -2.640848918956135161e-01 3.287549930401968967e-01 3.294894825393327453e-01
2.503628543846793120e-01 -3.982560165682144659e-01 -8.320002607093124336e-02 -4.918678154120370571e-01 2.341059546446829231e-01 1.386376852787324365e-01
1.233759992215595208e-01 4.544306491361493894e-01 5.241672564698982711e-02 -3.047573765769840404e-01 -4.418788428962473480e-01 -6.304368756884040637e-02
-4.224714034483469383e-01 -5.739325359695529594e-02 3.474366391893565220e-01 4.087656467227929746e-01 9.916423724129208583e-02 -1.859813193433629275e-01
2.656758564331067607e-01 -2.868899103500078263e-01 3.030809592091004978e-01 -2.858232864417713515e-01 2.368884574548954514e-01 -3.461531409642547574e-01
2.256881402798921465e-01 1.185771050786935399e-01 -3.318343238436151088e-01 -1.852526426283043759e-01 -7.840480942311889301e-02 5.582925200960557888e-01
3.952877825115971300e-01 3.140828299683799674e-02 -2.160479453639558567e-01 -3.959215012852517201e-01 2.821554032718445043e-02 3.954891962946051054e-01
1.285652688951426093e-01 3.059396414026434585e-01 -2.420841631007952244e-01 -2.127042015041648304e-01 -3.668869962665429196e-01 4.142994626975283201e-01
-9.362220694138004284e-02 -2.681671516462706961e-01 4.412102138059813550e-01 5.164064679946664405e-02 2.614929516483280869e-01 -3.944684794135001615e-01
1.612386660716101372e-01 3.628343609575211959e-01 -2.346592098164673179e-01 -2.455298631662608533e-01 -3.555449374062146228e-01 3.296727379802935620e-01
4.195122070684104143e-02 -4.066019891895665539e-03 5.166324380751023959e-01 7.436875712371246450e-02 -1.451997566834108688e-01 -4.728271981263568735e-01
-2.595166651770708932e-01 -3.400752882778259045e-01 -1.865729619666148809e-01 2.125630546151014433e-01 4.575920827990168083e-01 1.887502364641544528e-01
-3.342316783002950431e-01 3.265885496578461167e-01 2.077350973640818693e-02 2.236922334846694338e-01 -5.031750565418799948e-01 6.169863445536657304e-03
-1.754953894956621518e-01 3.241205199923968272e-01 3.235371983912597171e-01 1.954878185752972064e-01 -4.014474040420317746e-01 -2.560511442638949697e-01
-4.775771595941972758e-01 -4.843339732158977867e-02 -1.126598537602878092e-01 5.131973744901463519e-01 -1.219971904756711467e-01 1.156625480353681845e-03
1.930173746718805983e-01 -2.692430667323327254e-01 -3.488847278037273680e-01 -2.054522852769463392e-01 2.041135825165432682e-01 4.367076682339015026e-01
9.596923459391072664e-02 -3.961593949707697959e-01 -2.130252639355915134e-01 -3.240731623659571237e-01 4.097779731802466685e-01 2.041429795513998724e-01
2.023390810554594188e-02 2.616862918179391553e-02 5.659267398842331431e-01 1.706408944919085013e-01 -1.526380973147396514e-01 -4.063931112994020323e-01
-2.737642358818520583e-01 -2.308922444277587954e-03 -3.894345315346768865e-01 4.830354888921576384e-01 -2.622355545875134156e-02 2.637746745469323750e-01
1.593682856252540414e-01 -4.168387308998819374e-01 1.727476265060595428e-01 -2.786056143841578736e-01 4.143735773405425316e-01 -1.696920930653874338e-01
4.906716351804141230e-01 -1.091548966771319490e-01 -2.859056859199520656e-02 -5.084630854586705828e-01 -1.049434574818815386e-01 -6.996778204774775634e-02
2.997649314500005491e-01 -6.294815178911450371e-02 -2.927575654954723827e-01 -2.784638851969731266e-01 2.611267646448206525e-02 5.182415741278837418e-01
-2.039343703244488049e-01 4.551125708308158546e-01 -1.650720908738987844e-02 9.317898708112698491e-03 -5.085521997419650830e-01 1.443457663571861282e-01
3.970081620284163781e-01 -1.432109552218441550e-01 1.948466026675160501e-01 -4.180447287074875451e-01 1.626074445440372218e-01 -2.972549027840342140e-01
-2.771519622783411574e-01 -1.275724029545548532e-01 -2.921702880775937650e-01 4.963920277712581264e-01 8.087874970591490964e-02 3.063092958788407594e-01
-2.435360853420093924e-02 2.709315086035399625e-02 -4.701878364840554325e-01 2.388162118894772146e-01 -1.107722575086346473e-01 4.846602010556470552e-01
-5.247820182593340710e-02 2.555315420755703282e-01 -3.930764611038667922e-01 1.376541818394445837e-02 -2.915228307782063433e-01 4.413954053778906261e-01
-9.522996908343836497e-03 2.104358860991717428e-01 -3.988218256685071017e-01 1.131775723135146072e-01 -1.133980514256329730e-01 5.393019141546639972e-01
-1.469776724527894485e-01 -3.640373081722868553e-01 3.308984271714796588e-01 1.007096977683836492e-01 3.952174106034447298e-01 -2.709181882934841301e-01
-2.382945584919380910e-01 6.500259591325732722e-03 -3.928529711578382932e-01 3.520391879556976078e-01 -3.185388870635418035e-02 4.133945262729805115e-01
2.437736470434613278e-01 -4.057097943935567552e-01 9.732598034963363398e-02 -4.593710225958777538e-01 2.922385895849239357e-01 -3.852550789989550584e-02
2.556096022870759099e-01 -2.001753839300412785e-01 -3.234479894672883660e-01 -2.022713455703168406e-01 1.839857827196529072e-01 4.782784199939201786e-01
-2.103528219562105783e-01 -4.393779216838336610e-01 7.332230608523176985e-02 3.143192112614770495e-02 5.298230066947797745e-01 2.652809231224687037e-02
-3.668151608803867925e-01 -2.166787128918040428e-01 -1.683438271869373559e-01 3.587577243891743040e-01 4.043957158659999829e-01 1.279846090198694109e-01
-4.786566265018400435e-01 5.592927598011716850e-02 -5.402370943407047016e-02 4.498421560822741805e-01 -3.038435290849130777e-01 3.791942231299025995e-02
2.953479528020964140e-01 1.073341643594839384e-01 -2.535752174934234326e-01 -3.406034038176786738e-01 -9.833068035661420014e-02 4.902445480824658142e-01
-2.751829716061116038e-01 -2.179162672029319181e-01 3.744592042418897204e-01 2.790753286656453280e-01 2.691698515058927876e-01 -3.004814224365135455e-01
-4.289970291913394185e-01 -1.938351068820301504e-01 1.579116485404781223e-01 3.969036906593680358e-01 3.417186920195999789e-01 -1.835556177419020440e-02
9.614787470810957568e-03 -1.158157148279749388e-01 -4.326394933036480928e-01 1.736447703841183521e-01 1.324427590612656802e-01 5.220656417237306002e-01
1.872289816599055079e-01 3.473665699075864643e-01 -2.771552807311749023e-01 -2.224810942991742591e-01 -3.046480844085768802e-01 3.608216343798493764e-01
-4.760979814411297334e-02 5.510954199094601248e-03 5.323840605829434081e-01 3.098302517854733540e-01 -6.420784975782127535e-02 -3.989461166802825698e-01
-2.965877079801554905e-01 1.277801217020813895e-01 3.530392129454030803e-01 5.115487695012383984e-01 -4.674466372231642075e-02 -2.095054813114464176e-01
1.147598970964806286e-01 -5.138448719518050600e-01 1.370204858077790459e-02 -3.411192793696823378e-01 3.752941737427939461e-01 5.377615350940826572e-02
3.270881793449907371e-01 1.008222490598364995e-01 3.094569335425255696e-01 -3.222778056017008841e-01 -1.091726377449334096e-01 -4.214506974958054375e-01
3.686518227635958156e-01 1.845709363744457987e-01 -1.525862689826936458e-01 -3.986878670220431187e-01 -1.891671530128395118e-01 3.684796011535311777e-01
-1.870584193293622077e-01 -2.156149085631479667e-01 4.511386430612194798e-01 1.559296716872622668e-01 2.255077541245704698e-01 -3.781803341026152565e-01
-1.831492283376409125e-01 1.144156404152733841e-01 4.684264701114260743e-01 2.584425868883803434e-01 -1.562377287050880359e-01 -3.869935568397699366e-01
2.300795233770390469e-01 -4.279754188399787496e-01 1.297654506038085354e-01 -3.449140970141539864e-01 3.484473118331157804e-01 -1.282075708607698095e-01
-5.076688285535897738e-02 1.311146260424157217e-01 5.030655603726656988e-01 1.682773315771419198e-01 -2.467554096694112020e-01 -3.965087101769043665e-01
-2.204635995544241070e-02 3.544774968063670317e-01 -2.943509295538456749e-01 -4.166369564839837725e-02 -4.012812386413913690e-01 3.602053277187551306e-01
2.352480927497197782e-01 4.525482663864009991e-01 2.901466286972028547e-02 -3.951716982225742525e-01 -3.212958104790331060e-01 9.013938659697592892e-02
2.096058375978631649e-01 2.871608970528156668e-01 -2.933718604438154132e-01 -2.322083540806974544e-01 -2.883499146589744155e-01 3.948050976376483168e-01
-4.004552487143943074e-01 1.373167069832891343e-02 -2.717297872103547896e-01 4.544696849372685810e-01 -1.168579638827696859e-01 2.303157337941403870e-01
-3.577755963680802620e-01 3.140731395927525149e-01 6.296032021287879810e-02 2.401245759952713166e-01 -4.785955490599335116e-01 -5.616874390459680733e-02
1.424774509103059472e-01 4.651498947796618433e-01 1.167365357383767233e-01 -3.465609890284233607e-01 -3.886834323172121408e-01 -6.161719649332189630e-02
1.226067901951935074e-01 -4.422299417173884417e-01 1.230730358099011157e-01 -2.873796758817532271e-01 4.440085641699324515e-01 -9.254794720507750205e-02
-2.689006752771018749e-01 2.645018112766400198e-01 2.719886785875674784e-01 4.429691412707384424e-01 -2.821841347276703993e-01 -1.688920770930545934e-01
1.727053680846050154e-01 -1.410120589674164759e-01 -3.887713208808288301e-01 -7.181802918854221507e-02 1.596708695833392588e-01 5.330736143789684967e-01
-8.724023714774531424e-02 -3.883071108977397268e-01 -2.516509035387171633e-01 1.775361188358751119e-02 4.516718780719120030e-01 2.807132479169450190e-01
1.471604755038344592e-01 -2.295691077348165354e-01 4.222507529704581652e-01 -1.459579915197713740e-01 2.132535833665137881e-01 -4.250919336301325901e-01
-4.930424637398671539e-01 1.436330586179754114e-02 -2.492957268247009139e-02 4.754051633156214374e-01 -2.271223710095188197e-01 -8.652390291338764305e-02
-1.224781440231969692e-01 -2.397421999603136233e-01 3.566223107984538010e-01 1.464602090320465955e-01 3.396718536915708242e-01 -4.127615444302768499e-01
-2.974855432095367958e-01 5.459345820637207664e-02 4.473931390237848027e-01 4.832101506911889999e-01 -8.936140430880093466e-02 -1.607114827997151996e-01
-1.698899403972278788e-01 4.094760905759243230e-01 -2.011136252870414920e-01 4.822385358274192124e-02 -4.586865233345390203e-01 2.446666442222932003e-01
-4.276492661263107675e-01 -2.642455263982516622e-01 -1.904442701174826821e-02 2.627426480663121455e-01 4.558328997618417699e-01 5.056925696093729494e-02
8.030837210632746359e-02 -3.544495820954385867e-01 2.509553010028562903e-01 -1.954846372024501844e-01 4.430765566671456823e-01 -2.855987726997404885e-01
1.294829500854567939e-01 -3.337319160177272259e-01 3.771039423196120843e-01 -1.683012677244412059e-01 2.786577671404990575e-01 -3.552234677810304220e-01
4.113907318641877864e-01 2.700228885404314383e-01 -1.118052244795944387e-02 -5.670477317061519695e-01 7.245342843153040890e-02 4.902314387220792213e-02
-2.600635262285660998e-01 8.030846205919378589e-02 4.648907470743349202e-01 4.148870107447596434e-01 -1.284649148653538298e-01 -2.428206699078556130e-01
-4.852015308363440416e-01 -9.578014739106788245e-02 1.517990196572881201e-01 5.044191888784546052e-01 -9.337517531696704065e-02 8.115174982645967372e-03
3.197692260501140415e-01 2.745098331602643937e-01 -2.200082955906831061e-01 -3.681374440388360814e-01 -1.933302419027663754e-01 3.348881608875952098e-01
4.091130218934497798e-01 1.038441581635287242e-01 -1.865583202334467339e-01 -4.637798714760940078e-01 3.695045801141434716e-02 2.967461692810881013e-01
-1.193095238758447030e-01 4.142086200231920867e-01 -1.839954376615504095e-01 1.448168885256004290e-02 -4.849878555818717962e-01 2.325926198438159620e-01
-4.222816554942607215e-02 3.827835028743586387e-01 3.286376608752497042e-01 -4.055238526792066117e-02 -4.534488542769735120e-01 -2.197350560003940023e-01
2.045136597686331992e-01 2.953040668740805619e-02 -3.943205055853910013e-01 -1.997379671147173075e-02 -3.846587034407905614e-02 5.777812834228127636e-01
-2.714139679679840600e-01 -3.368938648323884233e-01 1.770227760810266504e-01 1.727536454417347156e-01 5.264720854297428865e-01 -6.238141587450607428e-02
2.888845152916330334e-03 2.428462179186292869e-01 -3.758148041592688227e-01 -5.325002950713903643e-02 -2.882888066554299966e-01 4.696105399265445568e-01
4.020168234572467636e-01 5.544789585089247158e-02 1.951454220280455509e-01 -3.952930817803705921e-01 -2.753772682927286414e-02 -4.026926007158804222e-01
2.308598781453775062e-01 -3.659940978610866091e-01 2.279645834952050698e-01 -3.290518364300263898e-01 3.253735036975342609e-01 -2.286640527030863457e-01
-1.033731147003736500e-01 -4.355196502211672871e-01 -1.727098508295612789e-01 -8.256772176376610262e-02 4.574367363876701842e-01 2.769522748150629043e-01
-8.020686902080868819e-02 5.153836854597298490e-03 -4.486416455640464540e-01 2.250302341333045852e-01 4.614868256987030015e-03 5.036345855637371915e-01
-2.992514875022793674e-01 -1.463820356348058960e-01 3.731701008485777682e-01 3.266009983593489707e-01 2.325144314292775793e-01 -3.085528144089161873e-01
-1.732394765151578087e-01 3.871069268101776095e-01 1.694950670341708876e-01 -2.102169409253143439e-02 -5.777340400021973021e-01 -4.477498564445195339e-02
-2.676418739995986562e-01 1.450410756200638529e-01 -2.921163438095571996e-01 3.802730522286263404e-01 -2.531871105354124851e-01 3.572068115776453334e-01
-4.229132426359829000e-01 1.397339187189528265e-01 -1.251091231399285020e-01 4.387992510811288827e-01 -2.924750353425357163e-01 1.406859072893681395e-01
7.250984354007428134e-02 6.370942577807431340e-02 5.310893992509169159e-01 1.028319120625452998e-01 -1.860135844057426435e-01 -4.367530416170436469e-01
1.244088018469310941e-02 1.446980807471001107e-01 -4.276938319206593508e-01 6.758037592205468069e-02 -3.260166791179283652e-02 5.549171974980637856e-01
1.358049145979424166e-01 -1.603656701824586472e-01 -3.695062347469550423e-01 -4.480256183522102198e-02 6.590737428112933283e-02 5.876674427043335758e-01
9.999743224431560662e-02 -2.257247250806215799e-01 4.417866025664847762e-01 -8.994701119468580253e-02 2.187567288265281906e-01 -4.336317805733909680e-01
2.030661575056670609e-01 2.455829662052858853e-01 -2.958807981888183503e-01 -2.582039490753855748e-01 -2.596585649163037912e-01 4.334756880403891066e-01
1.775045276190591881e-01 -2.547786846007286110e-01 -3.186867070287641157e-01 -1.880891269884119865e-01 1.974930119292263031e-01 4.948190349476950800e-01
-3.460641932687682498e-01 2.394551129513011190e-01 -9.216838087305358196e-02 3.708657286896150929e-01 -4.257867504189873364e-01 1.163136332681495716e-01
3.820922493143409371e-01 1.064175525450882093e-01 1.656651149234263098e-01 -4.379249545044299197e-01 -1.204056026526336004e-01 -3.598089964344928227e-01
-4.024762318264433203e-01 6.758457587002641986e-02 2.863324570788111645e-01 5.329003822293901793e-01 8.078400604470799273e-03 -6.227850801366763278e-02
2.371689582064596957e-01 -4.238259065725976660e-01 4.025078240339947239e-02 -4.082657688487294489e-01 3.364929140849947098e-01 -3.275130020416416182e-02
3.038088154083516332e-02 -3.889693606698820805e-01 -2.768873657455571680e-01 -1.208303077270030529e-01 3.357106674290929460e-01 3.954027748296818912e-01
1.817090841784267108e-01 1.780021663765629092e-01 3.801824104042786923e-01 -1.233236017863867662e-01 -1.461897299771843239e-01 -5.152809751295200913e-01
-2.878213780649434006e-01 -2.381216878291337602e-01 2.845144512642128198e-01 2.877777158173259742e-01 3.772469596582480600e-01 -2.540086316314610348e-01
-2.153671357160049926e-01 -4.111479622958029434e-02 4.816616797010349060e-01 3.665663826694448568e-01 -2.495828144853197081e-02 -3.314141760526955194e-01
2.997056508058624780e-01 3.159987249533199871e-01 -1.971594025003923223e-01 -3.720342193069295367e-01 -2.400258307749423836e-01 2.923324159481264228e-01
-4.004421221446609613e-01 -1.468358942863891015e-01 2.566395606363524040e-01 4.016026250229005057e-01 2.781389081405967745e-01 -1.630277371640200812e-01
-9.665407794078900716e-02 -2.098291444203786993e-01 -3.725694329676748073e-01 1.512005520088033628e-01 2.826044814452208787e-01 4.617429824555941420e-01
-1.129554743349229645e-01 3.948025620898722998e-01 2.449602683879552323e-01 -9.655133786001024454e-03 -4.863632250965105319e-01 -2.164244898504148196e-01
1.680161293207447226e-01 -3.459270790280936647e-01 2.690361810898958539e-01 -2.772527708130568258e-01 3.589791230990842519e-01 -2.830895770271049661e-01
-4.218622980318719184e-01 2.451390420755491517e-01 -1.780181132140456687e-02 3.045058577738015693e-01 -4.404861096461932801e-01 3.023414977028824821e-02
-2.155775267740764334e-01 -4.402947253325521781e-02 -4.221906595286606945e-01 3.652603690169274331e-01 2.081520738020185834e-02 3.892417198474646400e-01
3.118357656127279109e-01 -2.000712498874069878e-01 -2.432493619729343692e-01 -3.408082526685020652e-01 7.391752075005059153e-02 4.631400058450588775e-01
-8.819103961536069181e-02 1.404116991086641793e-02 -4.663616121282398441e-01 2.004461849162360587e-01 -9.338946614116840073e-02 4.850306366588478801e-01
-1.526794208011230669e-01 -4.537653358358816891e-01 -3.496951529704700468e-02 -4.089268166148464501e-02 5.326378161050098203e-01 8.549851695051940981e-02
-2.540276154428005029e-01 -3.436984808674373726e-01 2.946018245600413588e-01 2.032946287392720097e-01 3.801514204980441791e-01 -2.220195893103629192e-01
-4.104132460878626154e-01 2.063767180189807759e-01 -9.865831247101575219e-02 3.766440226483115938e-01 -3.720256075494279835e-01 1.157982227677365472e-01
-3.189769128945795784e-01 1.369741517817173737e-01 -2.975032445509658285e-01 3.744063791619456905e-01 -2.633979254156886274e-01 3.015975901150272365e-01
7.402202537774707491e-02 -1.877020019462856404e-01 -4.171032415823688333e-01 1.037961829685819792e-02 8.932802812985299323e-02 5.416480329706114816e-01
1.688248557049938647e-01 -2.022507116457618603e-01 3.913336831747857292e-01 -2.036059053262235519e-01 1.962294707862963228e-01 -4.468243403784233903e-01
4.539541376613664414e-01 -6.135403555639496603e-02 1.755422738321487375e-01 -4.224395529939808935e-01 -6.936723478172054924e-02 -3.059864248117376562e-01
4.650089954123817204e-01 3.465205128018300344e-04 2.166646552274460458e-01 -5.169470193602890840e-01 -1.427303989935417017e-01 9.300633502071821435e-02
-4.565349200422291753e-01 -1.569265163087670556e-01 -2.902463744154575725e-02 5.373997262207499404e-01 -4.719735357935249398e-02 -3.633420683981201244e-02
4.463124877108728406e-01 -9.783848691100423267e-02 1.852698017284099274e-01 -4.356932378228975944e-01 -2.208124710157877146e-02 -2.798395840531546774e-01
1.656528938872287582e-01 -3.759586397108007350e-01 2.837738621119681448e-01 -2.191701994920371988e-01 3.230794001821773453e-01 -3.189341978844085213e-01
1.187698562611172182e-01 1.286139381695169392e-01 -3.857781960498797291e-01 2.206769626923521521e-02 -4.402024363420162234e-02 5.944493956480203511e-01
-5.727791664774650737e-01 3.570130414237338012e-02 1.190807522637400417e-01 3.443753135142709754e-01 -2.272300966324315996e-01 -1.804100461219317886e-01
3.923142790421799836e-02 1.641467032529100589e-01 -4.234843087574589604e-01 7.178846088844725859e-04 -1.888778770237865834e-01 5.113367183398676019e-01
1.866667744575753463e-02 -4.905546627730656417e-01 1.857005452475377072e-02 -1.689370944846057265e-01 4.874887457459385343e-01 1.093220011156043475e-01
2.683302792794941549e-01 -4.032027054938687183e-01 -9.791346849837689187e-03 -4.691272505390543524e-01 2.686489618080426522e-01 5.928635474457340238e-02
2.705358147230686461e-01 2.887500464998172811e-01 -2.800722390964593411e-01 -2.725598288364649013e-01 -2.387958483385146380e-01 3.731830332021112695e-01
-4.310614394338834199e-01 -1.656052336856525253e-01 2.383940714093379376e-01 4.096225183009476467e-01 2.539976314791555501e-01 -1.039272962450704663e-01
2.481713683792336755e-01 -2.202565788776515154e-01 -2.329262963486239957e-01 -1.120796393680707215e-01 1.108634411707181966e-01 6.391853614912530457e-01
-1.487140729650555104e-01 2.534308806429394489e-01 3.836041151810188343e-01 1.553524803738112747e-01 -3.718041262556691096e-01 -3.351619923178801863e-01
-6.546158662781369209e-02 3.348445408492576325e-01 3.777252982088848965e-01 -1.997438013619366043e-02 -4.093312669708081275e-01 -2.887079550888037582e-01
-8.928632172328494765e-02 -4.307331986682821218e-02 -4.562800783014035466e-01 2.553761612825917182e-01 5.504156393750590098e-02 4.773050770991554281e-01
1.542270179657368734e-01 -1.110475744134930241e-02 -4.265664489345656341e-01 -2.041808213099349789e-03 -3.596685165110641985e-02 5.608351564095789277e-01
-3.075252876496352150e-01 -2.973283596996462719e-01 -1.346358422914636921e-01 2.840450869823616942e-01 4.727695137421230043e-01 1.040978109253033190e-01
-2.260526895852194851e-01 3.363406000143487895e-01 -1.808530529895178984e-01 1.862042312494150142e-01 -4.656432782252161728e-01 2.514270532700375593e-01
4.039591528954291078e-01 -2.583556051173051538e-01 1.300858758250941216e-01 -4.844627381367354046e-01 8.431723226936715943e-02 -1.753349323268720839e-01
-9.865111722316194376e-02 -4.506002469358378892e-01 -1.409989386005020828e-01 -1.014868438440806875e-01 4.827207911619898484e-01 2.180328127788497550e-01
-1.380918026628846496e-01 -1.264639565195961046e-01 -4.765073533035418807e-01 3.123260186275580441e-01 1.665902681327894042e-01 3.668448908254223761e-01
-3.175506798210304127e-01 -2.207990452866228914e-01 -3.106433608109361311e-01 3.571382598753748971e-01 2.694977881461344538e-01 2.410846970011996104e-01
-2.579025100266886250e-01 1.179009693671601577e-01 4.264861326873266578e-01 3.103211296582460976e-01 -2.560106362555322201e-01 -3.065295605170314519e-01
-1.240954189788018858e-01 -3.912130951519079414e-01 3.023873836246247504e-01 2.405084240058974476e-02 4.274333611713625469e-01 -2.524735582235652642e-01
3.697538519473589358e-01 -1.278673330909850248e-01 2.555342791462667518e-01 -4.045568819787053738e-01 6.383965334751673382e-02 -3.475339746008093145e-01
2.036244342368510180e-02 -2.561144882863169436e-01 -4.029600993669723574e-01 4.377664373518029561e-02 1.929984548405586642e-01 4.902080480384805594e-01
-2.483108643253623127e-01 4.327303832523605731e-01 7.115029216508757248e-02 3.546792542340748700e-03 -5.263636088272319880e-01 -5.810308316391836481e-02
-3.721557876385315211e-01 -1.659112519293826360e-01 -1.954436692451132496e-01 5.656501772460751365e-01 8.391897696074793189e-02 4.560576336064264824e-02
9.150396494608258047e-02 4.199501710346259520e-01 2.372904752470793299e-01 -2.344021543205377922e-01 -4.158779327150288196e-01 -2.044974630296777784e-01
-1.682998588703567555e-01 -2.632484843709949063e-01 -3.786056017049076461e-01 1.989932686450431309e-01 2.942850097986128288e-01 3.658755339587062005e-01
-2.996428410427235366e-03 1.451161109645085490e-01 5.024408594011465778e-01 8.970926909217098039e-03 -2.390891641896711328e-01 -4.207292706130097981e-01
1.707509355277135876e-01 1.537640849411838206e-01 -3.885386032234389719e-01 -1.484888466929262796e-01 -1.669681384899942556e-01 5.032106901884545458e-01
-1.644873613378683985e-01 -3.798510018756736661e-01 -1.659176827227413220e-01 5.561337349803383012e-02 4.944980122404069034e-01 2.665975979771825211e-01
1.995111647772729035e-01 -3.409267069979620146e-01 -2.833714868517686059e-01 -1.934589254499055888e-01 2.265281302226591631e-01 4.402095493160966821e-01
1.175603596389636768e-01 -4.730172603716597535e-01 -2.889863806678127575e-02 -3.114933017172175633e-01 4.209793242401256852e-01 1.002642915195295914e-01
-1.663747592047650492e-01 -3.037648783637645900e-01 -2.761908530747885226e-01 2.646342739931584198e-01 3.725687712948798080e-01 3.211398824823308296e-01
-3.100433455805367555e-01 2.855885907179235850e-01 -1.760970150911598808e-01 2.827471197949343318e-01 -4.184396772911569973e-01 2.149831071396517967e-01
3.895434519899501624e-01 -1.364771263944720807e-02 -2.071300359860144547e-01 -3.219094212523134213e-01 -4.707478522275210936e-02 4.948083088661799911e-01
2.422427392763210618e-01 2.208587995247142943e-01 3.680068225765218970e-01 -2.079862693028056153e-01 -2.809509972821881973e-01 -3.705598756048081310e-01
-1.215328774821995556e-01 -3.913810930496949836e-01 2.414724567565203761e-01 4.153872045394184365e-02 4.949699612879519539e-01 -1.918743586478333929e-01
2.896057659644857840e-01 2.118941397687595374e-01 3.052194641674502162e-01 -2.974427310848690165e-01 -1.835905504396998511e-01 -4.011557349461742361e-01
4.052185629979194736e-01 -1.741155754458285632e-01 1.616377835210691116e-01 -4.477461119735919315e-01 8.350588236725675628e-02 -2.923252631303127624e-01
-4.159692453540973500e-01 -2.023184504672790041e-01 2.265436112660976775e-01 3.694948705625432095e-01 3.112503144981790815e-01 -1.188449326364823255e-01
-3.041690780586353560e-01 1.913219282026203394e-01 -3.050978979363644372e-01 3.339724174851520511e-01 -2.944453340434559641e-01 2.922341693386899530e-01
-3.738115851955182700e-01 -2.683095100804435140e-01 2.062786139875512625e-01 3.346095234209000013e-01 3.749228209095871178e-01 -8.422388382583534394e-02
-2.856472137018786772e-01 2.932549178687665625e-01 3.179159626300437913e-01 1.973984053904513369e-01 -4.312930684939233483e-01 -1.737110762251017904e-01
2.748449635684750425e-01 4.077458034158407685e-01 5.705117987680727309e-02 -3.801186284956183381e-01 -3.223521543318351723e-01 -1.378325422838001801e-01
4.454572433901432538e-01 -1.701270694982603415e-01 5.144364013016716058e-02 -5.227396505063245380e-01 2.184545326698411616e-02 -1.089973931262278040e-01
-3.787469404958927477e-01 -1.309674936468031015e-01 -2.209258328431443763e-01 4.362182572770594291e-01 2.795114655779948887e-01 1.881447606399603845e-01
-3.194565943183844681e-01 -2.983308224614043547e-01 -3.740998329153973068e-02 2.025155506561572283e-01 5.456414420017021705e-01 8.610477974386418487e-02
4.828584470829581643e-01 -4.464646507580446316e-02 6.896640459424827063e-02 -4.790778222612596671e-01 -8.097251420531134669e-02 -2.018823204807817795e-01
-4.707022685070182122e-02 6.394436838773556731e-02 -4.437427354105932253e-01 2.169521985046948265e-01 -1.440005338334169327e-01 4.980911546940734458e-01
3.047385409460069694e-02 -2.258496176793372834e-01 4.792921424650308238e-01 1.216056849388863492e-02 1.990155612335862967e-01 -4.257792377684821439e-01
1.208815230204064312e-01 -1.831031013674360719e-01 4.585224201384317522e-01 -1.181867983999311533e-02 6.181682033173063751e-02 -5.018967009309496241e-01
1.187593583841105166e-01 9.772056268680532135e-03 4.975996015837074182e-01 1.084198357440794847e-01 7.034901374999407916e-03 -5.023431979076756759e-01
-3.159661057741189882e-01 1.155091594640816760e-01 -3.447992308057451494e-01 3.624935168972044375e-01 -1.945958550762239003e-01 3.211793126636690587e-01
2.254092533803442600e-01 1.155242575016317136e-01 -3.823087174606236704e-01 -1.722758829996924035e-01 -9.790653184347143656e-02 5.100442566824100465e-01
2.933759462082814740e-02 -6.512958023993349957e-04 5.018720318202720687e-01 6.139831465229519253e-02 1.123426759466529673e-01 -4.912062493738331703e-01
-2.245630654351156996e-01 2.769803518224863703e-01 -3.133886917011508011e-01 1.946798883118258383e-01 -3.679118569592699783e-01 3.256335182306538956e-01
2.038537406894207482e-01 -2.695488494359414844e-01 -2.686853726510632923e-01 -2.362630807291967172e-01 2.156545224809153227e-01 4.868772464513412279e-01
-3.727190891777184545e-01 2.146559973248259867e-01 -1.261479628646048068e-01 3.809924497175015690e-01 -3.764770765320042401e-01 1.610464053405788742e-01
8.929926067733509609e-02 -1.724603779535213155e-01 4.580476491521707771e-01 -5.824670183780228383e-02 1.065892268677878785e-01 -4.908261606848132175e-01
-2.281524090736942734e-01 -3.371363817299001253e-01 -2.061929527882554736e-01 1.900817155210597353e-01 4.566487008158435223e-01 2.353786266326880761e-01
4.174197747295557148e-01 -2.885884192277097249e-01 -1.031579821960222632e-01 -4.230914087846581184e-01 1.406892842341596617e-01 2.273894481343904650e-01
-3.166441855245985537e-01 2.278710654827920956e-01 -2.074035069335688763e-01 3.118514889146946634e-01 -3.824435665374706916e-01 2.747886095024728581e-01
1.242076044857883532e-01 3.992123180951697159e-01 1.438009482718344278e-02 -4.448412713999758683e-01 -4.228980251859884576e-01 3.221153681273761227e-02
-4.388840595261015581e-02 3.203146093304276021e-01 4.158024928389680852e-01 2.782529444385412748e-02 -3.424641595802656036e-01 -3.295708690788510253e-01
2.874895787852620455e-01 6.928839118347682180e-02 -3.207655331989499037e-01 -2.213842975218389686e-01 -1.195566530843152342e-01 5.191064375606897485e-01
-3.175133470728649376e-01 -9.278247033641164043e-02 -2.907170451258114796e-01 4.760472842942812255e-01 3.861655392072434190e-02 3.034174689098982358e-01
-7.211141598414784470e-02 -4.742951571221932228e-01 7.888872718795623962e-02 -6.601349712834699013e-02 5.158527052077213071e-01 -6.100418224325220018e-02
-2.561101367555975727e-01 -3.184804350555660579e-01 1.496378567594054965e-01 2.959005096884986807e-01 5.067834152268611003e-01 3.037418404472359834e-02
2.648195703817113889e-01 -2.258847442057008159e-01 3.578162569851864871e-01 -2.808310202514678333e-01 1.692496961158042046e-01 -3.811926786938577560e-01
-1.115484205717109101e-01 4.613643947734109019e-01 4.937152759568588095e-02 -4.854660845351023435e-02 -5.351509051342500101e-01 -5.291336578885280639e-03
-3.089272211801739609e-01 1.918084167518704919e-01 3.561235326226877551e-01 3.293859009017691686e-01 -3.268463084664627316e-01 -2.126942186709033789e-01
1.550821111231252651e-02 -2.185499281359081641e-02 -4.479980812205800467e-01 1.781806115029217763e-01 -6.152274516683910871e-02 5.378843456308162185e-01
-1.473983893388482441e-03 4.617582937337514348e-01 1.656435192022982228e-01 -2.139543549044192194e-01 -4.758232231138186386e-01 -1.096617499096898263e-01
3.444363782426393961e-01 2.067329223401370986e-01 -1.926730524752483520e-01 -3.957330112515188292e-01 -1.102207573553626585e-01 4.003612127939075727e-01
3.979285664632785102e-01 -1.150614301345739970e-01 -1.162813545365740664e-01 -5.904141527270510004e-01 -5.856644961429621765e-02 2.509398489530462184e-02
2.605290024730335663e-01 -7.792991066355191287e-02 4.359427016278356048e-01 -1.904004524267078335e-01 6.588536638050784822e-03 -4.526062608776350582e-01
-9.474573772364504320e-02 4.434941980089777691e-01 -2.319954738617621970e-01 1.142525478114435333e-02 -4.226503092185436850e-01 2.563910666470257116e-01
-4.064202474239369534e-01 -1.376034094216695980e-01 3.225547952109952266e-01 4.319063330934175826e-01 1.810747866792407068e-01 -1.197717264084404709e-01
1.169273456791178473e-01 -1.093104531885443070e-01 4.489883568658781243e-01 5.084274374461104917e-02 -4.836413719818089679e-02 -5.469626318651741315e-01
1.787031777139521382e-01 -1.532543720995895586e-01 4.668587625295863575e-01 -9.081543637673547553e-02 9.860747089718233105e-02 -4.626170729287134575e-01
4.227086712148447334e-01 -1.109602079939972230e-01 -2.298074903809539105e-01 -3.196066236884103628e-01 2.946282534613726689e-01 3.035460536092958739e-01
8.712182149494664130e-02 -4.768628299226275735e-01 -1.262035840646646284e-02 -2.877535645356623650e-01 4.498497068890620620e-01 1.330875774593276439e-02
1.949533466297773410e-01 -4.391646009178706844e-01 9.229224458245301188e-02 -3.701706250933828324e-01 3.688405771776432918e-01 -7.432866873480635517e-02
4.318322085355238982e-01 1.521602566356021480e-01 2.856476158504744345e-01 -2.560576604775532394e-01 -2.404236293442102712e-01 -3.248320484940155350e-01
2.287343682551689628e-01 4.241450814019224191e-01 -1.204432881953250295e-01 -4.218231844636068373e-01 -2.831616969794832350e-01 1.561285683922073453e-01
-4.490905851851039188e-01 1.105127880146748592e-01 -7.771183667994965849e-02 4.523697750127039230e-01 -3.011165570880893760e-01 5.619298489981228162e-02
-3.368486218286604467e-02 -1.168618123005560894e-01 5.124407106964458114e-01 1.637757606864492232e-01 1.338003932183671196e-01 -4.352816965201669053e-01
1.566333201599943992e-01 3.976347300129431384e-01 -2.377439034332272105e-01 -1.969137733991513095e-01 -3.556092907513720425e-01 3.168982314778237552e-01
-7.228570560775891829e-02 2.370925941001128801e-01 -4.124843804233702671e-01 7.817252011357482544e-02 -2.569906617288564288e-01 4.438123313665521263e-01
-3.688361780406130830e-01 -2.181192556017361728e-01 -1.455357302286801324e-01 2.948430463902674825e-01 4.513262260758577060e-01 1.881896570589509377e-01
3.156620235773999888e-02 -3.153117486292592586e-01 3.775146812606973157e-01 -8.283265781782239712e-02 3.189255587035140227e-01 -3.871132928403064888e-01
-2.264097070053194272e-01 4.443412564805589993e-01 1.429889725406411627e-01 1.898136915657488988e-03 -4.867900946358389991e-01 -1.413874248138265732e-01
3.143472297497369727e-02 -2.844805408814024550e-01 -3.685027251290884931e-01 3.131824114559454003e-02 1.821858696877448058e-01 5.159306797570519798e-01
2.892773863227429132e-01 -3.511266866386713592e-01 -1.245250214878967643e-01 -4.173527891333050910e-01 2.588739744166386747e-01 2.340457367273255651e-01
-2.994870569799177110e-02 4.668764632558936034e-01 -3.060291152361584513e-02 -1.301138418948391551e-01 -5.127984889048987638e-01 1.431898777382410448e-01
3.547707842014619084e-01 3.159997262420337072e-01 7.595820081712936767e-02 -4.883905742616662105e-01 -1.973620637538908151e-01 -8.384979700148040282e-02
1.000999908060689891e-01 -4.552346019759366813e-01 7.728585711581961726e-02 -2.791847611692902520e-01 4.616382084049106549e-01 -4.716223046818923681e-02
-4.652525629308371102e-02 -2.645821553881049226e-01 -3.969392915899865315e-01 7.475471620880318191e-02 2.952272007148732946e-01 4.227586119632130712e-01
-3.861222007581157634e-01 -1.767237129303869392e-01 1.524279379283478286e-01 3.800007402532979972e-01 4.139248546924728656e-01 -1.009293371222923230e-01
2.822253922359316269e-01 8.614876507889339396e-02 3.931358649572753716e-01 -2.326239241648239697e-01 -1.129658809315976092e-01 -4.407007732074141870e-01
-1.078459239515036638e-02 2.779575856999335071e-01 -3.640199553040435743e-01 -2.854416648064180689e-02 -3.176106408941116732e-01 4.390884340182981682e-01
1.223432668955829056e-01 3.880029838039826817e-01 2.926213149715783390e-01 -2.047082226947693484e-01 -3.991140816584971551e-01 -2.303357085155011696e-01
4.930633864051011533e-02 2.829856246076948301e-01 -2.857965743119603164e-01 -1.223859399294353334e-01 -3.668195349679226336e-01 4.546593771587308930e-01
-9.343475056568517623e-02 -3.278082853800317054e-01 -3.212693855733813053e-01 9.035294256906589716e-02 3.402580432232503727e-01 3.997780916697875608e-01
5.300106811778483584e-02 3.992577869734157958e-01 1.059734479206696084e-01 -2.152617905121586572e-01 -5.525381702853047194e-01 -4.275279194858423726e-02
4.118609107846358253e-01 1.202482159535925299e-01 -1.422643469919578074e-01 -4.688164467677788938e-01 2.287661640879187774e-02 3.213369509965005033e-01
-4.119437787981513471e-02 -2.852421059202488521e-02 -4.475636023088336302e-01 2.229372826634920812e-01 -4.874117978532224726e-02 5.167111199852190140e-01
-2.769021540687598426e-01 4.389290735219140288e-02 -3.848953845726964529e-01 4.144591973338418445e-01 -6.202230244202627113e-02 3.298083653272290139e-01
-5.954016365647211290e-02 -2.316324613770903151e-01 -4.134058991220755375e-01 8.492993029172962727e-02 2.528593078008457007e-01 4.493780353327979094e-01
-1.257368332516682619e-01 -2.271498667856062526e-01 4.375840314059741276e-01 1.044719102869838823e-01 2.405208975658103265e-01 -4.158138772915553893e-01
5.945525316189390064e-02 -9.041778734122127986e-03 -4.694886548485947553e-01 1.242424775557297439e-01 -1.879583439703145509e-01 5.122401662824882518e-01
1.195814879090547483e-01 9.039225677204977549e-02 -4.172688668486422281e-01 5.426572966074283411e-02 -1.835070968572760641e-02 5.746529138228031464e-01
-3.494055668650028479e-01 -3.060876492975374633e-02 -3.566614651525181756e-01 4.280128257423064242e-01 4.455733442733764149e-02 2.678148757470448782e-01
-2.209023728360923200e-01 -1.271149425509570940e-01 4.568535284915207217e-01 3.293905450908302668e-01 1.070439573253940957e-01 -3.446122000884168646e-01
-3.111970145510640218e-01 -3.436949639475052609e-01 1.281592830239167147e-01 5.361509465286944387e-01 1.815874297558856543e-01 5.018595605108570890e-02
4.535755707790183888e-01 -5.619371364734546126e-02 -9.988165391349849986e-02 -4.202264372986869723e-01 1.020846348234554224e-01 3.599204938465195291e-01
5.687336051943259196e-02 -3.971972535702516516e-01 1.881289595618141075e-01 -1.717301224115985459e-01 4.967510563208079044e-01 -1.973536818563433604e-01
1.187922846891542733e-01 1.854251633664709686e-01 4.569059966743874157e-01 -1.534112266593044838e-02 -1.843801193273764683e-01 -4.624700319031683216e-01
2.107883257849849923e-01 1.862850430784897260e-02 -4.069323334538112458e-01 -1.112197574200499417e-01 -8.213744920485356593e-02 5.344267993766378400e-01
-5.082317281186363722e-01 5.864080886018245564e-02 3.779403709981730974e-02 4.325205076053287856e-01 -1.406030585647699005e-01 -2.365909338331933509e-01
3.693862533219260391e-01 1.516383487447759415e-01 2.327471559787076261e-01 -4.002430833387569664e-01 -1.403523885358303747e-01 -3.350662759631274357e-01
2.640954646879534184e-01 1.064020800379927717e-01 -3.375890661822938399e-01 -2.056081005898269254e-01 -3.865158937849545728e-02 5.332369748581393676e-01
1.012300352504036105e-01 -4.898164281692373168e-01 -1.167196884361198644e-01 -2.619539907789686373e-01 3.642190571298766777e-01 2.557326616531272467e-01
-4.351807113243551517e-01 1.734205017500116408e-01 -2.239072273435903024e-02 4.014566049913655399e-01 -3.740716159061484580e-01 -5.350122615759102251e-03
-1.978084544888573243e-03 4.591727966854260434e-01 -2.382985907404880019e-02 -1.685724317745203316e-01 -5.124915783014729609e-01 1.438444259324838381e-01
-4.417397909289197400e-01 -5.028606798229059288e-02 -9.955848408150230755e-02 5.075581177165384705e-01 2.353348194967338769e-01 3.179671862114619163e-02
2.168253905190530295e-01 -1.449889794513159191e-01 -3.699143085791681829e-01 -1.056965171478086440e-01 1.015861703936498106e-01 5.439676939539055400e-01
-2.332274114547197227e-02 -5.383988598979395912e-02 -4.446248991634687564e-01 2.200632257051161611e-01 8.202756389727793029e-02 5.157413368118430874e-01
-1.587944266961588968e-01 -3.745637281688251607e-01 -2.449710109467390651e-01 9.658468710754086750e-02 4.470742826193216390e-01 2.646293103452849738e-01
-3.853442850660543373e-02 -4.028371131923008663e-01 -2.105498215691171404e-01 -1.431303120090449132e-01 4.204115104591041874e-01 3.474120093928324549e-01
1.034687116991957201e-01 -3.627714881921185186e-01 3.347368927926525073e-01 -1.496239776538389188e-01 3.252518457224780613e-01 -3.453866125981637225e-01
2.024959682991186727e-01 -8.464789632822448950e-02 -3.929560376578971614e-01 -2.388524259373575598e-02 3.064296605336941370e-04 5.773708710952718537e-01
-2.963379464346233561e-01 2.842436744961444606e-01 1.608063134746560430e-01 2.153794960552408155e-01 -5.482954159827428953e-01 -5.138209779282923440e-02
1.757979026110425280e-01 -2.921387102541304626e-01 3.421310896436206561e-01 -2.504476837572904291e-01 2.406626251507650305e-01 -3.889211910396940808e-01
-2.602411870567241658e-01 2.870792127465238153e-01 2.334062514037954505e-01 1.616139048369344411e-01 -5.774405328526874825e-01 -3.980409048037969466e-02
-2.703779245587728877e-02 -4.587222289227629868e-01 2.180416123923475391e-01 -8.634687559253935440e-02 4.580833753678971720e-01 -1.768633338905852281e-01
4.715465299601398486e-02 -8.866043266072673110e-03 -4.497152660970276106e-01 1.130152024585164838e-01 1.072482371455929229e-01 5.413346125210862780e-01
-4.170049667879052180e-01 -7.147228326600092718e-02 -2.113610066938961807e-01 5.417487178051653141e-01 -6.606998939605281118e-02 7.282588163868297659e-02
-2.784231695990040945e-01 2.895733712074750610e-01 3.307982163492335648e-01 2.667595190786485326e-01 -3.724900582926412573e-01 -1.834467168146725058e-01
-2.690700177429808382e-01 -2.525850636892972290e-01 3.363771712575406303e-01 2.687767148732609912e-01 3.474521857290568949e-01 -2.558020174383208722e-01
-2.201854889610970201e-01 -4.062583367380392940e-01 2.344211886044143822e-01 7.620422316968183951e-02 4.757898847883075821e-01 -1.318356522125763430e-01
-3.174795157470325369e-01 1.327959244601648603e-01 3.914465139739199406e-01 3.718192044767760218e-01 -3.173246881882649806e-01 -1.762318354166675372e-01
1.699385644437709508e-01 3.953108816143338089e-01 2.602951862015319695e-01 -2.504067585290732367e-01 -3.439932133695485783e-01 -2.657649478087518724e-01
1.184526540862227036e-02 4.902521397361540023e-01 9.305084912012095977e-03 -2.363228514627574439e-01 -4.749896173318416404e-01 9.128640095903328699e-02
-1.046800935151016299e-01 2.748518865335168870e-01 -3.664493912757265104e-01 6.298803151798795796e-02 -3.281375337817457050e-01 4.134808356264956242e-01
2.503662654316745617e-01 4.064515952424970213e-01 6.954772416339571883e-02 -2.095808678836558192e-01 -4.714573881973053715e-01 2.026809332087056714e-01
3.998565227102177100e-01 -2.701341302393461818e-01 8.632085238805363436e-02 -4.940577883522835889e-01 1.324360981496577883e-01 -1.107943821639185839e-01
-1.941180012826442536e-01 -4.374654586454025940e-01 -9.206684114296873056e-02 6.102008300190206458e-02 4.908816847036408526e-01 1.782591461081317885e-01
4.255722964287641519e-01 -1.324800435429067669e-01 1.416885182003365384e-01 -4.655727019873601158e-01 2.624699381394215991e-02 -2.833600900903427977e-01
-1.592526985876792367e-01 5.675196548749845277e-02 -4.245208953251801698e-01 2.485345783569235800e-01 -1.407629610313593793e-01 4.669371185848166239e-01
-4.279029747082465640e-01 1.081553068859005540e-01 -1.822240665222381040e-01 4.238008050170476437e-01 -2.603086607098442640e-01 1.903815912249965381e-01
-1.899885928529866375e-01 -2.692167383639777478e-01 -3.804954585975539594e-01 2.115669534305830712e-01 2.914358759782343933e-01 3.436742654866187241e-01
-4.588178533874109032e-03 3.268621662369725067e-01 -3.045736842190137073e-01 -6.470125882195949807e-02 -3.763749937407366852e-01 4.038357414698065528e-01
2.780579964045173380e-01 -4.275545470020609695e-01 1.630812366009546516e-02 -4.607540162877867829e-01 2.463512276122111766e-01 1.351226188156285334e-02
9.400170535985805445e-03 -4.239763737587791126e-01 -1.749067109545627552e-01 -1.391076037671855892e-01 4.633988241300107114e-01 2.615686023718032382e-01
-1.565650245803362761e-02 -3.915356058653401972e-01 -2.752084112069608790e-01 2.076867741256129690e-02 3.775965784104309275e-01 3.628424405145739828e-01
3.664220629676241403e-01 -2.833862630962925011e-01 -3.803182661660807484e-02 -5.268207392317451054e-01 1.381015896843746926e-01 1.183820035818785726e-01
-4.713380328203671810e-01 -3.201073083895980553e-02 -5.441586364303585555e-02 5.138276331891939996e-01 -2.005449432601063287e-01 -2.209203714428243509e-02
3.204697747272827746e-01 3.578423796959073755e-01 2.145020443292014467e-02 -4.918369284425234689e-01 -2.212497157270876258e-01 -4.790514866981557263e-02
1.802656007951249084e-01 3.233744516202455288e-01 -2.303192525665558321e-01 -2.826939194660129662e-01 -3.322852870291636562e-01 3.661526995936152939e-01
-2.641850451765295205e-01 -3.438235529375207045e-01 -1.418411887370316371e-01 2.159707257660290480e-01 4.929566677278722220e-01 1.213114246524871487e-01
-4.151628422804254370e-01 -1.482752449162595687e-01 9.750104861778921550e-02 4.515481799453562317e-01 3.482515873158990027e-01 4.982391756066113786e-02
1.112693644822868588e-01 3.187998280821391917e-01 -2.898914819475469917e-01 -1.738505406682870902e-01 -3.388454149965061668e-01 4.073956711988143686e-01
8.462781012962747318e-02 4.411780405398132432e-01 -1.799793036707137972e-01 -2.016814135075818692e-01 -3.991308200948988638e-01 2.803554084671507352e-01
-5.709409531968460266e-02 1.518045118940288818e-01 -4.428240675785811153e-01 1.448933589114033416e-01 -2.545970641730974648e-01 4.482644955302716450e-01
-1.726295305918569278e-01 -4.611867127807706690e-01 -7.334337800504110716e-02 -1.164974088777837036e-02 5.049227738229502549e-01 1.284435571546106436e-01
1.786331238961631207e-01 -4.991850278078411862e-01 -1.611009816269237671e-01 -3.180361026981372019e-01 2.757620679069862635e-01 2.297655917678521065e-01
-5.649377835879889481e-02 -1.957692722337222579e-01 4.761494723922081729e-01 1.057079842332328545e-01 1.971114378070820128e-01 -4.290219676620345979e-01
1.915118971872429091e-02 5.302583758103969480e-02 -4.479272844748191651e-01 5.201659032915998890e-03 -1.973056092736919509e-01 5.201324127077784354e-01
-2.094549655203112593e-01 -1.905547714019354896e-02 -4.331905165602162877e-01 3.367021453476609638e-01 -8.847222406192387090e-02 4.016110919044259542e-01
1.177905207218453293e-01 -2.188156787393979730e-01 4.826894302644207380e-01 -6.102600001614601199e-02 1.266203749951161639e-01 -4.385589535558633290e-01
-4.468773385590053132e-02 -3.011338777925715582e-01 -3.498360961386469126e-01 3.699611938930854466e-02 3.061655173521964923e-01 4.404266404090242948e-01
2.709546120675098146e-01 3.508506934596463678e-01 -1.722109437466977366e-01 -3.384913886014437878e-01 -3.057069219847380337e-01 2.722074063139197087e-01
8.178489360245512485e-02 9.118922559681106807e-03 -4.465087924413897458e-01 9.077563694090529101e-02 2.206929554325183160e-02 5.533669270226887482e-01
4.097984735108211041e-01 -3.727099164941181930e-02 2.998855124667058059e-01 -2.398570227976911662e-01 -6.206329579534180380e-02 -4.599388605112055828e-01
3.949437526951126709e-01 2.346340328971684985e-01 2.917402205853233607e-02 -5.441762513916368338e-01 -9.276457250508884922e-02 1.334034377949778749e-01
7.827055828016643568e-02 -4.397213158244969167e-01 1.603472980637866141e-01 -2.401187435070851195e-01 4.611975375918119235e-01 -1.345653535238826581e-01
3.371255383167504616e-01 2.864294343740266258e-01 -1.122477807455635190e-01 -4.437776405783249722e-01 -2.247646910033563317e-01 2.467380008269359770e-01
-1.078361563815099788e-01 1.165137372906738383e-01 -4.565613582057618247e-01 1.957282833384016152e-01 -1.838707844820211545e-01 4.476608324182713705e-01
-4.161537485175488271e-01 1.516109538666501610e-01 -2.892961837679156600e-01 3.742949372515882445e-01 -2.073488093091173379e-01 2.070290761037141825e-01
2.156771486095903911e-01 1.161223686811638650e-01 4.644530788210306516e-01 -1.411197481927996267e-01 -1.954316575964910041e-01 -4.162455433774868152e-01
-3.409042318993130150e-01 4.657296496819355452e-02 -3.374964089876243412e-01 5.254301914143255647e-01 -1.032981983428212652e-02 1.587159851175092840e-01
-2.159263933496828047e-01 6.859198338472149992e-02 -4.131879852594628200e-01 3.164280547232748431e-01 -1.661817143787988615e-01 4.001262544138505794e-01
1.476302843110238461e-01 -4.285804039753806638e-01 2.456350089071959175e-01 -2.256430195974627739e-01 3.792645142345821840e-01 -2.104939517076512834e-01
1.632494846673556710e-01 -1.120014458441341426e-01 4.572921514526863684e-01 -2.306036520194629236e-02 3.874599410443428649e-02 -5.135651239439760207e-01
-1.096761331424640773e-01 3.552456865686635656e-01 -2.129957222177122911e-01 5.233509559586588256e-02 -4.641768614478663513e-01 3.368215652194819776e-01
-8.061299940923455365e-02 -3.863067273733102880e-01 -2.683055123367314998e-01 1.297124906226172769e-02 4.296795356692846291e-01 3.021402843554750195e-01
2.580183754537929142e-01 -6.968058508035129828e-02 4.366392091360771777e-01 -1.415854822372444866e-01 -2.950041051612709714e-02 -4.791677085547805803e-01
2.282239311408215954e-01 -1.570069698581473272e-01 4.006516763594565878e-01 -2.283405982575739956e-01 1.482739937430228028e-01 -4.350231190950686888e-01
3.888868021873638225e-01 1.598933491004934926e-01 -1.703510186326475107e-01 -4.569110365039881216e-01 -5.130770220664307435e-02 3.195674766212039941e-01
-3.114712573018048603e-01 2.214285415132985768e-01 3.373103603389213667e-01 2.491348092905490419e-01 -4.000517516030509535e-01 -2.099401155565917554e-01
-1.510034673784689807e-01 4.625647453031262457e-01 -7.023359941967788345e-02 -1.277479737917183722e-02 -4.918896048293573409e-01 1.941708791796905031e-01
2.994031120918595468e-01 1.209968998694762321e-01 -2.647593069644074704e-01 -2.916834106070249621e-01 -1.374354843861449738e-01 4.993280083678757753e-01
-2.445311811894071430e-02 1.986412038547981096e-01 4.869247120043225796e-01 1.162598563122644868e-01 -2.226331227040047045e-01 -4.090260682337160669e-01
-3.277457368414318784e-01 -3.278502612835803576e-01 1.707032993256449027e-01 2.155267241803278666e-01 4.587230568526127761e-01 -1.228225910001995158e-01
3.653666339599919710e-01 -3.162185317172152565e-01 8.021469323324674494e-02 -4.745601483114589292e-01 1.996981754505294804e-01 -8.816865418661669340e-02
-4.899989041245354088e-02 -1.527644270136787330e-01 4.923904320751922858e-01 9.114587426588682817e-02 1.527160142727983227e-01 -4.494380367205552673e-01
-1.756002930627017788e-01 2.232734261414979771e-01 -3.751539153689847916e-01 2.390087586818806231e-01 -2.630909138249389323e-01 3.939683525575591316e-01
-8.042323014909068257e-02 -4.537992270912133974e-01 1.841369512497647021e-01 -1.010656088239986206e-02 4.967888073066357157e-01 -1.182501431885933929e-01
-1.759304848106399699e-01 2.317453940473667914e-02 4.899199355795827993e-01 3.292828957070300655e-01 -8.520904364408797560e-02 -3.662415206139358892e-01
3.782784368326854718e-01 2.395931306416777540e-01 2.220847705132543981e-01 -4.365282785011481703e-01 -8.760673714301775439e-02 -2.564862933514205912e-01
1.793701836754707790e-01 -1.846824127214998224e-01 -3.807890675563752603e-01 -9.360961128789149766e-02 1.650880741893021586e-01 5.153931895922145845e-01
2.835724731674045818e-01 -3.563045450395143088e-01 2.398063942738893062e-01 -3.417608106018628633e-01 2.677832081255712704e-01 -2.286728054348064199e-01
3.444789317509033832e-01 2.111152266612162653e-01 -2.803821827533589106e-01 -3.294697241753736794e-01 -1.301856471893695077e-01 3.748329900593523334e-01
-4.322766429080561745e-01 1.681412595780249486e-01 1.823734880725391971e-01 3.920582890005773202e-01 -3.648304944779190429e-02 -3.454530101168712397e-01
2.398266245899515481e-01 -4.172214096134179706e-01 2.084917053679766763e-01 -3.053357306994330944e-01 3.290615680821322164e-01 -1.734241539219902317e-01
1.098936228303332412e-03 -2.701666079761023131e-01 -3.502192369447126863e-01 -4.583241373885523287e-03 2.754940564407921122e-01 4.877677272533054165e-01
1.634149098557989566e-01 -1.222723616707702687e-01 3.417257939955031243e-01 4.163833124903910943e-02 -6.102944248472561006e-03 -6.440100384457223548e-01
1.124974421043467704e-01 1.490557367154591584e-01 -4.019076368508121000e-01 -1.012864764246425159e-01 -1.717261017136617329e-01 5.208032866308728304e-01
2.728561034875566782e-01 2.975498831073898898e-01 2.608733971495877935e-01 -3.347164724366484267e-01 -2.628145129622792564e-01 -3.020185184099635212e-01
1.161794828230534454e-01 -2.843541730450114269e-01 -3.465741877697189888e-01 -1.350209195681627006e-01 2.347149208671700515e-01 4.704115119727416139e-01
-1.636744483992770647e-03 -8.107885885103609247e-02 -4.357077889377868885e-01 1.743617942968133661e-01 1.028493254795135731e-01 5.313469858065853479e-01
1.413580012169455835e-01 -3.680194246806227087e-01 3.682023077675899425e-01 -1.779042290900818002e-01 2.938046489544656192e-01 -3.100753078563077136e-01
-8.240021364639849022e-02 -5.954458228762519317e-02 5.125145486390678684e-01 2.362464018898132179e-01 -1.250949200855269033e-02 -4.341913374151792349e-01
1.384307586445340243e-01 4.567388273866143655e-01 -6.503660666614392849e-02 -3.568590207618302923e-01 -3.916960922647323984e-01 1.216348199952708292e-01
-2.370425723761329928e-01 -1.314550383001140965e-01 -3.710942481567937046e-01 3.351770903095920850e-01 1.594080050434448503e-01 3.956934327906495019e-01
-1.442072859155890951e-01 4.463462755258294501e-01 -4.917636370827747905e-02 -6.557712002553578445e-02 -5.299853478756946235e-01 1.523028117869761333e-01
-5.773843009071358973e-02 4.409524341513893497e-01 -1.540213647742228742e-01 -1.029090415369204869e-01 -4.814159863667148431e-01 2.296400910595805256e-01
3.119729107531072909e-01 -2.941533117939581499e-01 2.239207859384146071e-01 -4.204225567461858937e-01 1.966308393458709447e-01 -2.480196723573849515e-01
4.956073675197392170e-01 6.010432225298231734e-02 3.034369389596582381e-02 -4.317752849939904269e-01 -3.018691212158163273e-01 -6.419012037141247351e-02
-3.677604541976080554e-01 1.394776831831560093e-01 -3.496181658020379723e-01 3.508400059403656845e-01 -1.976431510247725898e-01 2.586276083981965401e-01
-3.140158950804040616e-01 3.516532567953181143e-01 7.070033474700748721e-02 1.555374659037861429e-01 -5.296946929024467510e-01 1.830345743550072790e-02
-4.960066612314077417e-01 2.121950211004136055e-01 1.500801418845916502e-01 2.714537441119691530e-01 -3.394078506335149181e-01 -1.766289001161812922e-01
4.048134168631902494e-04 -3.519536691117562399e-01 3.775510860318819217e-01 -5.365055941509370291e-02 3.408309227158052290e-01 -3.415647085341373401e-01
-4.919287301895787223e-01 9.427875558567269665e-02 3.208281382666913761e-02 3.864612441502501827e-01 -3.835750076875790171e-01 2.276434266097992695e-02
2.612214977832269525e-01 3.386926228284241058e-01 1.691478056180981682e-01 -5.065024228611443302e-01 -2.759801998818555702e-01 -1.189722384090738383e-02
-3.582675444256926967e-01 1.799217458121539215e-01 -1.783864825974858792e-01 3.807455882044362139e-01 -3.685344177132625632e-01 2.128365055961848051e-01
3.274215837151361885e-01 2.838795917304440253e-01 3.421142063200062200e-01 -2.390723089814400515e-01 -2.616663997074337167e-01 -2.755137081750747008e-01
-8.149808519482205915e-02 2.614705928292047898e-02 -4.447819355721335799e-01 2.358708593003698284e-01 -2.135978369927832299e-02 5.023294902589945377e-01
-4.954547693029850985e-02 -1.527756394588937194e-01 -4.393941480222481322e-01 1.652286037158998133e-01 1.622007487971884321e-01 4.850851481892646810e-01
2.825386976108230086e-01 -1.796538256760093002e-02 4.311871125338888056e-01 -1.774455933247116590e-01 -1.758931458620239738e-02 -4.567398611894049609e-01
-4.427891841668463724e-01 -1.581942121595573125e-01 1.667346002250094661e-01 4.220327525194333407e-01 2.877474653527628545e-01 -6.395791825725569146e-02
-3.024090086470104244e-01 2.265631417840030248e-01 -2.911247579773452721e-01 4.413240741959853497e-01 -2.239478686386844053e-01 2.027385135592036369e-01
2.083638723130820380e-01 2.353713451862538830e-01 3.528453874497534115e-01 -1.136968655053095245e-01 -1.563625568560549073e-01 -5.090255026182313181e-01
3.519407004513871451e-01 -2.966215430374326001e-01 -4.303254358574396671e-02 -5.347821445273861496e-01 1.638032134761779890e-01 -1.419567458905417190e-03
3.972598354912840746e-01 1.935383162948979552e-01 2.191158106029938990e-01 -3.958470046810002030e-01 -3.607847052526004239e-01 -3.328769146143129021e-02
-2.580629168559319675e-01 -2.272144472632109113e-01 -3.367555103652772330e-01 3.200470642236289409e-01 2.868067545171705257e-01 2.969408316601774289e-01
3.196315074539452517e-01 1.191810089774902048e-01 -2.356812580380114042e-01 -3.566174716482266027e-01 -1.150896382130844053e-01 4.627488258846240710e-01
5.051266910705966284e-02 4.501927323166325379e-01 1.492629761902639907e-01 -3.043015779589270386e-01 -4.679106714732257921e-01 -2.735239694716512515e-02
4.413904896171247372e-01 2.277042810333480827e-01 -5.050185274839338878e-02 -4.742118325342060126e-01 -5.327066629063634262e-02 2.371184988392072979e-01
1.647188422440323263e-01 -3.105086832767838811e-01 4.184935145425444092e-01 -1.482503696577276986e-01 2.543960515812459522e-01 -3.450069196004693084e-01
-4.149042298510101645e-01 2.387986127005462811e-01 8.781791946445012542e-02 2.845248743484506404e-01 -4.600102567161435951e-01 -6.206567611327652723e-02
4.130366051851835918e-01 -2.234518650941391682e-01 -3.650994034250485548e-02 -4.784534862398378552e-01 8.695232417128478941e-02 2.934819628573795414e-01
-3.553729432523534126e-01 -1.908660987087104910e-01 -2.617245937054742955e-01 3.855229151330194504e-01 2.438758651415644796e-01 2.502058233386857955e-01
4.272568598762684355e-01 1.725167722012470317e-01 1.641625938404235874e-01 -4.403486975456207264e-01 -1.258747083025234803e-01 -2.336101064463369514e-01
-2.861748715843449031e-01 1.601391117980386636e-01 4.129417858132206631e-01 3.203202790522644006e-01 -2.843849669030870109e-01 -2.462713631069081699e-01
3.482982845790896231e-01 3.132879353872127237e-01 1.175615354854062794e-01 -5.196453751220436734e-01 -1.830177820048703996e-01 9.873499919927476720e-02
-4.705086338554936159e-02 2.282541968326616266e-01 3.999030014597417249e-01 3.151808255626651484e-02 -3.477352341866006280e-01 -4.137695961418356716e-01
1.646049433194652079e-01 4.138512871460224840e-01 -1.909416733616748907e-01 -2.955779992684340884e-01 -3.669320551725847590e-01 2.316799442928492159e-01
2.398094246312377498e-01 -3.368438492873443990e-01 -1.229541913905025929e-01 -4.625748380617682454e-01 3.042916675287528627e-01 1.862408871572621416e-01
-1.981553595835814918e-01 3.878096695058435572e-01 2.227905370104589500e-01 -5.989834973253177486e-02 -5.381402293181409835e-01 -1.286376691638597969e-01
-3.325963923573140302e-01 -3.150915714480256313e-01 1.398891540506848330e-01 1.845011724227013095e-01 4.969286678161724535e-01 -1.307272525544810049e-01
4.767716824637844089e-03 1.587170848593516537e-01 -4.216273527856424508e-01 3.160377875249820168e-02 -2.037670457519117906e-01 5.099761470119916762e-01
1.392356515012193596e-01 3.539849026180730274e-01 3.735534868263399866e-01 -1.518150056271691528e-01 -3.020453485609985167e-01 -3.228040538975741058e-01
-1.325093717411462702e-01 -4.618447395595868810e-01 -9.993377454649884917e-02 4.158187729859291748e-03 4.531581355807579592e-01 2.796603727649971116e-01
1.676024405182045818e-01 2.462340981034530363e-01 4.093769601574669958e-01 -1.496564329630800938e-01 -2.157264471017600327e-01 -4.188375421733533943e-01
-3.358913933778990279e-01 1.346763679259093960e-01 3.370223589630750860e-01 4.867536847963750968e-01 -1.597901314685441776e-01 -1.493361056389289065e-01
2.899774570565512577e-01 3.531369652902365264e-01 9.960040661428870568e-02 -4.875496789006610876e-01 -2.751449650895462229e-01 7.289144166937888691e-02
4.771103308148623157e-01 1.719779711430725611e-01 1.324905066482293392e-01 -3.371684393236661359e-01 -2.481631702783577698e-01 -2.680485124083206161e-01
-4.190679822749553973e-01 -1.498117850996334710e-01 -1.428390329756027977e-01 5.507658955290497538e-01 -5.569186608636994551e-02 8.202468199100199087e-02
-2.562827511997977092e-01 4.261903715278381188e-01 1.127827014626274493e-01 2.002205184116867542e-03 -5.160391861726959517e-01 -1.005066369985701258e-01
-1.638420149175915108e-01 -1.441612367329261069e-01 4.822068004870004865e-01 2.164623494633010348e-01 1.532902131484396302e-01 -3.935164579664441886e-01
2.118439895813969687e-01 -3.772543293697727118e-01 2.550174454741174213e-01 -2.923826409784948677e-01 3.316469108733907656e-01 -2.381504129837539452e-01
-2.183571825187951010e-01 4.679927459036753445e-02 -3.979298417287747136e-01 3.632724262481301647e-01 -6.591769695221599834e-02 4.076766891111271440e-01
3.336987210488125966e-01 -1.175981923153244096e-01 2.971822921605681289e-01 -3.689652818323377881e-01 6.058385437138825991e-02 -3.916678056789929530e-01
3.452964711048016333e-02 4.718744304960972302e-01 5.860470493805872150e-02 -2.930402366273274217e-01 -4.729252451632957044e-01 5.142528003734483932e-02
-3.754542281025713968e-01 -2.148700878040036011e-01 3.608064951387223163e-01 2.915289450087436562e-01 2.358054534196817598e-01 -2.325104550060547171e-01
6.652783684330709768e-02 -2.425534232981389204e-01 -3.450945703709653589e-01 -9.967595966471345936e-02 2.394491156244278607e-01 5.151669308590501872e-01
2.142253349291627362e-01 3.856678993377584685e-01 2.185160107209010993e-01 -3.125067101073740750e-01 -3.234488614604172918e-01 -2.502128792429357262e-01
3.291088282894659711e-01 -3.582488572915479286e-01 1.680599145523596627e-01 -3.938137732899227306e-01 2.541802023171960134e-01 -1.518049929827401667e-01
1.520691507712387536e-01 -3.353596946144650759e-01 -2.426358582723530111e-01 -1.934746265143297006e-01 3.520425585154738912e-01 3.961736911014057672e-01
3.229110597219732592e-01 3.156470481062432221e-01 -1.516734533018271880e-01 -3.993826874073327926e-01 -2.135502617121318725e-01 2.935702441705803634e-01
-3.039527437018140765e-01 -2.021353158216550872e-01 3.496369966368841897e-01 3.219945743265805738e-01 2.754720372141067353e-01 -2.668702388269285075e-01
-7.804416328586459561e-02 -3.768302006959072248e-01 2.852347031291367352e-01 -2.798460741860776119e-02 4.535318894350266472e-01 -2.697363232675211164e-01
-2.076393791159316937e-01 -1.963623208654677599e-01 -4.138364114254498016e-01 2.864690389568946838e-01 2.037048657355141901e-01 3.580464277378159199e-01
-3.493807955391609044e-02 4.482764464059132981e-01 2.109531476114471227e-01 -1.481220963254504253e-01 -5.258949984496350538e-01 1.555771681657355798e-02
-2.515412687856602436e-01 -1.926406812990864026e-01 4.586326647557782965e-01 2.553681412694971953e-01 1.883221453228433595e-01 -3.146138513888220856e-01
2.228657080798261969e-01 -1.799421143357979314e-01 4.039847538207912425e-01 -2.237902080383710191e-01 1.596488424628728642e-01 -4.237691194151951279e-01
7.846334577535399660e-03 -3.634724343294652438e-01 2.873461809835459735e-01 -7.967930761704386522e-02 4.216061590849817242e-01 -3.258347581533616588e-01
1.689586305508212205e-01 2.311897498138044404e-01 -3.057214531026130611e-01 -2.339908676822985423e-01 -2.517687323152578704e-01 4.716991579010245128e-01
1.092121049158942120e-01 -4.049376036008375812e-01 3.199167224598652437e-01 -1.532317521374392810e-01 3.431621563829929111e-01 -2.895666415519054793e-01
8.964091665122875252e-02 -7.814873563456724292e-02 5.071679553707377774e-01 1.880906781209797096e-02 2.124682435910302813e-01 -4.470461823236369092e-01
1.203402292692745679e-01 1.959762668210588143e-01 -3.804104473709667977e-01 -1.630771487269584985e-01 -2.109127233059337192e-01 4.879880438547932742e-01
3.424663585713225711e-01 3.051102369089230826e-01 1.580342433662967894e-01 -4.708028790358704807e-01 -1.558071007363754923e-01 -1.971394536043331591e-01
-2.352068745289857127e-02 -3.441488231427666800e-01 -3.066663824771652669e-01 2.158091087165435462e-02 3.610489697554709054e-01 4.009082911227489499e-01
1.003228281924456039e-01 3.898066158598459396e-01 -1.315230460264600887e-01 -1.726150928214005842e-01 -5.586819975178809461e-01 2.933167589812668563e-02
-3.141190117043748398e-01 -3.554103274671088220e-01 -1.219841948166996842e-01 2.199275341339972378e-01 3.901472305227401960e-01 2.766863641694343179e-01
-2.660889090817631364e-01 -5.030129976678376913e-02 4.685774158771850439e-01 3.611087835310941574e-01 3.038085235664136907e-02 -3.060924781485478974e-01
3.850977311183263474e-01 -2.624589212407357763e-01 2.446118945848231030e-01 -2.551073653623993076e-01 2.223567812043784064e-01 -3.512833723058909063e-01
1.237565372359763632e-01 -2.510238821315436408e-01 -3.487489957102739568e-01 -1.289824811919610403e-01 2.031947857365905552e-01 5.055392403811405089e-01
1.850749015987222523e-01 -4.312704271364473652e-01 1.492596542098548751e-01 -3.013121780104288661e-01 3.912483401404334149e-01 -1.455122682430842196e-01
1.743639561892088574e-01 2.709873542321699080e-01 -2.834798079521199110e-01 -2.274016218363327235e-01 -3.125992153229295578e-01 4.222192328214334767e-01
3.231928891229908229e-01 -3.545006536862214119e-01 2.296684803229808586e-02 -4.607531932946766773e-01 2.540183956358357253e-01 -1.000498438195460693e-01
1.688128172512061778e-02 -4.729383642257988796e-01 8.118633688200045662e-02 -1.640587114117821876e-01 5.056382288754563969e-01 -1.704079948040150561e-02
-2.186489789797137762e-01 8.124818674593188572e-02 -3.877836132256521906e-01 3.770483975008327437e-01 -1.014640035863607764e-01 3.943678370435203528e-01
4.205895816060188919e-01 -7.690219920577980907e-03 -1.741276573711069420e-01 -4.222772902258399297e-01 4.353727106565580089e-03 3.638596842163919209e-01
-3.415361748727516883e-02 -8.420595263268927655e-02 5.129452283269048118e-01 1.784448092689771559e-01 7.119218377626747307e-02 -4.517585231643961308e-01
5.707164239487617224e-02 -4.213081683298610103e-01 -2.273921129364675220e-01 -1.502282490167002604e-01 3.608958778314635407e-01 3.601311505940933966e-01
2.419035053967921178e-01 -2.813163598962414857e-01 -2.227332863048379630e-01 -2.791069638177848256e-01 1.878288345595732767e-01 4.903241289765838951e-01
-1.811165869596304545e-01 -4.098887047904061776e-01 1.640469637446589080e-01 4.677603228384741296e-02 5.286380334227452904e-01 -9.524537272776698038e-02
-4.187530656994166156e-01 2.259479952721838159e-01 -4.186657246209740668e-02 3.859613115219507895e-01 -3.647494026474684681e-01 1.739011647829845353e-02
-2.737955998118679624e-01 3.150017511003777582e-01 -1.174794938835495156e-01 2.507329855467284041e-01 -4.834343390073980729e-01 1.781039514497730347e-01
-2.941068026261943122e-02 -4.777631322510554612e-02 5.280327037078337282e-01 2.174436816301794362e-01 1.095916893071698511e-01 -4.281567313904113270e-01
-2.153112480582234090e-01 -3.541344115550262156e-03 4.725091021727059748e-01 3.188955713751447929e-01 -9.873221286778692540e-03 -3.728209998598508990e-01
4.503302376230191029e-01 7.132571869377181406e-02 -6.213797385036391036e-02 -5.028185575130257323e-01 9.533295930026682019e-02 2.394097449756418805e-01
