# rod_radius=0.025
# rod_length=1.0
-6.556579143356496830e-01 -3.874150404166230577e-01 3.641127266877652313e-01 9.938174845160363535e-02 -2.052594726625646959e-01 9.939813294568724533e-01
-2.379434423845203650e-01 -2.184259104664659779e-02 9.726633180243033916e-01 -6.937844783981407248e-01 4.718914197138096567e-01 2.320988869958998668e-01
-1.183875496477734685e-01 -3.866837450392902054e-01 6.661343915329648313e-01 -7.421890377835768104e-01 -2.646820407481274562e-01 -1.058677377060734948e-01
7.231333887284692279e-03 -4.814217081689605160e-01 -2.650836168929832648e-01 5.572988059735967115e-02 1.410356422361464523e-01 5.160660089109754267e-01
-8.112957715625107591e-01 -1.705597241443430334e-01 -2.480114676733337076e-01 -2.300259645622922955e-01 3.076430742507010319e-01 -9.063787626364702144e-01
-8.369905455771263769e-01 -1.967783044339408149e-01 4.709798215978277525e-01 -1.142353588501433537e+00 -4.122883711459776057e-01 -4.565485192962826511e-01
1.030836487509362021e-01 -5.115229791603835841e-01 1.328654271625674121e-01 4.202246412970552791e-01 3.255281347782428281e-01 -3.129675275424064207e-01
2.570729827065613704e-01 -4.244585066117261274e-01 -7.360645055150462357e-02 2.186333702878372753e-01 4.340303360453638959e-01 4.377831301307658629e-01
3.970856560086230003e-01 5.032541513797514909e-01 4.236745521038432494e-01 -4.440194332759568319e-01 9.376568991786803364e-01 1.014378666002847540e-01
-5.485323938140189703e-01 -6.623131987321226877e-01 -4.385232309255172045e-01 -5.874625583794721440e-01 -7.669295740891132196e-01 5.552271684676464147e-01
-4.868740722111977726e-03 -1.298601674888624213e-01 4.875883846907483332e-01 -3.171817252565105050e-01 4.154922451838659603e-01 -2.902620801694654751e-01
7.762971225559899269e-01 4.844478913239379236e-02 3.497999176880468575e-01 4.253247153942673608e-01 9.843717105861667926e-01 3.204883652015443896e-01
6.200145885916621413e-01 4.244590244780166444e-01 7.842957117818391555e-02 8.419072991297473774e-01 -2.857238025008217441e-01 -5.897051287696684074e-01
9.796890567274009198e-01 5.214452685596839832e-01 5.687552099706103675e-02 1.207068675505733601e+00 -4.018528087737410770e-01 -2.526711949548625658e-01
-9.889870294154234909e-01 2.099690614351183426e-01 1.057314064605915649e-01 -7.345443293316440414e-01 1.880203867934036321e-01 -8.611073433087523821e-01
-1.538680739208982406e-01 2.005782428627757019e-01 -4.711039173932521362e-01 -1.165497350116038444e-01 -3.116340058201256813e-01 3.869438399491096914e-01
3.155898964635279746e-01 -5.271051501532328376e-02 -5.970388093874594571e-01 -5.129243876551059511e-02 6.976998637639610923e-01 -4.723737657992477246e-02
-1.741277312470079219e-01 -5.350636817184126759e-01 3.477624684911633790e-01 -1.655067483627055969e-01 -1.814161318203018625e-01 -5.875765551281719734e-01
5.108443471530074165e-01 -7.339148283366628833e-01 8.402242939094807517e-02 1.100325103114365266e+00 7.205389863770905734e-02 2.992206441494930924e-02
-1.697457986568241123e-02 -1.027089162623610274e+00 6.668850856760139001e-02 8.919053562679242209e-01 -6.100383594939021714e-01 6.426172002377471271e-02
-2.525355425132614906e-01 -6.538746560309949274e-01 2.017895785291625235e-02 2.822295051652464748e-01 -2.107513082257900239e-01 7.396704744195192749e-01
-8.579542280910995578e-01 -5.051632791699396385e-01 2.289960397773668777e-01 -3.664136420028663021e-02 -7.164538142998483350e-01 7.589030970732550951e-01
-1.784595161307457323e-01 1.499937890501232829e-01 5.519339095721872424e-01 -5.931985714781327079e-01 -2.349006836982628355e-01 -2.725949018209010699e-01
5.486262489900095574e-01 -1.637497717646164141e-01 3.968509648730129125e-01 -1.523791264273216539e-01 -8.378576050075725590e-01 1.641062704189966692e-01
-3.251626689078790378e-01 -1.578266036843816167e-01 -4.862639532069204518e-01 -3.558572772700203113e-01 3.671213037910332488e-01 3.643167516381154436e-01
-2.122487798969870890e-03 4.340911501511962589e-02 6.140386118821116179e-01 -6.630090076981398628e-01 2.294945827784577452e-01 -1.130110470153145030e-01
-7.014465245971364116e-01 -3.292774759303502274e-01 1.002957979633068569e-01 -1.447615831470489001e-01 8.912386715292075490e-02 8.179601986889020182e-01
5.021884864431153117e-01 -4.666133183135238172e-01 -4.401101255548612867e-01 7.847087105599830359e-01 3.798477469350025615e-01 1.120571505267226042e-02
8.707990834748502440e-01 1.427940229276095652e-01 -3.783006892669948940e-01 8.746972269141021217e-01 -8.560850881106720767e-01 -3.311273280437435074e-01
5.277973175829714370e-01 -2.472045252568482177e-01 -6.974121286788513840e-01 -3.501895654796910451e-01 -7.193583078416534438e-01 -6.186095985115334095e-01
-4.173595300754300852e-01 7.363832492777464545e-01 7.182191425768736336e-03 3.713395296534088286e-01 6.309431875999470529e-01 6.128522225287013070e-01
4.908964504848711136e-02 1.659075622977948805e-01 5.789710642223436787e-01 -5.902257087513267386e-01 -2.902522860525019732e-01 -4.005564856867394052e-02
-7.996336305740570083e-01 4.895359590037435815e-01 -8.419949431921783245e-02 -6.281976409369182113e-01 4.397111485279672771e-01 8.997350511248314309e-01
-5.853052503015234720e-01 -2.396857121596562279e-01 5.640979218235680354e-02 1.354339092667075084e-01 1.074695786633637629e-01 6.564250152546255990e-01
6.794348634892182215e-01 -2.499732920350802023e-01 3.228367568697833034e-01 4.178402334222936498e-01 7.142424786721953689e-01 2.797531516408404695e-01
-5.659245970609522169e-02 1.397742508225365277e-01 -6.038956926951183357e-01 -2.675658732734876311e-01 -4.303900939274518112e-01 1.900834246269549332e-01
1.184776060815126153e-01 1.255897477250593475e-01 5.467191363536330062e-01 -1.392557475046332927e-01 -5.328046174246449107e-01 -1.604515491165415808e-01
3.354589359518354574e-01 1.460316483487023032e-01 -7.166813162619453115e-01 -5.413155468166666040e-01 5.040133932356078983e-01 -3.955651741984357317e-01
2.635294263554617267e-01 2.434495046275594043e-01 -5.635471383664389933e-01 -2.022113673128657640e-01 8.699694375838403770e-01 6.139948873195055778e-02
4.988603623180102309e-01 -4.758459152903728451e-01 2.619815937095221203e-01 7.039281290527661383e-01 4.737434922505317503e-01 2.485890788521386008e-02
3.000564723785121846e-01 4.243049958157478485e-02 -4.772972171348355275e-01 -5.934922136206766119e-02 -5.874325404089725255e-01 2.112520535500724828e-01
-6.310522251845845920e-02 8.876650417802403048e-01 2.636696376712699755e-02 6.892978962909603879e-01 3.712851611773233529e-01 -3.825845806906201241e-01
-6.859253016494541999e-01 -2.765635434432209272e-01 -1.905334831298053366e-01 -3.502051274899339317e-01 -1.338427696629023722e-01 -1.121620345562010623e+00
-6.216121850106053337e-01 1.947611637539825927e-02 6.811587062749587806e-01 -1.151138619637671834e+00 -2.465691471085746378e-01 -1.243359695664711939e-01
4.034983233335694419e-01 -4.834888824894173487e-01 2.442136262750163878e-01 5.396133629478477856e-01 3.987167339112647202e-01 -2.065478920269521457e-01
-7.587689834020241442e-01 3.648765393452225170e-01 -3.102537520900110549e-02 -7.500731391215426092e-01 3.579885917613908619e-01 -1.030963842551033016e+00
-8.082004295121256177e-02 5.822536252394620027e-01 1.509665595925037407e-01 5.783123197144038330e-03 -8.446027727379634698e-02 -5.892985711604054044e-01
-2.664584490341681891e-02 -9.323435693218373732e-01 -1.000068012423324659e-01 5.710809202770431581e-01 -2.529300037759829589e-01 -5.255886630963972905e-01
1.046648502534868082e-02 9.060382168226746025e-01 -2.762563796008643546e-01 9.646510491130615428e-01 6.091176548842108796e-01 -2.392429015842248985e-01
-7.215237109870840104e-01 -1.770765863558293740e-01 2.707099368482631663e-01 4.866598778273145687e-02 -1.290434183739908591e-01 9.067135867454075848e-01
4.426012542018106788e-01 2.200140196574067453e-01 5.663731105137783661e-01 -4.055380812116269884e-01 6.179497658135828519e-01 2.166492056179598613e-01
-6.629905391135364479e-01 3.037789355786187362e-01 -6.933925632847864895e-01 -7.582256407596899006e-01 7.712209344806224554e-01 1.854864119313384130e-01
2.235788441176945196e-01 -3.338389163207775012e-01 -4.839567033914463634e-01 -6.475679203452138211e-01 1.552435106813794263e-01 -5.275651241778717138e-01
-1.955800392705058233e-01 5.526138510765170597e-01 3.393171867784573054e-02 1.764841237107292460e-01 -3.178584231494840928e-02 -6.872099158080811065e-01
-6.106900491943065834e-01 -1.873224951814345951e-01 4.168118623766434855e-02 -3.377438985657483239e-01 8.896105466373169235e-02 -8.798218245778217650e-01
-7.288081301595798756e-02 1.251796750856936091e-01 6.522781235548752443e-01 -7.018918876790957162e-01 -3.969823796922989922e-01 7.635116941819897196e-02
-2.670252455396499580e-01 2.019986610517273129e-01 -3.775687096093292561e-01 -3.273865307059152796e-01 -4.614586564996740470e-01 3.682066607540099290e-01
5.576533144271741405e-01 -3.480613351537896749e-01 -4.813594639693931088e-01 -1.459668250950364454e-01 -1.044031970668638731e+00 -3.380291679402487315e-01
-1.964385528721838692e-01 9.427964583028620726e-01 -3.502714218301367088e-02 6.853955804158535781e-01 6.156854975612068293e-01 -3.746842939269553474e-01
-8.132696027743980816e-01 -1.461061986507861676e-01 -4.960729163874594977e-02 -3.587467537640984250e-01 -8.819354790596783955e-02 8.392431483179820795e-01
7.980360859438050403e-01 -4.739902322479478403e-01 -3.169227726584659677e-01 2.750787263093645851e-02 -1.104022781913766682e+00 -4.135936516782939276e-01
4.496229696662747410e-01 -5.010175420719340522e-01 -7.001495978957742450e-01 -3.764088834122387150e-01 -1.048801363525023733e+00 -5.674685417727294290e-01
-8.662343319523361229e-01 9.464649101271171983e-01 -4.171163905694057483e-01 -4.753953616237205360e-02 1.512106756239711247e+00 -5.160513857569807294e-01
1.645107947062816323e-01 -7.044937753594021634e-01 5.216562614035821083e-02 6.437090334139028425e-01 1.418379732045860209e-02 -4.516910941150106829e-01
-7.335350525237983588e-01 -1.537653211710421908e-01 -8.038790513661931980e-01 -1.107804788679067176e+00 -2.892528231380288584e-01 1.134896321024606580e-01
-5.720658101518778793e-02 -7.167348686791332746e-01 -7.195327322406029624e-02 7.597201560526885000e-01 -2.362563617948517103e-01 -3.909691203004777016e-01
1.707826024902980577e-01 -1.710275695749230718e-01 -6.410910946431838120e-01 -1.061970189314793978e-01 5.479403613518603056e-01 -3.621563123512805404e-03
-4.503900743994653233e-01 4.911231057522315591e-01 1.241605302713588155e-01 6.795814777256414807e-02 3.148468444262843002e-01 -7.126439870826304368e-01
-8.700008164994347259e-01 3.696504401988000565e-01 4.072130540922948572e-01 -1.020658061592327970e+00 5.151620284890513490e-01 -5.706053197247797915e-01
-4.943798699600556734e-01 7.162541897929868007e-02 8.704804164135617750e-01 -1.093137657536859209e+00 1.879255862641709407e-01 7.803900980633371454e-02
7.981059494803943721e-02 2.726070232430510831e-01 2.996832368404744873e-01 -1.549611419229880716e-01 -4.094265280532053408e-01 -3.929295456525847552e-01
-5.031954146205832590e-01 -2.472917628045023103e-02 1.211269707847369759e+00 2.540976433247007504e-01 -2.243398486978321615e-01 1.833091872010855772e+00
-3.176639128144749802e-01 8.438967948681590503e-01 -3.171272145738871506e-01 5.067077592653757012e-01 5.241056180688479227e-01 -7.841871138518949902e-01
-1.714451541080525832e-01 2.090076752955119521e-01 -3.956689224451150899e-01 -9.409468067286025361e-02 -2.084003377693607884e-01 5.097522253577108087e-01
-4.500105440876989160e-01 -1.094791007647507863e-01 -9.876142107125167602e-01 -9.496176170610426404e-01 -3.964883912373932118e-01 -1.702902603614957489e-01
6.372563830629374149e-01 -8.459176434672722733e-01 7.744954135082889046e-02 1.178409501509170454e+00 -2.784506345872306277e-02 2.721558746686569830e-01
5.585145092678319712e-01 5.592067267940115105e-01 2.131382510036660682e-01 7.438489345612813164e-01 -2.737622755562046928e-01 -3.082193920062281101e-01
2.279913135332961582e-01 -3.476563502722113813e-02 -7.509785227071301694e-01 -1.810276430117654933e-01 5.955172276527056496e-01 -9.109443728092037063e-02
8.509379146967549490e-01 -1.292409207979755004e-01 -1.216960318894137610e-01 6.456340921828509494e-01 8.477717721431627940e-01 -6.428054362113844178e-02
3.138889224400660538e-01 -2.177636723059865054e-01 3.131858271944805150e-01 2.734794869673395912e-01 6.190465707984136312e-01 -2.328138930987906363e-01
-3.137041133996827935e-01 -3.721480660098794302e-01 -3.116499552826128006e-01 6.319767115553309722e-02 -2.872451304204552969e-01 6.107038468602481451e-01
-3.478909420419136200e-01 9.697475752072491906e-01 -3.665106222556592797e-01 6.378675186770791372e-01 9.052036450350354757e-01 -5.217985425806038746e-01
-5.951532919311738334e-01 -2.654061826077276920e-01 1.359567352938598761e-01 -6.341441396166547229e-03 2.557177413145481082e-01 7.538001301645912422e-01
-3.777424685954872685e-01 4.156530461896913997e-01 -1.271743181017888358e-01 -1.211824847895539015e-01 3.020028116763762149e-01 8.326488942162753037e-01
-1.100360086632751061e-01 -6.257425558146383349e-01 1.114355008349713072e-01 3.685227105667167047e-01 -4.351757496775821021e-02 -5.458282391711239967e-01
3.489367048245381464e-01 7.947810176880985011e-01 -1.323153288270038086e+00 -6.186988976034735188e-01 1.014450454478899921e+00 -1.447357472796127809e+00
-5.020878823502389343e-01 -5.796825019530669199e-01 2.371411012031822071e-02 -2.714373602537028529e-01 -4.502394401131636359e-01 -9.406742091775185388e-01
7.826631994806154680e-01 4.395237883074429863e-01 1.220433420867797353e-01 2.519297102681761213e-02 1.089260085328623173e+00 1.859307222127173365e-01
-7.774149948465033618e-05 4.625280666061027945e-01 5.587018562493187984e-02 9.425600656897492602e-02 -4.731005293909578135e-01 -2.842772446577699896e-01
-3.353139591697589794e-01 -6.087816321816112985e-01 -2.984586537694002839e-01 -3.045671116458726346e-01 -5.198870256242016374e-01 6.971077078019146667e-01
1.158611602182969325e+00 -4.787631362212235037e-02 -7.562446457594557137e-02 9.497143002571453163e-01 -9.956393602653741404e-01 -3.166786590335661788e-01
2.358054036992388303e-01 -9.419231932420728537e-01 1.074583318142425109e-01 7.868693926719569909e-01 -2.051550046824540674e-01 4.992505170145780657e-01
1.192882910607672847e-01 8.045074789556354578e-01 -2.260783113766653626e-02 5.654273328939001253e-01 -8.056544070864868345e-03 3.524917074320352839e-01
2.605856510596804565e-01 6.657098292076387702e-01 7.361873317349511585e-04 7.380427278856829254e-01 -1.160608856352676188e-01 -4.003489522618181029e-01
-3.813577186676547770e-01 3.223312145410296425e-01 3.913968511783602056e-01 -4.147712117915324792e-01 -1.169327510001581527e-01 -5.063395840041997609e-01
-1.372086594813969884e-01 -4.127336634469763177e-01 -8.983487575720935370e-01 -9.164133617787704189e-01 -1.407881207216232222e-01 -3.336491438751520988e-01
-1.608610482004416420e-01 1.490995638938815704e-01 -5.787500904071075647e-01 -1.773004567289118427e-01 -3.850760416816984000e-01 2.664635916018838202e-01
-9.602858771320722520e-01 -6.393969732801527139e-02 -8.772082342190076765e-02 -4.305779051251037437e-01 -2.673251692882175901e-01 -9.111549824096066841e-01
-5.142925469634123115e-01 -4.397867495581215813e-01 -4.238208084283005550e-01 3.645149675458647653e-01 -3.888941603012102677e-01 -8.982755447317272157e-01
6.800012437092809447e-01 -4.867846939917538363e-01 3.656191407132932114e-01 -2.199328718426579732e-01 -9.104153123775662326e-01 4.688455270290202703e-01
7.030393108762819643e-02 -3.712182390773843266e-01 -3.828514295706769710e-01 1.546113696552056105e-01 5.030926995426365789e-01 9.513668577483280764e-02
-3.267281091177403063e-01 -7.338131677231708450e-01 -2.951115140301387996e-01 -2.648825667459253630e-01 -5.820520531429435040e-01 6.913689434499388220e-01
-5.511919757998618996e-01 2.629718458496652644e-01 7.943197685709474376e-02 -5.158184651969804912e-02 -3.780239888610822385e-01 6.621103260379530564e-01
2.981585839748563949e-01 -5.095867541954851587e-01 1.406718657235648040e+00 -5.565221331323974008e-01 -3.184343853057604035e-01 1.889400378116889767e+00
-6.851090208423026295e-01 3.211470035073791807e-01 -4.435811614875728726e-02 -1.472884626939163777e-02 7.192770695998913499e-01 5.818070952873024559e-01
-6.332377753568410039e-01 2.830775086440588950e-01 -1.171422406653119391e-01 -3.413660466071542499e-01 2.779599855518712359e-01 -1.073586020985969336e+00
2.549225279787297183e-01 8.896829858693166004e-01 -8.908541126281342010e-04 5.850589747979562105e-01 4.946695270995216109e-02 -4.310616854151677058e-01
7.887073513527267377e-01 4.122925721687342171e-01 2.406633886486282403e-01 1.537711329605734312e-01 1.180587849526931521e+00 1.595562658851960303e-01
6.736318114531815171e-01 1.562473790738178048e-01 9.944127799111026136e-03 2.796285665398710596e-01 -7.230397508048752586e-01 -2.576667580547201686e-01
7.836848896732728775e-01 -6.297166003935041889e-01 -1.073779727657832861e-01 1.198238285106982159e+00 2.766627364477505235e-01 -2.600242311117260952e-02
1.015023310658142330e+00 -9.127503076443946317e-02 1.611086990854253831e-01 6.493932214531386027e-01 8.085971885232750012e-01 3.988998402621827255e-01
3.512501677379586407e-01 8.657309858562051152e-02 -4.613317017519653063e-01 -2.034054009702268573e-02 7.880819492404156357e-01 1.467847988494291323e-01
-4.519781459500868959e-01 1.238921162921817087e+00 1.254919243373357474e-01 4.551249040245052280e-01 1.554120102259092917e+00 4.044429690879313699e-01
-6.107871747543950312e-03 4.336384644139443800e-01 -2.875703536342414379e-01 2.332262695862727941e-01 -2.371726548232211407e-01 4.143780854264818014e-01
8.685139851449361625e-01 5.681445915279603742e-02 7.353191135485920293e-02 5.048153387406573156e-01 9.882467416933845561e-01 8.606975985150203123e-02
4.808676554639190748e-01 -6.600667497493762914e-01 3.323313630945300412e-01 -3.590647870178058643e-01 -1.128031074370047460e+00 5.751709317936926080e-02
-1.995839891033870661e-01 1.758840047845788845e-01 7.554684254182307823e-01 -4.217879150369606700e-01 6.574985125216474824e-01 -9.227733908719459865e-02
-7.997037351081212053e-01 5.208368724585902415e-02 -1.503536911083206418e-01 -4.421793607738133125e-01 -6.657450663462821661e-02 7.759813210670166717e-01
-2.247805357627832568e-01 4.074100778938427592e-01 2.184827976610937972e-01 1.194427290552679821e-02 -1.422229365713838511e-01 -5.826819259574763654e-01
-7.519463603682430275e-01 -2.048548141349949003e-01 1.871990823633661594e-01 -5.892941175830489486e-01 -4.006823854144980768e-02 -7.856265096217024402e-01
5.168133142270218139e-01 5.629631861989717878e-01 9.233163488375709105e-02 6.692616317711065355e-01 -4.094841163354582259e-01 2.686998697546902903e-01
-5.538894323160328259e-01 4.315316341517301257e-01 6.411131519476588325e-01 4.153083593950537278e-01 6.694554285161143925e-01 7.047363286807284410e-01
-5.724775889479145619e-01 -2.896931915470474794e-01 2.597127624621569097e-01 1.621288666878151208e-02 1.306468130461538868e-01 9.501892678240524415e-01
-5.013599780099918524e-02 -4.063311955919869933e-01 -5.523991394631242446e-01 2.433280481249827099e-01 4.064556658395555577e-01 -4.915330328261924286e-02
9.641985890882581733e-02 -7.435004329564781633e-01 -1.538031126872209386e-01 4.360868316155995794e-01 9.566393047193788579e-02 2.709668471781125909e-01
2.179618340748255279e-01 5.169065923214980485e-01 -7.519988923389095969e-01 -7.306557701133438165e-01 6.513147771075247228e-01 -4.655393299451520694e-01
2.716704354794844956e-01 -9.829931898562443982e-01 -1.124993270709696153e-01 1.026143862272506091e+00 -3.879155518142852754e-01 1.643624669086224954e-01
3.770249674141350205e-03 -5.262538686466111670e-01 2.248150920108355211e-01 2.995642400103160075e-01 1.142125539550370439e-01 -4.839222900996681398e-01
-4.589808616055454094e-01 -4.630927406487157783e-02 -2.899743160818283871e-01 -8.831530414277105612e-02 2.200178491614562803e-01 5.997879600036433168e-01
-8.548208186791742547e-01 -2.976727897010813528e-01 -8.525930826155098119e-02 -6.631052753294102153e-01 -1.539755738277130692e-01 8.856146591453144534e-01
6.689874555821583024e-02 -9.662132354012092916e-01 -1.438037563512980510e-01 7.854973249345320596e-01 -3.904098954942096800e-01 -5.337609276794894608e-01
-3.534529238268964701e-01 6.171652396539563101e-01 1.433243469275997661e-01 4.499185464741610185e-01 1.740832162691872131e-01 5.411592388860300140e-01
1.738194254135143890e-01 -1.012838394500025219e+00 -6.556568254487248060e-02 8.280233299608366071e-01 -3.488501743269645239e-01 -4.276939674750187548e-01
-1.520246000669873698e-01 8.646364362546321569e-01 -5.991869541579217945e-02 7.963896705582108604e-01 6.091760301371031971e-01 -2.476694668675770150e-01
-4.241166401432722860e-02 1.546395350152818260e-01 1.120282321870696762e+00 -9.942019704924289769e-01 2.182847839287653802e-01 8.202081730590040642e-01
-5.586749795748799929e-01 4.354516982038592610e-01 2.326418551024207471e-01 2.827303055308287849e-01 4.513177033038610064e-01 7.728135093738641714e-01
-1.384177223450437644e-01 -6.788700235042507414e-01 -2.647089034607305255e-02 5.399824869943133931e-01 -1.086308201163627141e-01 -4.897207223890681083e-01
-4.928000559851012929e-01 -6.640333314639659257e-01 -3.253059304893013981e-01 1.918486269304578440e-01 -4.179148143217396028e-01 -1.011368505260511252e+00
6.644483538123781008e-01 -9.659321117511014687e-02 -4.610707834555707318e-01 -1.005192705593027647e-02 -7.541647066027846735e-01 -1.254383959993168873e-01
2.589439506954751766e-02 -3.676208846831254817e-01 -3.424635361277328371e-01 8.277056942852058230e-03 2.345671757465745966e-01 4.556963283563475464e-01
-5.365188475960345205e-01 -8.192543079118043137e-01 -4.146533965301278379e-01 4.254108427066418674e-01 -8.693616197515828814e-01 -6.833177376965511307e-01
-5.516646626838908052e-01 3.328804099627651891e-01 -5.179750521556974324e-02 -2.084152311869243990e-01 9.431915785233382921e-02 -9.602403249728247436e-01
6.745510105932418510e-01 -6.732159608448420318e-01 1.143465262756641343e-01 9.775117430233480897e-01 2.548523015517848433e-01 3.309200586786782416e-01
4.080411997522453427e-01 -3.068155118260903480e-01 4.590593377157936028e-01 -3.288771343358593557e-01 -8.969915851014436114e-01 1.294480948582458768e-01
-4.085247297463570071e-01 3.364662267879149904e-01 2.480091661095479016e-01 -2.868056827055945890e-01 -1.606738832247916471e-01 -6.110811577819754703e-01
-3.535695931927143043e-01 3.689723279066440820e-01 -2.189958339344349469e-01 9.759909857913917630e-03 -1.063433507396662203e-01 5.822947986365325512e-01
3.162984912433184914e-01 2.076986975702014848e-01 -8.619679172974217263e-01 -4.338895157269810343e-01 7.014602145098982611e-01 -4.221753314261506018e-01
2.301125560849017759e-01 8.084861147673561010e-01 1.521898428258592617e-01 8.368811176360135828e-01 3.116478404279809933e-02 3.183327376898794636e-01
4.164399094098885645e-01 3.525509176235940290e-01 -3.894792599368960273e-01 5.276077257234480511e-01 -4.879134432263035892e-01 1.408615500685641564e-01
-1.057093713166017829e-01 6.902338278856349207e-01 9.605076857155268877e-02 3.087064915667711573e-01 1.458894938362513827e-01 8.253989286288484495e-01
-4.464008052391976733e-02 1.864038024363546819e-01 3.992768735773420397e-01 -1.634589651790516185e-03 -4.529377026160730235e-01 -3.684424551308413398e-01
4.505339307048795150e-01 2.888290866409781166e-01 5.271603280823160542e-01 -4.490563187519439059e-01 7.215604641643824646e-01 4.681608536023927902e-01
-3.383281713456069012e-02 1.135081699113622417e-01 1.033999893323418684e+00 -9.008556514983482311e-01 3.544847749149087068e-01 5.978787168910548733e-01
-8.149295289062730152e-01 1.635818198699881196e-02 3.527286447382675938e-01 -9.029164981177570937e-01 9.382556560442189414e-03 -6.433685562912733191e-01
5.131945014264632787e-02 1.367592652138286624e+00 3.855983636523893088e-01 -9.462653683504353985e-01 1.361725272348106364e+00 3.163877881127860059e-01
-3.356123803680745032e-01 6.559344382809444429e-01 -2.116485042402031780e-01 5.002169841390453620e-01 3.422684803882720117e-01 -6.622069802307192221e-01
1.765610441355719984e-01 -1.728481447037180374e-01 -7.465141896867956151e-01 -6.518122422087457846e-01 -3.750348703259785976e-01 -2.240984295366412749e-01
6.225476802507639087e-03 -8.020820157091801406e-02 9.190128008233825474e-01 -7.737460551141300824e-01 -4.348709547426517497e-01 4.033978854919316737e-01
-2.858301767622210554e-01 -3.483172425029836816e-01 2.969688688725743986e-01 -8.435750617973791776e-02 1.787911415773111301e-01 -5.286009431001155168e-01
3.898706879160513950e-01 -9.500017584237682167e-01 -3.626003420216442064e-01 1.248551621238916276e+00 -4.552331936805357193e-01 -2.289174257993551176e-01
-7.140012872286462253e-02 -1.391410749715374651e-01 9.196059037749541032e-01 -9.506207780902108384e-01 -1.546287510741595761e-01 4.434429257779218259e-01
-6.085164203474734412e-01 2.016123590397061460e-01 -3.948057854592386673e-01 1.299074853927315587e-01 -3.937584138249597410e-02 -1.024611170231907398e+00
3.091760395246010429e-01 7.181425494859984549e-02 5.278002539083525013e-01 -1.696447065764538076e-01 -5.802121298290167095e-01 -6.007072399161206278e-02
1.738554637149074544e-01 1.062321950466181691e-01 3.719947067174181332e-01 -1.854309639039994351e-01 -4.992977474678117478e-01 -3.381086319927411599e-01
-1.110011725839769037e-01 -6.577406442748673365e-01 3.717660275222451488e-02 5.440897566423046339e-01 -5.126122250218978493e-02 -4.134214281042427053e-01
3.803463340564287587e-01 -8.761696546315089762e-01 -1.221187886434536990e-01 8.326992881235290023e-01 -1.343272644813968686e-01 3.729031029160376209e-01
8.341432200508705486e-02 6.575400442457951522e-01 -1.331280687361252046e-01 2.606073679920529740e-01 -1.076106109139016720e-01 -7.521168403326279339e-01
-9.164809663529523975e-01 1.125831459425536557e-01 -6.993474044472431927e-01 -1.294843626367294886e+00 1.366992303932229869e-01 2.259958356413410696e-01
8.659179118977327061e-01 -6.614606702393907023e-01 -3.679629285108750036e-02 1.237914775753796048e+00 2.665453660922221246e-01 -5.736641228056138520e-02
-6.675362621306256405e-02 5.092388620575453162e-01 1.509464252985502630e-01 7.444000243033556397e-02 -1.240587974758275980e-01 -6.099730406504174640e-01
-7.070321037669327624e-02 7.641617259808889395e-01 -1.238712890430923586e-01 5.074097258294318902e-01 1.111196635365316876e-01 -6.130762539295424585e-01
-2.264242897918869735e-01 -6.262011722763978494e-02 -7.549109652104707413e-01 -5.734271619134213571e-01 3.461276419165854046e-01 8.919464200581861402e-02
5.271307386825525576e-01 -3.239670932777441448e-01 1.673390092246623273e-01 4.443752963941825507e-01 6.101422891876140397e-01 -1.799234251989929034e-01
-6.295973573386325350e-01 1.479539337494161499e-01 -7.270803697488553707e-02 -6.269053848666572559e-02 2.217669673172946998e-01 -8.931763756782449271e-01
-3.891696566228013410e-01 -1.264090213237277216e-01 -7.686082920225331128e-01 -7.396510678508760872e-01 -2.123846654562611125e-02 1.620376851305643795e-01
-4.956789316302330217e-01 -4.116020738664589174e-01 -6.666261769581709462e-01 -5.267264853866001628e-01 -7.343520479439060722e-01 2.793487189237190416e-01
5.681739387996768142e-01 -6.914648409877781621e-01 -3.019794060547371095e-01 1.127741937869740640e+00 1.099935711876487421e-02 1.378247603594255355e-01
3.722420303550137977e-01 1.528015764813944570e-02 4.058101390668998332e-01 8.428520674129430512e-02 7.853351093625040580e-01 -1.634843708965150744e-01
4.402827073998280549e-01 -8.052189810520492541e-01 -3.239719718749759503e-01 -4.642019920535401245e-01 -1.150471874733176358e+00 -7.355658125459407781e-02
5.463039656953794232e-02 -1.368325138263480623e-01 -1.022311370765065952e+00 -3.685807763585488006e-01 -5.653888156895368056e-01 -2.240433711294921304e-01
-1.363489516869809959e-01 -1.126807252632369971e-01 4.454454489447602916e-01 -2.751732068759503158e-01 3.302251519799250801e-01 -4.403097147854281856e-01
-8.092322788379829879e-02 -5.848000793153103061e-01 1.360084536218602869e-01 3.344557391809860336e-01 2.788416886050548715e-02 -5.363592476825881361e-01
6.790114679701686473e-01 -4.074496557684102044e-02 -6.188814503394440836e-01 1.158384107026263488e-01 7.790047966669806367e-01 -7.230276690376155058e-01
-1.809177973420696139e-01 -7.438542109033462468e-01 1.963716183778445659e-02 6.101651175782140113e-01 -3.207551026901747648e-01 4.614232711151660116e-01
-9.303875150141572847e-01 1.044954503430497728e-01 -5.301940194035494880e-01 -9.303564048742586357e-01 1.055461222845160557e-01 4.698054281566131918e-01
8.618564425089833003e-01 -1.049662566612961090e-01 -2.709764447596014758e-01 5.407169344107469744e-01 -1.051766158818950192e+00 -2.500154902803921053e-01
3.520215271675626867e-01 -7.143476713532588215e-03 3.418703853484328925e-01 1.238404696570179764e-01 7.956269144787230241e-01 -2.090316967118935332e-01
-6.019769073685823368e-01 5.321593929194297079e-01 -4.683479770157724653e-01 2.325672288232726315e-01 1.063448261717288679e+00 -6.141842641300643280e-01
-6.014782040487722803e-01 -3.836089419802634626e-01 -5.150447405409540602e-01 -7.009841511354374388e-01 -5.154817063398603461e-01 4.712149314088545093e-01
7.925413189559646909e-01 5.517214281158099726e-02 2.402268763898334492e-01 5.780275928898834792e-01 -8.306480671370973790e-01 -1.712417335620383396e-01
3.265447859312222145e-01 -1.035648397153566380e+00 -4.250478543213143806e-02 1.114743091314224221e+00 -4.640081530867306014e-01 -2.704759738629772814e-01
1.143039116644162467e+00 3.480454424397750324e-01 -1.244283571972305824e-01 1.301907899264606039e+00 -6.355018407604953179e-01 -3.843154552339375640e-02
2.138680753719642003e-02 -1.426462874951021087e-01 -7.370003664429359835e-01 -6.998245443377474340e-01 2.094246922764976815e-01 -1.404266399602978055e-01
1.039778201005687963e+00 -2.682544660408982540e-01 7.244574952959416392e-03 9.526575622546855637e-01 7.241547069421743199e-01 -7.955420201233701083e-02
-9.319787470400296980e-01 -6.729187115176073208e-02 2.005407776839367717e-01 -5.938876162049753216e-01 7.571252635441079459e-02 1.130725775168077707e+00
-4.689796291232867231e-02 -4.818117190675488826e-01 -2.077162404998263157e-01 1.691503992013140834e-02 2.150961915947245395e-01 5.065997013115329795e-01
-7.251097952455514140e-01 -2.535714261255913593e-01 -8.248610366675878103e-01 -1.156693033817391303e+00 -5.784604384364541163e-01 1.667508131161954399e-02
-7.586307377095949378e-02 -7.819390138793907985e-01 1.323712177273569102e-01 7.987448442511279056e-01 -3.356486585884634888e-01 -5.706454581101974566e-02
-7.978899807099896213e-01 -3.052227733483954264e-01 -2.358188897774293469e-01 -4.798820184103645414e-01 -3.599085330121770121e-01 -1.182328479588348857e+00
-3.137124799560842003e-01 5.136227827438750726e-01 -2.183600833717039280e-02 2.732546111062119643e-01 3.252125006334272150e-02 6.293252230505013145e-01
4.015108757064422829e-01 1.601514392783402463e-01 -3.151941114075789141e-01 2.384744459838623321e-01 -7.003508336686192770e-01 1.674599684844599312e-01
3.329229970663290517e-01 7.238558555419808416e-01 3.697909877906814247e-01 -6.616502185338537512e-01 8.230528940242999303e-01 3.384211556736712034e-01
8.092646479164040951e-02 3.142110171783741440e-02 5.540584659104366150e-01 -5.409817708102493405e-01 3.815310613597216460e-01 -1.464079234688844267e-01
5.003767979291275925e-01 -2.205105375673041546e-01 4.406595112987449214e-01 -1.243492224873945506e-01 -9.398256360576071611e-01 1.368451131896020190e-01
-1.522455761112065653e-01 -1.627071587458607527e-01 4.283760372901317948e-01 -2.135381926509323791e-01 2.920628278293043723e-01 -4.601212752933888095e-01
-7.697873258851811729e-01 -1.940280734327743395e-01 -6.932891817717279359e-02 -3.407397577987867909e-01 -1.406674860130426030e-01 -9.710333220864427739e-01
6.976736808122058209e-02 -4.077497269167325022e-01 -3.447695926758372331e-01 1.676537997080882469e-01 4.668273871459144297e-01 1.301336796451803557e-01
1.426334007570829177e-01 7.787809979529064508e-01 -2.982484912982236724e-01 7.480760092820779583e-01 1.462789503205637054e-01 -7.813431067964129451e-01
6.255373476727665860e-01 4.867481772373762894e-01 -3.326692138323549264e-01 -2.721194718201275231e-01 5.029731253604547980e-01 -7.730656096808055100e-01
-9.059500925072756505e-01 -2.781387437935677054e-02 6.141598610685637671e-02 -6.767028727459056814e-01 -1.259775627812010912e-01 -9.069897152967587584e-01
-2.828306196978303544e-01 -6.596473919132428421e-01 -8.294504811043572345e-02 2.871781909722484483e-01 -2.700637409296183233e-01 6.404597726122021051e-01
-2.081484644575308240e-01 6.524694328530192822e-01 -3.149220012115865330e-01 4.220003200544401589e-01 8.361198218025100992e-02 -8.434233826593219296e-01
6.037420767276621136e-01 -1.776797809354413726e-01 3.332660644186374865e-01 3.879681237446681585e-01 7.708356953717118154e-01 1.014040528257354468e-01
-2.948482890597918238e-01 -6.197242265586203613e-01 1.195786277027991035e-01 3.869737903537032175e-01 -2.891702417002572911e-01 7.721525431472603396e-01
1.098715839667386007e-01 -1.103886801489337488e+00 -1.547879095481543288e-01 1.056994750617487933e+00 -8.687147039734470777e-01 6.350499400904663361e-02
6.548499457050285799e-02 -4.818751526258572837e-01 -7.765848889297253255e-01 -6.827418596019287911e-01 -6.622437583762474933e-01 -1.381307083068031849e-01
-8.031411464279359924e-01 -1.178744297148128367e-01 3.291443763318764870e-01 -7.292559289451716609e-01 -2.961031518424774023e-02 -6.642087435221157854e-01
3.895445938328609414e-01 4.961332063936316761e-01 -4.286945756271479807e-02 4.522379145064590600e-01 -4.548787417478601380e-01 2.598611521136803271e-01
-2.188015469530472656e-01 1.321687393483222950e-01 -5.106178116241647524e-01 -2.215680137181216813e-01 -4.486267643100498859e-01 3.034269841898343811e-01
1.100080143902319868e-01 8.178323089015626657e-01 1.754166520787458494e-01 9.136314981208677466e-01 2.864775079872935448e-01 -9.263441011275902470e-02
-3.798149233162315674e-01 -3.765938617308375314e-01 1.593700418348655556e-01 -7.590791318815859334e-02 3.673303636213604006e-02 -6.990013256441853784e-01
-5.188155142768815509e-01 8.563528544436597167e-01 -8.091517950697239836e-02 2.713625004106076100e-01 7.698131832531623919e-01 -6.876520173656760493e-01
-2.899549350920891944e-01 -5.855131285006017761e-01 -3.615496098246052670e-01 -4.080360376177614157e-01 -4.003293032467970525e-01 6.140342174760987648e-01
3.482915960065129934e-01 2.284771345106609286e-01 -7.746776883635687616e-01 -4.868464287782496291e-01 6.408566494688763271e-01 -4.106892061262426563e-01
-6.658083876104313736e-01 -1.874861258219771010e-01 3.665214771780369446e-02 -3.190378428418880197e-01 3.235443526969980499e-02 9.484746726533441752e-01
-1.469615571188396030e+00 2.345284645097960724e-02 3.569841762942224661e-01 -1.455873530131608140e+00 1.268489129770331361e-02 -6.428634158164003853e-01
-1.601388447930455483e-01 -2.205232747950833794e-01 4.219117082175707911e-01 -3.081814255701553762e-01 2.827293667466596050e-01 -4.294520055135882530e-01
-2.601043526732199629e-01 -8.688392437098912957e-01 -2.379109223041386001e-01 6.795521684569394427e-01 -6.364347347957277634e-01 -4.889761857993757399e-01
-7.366712476790457376e-02 -4.008425501142944269e-01 -5.010423009195560384e-01 2.648833590193504506e-01 3.882617473747502213e-01 1.149840732881013405e-02
-7.571440562868728685e-01 1.141044075064465702e-01 -4.776228384249702787e-03 -2.517144068234106191e-01 4.018822112244958833e-02 8.549198032651280643e-01
7.840551110162263804e-02 -5.833984433202993314e-01 -3.579529856379456421e-01 -7.402823287573629951e-01 -1.568898062354528999e-02 -2.716037712142419513e-01
-2.336984387689708745e-02 6.901789276376431026e-01 -3.208865089134436688e-01 8.068068314735271640e-01 1.358465652019161807e-01 -3.802356425258406336e-01
4.148905695696875617e-01 6.358030420241741476e-01 -5.597297650095522936e-01 -3.634003789077042135e-01 1.664236625633759292e-01 -9.767983416910832606e-01
4.341163358207804635e-01 -3.860053850406926501e-01 -4.887841710783097371e-01 -2.568984474121664974e-01 -9.806772860889669818e-01 -7.785364233025637848e-02
4.467605339651253143e-02 -9.117458093512992301e-01 -8.144341454274141301e-02 6.080520998689173950e-01 -1.984823143882152863e-01 -4.984117790671611092e-01
-6.755697197027188405e-01 -5.312920091431693193e-01 -7.648631395155475188e-02 -3.965594938746536680e-01 -3.514448925101364418e-01 8.668101975029063322e-01
-7.753456635435626021e-01 -3.930752959140771940e-01 -2.194802287204382363e-01 -6.635108227874122466e-01 -3.004788396699608066e-01 7.699230584603139471e-01
-4.041992102868183223e-01 6.243876904049848464e-02 -8.671689547573322443e-01 -9.380395775047156715e-01 3.901343975387918661e-01 -8.766267678917571970e-02
-1.000439546205986074e+00 -3.291811342990318828e-02 -5.621239711927883409e-01 -1.249280571643358595e+00 -5.245856794280420732e-02 4.062232365259649258e-01
-4.584984061634450048e-01 -3.079968335961318360e-01 1.625589318162292130e-01 -1.420206739964335885e-01 1.430411192135576659e-01 -6.719508705034737961e-01
7.930761716937030359e-01 1.432080661751544970e-01 -4.471085446615474107e-02 3.205625084767215194e-01 -6.991986721099041624e-01 -3.037122547812839413e-01
2.458735252239966362e-01 -4.420782235312780695e-01 6.718175537099556616e-01 -7.371035045042498846e-01 -4.736558330712632436e-01 4.908230410793950060e-01
-4.542083351084040266e-01 -5.127869887686229422e-01 3.728639582412892062e-01 -4.525887853961748641e-01 -4.837315745680350609e-01 -6.267125320606594663e-01
5.405016918343289456e-01 3.494750691458595182e-02 -3.721042290547110221e-01 2.841841379951430269e-01 9.026918820624184603e-01 5.371382010853620326e-02
-5.023816785148892405e-01 2.826460183557687467e-01 -8.030445971165400820e-01 -1.141039095437883066e+00 2.973421354439903519e-01 -3.369374870485553064e-02
1.376976340843383828e-01 6.530759295373723683e-01 -1.675121243295751849e-01 3.580485293910983802e-01 -1.491139450761730378e-01 3.874084898171814562e-01
8.631704553666694757e-01 3.021333123013626998e-01 1.101727879425546397e-01 1.147235037606544328e-01 9.569166713772101485e-01 2.154624517705541475e-01
2.332784364174046443e-01 -5.273171685410526360e-02 6.278371498350692193e-01 -1.864560878239349684e-01 -6.456053544369780850e-01 -5.942101055238568907e-02
8.243244414755482863e-01 -4.073649313952937279e-01 -3.640013586904830567e-01 2.308313856017250032e-01 -1.208743377872054658e+00 -4.385572313769728892e-01
5.200449660297162824e-01 5.282207269916383563e-01 2.828683368335349613e-01 7.815337405518274494e-01 -4.340829014216356363e-01 3.576703925644565962e-01
3.958572228708627794e-01 7.039805570758915498e-02 6.691998848535899436e-01 -2.915151568429250606e-01 5.496443431853373918e-01 1.234506681382566695e-01
-6.182170834703529794e-01 4.709569177469277723e-02 -7.007431413268371267e-01 -9.797443691124478882e-01 2.172001543870619999e-01 2.159697327703995473e-01
-6.371036434542222127e-01 4.146543044822414981e-01 1.796483288799548272e-02 -3.702373420707827933e-01 3.004007151431662970e-01 9.749018707902082914e-01
7.347991294533851026e-01 -7.006813993238721894e-01 -7.977192662203952400e-02 1.124446977986728324e+00 1.814453646859698344e-01 1.848540856119456066e-01
5.224120765237143527e-01 -1.710225309450967845e-01 5.300344172172424262e-01 -2.767142149695878128e-01 -7.378285794654910745e-01 3.297144890901132497e-01
1.038604272218554225e+00 3.878301553067579066e-01 -8.451668295861475277e-02 1.336697597812497973e+00 -5.610679974686507698e-01 -1.881152587005638366e-01
2.655952382551934887e-01 -8.491392004175762898e-01 -1.727489977607061800e-01 9.067436453002316599e-01 -1.843490393275434291e-01 2.106343115545251665e-01
-1.700361698941263988e-01 -4.819447984372039751e-02 -6.806942719698528821e-01 -4.162769617608964023e-01 -5.424964675724170959e-01 1.529909308185170014e-01
7.834760164054228593e-01 2.689449012973428865e-01 -2.457429346875237286e-01 2.493239521426836580e-01 1.084671889493331598e+00 -2.377209657459494752e-02
6.150655847174421043e-01 4.331686187795411591e-01 -4.904758384916242941e-01 -2.005328551291259975e-01 1.010334670342948549e+00 -4.495059246212004811e-01
3.802659871164019711e-01 -6.356384545029563071e-01 -6.020823944898989755e-01 -5.279389250644401788e-01 -9.766120707214180907e-01 -3.593874614288768976e-01
5.322744617808202738e-01 5.154208484045521566e-01 -8.048838350272721764e-02 6.985905175960424041e-01 -4.425790097089374875e-01 1.531250609575643407e-01
3.999150456534708575e-02 4.449238001440603690e-02 -6.274377152012161618e-01 -2.578911736877734784e-01 7.711109469764747537e-01 -8.332418710597089273e-03
2.872354849132104926e-01 -1.086016204404231383e-01 -1.063455226964224565e+00 -7.032609824681509414e-01 2.426073538982657929e-02 -1.027897632722213128e+00
-2.536105428007540685e-01 7.175033704449241823e-01 -4.044458643267036524e-01 -3.073537438827590451e-01 5.778875456053063076e-01 5.843003567997349101e-01
5.186115066424311637e-01 -5.526264841482915191e-01 -5.297252241589490707e-01 8.473748386689492484e-01 3.915829041588994031e-01 -5.493033381483415356e-01
-4.889304156515590916e-01 -4.602650258544437323e-01 -5.540735467709118067e-02 8.042160037015094742e-02 -2.674208208142452303e-01 7.437480710283395080e-01
2.801243485736475969e-01 9.242466777879941864e-01 -1.023171965451129817e-01 9.041817437243808708e-01 2.582787559982562264e-01 -5.110213618098420341e-01
5.290442070558130094e-01 -2.511555162658505869e-01 4.744973264925446133e-01 -1.508967927207220949e-01 -9.342259399899994765e-01 2.078608078830387895e-01
3.924647380963751098e-01 5.604030639321500029e-01 3.094552260556213130e-01 7.576686165768449222e-01 -3.653932072920691443e-01 4.070635829220001778e-01
-6.658024474897824563e-01 5.477551622275936838e-01 -3.516443626309437298e-01 1.850955153424719279e-01 1.033997379163083874e+00 -1.527947628888793319e-01
-2.227771746074428683e-01 7.439418834124592594e-01 -1.217913771220810737e-01 5.219436437248018423e-01 2.912407783242635384e-01 -6.121510534765690625e-01
-7.491820809702894879e-01 4.316463788297750237e-01 -1.282730808561583502e-01 -6.525338531550813892e-01 3.937446793803800471e-01 8.663236118987629464e-01
-7.271660840915472601e-02 1.033136473206840295e-01 1.985247603964262753e-01 -1.029598235529737699e-01 -7.497120051215867553e-01 -3.224671629701485465e-01
-3.689421526415835872e-01 6.203989734119476074e-01 -1.571532682572953366e-01 2.646703835843932096e-01 3.346693069477845728e-01 -8.761064737161509131e-01
-1.561584852414454605e-01 6.882930097343543940e-02 -6.431673039071507114e-01 -3.735981623514446071e-01 -3.584378352624483788e-01 2.344218830767625938e-01
-4.094634707766585113e-01 -5.701662515383882912e-01 -3.087179177435441998e-03 -1.292977747148740808e-01 -2.235023705357889190e-01 -8.982583004489113065e-01
3.183892081963215492e-01 -5.288064437237904175e-02 -6.864666826497257679e-01 -2.701072422204315870e-01 -7.373212299827082150e-01 -2.561028683991878330e-01
-2.990892958674417623e-01 2.223018514576495797e-01 -1.031451509811076139e+00 -1.021916625455595584e+00 2.781401870952705524e-01 -3.426825123426370245e-01
-4.608160373908924412e-01 -8.109290428207528434e-01 1.049839306097684888e-01 4.169167576683812659e-01 -8.211287605490367181e-01 5.840257933271081336e-01
-2.288418045537414514e-02 6.596755857293609693e-02 1.100343747414914919e+00 -7.226073283658703827e-01 6.587395164534283198e-01 7.015845190216980498e-01
5.434390357015785877e-01 1.223438647114116318e+00 9.061793539518646834e-04 -3.509904974526241173e-01 1.642929944074186910e+00 1.558992824144193601e-01
1.123526329345189145e+00 6.215198724851238310e-02 7.309213790795253407e-02 1.186478209291943475e+00 -9.355604302531531635e-01 9.772936125295757226e-02
5.490667269118891802e-01 -4.245437511276833331e-01 4.254537596319218351e-01 -3.208466407064540782e-01 -9.062856525434516142e-01 3.197396486569271667e-01
-7.056658831172186730e-01 3.821835040725032884e-02 6.865805086855446548e-01 -1.272663653762299063e+00 8.127601068896436742e-02 -1.360126872348771387e-01
7.910864568872683078e-01 -2.346832642079219600e-01 -3.110291960216294838e-01 9.223039202527020253e-01 7.542477355822309049e-01 -3.802928586593334881e-01
-4.167114805873256000e-01 -5.319099901159535237e-01 -1.439642323038639316e-01 -1.405058910092556457e-01 -1.728065619742690240e-01 -1.035454669820005114e+00
-4.678945236631474325e-01 4.412325009290597455e-01 -8.432668848912482362e-01 -5.779736721494145302e-01 6.763864858312218509e-01 1.224376167308431906e-01
1.023416011847214785e-01 -5.561995023916114014e-03 8.071331095618594631e-01 -7.962198575148891067e-01 2.129734013978421270e-01 4.265682853197692026e-01
6.180888908959374789e-02 8.644496949431137445e-01 6.983258460328773953e-01 -2.643166465129411641e-02 1.341989754963945902e+00 -1.758418128008280013e-01
-3.700989532829264128e-01 1.063934620708115314e-01 -9.137667736038226352e-01 -9.568911861056582646e-01 3.987288211547789230e-01 -1.586410136617049105e-01
-1.032670699179772944e+00 1.555589641360163311e-01 3.980796403660809002e-01 -1.013993576709744548e+00 1.134610498731578043e-02 -5.912907737622153936e-01
-3.345460569717630395e-01 6.951946598959432011e-01 1.599545509508048247e-01 5.411255434978023970e-01 5.165558555226310578e-01 6.086052231927432388e-01
-3.816033543282755791e-01 4.024610158653795233e-01 1.337978932808614463e-01 -3.120638692678383563e-01 -8.483467856964244103e-03 -7.752064473664787014e-01
2.087099047570463994e-01 -6.142177333033399522e-01 -7.272940980622382146e-01 -7.846462200556214572e-01 -5.173587348200056057e-01 -6.651495592035038262e-01
4.879258586548190085e-02 -3.919639006756892030e-01 2.155529509972318458e-01 3.980253954299834973e-01 2.644251596544299199e-01 -4.531695970020321873e-01
-8.990231407103402850e-01 4.503483049364299245e-02 3.200803181262124597e-01 -1.706956799190295637e-01 2.616955782635199679e-01 9.701551063106792494e-01
-4.648352191876838901e-01 2.849803901705733056e-01 1.711921930269782455e-01 -2.216241818588747248e-01 8.520563219311944048e-02 1.120369962149545984e+00
9.737251175201512288e-01 -1.886709940946668974e-03 1.339312964583545540e-01 6.379871674601034215e-01 8.744650068266432985e-01 -2.114492145841398441e-01
4.639615370581820497e-01 -3.595727628272351595e-01 -5.997215145645605761e-01 -1.718616636175553380e-01 -1.097974454506777775e+00 -3.750177112873335217e-01
4.794967603067602779e-02 -1.828626947954955229e-01 4.087443286154257005e-01 -6.051282201405537853e-01 1.423782141847554361e-02 -3.224469240953453109e-01
5.741767437135528729e-01 -4.653944645783865686e-01 -2.512687835063106556e-01 7.442414519376147064e-01 3.876798013180314251e-01 2.420285830809763561e-01
-4.267013503363394911e-01 2.142530140064405897e-01 5.699574649652308089e-01 -6.331594906802047173e-01 -5.411988691112629146e-02 -3.709734689182517808e-01
-1.078727231846260182e+00 1.583697533780320799e-01 -1.975555980232535369e-01 -5.547098353443798979e-01 3.262329697541236362e-01 -1.032557220028423428e+00
-5.591982036453367888e-01 -4.390980207999585216e-01 -1.414655972718576737e-01 7.249268742517622766e-02 -2.007930943540296165e-01 -8.791493914344661320e-01
-3.257901751793877421e-01 -5.030020433468369578e-01 -8.849852875908164052e-01 -5.754272685355603656e-01 -9.877980292080890123e-01 -4.674058959774340938e-02
-2.779911249061199907e-01 1.961761186231607557e-01 9.913287327826701967e-01 -1.056220551622812032e+00 4.956165267930981999e-01 4.393374272829999594e-01
5.205523021981159904e-01 3.856306608100532746e-02 3.796763344404720519e-01 2.207173111334392313e-01 -8.884687541333621263e-01 1.544853434055685482e-01
-2.731278333937897096e-01 -5.694454469577217015e-01 7.742206034896693678e-01 2.238560642568778181e-01 2.231561512576780704e-01 1.127476476735033373e+00
6.341157211866547128e-01 3.099026175449118847e-01 -3.986510566561673463e-01 -2.469935179169294726e-01 7.802178642727735092e-01 -4.481493138135013155e-01
-6.781819106423300214e-01 1.643174385685803318e-01 -8.927450811543357068e-01 2.374740638107089019e-01 2.003482643530143381e-01 -1.293089827643842504e+00
-3.305600479617851195e-01 3.104424741196949999e-01 -2.331176967287629798e-01 -3.125671775871990965e-02 -1.571058834066501042e-01 5.986371048226148961e-01
2.549864543089376545e-02 9.665599224956122892e-02 -7.751959059712901778e-01 -3.278209103684540104e-01 -3.979598422381442901e-01 1.885728353416249448e-02
8.020712069085564888e-01 2.252782624456153293e-01 -3.363053358323495612e-01 7.268852126976955708e-01 -7.066463726147157454e-01 1.846718401972846646e-02
7.824826078907894944e-01 -5.216877746491286327e-01 6.464523208671692223e-02 9.681444868539409443e-01 4.135754373130055006e-01 -2.367057112503568317e-01
6.471464468383337776e-01 1.085483409652564929e-01 -1.676227281851287998e-01 1.466619602638388198e-01 8.056544145341149044e-01 3.457566645564122965e-01
-1.361046828736910824e-02 -4.081572970963983499e-02 -9.992636192939134965e-01 -5.543135159471267448e-01 4.702916828252118875e-01 -3.311248409675998650e-01
-2.607372333778403273e-01 3.653706050303545672e-01 -2.925245964327499726e-01 -2.662428839755709431e-02 -2.052408044070124227e-01 4.946181786802281710e-01
3.822005758253291252e-01 -5.632402336248805153e-01 1.411559017309602926e-01 5.847808773172887831e-01 3.551537754931659574e-01 -1.987171120013868364e-01
-3.537254537757995032e-01 -5.089016651414405290e-01 5.776211532917893132e-01 -4.306798742251830570e-01 -7.351694175151621824e-01 -3.933994033438792393e-01
-6.910965187048208058e-01 -2.989592954337851327e-01 2.839252201298071432e-01 8.079470840320512881e-02 -2.121004916467617296e-01 9.137184256491690526e-01
7.112876892037597321e-01 7.655856076862467274e-01 -8.767735946866581087e-02 1.199767671799426116e+00 -9.702807285576786622e-02 -2.191495798998154831e-01
4.774828415113532287e-01 1.734687494491332638e-01 3.935444119471703250e-01 -6.031477994407596910e-02 9.430707483737880148e-01 4.932575817015777409e-02
8.564280419236834918e-01 2.471873868364437288e-01 -2.493589837122395791e-01 3.221155308443193199e-01 1.061808110942094929e+00 -2.374157223509054671e-02
9.191144841318327208e-01 -4.072176040018411491e-01 2.491577258812988638e-01 9.463422684564940512e-01 5.123603474926011758e-01 -1.428053321816449839e-01
8.041003975860521180e-01 5.443438183147224496e-01 1.888359200376854008e-01 9.150688361681542649e-01 -4.434627429969422163e-01 7.963792065914947205e-02
2.076016665805008599e-01 -6.749738214093349287e-01 -2.941830294489240424e-02 6.418153559145909348e-01 5.948967118946291155e-02 -5.509754427047215408e-01
3.231939768707816490e-02 4.719584926970239042e-03 -8.685686328541714074e-01 -7.102385831096724722e-01 2.797124495312635073e-01 -2.578423688276623160e-01
-2.878966461942705224e-01 -3.266363516420837665e-01 7.344343551285165139e-02 -6.956460306792014436e-02 1.936958365897503698e-01 -7.521385003567169214e-01
1.888806276944636209e-01 1.081536676966457083e-01 -6.638624911306174603e-01 -3.666385748727385985e-01 7.176545050237510548e-01 -9.825914524530798833e-02
6.227164504310830351e-01 -7.688268932778952180e-01 -4.732048021873595800e-02 1.145548374317633566e+00 5.483862167740038984e-02 -2.669153317943494530e-01
-3.929681789205322073e-01 -5.103062038193524330e-01 -2.565726682186393257e-03 2.017016508984875722e-02 -2.904919228431009359e-01 -8.863068599261095803e-01
4.500752508829131693e-01 -4.927734011798260982e-01 6.395384173320961541e-02 4.007391709037910754e-01 4.400287582662733565e-01 -2.930420721719602106e-01
-1.699290622008968119e-02 -5.916836680482975286e-01 8.105462004931737741e-02 4.189491603966771782e-01 1.218891554943616340e-01 -4.673688842384359221e-01
2.575886333534246342e-01 -7.905765308604854047e-01 3.339559570378041603e-02 5.002873112017486301e-01 1.192025930486766416e-01 3.701437174056733670e-01
-4.181446028993808239e-01 -6.439834320064364848e-01 -3.248276376035563739e-01 5.577448040084795888e-01 -6.033474531327021051e-01 -5.392771251431581758e-01
5.173656219134183942e-01 -5.860571473265149267e-01 1.139032111352871607e-01 6.544573320317177423e-01 3.003483585870834194e-01 -3.282405913802496356e-01
1.676802796407335094e-01 -4.233020334536904961e-01 1.265713855352140482e-01 2.980100601521856740e-01 5.076052442478966586e-01 -2.146408484688685225e-01
9.590383266086076608e-01 -3.045653703460076689e-01 2.495777233841925957e-01 5.823511840925070793e-01 5.469103451894610224e-01 6.144008346537732645e-01
5.299046152873341242e-01 4.058568354140104084e-01 4.021882209569798139e-01 -8.681918339335314982e-02 1.166690371375966429e+00 2.002375173273805986e-01
-2.173517888159005595e-01 -5.564781304134761575e-01 3.156177268520609855e-03 3.552407309600074115e-01 2.671926508681421453e-02 5.793667326893270353e-01
1.600962082728404068e-01 1.164577875428952219e-01 -5.418229371213395540e-01 1.615769705548333879e-01 -2.601660898290955037e-01 3.845421433606224237e-01
-6.100869288406353119e-01 4.743175701944279260e-02 6.042746206621741889e-01 -7.063207718092100462e-01 3.577055585974018292e-01 -3.414892058409655373e-01
-2.623099688687643427e-01 5.362257779624057807e-01 1.408322213004000074e-02 3.390012125949585231e-01 4.313776886837489277e-02 6.428034129418086495e-01
9.875048710182969813e-01 -3.344394178853174471e-01 -1.268897349800039986e-01 5.206614212981868217e-01 -1.193224556644463474e+00 8.416779011649910824e-02
-5.467373463381757226e-01 -2.998917505044598752e-01 -3.136268518413598549e-01 -4.898990547892242975e-01 3.037453539279755255e-02 6.285480730072201538e-01
1.733270270925258705e-01 9.587403718946020670e-02 7.349806921802612969e-01 -5.986135125443725613e-01 -4.230635331617306205e-01 3.678136983707727681e-01
-1.233752413034264334e-01 8.391578717250480768e-01 -3.125605894098510418e-01 4.802150285050004741e-01 2.428056576257167087e-01 -8.417513139425241153e-01
2.196578535310036995e-02 -1.739730327377197183e-01 -5.316099734385015818e-01 -1.963167502858560731e-01 3.934671925286702399e-01 2.623448901303642167e-01
-1.257040661658709313e-02 4.738177511381003737e-01 -1.798851447172016838e-01 3.115829651948985313e-01 -1.884742733092589773e-01 4.956101298011795220e-01
1.085649088964388609e+00 3.437528889360353945e-01 -1.330310486815610427e-01 6.231184848007753629e-01 1.228794297403595248e+00 -8.042738426736870117e-02
-8.903305505868418512e-01 6.544733059280713472e-02 5.823485429481873865e-01 -1.196538206897227008e+00 -1.531202405547908707e-01 -3.441853679582298486e-01
-2.566841971128964728e-01 -7.997273568296321411e-01 -1.486483465775148838e-01 2.142995594403047654e-01 -4.296160728873949508e-01 -9.493929616463042676e-01
2.401020389127861421e-01 -1.133647546979645870e-01 -5.457539410533610580e-01 1.131593498911955264e-01 6.161924872909864126e-01 1.262816118494914930e-01
5.757528133575889884e-01 1.804347343788596236e-01 -3.370090047045288806e-01 4.991043027996502901e-01 -8.033864400604699973e-01 -1.750803088101084148e-01
-2.267539674319666021e-01 3.565502064533533910e-01 7.026472114842748085e-02 6.598152661351416870e-02 -7.883900473950006260e-02 -7.810531779367574368e-01
1.066115619192062464e-01 -7.966411574126133210e-01 -8.854681022132264434e-03 5.218097620411057402e-01 -1.631583355243718669e-01 -6.617788488916067635e-01
-7.937188027908562704e-01 -2.399608867238266496e-01 4.547054751141502843e-02 -7.843514986217461349e-01 -2.362103641789680963e-01 -9.544785447894100772e-01
-2.033267428735780757e-01 4.322478434511603518e-01 -1.788356347311589600e-01 3.733850122888222600e-01 -4.389990214115252476e-02 4.850068735679569087e-01
4.947922406617678015e-01 5.791589837461621482e-01 -4.723540789362076775e-01 -3.423894382294369598e-01 1.066605078446031030e+00 -2.243154906263439552e-01
-7.148214200603515422e-01 4.103090276836950379e-01 -2.442323074239259595e-01 -6.478090383261476681e-01 2.304877246187420903e-01 7.371817946035167379e-01
3.423697974405173206e-01 1.398397615168061325e-01 -6.665998789531120128e-01 -1.868436758672071818e-01 -5.743846584738447891e-01 -2.085424834680128514e-01
-4.452062282091517331e-01 -1.531732046867407236e-02 5.098271164340802963e-01 -5.101757244652705969e-01 -3.077050508556145036e-01 -4.442632250301858932e-01
1.008481631739038820e+00 -3.191928067942210734e-01 -2.085314408203249870e-01 6.885561738946659460e-01 -1.248147843628592213e+00 -2.227827718780922561e-02
4.806319676819570397e-01 -1.241141387226673415e-01 4.495887137533800537e-01 -7.636930491553683975e-02 -8.024658257971933883e-01 -2.956530216208363981e-02
-5.974538845914429963e-01 5.717980976025659468e-01 -1.236875926707171613e-01 -4.440937525175415179e-01 3.536320518060459550e-01 8.400988184971236450e-01
-5.225182450642776311e-02 -4.911787652716617103e-01 -1.156374418863429232e-01 1.636837978850730069e-01 1.398865737213759175e-01 6.294319138812913828e-01
1.443849902804019147e-01 7.358973065043732109e-02 9.041990368779347920e-01 -6.945643656313427172e-01 -3.791083037216000373e-01 6.021585298412752696e-01
3.512911190205474377e-01 1.335532244344110608e-01 5.711263600658386119e-01 -3.366996667767671036e-01 6.107218658977323633e-01 2.433685188006318167e-02
2.631475706731444264e-01 6.405054619716786801e-01 -1.062517270093462640e-01 6.524532251938712779e-01 -2.725838259304048661e-01 -2.275326392612525006e-01
1.552259721598133746e-01 2.969330879592625358e-02 8.567145744660712436e-01 -7.591231219575707012e-01 2.159884711222635478e-01 4.971873201715981128e-01
8.562724990979778683e-01 5.881554117247037028e-02 2.778334301624536540e-01 6.290696965691040532e-01 1.004680818143361298e+00 4.606249940580064983e-02
-3.850322155660982348e-01 -6.994355255351558665e-02 -7.801316019779087618e-01 -8.024096133237674788e-01 2.312579760833907705e-01 7.723281703411633003e-02
-8.009097205771573691e-01 -4.806734737281753156e-01 -4.409456667018575859e-01 -8.742108805309781738e-01 -5.944861085392678657e-01 5.498487741923074879e-01
1.388341924425573026e+00 -1.921897373265782361e-01 1.491739380445300002e-02 1.177763065105672524e+00 7.831786766341948258e-01 8.059083634537397844e-02
-4.158127492311223250e-01 8.836289018483540758e-01 -3.506727875519151660e-01 5.155974643371785682e-01 8.035952104120521744e-01 -7.057356302934938430e-01
5.391175848175232543e-01 2.603165234560161356e-01 4.773836906930758461e-01 -7.445668594739374146e-02 9.651830863835100249e-01 1.214486647092852811e-01
3.663355673256757927e-01 3.829834514499927400e-01 -2.364015822149314605e-01 4.409713697360061468e-01 -5.140096133491336428e-01 1.992966375436950877e-01
7.677373527561803801e-02 9.117779572635542618e-01 -2.208904430325989710e-01 9.069336638810269191e-01 4.797394358843594109e-01 1.314974242136237592e-01
9.885851513389606882e-02 -1.074326214854585959e-01 8.174623647409153815e-01 -7.199309514490891404e-01 2.414184571895376663e-01 3.615163873268779637e-01
-6.228079917845329855e-02 8.227970753150747052e-02 -6.248325793793856331e-01 -3.098241996635439088e-01 -4.620841895839014057e-01 1.766599111616066198e-01
-4.900273533762134481e-01 -1.662838212060173959e-01 7.812672119081993660e-01 -7.764044686844229215e-01 -5.279573426275111503e-01 -1.059646696934057886e-01
-2.325721520865102476e-01 -2.114961215160670593e-01 3.843914790743495624e-01 -2.996204025947537541e-01 4.018716768458034383e-01 -4.025548189895625795e-01
-5.133812880392312206e-01 5.962211614385957148e-01 -4.239030999206046951e-02 -3.942549854153862832e-01 4.190084557078200822e-01 -1.019326633889759304e+00
4.811552100438876156e-01 6.060288639472283245e-01 -6.518411466602181958e-01 -2.690164529767689050e-01 1.105955828485962744e+00 -2.190415323721398022e-01
2.983838422012500824e-01 -1.032097456509759370e+00 2.733876801652663710e-02 1.048653294828617577e+00 -4.380715012426311672e-01 -2.628834105350208450e-01
2.855343107155161597e-01 -8.996124810921241055e-02 -5.642154152340677076e-01 1.055648618225679680e-02 6.827761614761360676e-01 7.854590833617502987e-03
-2.393130100632367141e-01 4.294183503305504246e-01 -5.914325121632257182e-02 3.018020879446110527e-01 -8.336122310797144941e-02 6.073787362470804974e-01
-2.894060551067254017e-01 7.951365761701187918e-01 1.066081909194225991e-01 2.278696918260694759e-01 3.263360730259063369e-01 -6.093889388840790788e-01
-4.266332161564955761e-01 -6.604057320026990308e-01 4.838617303595569852e-01 5.606679134908136852e-01 -8.192652895121219636e-01 4.835147648606976101e-01
1.084483902652640802e-01 7.195670060565847459e-01 -2.132955708578405246e-02 6.598299774230205195e-01 -6.018023271023054122e-02 2.752721775330828624e-01
2.887674405857458271e-01 5.962819355104908015e-01 4.261574183756701162e-01 1.243923944976209173e+00 3.094671318340289079e-01 3.525821473083919355e-01
-3.836907309951314571e-01 -5.643784392807054129e-01 -4.937235021133484780e-01 4.260090543448045719e-01 -3.150271667921860641e-01 -1.024958102387857783e+00
-6.146797800068263262e-01 2.195919018904158027e-01 2.837987430046517989e-01 -4.802348264429449065e-01 -7.668452710727005628e-02 -6.617935751121912791e-01
-4.214273710238261583e-01 5.322177724267096455e-01 3.479168112534009039e-01 -4.254965531184507488e-01 5.600609974786784351e-01 -6.516872086343675763e-01
-2.451106955573609247e-01 -6.919933607569797029e-01 1.962168608248377744e-01 5.604605395861086414e-01 -2.700578670416156069e-01 6.121801095050506403e-01
5.585162744661856804e-01 5.532769210146042393e-01 -3.044968858378733212e-01 1.054292752919278042e+00 -2.970665313962111975e-01 -1.280834613070123973e-01
-6.848316069940465489e-01 -1.432354652737901080e-01 1.992882333768983966e-02 -1.027090680598523598e-01 1.656534597140059129e-01 7.720730792385718244e-01
-9.547210607840024288e-01 -2.632224867654398004e-01 -1.339874000609504179e-01 -5.893185596315946295e-01 -3.183599874509207561e-01 -1.063202589438374979e+00
-1.198926618757206741e+00 -1.870702713882325674e-01 6.811468377312702716e-01 -1.639340014479918173e+00 -2.097338172621406593e-01 -2.163621619764828363e-01
-4.150568642802264230e-01 -4.538664847777518774e-01 -3.359585438983684891e-01 -3.970506850860807124e-01 -1.845312862126090581e-01 6.269196043242939442e-01
-9.421625520682951338e-01 2.665623620105495029e-01 1.184333352217664670e-01 -5.751695624663670792e-01 2.401536974844410699e-01 1.048282101431082136e+00
-8.993898527479912142e-01 -3.621713237937448371e-01 1.055190451918640027e-01 -6.472106046729264595e-01 -3.578242231478753754e-01 -8.621517302045358377e-01
-4.064752578036087693e-01 -5.862567017015968274e-01 -2.655710665001369541e-01 -6.848999241874265120e-03 -2.732804251955736619e-01 -1.127165346780812261e+00
-7.067287457144373619e-02 -8.164565885613170870e-01 -1.055912966944960174e-01 4.472596188419469265e-01 -1.205890128660926930e-01 3.919167428009870946e-01
-4.874800934342605196e-01 5.224394517367071319e-03 3.602315499806763022e-01 -3.725834488322339877e-01 4.136726671069121397e-01 -5.452897196081789577e-01
2.903779861009984087e-01 -4.283804181577460235e-01 1.801475105497208906e-01 5.065056364858924187e-01 2.940594588660187525e-01 -4.766397174206413734e-01
-1.019780157613549676e+00 1.145505165135228959e-01 -3.161106882027606146e-01 -1.164508885222635071e+00 1.618048409894823347e-01 6.722316736450839603e-01
-5.890056170267617963e-01 -1.276291652945612740e-02 -8.878055879346394841e-01 -1.226357756522820752e+00 -1.991476072537004816e-01 -1.401138082931725481e-01
-1.371653830838615307e-01 -2.132586223512854540e-01 8.806939482495618199e-01 -1.051157012150760295e+00 -2.952995163625671271e-01 4.833419711493263660e-01
-4.631477365274086488e-01 1.612034101467964275e-01 -8.742617700782790990e-01 -6.842983940202137516e-01 6.549649876485083011e-01 -3.325529491086343103e-02
-2.241351379789264242e-01 1.813414120314740252e-01 -9.121551259229542241e-01 -9.495347363093682436e-01 -6.629623020254932220e-02 -2.699160575918480021e-01
3.854435036565458383e-01 1.358852452705889002e-01 -4.207024468929585481e-01 1.254971329295723192e-02 -5.875878494643571592e-01 1.602768146155015838e-01
9.070734967777396851e-02 -1.888293912576320122e-01 -5.570659689068541143e-01 1.091259746039451861e-01 6.076033278262505943e-01 4.738061949321481503e-02
-6.873590831180996785e-01 -1.737409006414198098e-01 4.927788944798447424e-01 -7.500846544277171013e-01 -4.308080675222670797e-01 -4.715768357440890957e-01
5.899904489257398188e-01 4.478617903484676671e-02 -7.014671029649470479e-02 1.233239954752843315e-01 -6.876470818855743294e-01 -5.658925519547503002e-01
-2.293193041590259329e-01 -5.446312539144224640e-01 4.288761782737016137e-01 7.532835031951746751e-01 -4.040677459506248348e-01 5.502583153802594884e-01
5.669064147778454243e-01 -3.631270514662991444e-01 -7.723649158519082514e-01 -1.056051288557774415e-01 2.033028491947422300e-01 -1.248689795862017116e+00
-3.639030328512449231e-01 -7.857284881662722764e-01 -4.054852467948537598e-01 5.020571413262668869e-01 -4.784550705068252863e-01 -8.000686011552933241e-01
-3.653299703404102039e-01 5.534837607322498076e-01 2.035524713351526960e-01 4.237980417491446494e-01 1.413629777392786946e-01 6.590010861764405981e-01
3.788282734082656922e-01 1.225199263318814125e-01 -3.473083873530622978e-01 4.246701145914535402e-01 -7.760147567326383111e-01 8.919355872172712862e-02
5.155390883845825112e-01 2.415514305411570195e-01 -4.934614249652771178e-01 4.989824883688832591e-01 -7.527451683800621129e-01 -5.988186856055215390e-01
-3.688952338108406059e-02 1.312537839127716766e-01 7.383145932802360756e-01 -6.331157308950645657e-01 -4.026386313045742238e-01 1.387537552938936658e-01
-6.528893640310265978e-01 5.353734837581900496e-01 -2.711454856611744332e-02 -5.469509812698435391e-01 4.441792348396389478e-01 9.630675902457914717e-01
3.021457946780340409e-01 1.360854929243835165e-01 6.543343595337289820e-01 -3.536985487886892265e-01 7.753031751115783132e-01 2.527513022193879633e-01
-3.367399765168764825e-01 4.230047500976739649e-01 5.087850979901259452e-01 -8.223536190999432005e-01 2.770117631707719186e-02 -2.709036057202034442e-01
-5.029847343790768699e-01 1.187782168252960874e-01 -1.086162868205198695e+00 -1.293044180729711723e+00 3.615517922421027097e-01 -5.232534062919454998e-01
2.635252370454184700e-01 -8.434341940601557397e-01 4.335944090570988639e-03 8.293958579219011806e-01 -3.711187742846644433e-02 -1.678115569966352749e-01
7.786951844698978276e-01 -3.928769495973982728e-01 -1.737051183475277205e-01 9.466853968200631408e-01 5.765194972830131048e-01 -3.527297460672357277e-01
-9.133041475479704019e-01 6.527700327012808668e-02 -5.835447707707214215e-01 -1.147981100055080139e+00 -2.492542177149447702e-01 3.362360938854286330e-01
3.089415096245897718e-01 -6.277957027206650942e-01 4.841723409237893017e-01 -6.847876675937499824e-01 -7.025570517874221155e-01 4.010275092703422528e-01
7.502126707850730325e-01 -4.317733267817420728e-01 -1.372489562400199155e-02 6.903809936969548255e-01 5.110864392607703532e-01 3.140488556055343605e-01
-5.117549038603272926e-01 6.508964208803179607e-01 1.294304345607924234e-01 3.792298392916513272e-01 7.582968990178130531e-01 5.705781703208666622e-01
1.806943680338198299e-01 6.910857619313599820e-02 4.922691382635179247e-01 -3.795317765085247097e-01 5.703337062371601762e-01 -1.672155362995618733e-01
5.240248461227948740e-01 -3.474863765997442400e-01 4.702010667726356230e-01 -3.160368989322821509e-01 -8.801433126490908476e-01 3.673766874964102258e-01
-5.405500463864497673e-01 -1.317009164023871026e+00 2.383471557688767728e-01 2.562471669775679972e-01 -1.867920020190771080e+00 4.865636526678329687e-01
-3.178559494635201932e-01 5.294653225455556722e-01 3.227258284009366929e-02 2.885281713037444740e-01 6.350932018501442844e-02 6.766197733713279483e-01
-1.338233093519061168e-01 3.062755261564460429e-01 -2.191205836602250767e-01 3.036095817293004151e-01 -3.213411846932547888e-01 4.248900762379945184e-01
-6.892154394499978576e-01 1.103375657298654999e-01 -8.535272425644644745e-04 -2.033023502470741595e-01 -5.728952012768323554e-04 8.660878429765023201e-01
1.508284463125466601e-01 9.513937050253477024e-01 2.755262259213541731e-01 1.059075022596962956e+00 5.336495332826003413e-01 2.514853515071039380e-01
-6.699026366254815512e-01 5.378407002806013387e-02 6.276736736970297548e-01 -1.097865469990919607e+00 -2.259017763125866773e-01 -2.317584880321799101e-01
-9.242088282123847032e-01 3.118793340867333508e-01 7.752002555277972551e-01 -1.185752939323797550e-01 5.271648992115393062e-01 1.327112145137362642e+00
3.057237559558155793e-01 -1.018044117168936058e+00 -1.436906125293489767e-01 1.205642514029462209e+00 -5.846208737468818750e-01 -1.915499995782073139e-01
-5.357865478756728556e-02 -7.351163163619294227e-01 -2.726040376593743542e-01 4.212293753916764305e-01 -1.062092274440750161e-01 3.430526913594648120e-01
5.055307849817824994e-01 -1.663393262538340189e-01 2.946154529673030154e-01 2.052915977587631557e-01 6.643481922145857421e-01 -1.742285265359422297e-01
4.030828525296451526e-01 2.498969111141803312e-01 4.180615599698414564e-01 3.590402567765607622e-01 -6.258466821876763619e-01 -6.270180027101807108e-02
-3.467948863381810076e-01 -1.154115924216302241e-01 -7.420633800891953680e-01 -5.519988808855424978e-01 1.784321856085037683e-01 1.915035188177783843e-01
9.758528366883812977e-01 5.683299763215563516e-01 -1.694842539291752936e-01 3.136436311328935078e-01 1.313951668561726294e+00 -2.438297994478872133e-01
-6.415403981161463820e-01 -1.296247187140947277e-01 -2.741756426918722303e-02 -1.236051773229329687e-01 2.237967903945256853e-01 7.515794472534955695e-01
-1.501107239596724541e-01 6.604298794099111580e-01 3.496788059427554662e-01 7.251966138218799429e-01 1.794590611649309886e-01 3.997201530721607998e-01
-3.979471162936950024e-01 4.974438731777379719e-01 6.940449325155011451e-01 5.640002564600661294e-01 4.372675145262800434e-01 9.605708372819750096e-01
1.210801675786921328e+00 8.458934223453491441e-01 -1.563868809807024973e-01 2.007801966981162423e+00 2.421090043762951227e-01 -1.717137349979420691e-01
5.075024833343692032e-01 -1.816613205372329676e-01 1.915093052562322207e-01 2.529664407880942156e-01 6.117809935067930471e-01 -3.613565892691418258e-01
-2.262227091814584048e-02 2.227625424819292821e-01 5.752656315671669240e-01 -4.519382710218035615e-01 4.025046101022900502e-01 -3.098222517430464507e-01
5.680466624686105748e-01 -4.717070430784899848e-01 -4.332671162200490977e-01 7.410185285260804111e-01 4.668817196453167728e-01 -1.347175088828593270e-01
3.996644153718940662e-01 1.334793180066654317e-01 2.739674536227880708e-01 1.843091401466394608e-01 -4.423278608838888681e-01 -5.147455475194245844e-01
-7.583942686192807203e-02 1.899128204735301140e-01 4.590146629896735830e-01 -6.109096340366968469e-01 -3.781939705408656760e-01 -1.662489193476281435e-01
-1.270846868708699340e-01 -3.469635757285773336e-01 -4.450493182544400517e-01 -3.560482346899442041e-02 4.160040253259510989e-01 1.948818298646932679e-01
3.589969372330317071e-02 -5.567475161035503883e-02 5.653521557850774704e-01 -3.533091631621204654e-01 4.285542454169116722e-01 -2.182540872732006143e-01
2.181497593342622277e-01 -6.582542382688292282e-01 -6.006427196370622834e-01 -7.599890688225183766e-01 -7.873136310832252738e-01 -7.637013164004942123e-01
-1.342628313884542957e-01 7.313811055798834504e-01 5.253119043572213216e-03 2.629736213663393385e-01 1.196923672303099595e-01 -6.788814349581210328e-01
5.449104236742287055e-01 -3.454159332781773228e-01 6.460070434718024890e-01 -4.310743167065116399e-01 -5.084007980130080817e-01 7.905398093462154829e-01
7.119449024141354387e-01 -8.215711902235814934e-01 1.473554047166376613e-01 1.449857584458104753e+00 -1.736207507970862762e-01 -4.144369942765502302e-02
3.597979387298205212e-01 1.510671356613959848e-01 -4.621509286177010178e-01 -9.963441557726215869e-02 8.554987073286252075e-01 7.886484994544629146e-02
9.356619298466691825e-01 1.066141478252097957e-01 -3.650579917843538857e-01 8.142963276736413514e-01 -8.356415320563997939e-01 -5.292881285354011922e-02
4.185539372732416941e-01 4.701710744330021563e-01 1.381816991665644201e-01 7.035685487100024060e-01 -4.578338886777494898e-01 -1.017630021905706339e-01
-5.077508437671676145e-01 -1.754870322037308528e-01 -2.069600141667938265e-01 -1.347436510246021735e-01 3.812239723465611352e-01 5.352922957487196154e-01
2.345710476621475360e-01 6.102360317821248215e-01 -7.547099791935453494e-02 5.708540650054467758e-01 -2.213212006411362509e-01 3.665994732173782356e-01
5.998510157566584455e-01 -5.927406075124660445e-01 -3.790153454690224910e-01 1.088283471064138030e+00 2.716602842785317273e-01 -4.983670730360534873e-01
-5.940516959619781545e-01 4.858406808396044385e-02 3.532182399299750308e-01 -4.024616868702042272e-01 -1.909516598775236607e-01 -5.985779060204988733e-01
2.755718150180228587e-01 1.287048707820938331e-01 -4.266208624746689604e-01 5.689513233518944668e-02 -5.212252352650701415e-01 3.012330828360325063e-01
3.393510981936091464e-01 4.447656473378198971e-02 4.400342005367815501e-01 8.955505143743905383e-02 8.981700774606348192e-01 -1.692238531473677643e-02
2.587294389610119705e-01 -1.636161106779005225e-01 4.039421841827240955e-01 -3.896768835442177004e-02 5.008455676604480766e-01 -2.815263405563214194e-01
4.194877333310038231e-02 6.057235573023366237e-01 5.255218505675008506e-02 1.320035147056102254e-01 -9.488000699474719024e-02 -6.552929881630384923e-01
-9.100086113679332067e-01 -7.887044845540006066e-02 5.700421386249233252e-02 -4.285839552961235310e-01 4.182296863813510235e-02 9.251421059029364402e-01
-2.245885484917918840e-01 5.856819282412449867e-01 7.418106780992869166e-03 1.435468140704834750e-01 -2.180166188864851584e-03 -7.129252230023728210e-01
-2.256578155681248088e-01 -5.537776843928504666e-01 -1.746558138293777818e-01 1.902528818126716370e-01 -3.032264482482560641e-02 5.689927008299719979e-01
-2.584991030595224504e-01 1.318784750990308063e-01 -4.576020184202096441e-01 -2.078182258017354789e-01 -3.287497199853901542e-01 4.285430682183439810e-01
-1.328912080148307029e-01 -5.353800162931182660e-01 -4.669555010546732055e-01 1.662590935228845102e-01 3.318251603045708764e-01 -6.887978115698234483e-02
4.414729135810597782e-01 2.354099230852160773e-01 -5.804813260764987159e-01 -2.727829538309163304e-01 8.096301119295528093e-01 -1.803441863467056261e-01
-6.142792639541273525e-01 3.430625852140516407e-01 -2.252113442569015911e-01 -5.714324336517625502e-01 2.026231606917462125e-01 7.639503802213982731e-01
-7.127129637433967657e-01 2.449032390507391299e-01 -3.178062103828154794e-01 -1.779900171605963699e-01 1.085832275824259174e-01 -1.151765576821664583e+00
3.045544215181966718e-01 -1.744674698546994640e-01 5.967807500726650671e-01 -3.260954344326189025e-01 -6.440683530729285344e-01 -2.108312625437425147e-02
-5.577687878621112594e-01 -4.165079623478921134e-01 -2.190983654526831859e-01 -9.280964524295925999e-02 -2.604373300589417628e-01 -1.090565492447035378e+00
-3.249761761223668444e-02 -8.927092034294397127e-01 2.234135879509596412e-01 6.163383035256920772e-01 -4.652452501471039392e-01 -4.060993317618389886e-01
-5.943269756883945432e-01 1.331096806883771688e-01 -7.531903090218525776e-01 -1.134191172311586282e+00 8.358032407148885401e-04 7.810402546464956242e-02
-7.964109710156664912e-01 -3.126122586205633547e-01 -3.531559942051033189e-03 -5.542371306892032168e-01 -2.567261817714956984e-01 -9.721535592152209526e-01
-2.970526868198465342e-01 -5.624017498901362488e-02 -6.945343088609170490e-01 -6.052212609557825473e-01 -5.566804624175696325e-01 1.145340743017476681e-01
-1.412031067952576324e-01 -3.708431370352907597e-01 3.487271742016070930e-01 -2.242952680730320170e-01 2.305960686764877976e-01 -4.458586138458341952e-01
-5.185681980557487192e-01 -9.551260529691252277e-02 6.974207987467622161e-01 -8.987912957552457449e-01 2.567286988392962765e-01 -1.577730153306208249e-01
3.660702311997380276e-01 -1.762081230446543023e-01 -8.646993247797905013e-01 -4.794720929555973399e-01 -6.365741654418528572e-01 -5.942898481160934221e-01
-4.841091625320829289e-02 -2.325750196197765018e-01 -4.743552085161668597e-01 -3.896083752456442478e-02 2.597218533097239712e-01 3.960208509637901386e-01
4.825945311993910525e-01 1.161536933041244224e-01 -3.792416187798985927e-01 2.470586449919183192e-01 -6.050350126376295989e-01 2.722257224817481447e-01
-9.867347505579121547e-01 -1.335375801874135251e-02 -2.074466488785700058e-01 -8.648937464356736271e-01 -8.358076842412482527e-03 7.850904098170079504e-01
6.038977199229544901e-01 -4.287644433010109890e-01 1.929332905427589284e-01 5.510302235878766774e-01 5.437598692959859648e-01 -3.378567478435889893e-02
-1.406711695356616110e-02 -9.536908884122390351e-01 -1.546586450447514638e-01 4.851040514330869913e-01 -2.430861992828138307e-01 -6.505105588645696546e-01
-5.405804595196338491e-01 -4.480519562713732307e-01 5.843020863723947800e-01 4.254388302981445547e-01 -5.376509972262384363e-01 8.267453654294218968e-01
3.161498037565447783e-01 3.928162189367871426e-01 -2.754473435005190263e-01 2.765337075511895559e-01 -3.576654123647740602e-01 3.842555335588397902e-01
-6.855442595672659456e-01 -2.985358676284050050e-02 6.543050539522787812e-01 -1.029173885497143281e+00 -4.477613335842074438e-01 -1.866894735744946132e-01
-1.086213512258421415e-01 1.747315773329760069e-01 -9.656267017997489654e-01 -4.798787785691276397e-01 5.021705110312704168e-01 -9.674715471570749514e-02
