-4.314205993279738305e-01
-5.000311845885305889e-02
9.255020192160326800e-03
1.679548850447587283e+00
6.576638958250358158e+00
-3.212727089601701697e-02
2.076746640636741303e-01
4.091294988475560612e-01
2.677470561367907287e+00
5.156348899488656379e+00
5.157809605578246304e-01
-5.499634523873812159e-02
-1.952514378382650684e-01
1.220692367461900796e+00
2.825015539781053686e+00
-2.570422190067363499e-01
-1.199114460789484516e-03
3.853818656493899208e-01
2.497764056598949622e+00
2.140364232320914606e-01
-1.189342096032818957e-01
8.180526865447061702e-02
-4.764388930058535698e-01
4.141734868034500083e-01
5.971074231281579436e+00
1.777390645848669903e-01
-4.321488586156747025e-01
-9.348531251146646737e-02
1.331285016916797792e+00
1.895969818105874394e+00
2.881228113414965319e-01
-5.647501342082811293e-02
3.900451432595314349e-01
2.638877790868810358e+00
2.832138658255877850e+00
3.435361972346807069e-01
9.104373319386356578e-03
3.779776907508596850e-01
2.535572635151508436e+00
2.972900773812905406e+00
5.102177558246672184e-01
7.466044596955818957e-02
6.072601034065949061e-02
1.791371904579539098e+00
3.096994624910157867e+00
4.588363597515041636e-01
3.236816049125417205e-01
-3.364445476566081932e-04
1.643631493324294590e+00
3.580772711044140966e+00
4.469780543231554049e-01
5.465707822874393135e-02
-2.988865708114656905e-01
9.433025745086592861e-01
3.116588732582829646e+00
-3.426686270767710374e-01
-2.153041434921552921e-01
3.964311625798988548e-02
1.668599162042354145e+00
7.282749032524250543e-01
4.502717383480503988e-01
-3.338536353638410503e-02
1.122012818427627068e-01
1.819779201742368180e+00
2.802929104097514834e+00
-3.412349558703191565e-01
-1.699579450574959516e-01
-2.658392804898018213e-01
1.046067654575216999e+00
5.437727005319209495e-01
4.324237166700655166e-01
1.699241937507176003e-02
-3.405677139234765671e-01
8.700203417318516097e-01
3.020079549386667228e+00
3.433628977199602583e-01
3.958485782820674870e-01
1.071656407515734211e-01
1.800508375305227116e+00
3.860753449341750798e+00
-1.822417997783648200e-02
4.631886699159309395e-01
2.073756505036532805e-01
1.993281212177233197e+00
4.944464041675011856e+00
-4.234681762759788248e-01
1.046272569679266018e-01
1.636454858404525967e-02
1.650756274607845464e+00
6.277784423144245451e+00
2.560574542629378003e-01
-3.602342221791210997e-01
3.999420680410447487e-02
1.632255620152572861e+00
1.866084357823381001e+00
1.918380211277212755e-01
3.454966102085593183e-01
3.460776264466461360e-01
2.358668436371261112e+00
4.256678625594993548e+00
1.005190799543269342e-02
-1.011150538606446353e-01
-4.901301930385457695e-01
2.507446446811840701e-01
1.144769687715913697e+00
2.347881797150203342e-01
1.917019923012113214e-01
3.712915128225396932e-01
2.579677916820294126e+00
3.850951659774467295e+00
-3.998871608951720114e-01
-1.279397196688929761e-01
2.601599452248646097e-02
1.751872878837043013e+00
4.742404886093865013e-01
-7.043754894565949776e-02
-1.383302010894694178e-01
-4.469883332197441828e-01
-4.504342257096039526e-01
4.037339879933337983e+00
-3.904511559129912879e-01
3.386396732412261940e-02
1.312902836857880173e-01
1.925952076859046347e+00
1.264124328956119092e-01
3.849205061199464234e-02
4.817249768946784694e-01
1.892261361985972390e-01
1.927991419122713213e+00
4.682871171366149277e+00
5.653796258802488289e-02
3.987402222596725387e-02
4.504121298376150828e-01
3.227742762755017925e+00
2.840097597323959278e+00
2.781989791814651891e-01
-5.059888447467172923e-02
3.860657263752616530e-01
2.677310705363832533e+00
2.801365020921295912e+00
-2.319571813697325069e-01
-9.148878657964235050e-02
3.177693960976253340e-01
2.414670353916046341e+00
4.969444941069090516e-01
-7.408796647115337142e-02
-8.077189884310477519e-02
-4.704592944153968004e-01
4.381584899588621962e-01
5.141887313232806900e-01
-3.667225715675251352e-01
2.828452715074014079e-01
1.197834889678970130e-02
1.636026647838941805e+00
5.901816349708307818e+00
3.703862120072339004e-02
-9.302590008080502404e-02
-4.942334277024269529e-01
-2.080608443692900100e-01
4.513455943008407800e+00
-3.859657611238349051e-01
-1.345479061957071676e-01
6.681766946354965320e-02
1.787472061200942930e+00
5.402882505883535025e-01
-3.326339155008384285e-01
5.441387315270915931e-02
2.670871668645261598e-01
2.233235200997594649e+00
6.321326367778381083e+00
-7.319580556316915287e-02
8.017049673242018781e-02
4.310339497979037149e-01
2.960111894149506817e+00
5.831482305559864798e+00
-3.406205287657271263e-02
4.954593043072225145e-01
-1.097704327735483237e-01
1.411800322367604554e+00
5.084960375281807998e+00
6.301675470765723264e-02
-4.673645252328506583e-01
-1.216671975268846101e-01
1.230009671526681503e+00
1.641169553454642660e+00
2.068657110175436964e-01
1.304186676203147877e-01
-4.805186622638326632e-01
3.770056642520813739e-01
3.685815064552770082e+00
-9.225436725206247190e-02
3.960880435193721572e-01
-3.445455099012443845e-01
8.039878435749253649e-01
4.992968598342396369e+00
3.245811376774138113e-01
-2.850875686927803465e-01
1.314335195237089082e-01
1.843871541305472928e+00
2.132832858792106379e+00
1.002900691752093079e-02
3.239825995439864492e-01
3.653080426970469752e-01
2.438886797385404037e+00
4.823913069681365684e+00
-1.071574346635044556e-01
-9.253373093557139273e-02
-4.772529200171540809e-01
3.932879056113197103e-01
6.470274439094646501e-01
-1.892659771323487033e-02
-4.181006295370382486e-01
-1.989641042938603693e-02
1.517901210635470566e+00
1.583543561526350452e+00
1.472243211116233130e-01
4.916174815197953407e-01
-1.397883643164153922e-01
1.355915213202610436e+00
4.358986828696810534e+00
1.010540184082212994e-01
-3.130386306753615844e-01
2.142614992387185668e-01
2.149154009229778506e+00
1.797217372501450638e+00
2.297727308679472363e-02
-4.017535931482497102e-01
1.396854011946145613e-01
1.945825037100230137e+00
1.448701043710171055e+00
1.590246587304477710e-01
-1.192475042990552569e-01
-4.724896340635250658e-01
-2.880929067002245270e-01
5.481598912484646036e+00
-8.255901042471391893e-02
-4.056612497733326217e-01
-1.632608957160612551e-01
1.145266737828876780e+00
1.211671199169065183e+00
2.626444765832538497e-01
2.783173866305018729e-01
2.773934277644878876e-01
2.288948216237550515e+00
3.856661212410285255e+00
-2.977372275734789797e-01
3.901842403411590610e-01
1.299209001091703591e-02
1.604112096660164966e+00
5.607698663980904996e+00
-1.678727210222258903e-01
2.839354974180234234e-02
-4.667395511832123645e-01
3.372933537977276242e-01
6.126835259851397097e+00
-1.279986760649267641e-01
-1.946359092902875398e-01
-4.279381888525871647e-01
6.033830476694161948e-01
9.253168736817207751e-01
6.530546628840112888e-02
-5.034051730494439880e-01
-5.437430169450867268e-02
1.410779862247519389e+00
1.510197637386050840e+00
5.226168903046388703e-01
4.347803751954121276e-03
5.157070432681278710e-02
1.815544456179597033e+00
2.962886794525590783e+00
-8.998028422423630379e-02
2.576870041938031375e-01
3.924912571818802709e-01
2.577621899628891100e+00
5.342915798779411141e+00
-3.347346530682696053e-01
2.136401032906875760e-02
-2.976845998758714806e-01
9.832765989522758154e-01
1.425738890141430293e-01
-2.506488081124498835e-01
-1.942337064462674179e-01
1.614496293116143011e-01
2.052639936189341263e+00
7.858040736065846632e-01
-1.486382593937973784e-01
-9.129912674743342893e-02
3.884429581996417524e-01
2.670380650405814738e+00
6.354737607535229094e-01
-7.597066714630809625e-02
4.209900297335093522e-01
-3.534830011221639090e-01
9.649143307982350759e-01
5.123926969717220281e+00
3.605350676860015480e-02
4.597901469255473161e-01
-2.929820550448188898e-01
1.047104994718532689e+00
4.825681361995422414e+00
2.743402840595375869e-01
-1.769434964327272486e-01
-4.084054864139027852e-01
6.644341570437153344e-01
2.334507978427400321e+00
2.793620480906429740e-02
1.826764248223639864e-01
-5.016616452101932966e-01
3.751983755640096452e-01
4.970268437487423085e+00
3.488700390107833671e-02
-7.043147375294651902e-02
-4.995733353051349801e-01
9.585991585646010116e-02
1.292733529042058960e+00
-3.520395347723839774e-01
-5.496859473242717009e-02
-1.895937439354973553e-01
1.259970862943982084e+00
6.676937268733484032e+00
4.361528973005772691e-01
3.409515938239427585e-02
-2.727700278014019153e-01
9.945181029823637608e-01
3.046453304572966925e+00
-4.146173610217231409e-01
1.477314635038573781e-03
1.485516879408674447e-02
1.659822710320304928e+00
2.335355271775464425e-01
1.725774658854155319e-01
-2.209211086008314451e-01
3.004674334696713633e-01
3.819369140226815507e+00
5.149283552138737008e+00
4.798727633238298318e-01
2.079914985702613073e-01
1.433328191927481579e-02
1.606879513635095957e+00
3.245002478468669960e+00
4.903010512080541727e-01
2.619183266183723324e-01
-2.543955997517914971e-02
1.574979746061538233e+00
3.378029565429955916e+00
3.845784870314915005e-01
2.150577515035653198e-01
2.434083325770092787e-01
2.158385931180197392e+00
3.540913209450303967e+00
-2.796493012753723667e-02
4.435167496095950290e-01
-2.273882668220955916e-01
1.223944705936545585e+00
4.819379581775177890e+00
2.538009131018882369e-01
-3.452876160148622975e-01
-2.148529621929284317e-01
1.173894639757868452e+00
1.874018133012211429e+00
1.254660880954839575e-01
4.485831611983804867e-01
-3.152483442921387713e-01
1.009571005726149329e+00
4.474869181676087493e+00
5.593633146399331624e-01
-1.841290472195450043e-02
2.505647089964946686e-02
1.757502025220462949e+00
2.919415189976817704e+00
1.361034222846265740e-01
-3.850836080588045940e-01
-2.153096530312253731e-01
1.109884327066736232e+00
1.642114758335894598e+00
4.494938258781944196e-02
2.021642476357548290e-01
4.328056489300987630e-01
2.706717738695545883e+00
4.744391469665870886e+00
4.510922666137304193e-02
3.941747849649557267e-01
2.723520334136063092e-01
2.181534638172636598e+00
4.835876259801094257e+00
3.031489756288842097e-01
4.362414507039707456e-01
-1.192168158234637419e-02
1.650964684786599967e+00
4.008312626492145370e+00
-3.969243893490972952e-01
3.390337438972925582e-02
-2.024699820583679699e-01
1.193644609797962497e+00
6.398100112014232899e+00
2.210556198403645090e-01
3.490390342645165456e-01
3.132742211563505630e-01
2.277868208202632694e+00
4.189178072962906008e+00
4.592003791883764729e-01
2.668278675449347603e-01
-2.248846336955343528e-01
1.145106473131280778e+00
3.534823066635718991e+00
-1.759390738979472735e-01
-6.422014839824446986e-02
3.926975811915021097e-01
2.637072870121662138e+00
4.869831448706480326e-01
-3.927594212166634069e-01
3.808828987188192516e-02
1.742567753830980282e-01
2.012158971896039983e+00
6.403675501496482347e+00
-3.971425193418653410e-01
-6.557093067941875686e-02
1.086907533557370659e-01
1.907557035596043171e+00
3.332379865380532546e-01
-1.186236097249662863e-01
1.714154322318592050e-01
3.697449217264382471e-01
2.375470977618847623e+00
6.108172709767365482e+00
-2.154657649442684453e-02
1.344437174456628026e-01
-5.008687414855265141e-01
-3.250592518951878063e-01
2.135334473239547393e+00
1.159508138572277608e-01
-2.777557416637990717e-01
1.899263242790407979e-01
2.183427447567213076e+00
1.700051916184299960e+00
2.065868036484727610e-01
3.650694935566361488e-01
2.721181500942925768e-01
2.227357192080570591e+00
4.205108460044851171e+00
1.385894534396710509e-01
4.738380612453507723e-01
8.250825082105862907e-02
1.760114152738765370e+00
4.383726516969474574e+00
4.361175083894864302e-01
-2.628863248448284340e-01
-6.180247256525550625e-02
1.447130666791646814e+00
2.364899356502690342e+00
-1.944903144519117832e-01
4.033666707189109135e-01
-2.011871899596611168e-01
1.061809093725909925e+00
5.438176412372336621e+00
-1.980672746826079300e-01
2.147395635397809921e-01
-4.495953939272413491e-01
6.522676323494461803e-01
5.731654746697993019e+00
-8.051868296344198705e-02
3.779587791182996148e-01
2.380239235982327950e-01
2.102653059236413213e+00
5.006332326301918378e+00
-3.957657189761278893e-01
1.205219492030194239e-01
-1.788324238338212802e-01
1.287524857921884758e+00
6.239287044674715510e+00
-1.576576776261370133e-02
5.099129114719475053e-01
1.265392276768861068e-01
1.877386291967001908e+00
5.044932069177670897e+00
-4.645715681356410443e-02
5.005247554040914704e-01
6.318982899964366295e-02
1.673455471684366591e+00
5.038833600938117385e+00
-4.794249510936279823e-03
9.798950287123624203e-02
4.503641998459040896e-01
2.888492387076275314e+00
5.297448009467429664e+00
1.041489878521454499e-01
2.254684829529127466e-01
-4.801370469030808441e-01
4.560919231994960965e-01
4.292168988592265144e+00
3.290526824079931800e-01
-1.935284162597160351e-01
-3.203780943319704533e-01
8.719616386856028356e-01
2.311740903453835649e+00
-3.828605659167267361e-01
1.798472617633268406e-02
8.336551676683756629e-02
1.826454008492169878e+00
6.461759108451784250e+00
3.467296406226708649e-01
-7.035962078233015671e-02
3.808889485485528192e-01
2.510548937127845548e+00
2.720273324234360413e+00
-1.497507774905082745e-01
2.058933035293129821e-01
3.690673379975091817e-01
2.560526945570220203e+00
5.622209702760271988e+00
1.663762118985209759e-02
-3.286875614667950640e-01
-3.383508566412679608e-01
7.399835987481777622e-01
1.501024332156237984e+00
1.130613451073238934e-01
9.083980111970288429e-02
4.444762370083153447e-01
2.930651107352313822e+00
4.123652716516978067e+00
-4.608233025189561322e-02
3.667924723909694040e-01
-3.918979698889648033e-01
7.917867886219761564e-01
5.091231292731913882e+00
1.763073611993346348e-02
-2.865329893005890693e-01
-3.987598819797133487e-01
6.601979172788581263e-01
1.504660333878758305e+00
-9.044456087683442789e-05
2.295718086587581613e-02
4.410285727880624007e-01
2.919676758830430430e+00
6.243861333568738736e+00
1.050557365459545561e-01
-4.157605697553822810e-01
1.304551204016357324e-01
1.983705651800214964e+00
1.570497005841300586e+00
-2.658800015137530726e-01
2.248062462967033992e-01
2.390061369177717554e-01
2.182161832396281032e+00
5.869356041574123495e+00
2.719789011081602537e-01
1.900190920316333076e-01
3.714834549980015055e-01
3.751609369218801504e+00
6.298297082538263369e-01
4.716423299542390479e-01
1.825779788384774560e-01
-1.759083462696788003e-01
1.247893041207586595e+00
3.324224922174285446e+00
9.355777786677192676e-02
-2.203795498318534274e-01
-4.286491490184206610e-01
4.765121347157967868e-01
1.750806253602343210e+00
2.276658796397452722e-01
-6.162605968888336394e-02
4.215013869642689759e-01
2.771162534544791445e+00
2.683300361303665227e+00
1.247422713836124075e-01
5.309499452081084536e-01
-1.738682410637570680e-03
1.551421882840949396e+00
4.434846307552445133e+00
3.711283821341510580e-01
-2.203217456627926119e-01
-2.482728931936100392e-01
1.026684490986570664e+00
2.360773388345284385e+00
4.392902131369775254e-01
-3.997071669559226770e-02
2.510550644119267094e-01
2.242233327520307906e+00
2.912276347450588609e+00
-3.129741272262827056e-01
-1.261300095599653948e-01
-2.335425964278430300e-01
1.116068210406802930e+00
5.202126153460882030e-01
-1.967292679980041370e-01
1.700605643455192773e-01
4.008216937476451469e-01
2.564258170415837590e+00
5.827448721635364315e+00
-3.028518126955118128e-01
2.395390113213122230e-01
1.281215673623881390e-01
1.901018858488294772e+00
5.867750214379833906e+00
1.681229506019588094e-01
-4.170726911826185823e-01
1.007685436695586467e-02
1.809233234369318266e+00
1.714909820960681230e+00
1.458008524060575850e-01
-3.060483709828716314e-01
-3.756274827012401341e-01
7.306740562195467303e-01
1.809647015224006061e+00
-4.827410157044764727e-02
3.034467345013647788e-01
3.758477707082470420e-01
2.507642159636393142e+00
5.155111178945648298e+00
-4.231199824047961466e-01
6.135506774865597673e-02
-9.238127355402250829e-02
1.389221468707811713e+00
1.333188416715209990e-01
3.528856535817275625e-02
4.129741471820312926e-01
-3.635259408872846265e-01
9.260262018915582649e-01
4.725146102287093086e+00
-3.129184849613878688e-02
-7.497065293156081334e-02
-4.978008260400734186e-01
2.649754513675236511e-01
7.903442947245369332e-01
-2.090330403916979274e-01
-1.481039515451292865e-01
3.627323652505270446e-01
2.491987624385131994e+00
6.483437704210813779e-01
-2.090422765988732556e-01
-3.750618681651318176e-01
-1.011290536244876248e-01
1.316491516042407550e+00
1.143473679869514648e+00
2.448665957765236156e-01
-1.436696130881033595e-01
-4.525053960771847072e-01
5.550321254006519434e-01
2.332537461461858808e+00
-3.297147622564312042e-01
-8.666302034154645118e-03
-3.185181229276711767e-01
9.141816127961502891e-01
1.636975165609207139e-01
-1.535507991633513480e-01
2.758321186365256250e-01
3.292309946689181421e-01
2.392950909599021792e+00
5.487295395041672741e+00
4.730725669773223063e-01
2.625491837336466072e-01
4.164105966982251800e-02
1.746228496742175507e+00
3.438367477857242172e+00
5.404656787872667012e-01
-1.360751199003157608e-01
1.146387763871634796e-01
2.017779384498282980e+00
2.407577589748939317e+00
4.693172404549502130e-01
1.067618840746378112e-02
2.313532124252992705e-01
2.276077591737619699e+00
3.127037201966317514e+00
9.915403442089146258e-02
5.194331384540589180e-01
-5.230149102573138087e-02
1.537596030279511528e+00
4.739603989789899607e+00
-1.839366994733353244e-01
-2.069247910385532963e-01
3.133362163963217539e-01
2.417030293070607350e+00
8.393170151355502373e-01
2.380019976855042296e-01
1.267409547068525655e-01
-4.558750163309557846e-01
-4.588179391701836529e-01
3.959758963147954614e-01
4.325595206856343994e-02
1.671630041357984042e-02
-4.983415005561800948e-01
5.182837788493483561e-02
5.409455992743686714e+00
3.712225681694353296e-01
-3.019106374618361621e-01
4.807407032973667893e-02
1.676113361706380811e+00
2.203199106886395864e+00
5.345331111945740045e-03
3.895698352352851002e-01
-3.822482196813137278e-01
8.755980518709044480e-01
4.947968045647972879e+00
-8.264636438702825660e-02
4.963623827508313324e-01
-2.746290269302587711e-02
1.527909527581178706e+00
5.187812513949876525e+00
2.682151597635226148e-01
5.123750772607807424e-02
-4.768013339799558881e-01
4.685738550539483294e-01
3.198277173275318130e+00
1.236189164234293286e-01
-1.283387973271264970e-01
-4.728067828735956213e-01
3.465395357469211457e-01
2.061551270505982192e+00
1.036309957663948539e-01
-4.263723690686627155e-01
-1.505340176717051004e-01
1.145987761154388496e+00
1.713927844504469000e+00
4.138409146865396626e-01
-4.404494560363677452e-02
-2.118385318736504264e-01
1.075628704465138918e+00
2.811488312193441086e+00
-3.642554462893073108e-02
-3.173172359995186098e-01
2.445391937386395265e-01
2.287913478881341778e+00
1.335884434619748484e+00
3.818479187398599040e-01
-2.971975217812388159e-01
-6.784057538194984693e-02
1.462466715186358179e+00
2.197811649626240982e+00
4.284647988676577590e-01
-1.109559294511268945e-01
-2.619845675832832566e-01
1.035291137540529594e+00
2.673622855403302356e+00
-2.091729724844943183e-01
-1.007058577198981369e-01
3.345060690069164289e-01
2.507913401409303411e+00
5.516585648270867503e-01
-2.271364783338328253e-01
2.670660274229927356e-02
3.929219394327638226e-01
2.555611886405904087e+00
1.372852194372754797e-01
-3.910889184928035833e-01
-8.301290431452426621e-02
1.180181825860849437e-01
1.882071676107537339e+00
4.491218455307420809e-01
-4.076479728556833826e-01
3.695659546731726308e-02
5.046579818613526613e-02
1.724858486034684502e+00
1.606356796746866988e-01
2.576814210640234262e-02
-3.645904864781373544e-01
2.349375954013793455e-01
2.036367259390997830e+00
1.625279744279721772e+00
-1.201278194909200375e-01
4.324693555607767026e-01
-2.917726936362146639e-01
1.184553775467636960e+00
5.058869625934977243e+00
-1.489600281863138476e-01
3.608884020377325919e-01
3.381669951720422951e-01
2.302232570935946132e+00
5.322215274953368436e+00
7.335789049484137125e-02
2.212962176480988696e-01
4.272980416465561593e-01
2.669626930527889019e+00
4.614378914224135819e+00
-2.330438281685385249e-01
-1.595687795584557478e-01
2.481827785866625169e-01
2.266905291348109142e+00
6.830785186861244584e-01
4.683244018297848532e-01
2.992386239647489288e-01
-6.009176795715176489e-02
1.530499517240471397e+00
3.549727255462341358e+00
-1.196420711114585672e-01
1.299773396756911392e-01
-4.655287763030923065e-01
4.621080476242800938e-01
5.738736039784416931e+00
3.574126402215508924e-01
-2.496955691070872896e-01
1.311605270035244575e-01
2.066185911782802087e+00
2.376800546014123050e+00
3.161270978861192571e-01
-3.363896346068672161e-01
-9.915105997059715792e-02
1.400698541483519577e+00
2.032661143774670442e+00
3.516798659717563780e-01
4.164952803015276595e-01
-7.922389202132333608e-02
1.534729571742368570e+00
3.907277816635966072e+00
3.327793521336538385e-01
-1.507622801090711118e-01
-4.023598302800153181e-01
7.245452469860831357e-01
2.528076290444036811e+00
4.874049010380503422e-01
4.635911954242659221e-03
-2.786904367155043638e-01
7.944646550670393381e-01
3.428023749052703906e+00
3.870409187163408871e-01
2.955645811311631843e-01
2.319244455182487286e-01
2.152562407117447840e+00
3.702529455095185718e+00
7.558311803752554292e-02
3.940727542355640378e-01
-3.952283468481427309e-01
8.614676072228104609e-01
4.607942496022731760e+00
-6.604399940723826301e-02
-3.871610078419194245e-01
6.764827489299994612e-02
1.620716876145736007e+00
1.191286749258694044e+00
-1.005157356943877228e-01
5.079956689150405547e-01
-8.478094058531150667e-02
1.445713684126994858e+00
4.851905362060513482e+00
4.107253650898930880e-02
-3.327954676026361747e-01
-3.025301550318726385e-01
8.779009899168285225e-01
1.487045885761627995e+00
-1.619758671365623681e-01
-1.417465394901750164e-01
-3.779989604470841424e-01
6.455921968742813766e-01
7.102833853500676309e-01
-3.384859160314926951e-01
-1.813155574206236076e-01
5.574304996261969514e-02
1.739982063461701811e+00
7.001719490192270801e-01
2.923381569057547646e-01
1.568371029416879836e-01
-4.443624978175856333e-01
6.043992784289941023e-01
3.551111388051700235e+00
2.418648303142558742e-01
1.419757999746621147e-01
4.434405845128128743e-01
2.811779142220134808e+00
3.732235789498779432e+00
-3.449088469171314175e-01
1.383941998505799076e-01
2.160715828325426857e-01
2.093517813305333153e+00
6.117231343544715649e+00
-2.788586849879672314e-01
-1.283805360915979410e-01
2.107001566911586854e-01
2.156036691768518310e+00
5.870025122260517092e-01
2.679088350328107659e-01
3.346450156606526893e-01
3.632950593859904931e-01
2.348921031302616313e+00
4.063097408837358593e+00
1.356837763125752494e-01
3.300261639986703383e-02
-5.220747791573410179e-01
2.782340950166174998e-01
3.331073216206217324e+00
2.986796072410306813e-02
5.161213554891235233e-01
5.789972914924683411e-02
1.783204911646314894e+00
4.915444450693462031e+00
7.262682561641481405e-02
5.225629526531844204e-01
-1.485480964222218314e-01
1.312213032716406991e+00
4.519350475451261673e+00
-1.829338144896555662e-01
2.202256839623520646e-01
3.853086581921946197e-01
2.494240821638995964e+00
5.727519380029323592e+00
3.692001294453957638e-01
2.703849927925928709e-01
-2.134749821892318322e-01
1.144757800147158111e+00
3.652991797594145051e+00
3.070953201342200845e-01
-3.346649347606647229e-01
1.729225438037915175e-01
2.111742374000692202e+00
2.239395452127065145e+00
6.831478053479493606e-02
4.335022079174210008e-01
-3.121917381426513316e-01
1.021514367790937960e+00
4.745169264752897575e+00
2.673183625142091513e-01
4.723671493029177326e-01
-1.007035218785353736e-01
1.409792315863468870e+00
4.101715255811350325e+00
4.587490571558321406e-01
3.211275777592110248e-01
1.271465208748752962e-01
1.928136952433898044e+00
3.615272123394987158e+00
6.973885891990269648e-02
-1.384026759719293176e-01
4.215352251721362631e-01
3.484617477795661333e+00
4.751993261206288288e+00
-1.207068510339160822e-01
-1.485528150379896717e-01
3.580036181105084037e-01
2.597332061115461332e+00
8.949263958315049061e-01
-3.391458253821647562e-01
7.498478332850187777e-02
2.079795441897611952e-01
2.107549345909068172e+00
-1.116125840839433947e-02
-8.740268208378106085e-02
-4.097719080258966917e-01
-2.917770482596706780e-02
1.578811824188365298e+00
1.476898270524959811e+00
4.492155455029614441e-01
-5.069730515288486256e-02
1.314992817578570505e-01
1.948578835975996792e+00
2.804293641707888973e+00
-4.049503623586061529e-01
1.684757078025693189e-01
-9.702984360221016125e-02
1.464091409747334316e+00
6.178319290190790625e+00
-3.399851923072300663e-01
-2.062872244432609470e-01
-1.752758032635886032e-01
1.208507979110979846e+00
7.128007777570627423e-01
-2.306774439588111514e-01
3.945027039667723390e-01
1.428438362052300570e-01
1.888141431842626394e+00
5.460246208933077661e+00
-3.516129710994213564e-01
-1.958208643688779393e-01
-1.517924424344237883e-02
1.549826430229929608e+00
6.395995312978425273e-01
-2.363543342357559696e-01
-2.812088604443267470e-01
1.577232228686209492e-01
2.017555901029497445e+00
9.672617591167816942e-01
-3.176838526202837576e-01
2.558323799497716489e-01
-1.918144073427529850e-01
1.282501383845788601e+00
5.882365143705086119e+00
9.771791268940170638e-02
6.233330516787628783e-02
-5.161193417921297044e-01
2.282031273901265478e-01
4.019195546773779881e+00
-2.901292508487543498e-01
3.775381343264032075e-01
1.155747661865691306e-01
1.816034712616863001e+00
5.588774062818647081e+00
4.001670084452572107e-01
3.561684405958956412e-01
-2.332954962970950619e-01
1.239824190035246687e+00
3.783521349384635801e+00
-2.903284915802072930e-01
5.064076016619282333e-02
3.135793996268096961e-01
2.213588202259520799e+00
6.151116692612916381e+00
-1.780595741282574584e-01
-3.502233894892900490e-01
1.543059609243562225e-01
1.957443561268876753e+00
1.186543732275935570e+00
-3.866425260475945813e-01
2.226864863640296843e-01
3.545333007218279264e-02
1.687016717232476148e+00
6.008154160911460373e+00
1.520700827471326844e-01
4.788924101127899347e-01
1.800716529072815819e-01
1.915612940264288744e+00
4.434043073089518394e+00
-4.063970054490280148e-01
8.123565073796855385e-02
-8.328749099960753091e-03
1.602082472080855746e+00
6.375308367230020146e+00
-3.427164689493772953e-01
3.316126050631549860e-01
-1.643034794724274883e-01
1.222376291587009112e+00
5.810244430115594660e+00
1.982941516725613418e-01
3.573905589640057334e-01
-3.496005307725364442e-01
8.816274351143148502e-01
4.291678317390054787e+00
4.829217151926228913e-01
1.366655331085170344e-01
2.248472525318758186e-01
2.113548432332277738e+00
3.284051275530899261e+00
-3.455814746153518802e-01
1.912316207363462528e-01
1.746566276394115880e-01
1.984575728496309255e+00
5.996699949259754803e+00
2.395809753038037893e-01
-3.526805399630580928e-01
5.302154079285209543e-02
1.968766412588875969e+00
2.068250692165355620e+00
-1.835979995647194982e-02
-2.841152620583147770e-01
3.267477731504858651e-01
2.438724730796581586e+00
1.511037963429612718e+00
4.757989455987202687e-01
1.357961672083897453e-01
-2.723828561980084495e-01
1.083116141841223179e+00
3.291277297908289157e+00
-2.959229346280229378e-01
-1.039904466917895703e-01
2.419247198784017228e-01
2.242248992168654809e+00
4.673680386785795671e-01
4.504836354695333500e-01
-1.047895512430392223e-01
-2.400186666616702380e-01
1.093472508292318457e+00
2.715761755978147285e+00
4.857377283257777179e-02
-1.240973432600943893e-01
-4.723680094523696749e-01
2.779514054836429993e-01
1.522617880398649648e+00
1.588490330198901734e-01
5.208141555324902194e-01
-2.984752893532376800e-02
1.595501695585912705e+00
4.340658431418663810e+00
-1.347882344703433544e-01
-3.234284578554295075e-01
2.439044015900364293e-01
2.202512266577012934e+00
1.154183376856594334e+00
-9.443096733948694310e-02
4.325600963367822183e-01
-1.718919101887187162e-01
1.307517746579248463e+00
4.950842950457611025e+00
-2.317859543801095712e-01
4.520040364633833296e-01
-8.939366437538744103e-02
1.474921684192889382e+00
5.519728545344314341e+00
-2.278993388383871721e-01
-6.799114719605846291e-02
3.457494911792457493e-01
2.468282021873463350e+00
4.576497023504468298e-01
3.799475207319278902e-01
2.512205528807320842e-01
-3.808624118798615843e-01
8.512209668190366951e-01
3.640313592943677179e+00
-3.782321522546960857e-01
-9.759570415997717574e-03
2.319838436489906619e-01
2.123478405734194663e+00
6.500772687027024155e+00
3.208635914641601028e-01
-3.320318415715674543e-01
-1.763970956905664689e-01
1.197021790032975375e+00
2.095593562734511917e+00
2.907237430541148027e-01
-2.936990063705272047e-01
2.307740476969081245e-01
2.195757786764253261e+00
2.136207675064394351e+00
-6.771839580871347186e-02
1.295546306558605365e-01
4.248496385646172713e-01
2.766994561416125986e+00
5.453234135630229851e+00
1.065011820355112188e-01
-2.573030099349959965e-01
-3.928113690126687207e-01
5.964712808609212713e-01
1.764712969533696940e+00
-1.763588316416114521e-01
1.493542943567043590e-01
3.915789820821538592e-01
2.603376807295857631e+00
5.859400022856655177e+00
2.792731098149324187e-01
-2.340736385712625378e-01
-2.468458337245653667e-01
9.635264766139078896e-01
2.214882924706428557e+00
-1.405397855400679352e-02
-4.105949954011475223e-01
6.836392137335892127e-02
1.841889863820358464e+00
1.572639780720636926e+00
-7.965351704544550160e-02
2.140603019778901384e-01
4.161023343051079570e-01
2.626793149198547894e+00
5.319079122329307019e+00
1.190764889439103053e-01
1.699823146692026055e-01
-4.851321480360699101e-01
4.106101558506813909e-01
4.297424132120795548e+00
5.073174898158516744e-01
-1.279805213335730163e-01
1.305250535442980531e-01
1.968285179793163087e+00
2.677787002529138149e+00
4.619806293569312938e-01
1.779817073159436769e-01
-2.128318656592661506e-01
1.184978648177800187e+00
3.352803750169849550e+00
3.111892793867120366e-01
-2.548993915719160452e-01
1.947588842007154930e-01
2.164421550781628234e+00
2.229998385154951190e+00
4.263820124095237252e-01
6.210119423909405550e-02
2.777485760059038578e-01
2.287859181661871411e+00
3.260259970830032383e+00
-1.172794879218332087e-01
2.717400175468986379e-01
3.807178263032808818e-01
2.453037887512838910e+00
5.374010293821831041e+00
2.406495773247670777e-01
4.641581347983787520e-01
1.420433763816451589e-01
1.830866168443134878e+00
4.167833826040283185e+00
-2.889854320739501659e-01
3.255179114225758563e-01
1.444003746259860388e-01
1.949434490415830501e+00
5.702639954203410966e+00
-1.011742348444429479e-01
4.721399535076696297e-01
1.639298376477658359e-01
1.875520512968736897e+00
5.132922664642843635e+00
-9.117666396405860185e-02
4.568960050056750100e-01
2.096847941408979954e-01
2.020558476805125014e+00
5.149563906221941600e+00
4.296812511448254712e-01
1.878538629953280248e-01
-2.650826949802741472e-01
1.053658030995952011e+00
3.405601733994910507e+00
-1.801014023573311307e-01
2.390618100401907531e-01
-4.196581640837556693e-01
7.055795745356686632e-01
5.635884993426423684e+00
2.552387450715190020e-01
-2.188449025011287574e-01
2.700880222854274426e-01
2.400116914508767074e+00
2.217653019399440595e+00
-2.868599020345921624e-01
2.303801523907857141e-01
-3.337969397432214991e-01
9.636160500453505584e-01
5.826969952680561171e+00
2.226704746119056166e-01
-2.051300307576775506e-01
3.526198956210657709e-01
3.723957050938662139e+00
5.301253701472379731e+00
-1.191061758233350060e-01
7.816949897525235502e-02
4.192577113124265065e-01
2.916697003905182495e+00
5.865248755589163920e+00
1.999832875542716104e-01
4.222018720070099262e-01
-2.838161359510607551e-01
1.080702740486330304e+00
4.267828161586539437e+00
9.746968757156593277e-02
6.689655353512326263e-02
4.563511936946428316e-01
2.896700862323283499e+00
3.645655523507986828e+00
2.001635958732556619e-01
-3.740624956856858363e-01
-7.363340456066731765e-02
1.504272476913907974e+00
1.770914353927111717e+00
2.432339046455108955e-01
3.812657660737429621e-01
2.446988481142646221e-01
2.078433441286624550e+00
4.290683794253933314e+00
-4.183639326506904954e-01
-6.138003508504956407e-02
6.147859862133287639e-02
1.767103917368930688e+00
3.486563502106085344e-01
4.875730276432297949e-01
4.492332776824829038e-02
-2.065322650397503623e-01
1.181148231440156904e+00
3.030368188158166554e+00
-2.709513537473753897e-01
-1.746268536919904357e-01
-3.153772733712390530e-01
9.097976487506299614e-01
5.509754985851782472e-01
-3.836505584282318138e-01
-1.173811848167616578e-01
-2.006567763329334952e-01
1.155007105789529476e+00
4.225097701283368479e-01
4.380023749655202470e-01
-2.050712641280104664e-01
1.801811891249414932e-02
1.611390526301892168e+00
2.450820677225477251e+00
1.625197043778843775e-01
7.816545606718730554e-02
4.663532253036284936e-01
2.794060165476960123e+00
3.365790335390061117e+00
2.535858852719213297e-01
-9.137325223965822585e-02
-4.557202938663376113e-01
5.037416227783116929e-01
2.531933835934043753e+00
5.674862282138566638e-02
-3.519780394728053759e-03
-5.043660367186290072e-01
-6.424442030220978150e-02
2.798425070229731748e+00
2.537032275922975755e-01
2.605525541863654149e-01
3.759670934582772239e-01
3.808479723577549159e+00
8.155876401206103576e-01
1.402556792505419980e-01
-1.981390529672379386e-01
3.567945748978293419e-01
3.619086850427661428e+00
5.025007529851262866e+00
-4.894778909772534020e-02
-3.836879643028751619e-01
1.716374912771522210e-01
2.083327850614492771e+00
1.444666700126453929e+00
5.790058471315321677e-03
4.152095981629675414e-01
3.177746810146545586e-01
2.272752005312956403e+00
4.900112020932209766e+00
4.366726092766778367e-01
-2.786722127035168306e-01
-1.029274565424872223e-01
1.356939686319295957e+00
2.318922332903874839e+00
2.101938894464720209e-01
3.824377454683304256e-01
1.799068216670147435e-01
1.979162220351575963e+00
4.243599861081924551e+00
-3.732221141164089317e-01
6.873946932313895752e-02
-2.282360159888410789e-01
1.184683551065339957e+00
6.320936375869186108e+00
-3.740984217422193003e-01
-5.355698075512393269e-02
1.538258118814609943e-01
2.020739644219229803e+00
2.847906640087760066e-01
-3.731608955537438210e-01
-1.200938303718372402e-01
-1.434183425477308649e-01
1.352313572227234584e+00
5.046413405623180193e-01
2.241461902602995271e-01
8.760034362245985862e-02
-4.847451550305073020e-01
3.950294782447642539e-01
3.380570952530991935e+00
-3.022105848191992683e-01
8.110554444822196118e-02
-3.011832407296048397e-01
9.451969313513527426e-01
-8.913625451361607485e-04
-4.101871929337777556e-01
9.157478734527980946e-02
1.161767555722522105e-01
1.864393400126412415e+00
1.876373191833087886e-02
-2.039038140179405545e-01
1.144621367091334073e-02
-4.034164929174083314e-01
6.139487504763836423e-01
1.731135194010585687e-01
-7.253928976733513279e-02
3.903527835830840065e-01
2.834921644387424777e-01
2.200656875444160221e+00
5.115822290403774453e+00
1.761260045697146948e-01
3.520905994731873268e-01
-4.280092071756668726e-01
8.038109632400139981e-01
4.239745761156810566e+00
2.954291520140402971e-01
-3.278328600403623838e-01
-6.747508992329545596e-02
1.466020847427183638e+00
1.992636508411066876e+00
3.300074262348668408e-01
3.124628357566346382e-01
2.280992192859867262e-01
2.100585027471930211e+00
3.843863709202723022e+00
-3.710915567234365220e-01
-1.823899525940467503e-01
-6.855931449648404452e-02
1.484716547524824071e+00
7.142874576632618489e-01
2.811905704330107114e-01
8.056157393722118698e-02
-4.720449321366553819e-01
4.960156619292988012e-01
3.312431299836857690e+00
6.065736579271436418e-02
5.212057811696816367e-01
8.599307324456670343e-02
1.656013983320243854e+00
4.823796883454320117e+00
-3.728062286468609154e-01
-4.230228730828280298e-02
-1.832449157077019053e-01
1.236744988441674131e+00
2.717582135714400327e-01
3.124256199219707739e-03
4.105961897967818630e-01
2.709287549506793069e-01
2.081329102078157689e+00
4.808852357349353568e+00
1.524930900257956690e-01
-1.367179197115994949e-01
3.920359094722040694e-01
3.507745200473017633e+00
5.223761927010531103e+00
1.514206050957091487e-01
4.755096013366108543e-01
1.529199564539881762e-01
1.862410811620671236e+00
4.345547037885299169e+00
-3.359108922762876759e-01
2.971577709574183546e-01
-1.671858688429110618e-01
1.365287491268022180e+00
5.830036804183537313e+00
-1.691465506315352751e-01
7.603033185247720649e-02
-4.158257570078721654e-01
5.360755167903102913e-01
6.061745310758955618e+00
-3.924796948130002683e-01
2.562083772059486897e-01
8.079300077022541493e-02
1.777412595544810792e+00
5.999903476468158026e+00
-3.947720867290495650e-01
1.407008605965912318e-01
-2.487537574118078576e-01
1.159562662859613624e+00
-1.351538492776356293e-01
2.255281142563792807e-01
2.817072138475703591e-01
3.451806452858363627e-01
2.418771936554369617e+00
4.074715287522586493e+00
4.739325966796943956e-01
-1.747449017389964554e-01
-5.182220754107482591e-02
1.574794762051344277e+00
2.517599409207646133e+00
3.082534351426166053e-01
3.838625387801252731e-01
-1.927175852337218998e-01
1.255147000187142092e+00
3.943259228138126460e+00
4.789165196819005765e-01
8.694362974218905471e-02
1.917833871631428877e-01
2.073488756176419034e+00
3.170486554708822347e+00
5.190504667446106390e-01
1.313211018386525597e-01
-4.336604450367797722e-03
1.607553114286293994e+00
3.147000128655897733e+00
-1.007728583744330331e-01
-2.724352681278226496e-01
-2.340500285161634109e-01
9.725121557003383321e-01
1.195406097536410250e+00
-2.565078248541132755e-01
4.537990194496013124e-02
3.627111170213757618e-01
2.476046144874256338e+00
5.640209932372958895e-02
4.908559501479860532e-01
9.214515465998674923e-03
-1.475842668230981369e-01
1.274224523374680063e+00
2.899503982972936544e+00
-4.040389769891687965e-01
-7.973129026653087703e-02
-7.078285250854290944e-02
1.566182282282360338e+00
4.124925673329605247e-01
3.729275887404508438e-01
-2.607672315209878522e-01
1.166250463498578749e-01
1.827120490233255845e+00
2.254534729675798044e+00
-8.068055907858058540e-02
4.753935876078141387e-01
1.160839925331806077e-01
1.808876853581016464e+00
5.112678524493560417e+00
-1.189664729111241694e-02
-2.353683645610976094e-01
3.218568717500275289e-01
3.754806130226918892e+00
4.502842104695779391e+00
3.601390647740932982e-01
1.853103332467387621e-01
-3.899078253506632619e-01
7.599628235099632478e-01
3.509900973604776375e+00
1.474407322237141771e-01
1.888745357632443667e-01
4.376098378438595393e-01
2.722713379003203205e+00
4.225484112087365851e+00
-3.535526207951810718e-01
-1.191849263322931063e-01
2.016974675599025879e-01
2.084996426708159323e+00
4.803306826906834082e-01
-4.336376079493467484e-02
2.340080177809244003e-02
4.506167702553131038e-01
2.799409542702145703e+00
-5.273064815942052688e-03
1.269987005628280263e-01
-4.159703377126840462e-01
-1.105957124498744421e-01
1.367721056332654284e+00
1.554309031894530513e+00
4.150243880619649550e-01
-1.261345401844135572e-01
-3.567476354150185824e-01
8.625433052920611354e-01
2.609222221051291424e+00
3.322541265935211041e-01
-3.467798950704046312e-01
-1.332743475292412216e-01
1.300953274534151216e+00
2.057401166681420701e+00
-1.314026132754805287e-01
3.876662909415614644e-01
-2.996812818039098492e-01
1.054273736203446665e+00
5.272180114606247692e+00
-3.275574449022402579e-01
1.614687482608028746e-01
2.651168477588592420e-01
2.196883091723916159e+00
6.041021048784318559e+00
-2.432783118025942382e-01
-1.720099213900706525e-01
3.203067606452273397e-01
3.925956055124945276e+00
3.827751126268136517e+00
-3.741944147781705587e-01
1.638143170602386900e-01
-2.281050303250154454e-01
1.198067009977204389e+00
6.094967006671698329e+00
-3.166207965862249396e-01
1.644273497215610058e-01
2.212991230801123754e-01
2.135345598809537560e+00
6.033805411832831922e+00
-1.436821101882101159e-01
3.958448709772869334e-01
2.110928461709742632e-01
2.056849355622699882e+00
5.314966006033738033e+00
1.602078508656888389e-01
2.947969493904064042e-01
3.689268012002399622e-01
2.482302773366404480e+00
4.289451732821518704e+00
-1.951116694473379598e-01
5.377925660981222600e-02
3.854197444739048684e-01
2.609959267526836157e+00
-3.150482944367654498e-02
2.317866945113809529e-01
-1.390430335123130634e-01
3.942136585489973144e-01
2.676039686697275322e+00
2.375942860526234934e+00
3.486838688730367064e-01
-2.741497924752782644e-01
9.864368405041576415e-02
1.736905858667700198e+00
2.130102516235064858e+00
-3.253460598388774883e-01
3.266277972523438100e-01
-7.931976129874497572e-02
1.514832984367785906e+00
5.804553405289895274e+00
-1.456036034908811949e-01
-3.964185934671441980e-01
1.066745977547407243e-01
1.888318035522799088e+00
1.361639037082795767e+00
-4.090583398998079434e-01
4.333327867249320980e-02
-2.783569189446626346e-01
7.181527701264586172e-01
6.151118997387686527e+00
-2.142917557245446747e-01
1.961918558696267578e-01
-4.040968985429269633e-01
7.213326432742441785e-01
5.804188550109177669e+00
-1.045509255595707121e-01
4.471663047152350107e-02
4.249193253902116552e-01
3.577485148986474073e+00
3.043841351395803585e+00
-1.410981087987054350e-01
2.103079964066634500e-01
-4.278114330565084833e-01
5.950630100241272036e-01
5.643204247352165304e+00
4.372978095273751808e-01
-1.942172646905704902e-01
7.394190966178629254e-02
1.705439894015212454e+00
2.412247679307224058e+00
-3.524042722978076945e-03
3.111822160764036171e-01
-4.427734738621361132e-01
5.871987245567226177e-01
4.832504764090239213e+00
-3.040502501787107348e-01
-2.578291610044515236e-01
4.907442087677420933e-02
1.811606256509521895e+00
8.257530955115166549e-01
-1.614315898626404455e-01
-3.758483440883164661e-01
3.050000369943227027e-02
1.707302086954612275e+00
1.302596826517021800e+00
-2.144361155777455008e-01
3.102737844304312986e-01
2.823024700320170277e-01
2.238108167168962659e+00
5.582902944489472219e+00
1.260316255634677807e-01
-6.125910037992102208e-02
4.375029685791355649e-01
2.795199259039536255e+00
2.629750640185673394e+00
3.734132230749372394e-01
3.488084166372404926e-01
2.599961150332163462e-01
2.014966121280701294e+00
3.905384911084590627e+00
-2.397557745264839724e-01
2.871381574771349476e-01
-3.451476922928273794e-01
9.601881029629879549e-01
5.674193853762647954e+00
1.031657886881146430e-01
4.454964129361859565e-02
-5.214758455111071500e-01
-2.289988339891791957e-01
2.931855887429357099e-01
-2.928880898655927822e-02
-4.106883481782219736e-01
-9.915698054694538355e-02
1.270111979064352026e+00
1.436604226078907587e+00
2.310335066439918872e-01
-1.651678143644615473e-03
4.271940060409242235e-01
2.692692708250508105e+00
3.050873836811626383e+00
1.339113172441273869e-01
-3.596003016543570241e-01
2.202290236018318303e-01
2.046025680440568539e+00
1.880502467521684373e+00
5.198687513203078536e-01
-7.029550547705177730e-04
9.288600377914857376e-02
1.894046662251729796e+00
2.943454576125873690e+00
4.655023684264195105e-01
2.041764243833029194e-02
-2.354498993953159092e-01
1.092653560194314810e+00
3.013608080452684135e+00
-2.730731191758577481e-01
-3.010854541221901215e-01
-9.527092472076562069e-02
1.372440094538047051e+00
9.319019011145875941e-01
2.839052075033841049e-01
3.685482385478826006e-01
3.041372634378380346e-01
2.170355524294785177e+00
4.076297449177444854e+00
6.399930806961975915e-02
-2.812056826361533646e-01
2.706528186351357390e-01
2.243643105839520757e+00
1.715745781690003469e+00
-3.718285309736873434e-01
-1.839203362586730173e-01
-1.153206765736432445e-02
1.601429012687662912e+00
6.499832594926852058e-01
1.775669529677854352e-01
-4.597078513247158937e-02
4.160978898826484529e-01
2.907391375837856007e+00
2.544015484504973390e+00
4.160077118564625143e-01
1.216672977361980962e-01
3.112137288713220928e-01
2.305585217123922170e+00
3.391180134979907113e+00
4.193877164292691972e-02
-4.195518934881396489e-01
-8.378048898849600745e-02
1.471397764630140603e+00
1.392898475748990617e+00
-3.441811936026714092e-01
1.785538553617882218e-01
-2.623362426224554178e-01
1.110854118284787972e+00
6.053228612728391411e+00
3.766725950858398342e-01
3.633514972414920163e-01
1.308713680743125440e-01
1.857650477589321891e+00
3.791001029371786846e+00
-1.962191845960135905e-01
-3.139111473124633345e-01
8.023295412653196068e-02
1.751915999950304226e+00
1.195530284399252130e+00
-3.580382784903871074e-01
2.676609330148842503e-01
6.607126467606123932e-02
1.744388775559031934e+00
5.872474217499483728e+00
1.650927750062348431e-01
2.032391027730682254e-01
-4.761759699107058763e-01
4.652186061301690767e-01
4.033774611054430359e+00
-1.506284932220314510e-01
-3.692288578754087114e-01
-2.722665647735579286e-01
9.797224982577468211e-01
1.022683651345271505e+00
-2.339788606279064043e-01
-3.407965254399017430e-01
-3.246096630230584090e-02
1.482720524664688622e+00
1.090112412750796622e+00
3.154124585358915600e-01
-4.034765350477888951e-02
3.887140758083195147e-01
2.574699016374959015e+00
2.782854843931803934e+00
-2.513410712858524243e-01
3.390065011243110216e-01
1.580567991866171917e-01
1.949595006461668278e+00
5.606691014522373173e+00
1.400633323141599051e-01
2.328162801938752358e-01
4.079706037634336924e-01
3.656960888070949434e+00
1.128226570133744611e+00
-1.019688970882457052e-01
2.148849355159574703e-01
-4.845665960409879514e-01
5.479110550988368633e-01
5.433242576547360869e+00
-3.793926090108020732e-01
-4.180023608680368680e-02
7.926126953093733107e-02
1.819353050630821755e+00
3.422589111845222853e-01
-2.246650914780352337e-01
-1.135189140726134971e-01
2.926618371537723640e-01
2.384584948336128107e+00
5.727317944990829579e-01
-7.343190076503860846e-03
-3.500090762750069362e-01
-2.483041759148053307e-01
9.971533369949695524e-01
1.473725169414991765e+00
-7.001327104449577010e-02
-1.112056200215443824e-01
-4.732491119998770146e-01
3.372920948538789543e-01
8.721071845837552461e-01
-1.156125850108136316e-01
4.435541033561432034e-01
-1.929793962636681681e-01
1.201613702161318020e+00
4.926788408567280619e+00
-9.848438499944041358e-02
-3.548742692471575366e-01
1.809205154648806657e-01
2.103831927173605898e+00
1.298045053636309287e+00
-2.286504151949497743e-02
-8.694531406047042998e-02
4.074712927995727263e-01
2.884961645819928311e+00
9.539243696950409079e-01
1.682864641504132619e-01
-9.261711616709006334e-02
4.197544583148998809e-01
2.877518600182698894e+00
2.354767871281827851e+00
1.247504580735199486e-01
-3.574271400382406788e-02
-4.717540229528024986e-01
1.024814276584660316e-01
2.511289744720687001e+00
3.686263025547507621e-01
2.991662716686231960e-01
1.521816387853200392e-01
1.977663175823937580e+00
3.705266193828139709e+00
3.159399768509110196e-01
4.264763587051596527e-01
-1.122344258224280134e-01
1.457597248782144472e+00
3.965942685234923104e+00
-3.147357982010237643e-02
-4.462599653298927049e-01
1.422340858774924222e-01
1.976064954631796100e+00
1.294891879963902426e+00
1.837084512710400741e-01
-6.211885978616674131e-02
-4.767549355534750899e-01
3.799076959887424110e-01
2.539972426347111067e+00
-4.167073064213335232e-01
-2.738046298740934997e-02
5.148510767813318373e-02
1.752051681041644438e+00
2.608008935143455997e-01
-2.683953234652270217e-02
4.202474378037631131e-01
-3.531683393680799532e-01
9.327924721844803591e-01
5.008768442215859373e+00
3.843454650314753751e-01
-7.228139527756283211e-02
2.989122890641758845e-01
2.320411062985591855e+00
2.759257106346311161e+00
-2.287811856460257309e-01
-2.989720052906982284e-01
-1.764027637230518586e-01
1.228571265100655951e+00
7.264621400797055983e+00
-1.894999055927024390e-01
2.678568422956504810e-02
-4.412515231441867525e-01
-5.418966180619523287e-01
3.156523750745302337e+00
3.278288449789790171e-01
1.553288884639446310e-01
4.089338980287196557e-01
2.519326184903345034e+00
3.568259193536236218e+00
1.136197159719082445e-01
-1.875807073888537402e-01
3.899271797309803445e-01
2.737267754604129966e+00
1.846383693132997106e+00
-3.703675388991282957e-02
-2.792699472919915049e-01
3.067609317338158559e-01
2.413380966069568423e+00
1.424481601905266404e+00
4.517433560907656576e-01
4.209265544926275859e-02
-3.259909020867185481e-01
9.330894709407419052e-01
3.079545042598288873e+00
-7.764293735218645576e-02
2.233395499219931746e-01
-5.045591261016062479e-01
5.172567426011441816e-01
5.336389415160859961e+00
-4.136345258391200264e-01
1.137363999571656820e-01
-7.768517217445466971e-02
1.470353801027907803e+00
2.257300186142168971e-02
3.118026683163052648e-02
-4.507657416349915569e-01
-2.129153565508049017e-02
1.681665504822077883e+00
1.423303446074063894e+00
4.114367836348549190e-01
1.753207705098053237e-01
2.631516991671609129e-01
2.191083338710953399e+00
3.428655511177596260e+00
5.219336707017063759e-01
4.870759485735167565e-02
-5.909432714926337454e-02
1.563118002089048497e+00
3.015648553162780132e+00
4.215342666132864541e-02
5.036719899445843973e-01
1.327782618342161214e-01
1.822750781618190707e+00
4.865937839897164885e+00
-5.602046834701348427e-02
-2.680577978556366592e-01
-3.342799668995390938e-01
7.399291470382677316e-01
1.288837258781659667e+00
2.313768635478066216e-01
2.138317392819757967e-01
-4.401325424639605521e-01
5.932181439081170016e-01
3.880655343376222088e+00
-3.089610569729928438e-02
-1.266682099714853127e-01
4.040667460280314427e-01
2.830075522026625379e+00
1.089968757167003588e+00
2.995886821750151086e-01
3.713459252184583281e-01
2.474404902139043239e-01
2.089887055744183986e+00
4.083869750248370956e+00
3.075052118428307502e-01
-1.960906746737993978e-01
2.512530028440069785e-01
2.308753476935020199e+00
2.308918921432786320e+00
1.278497922252910986e-02
1.708847645616904665e-01
4.452605767676586224e-01
2.756740666160733877e+00
4.928429796657724182e+00
1.877018776788523247e-01
1.055504764654870697e-01
-4.933680054442874940e-01
3.260362690758599746e-01
3.549245601563823627e+00
3.555180562776708020e-01
3.530850325528101519e-01
-2.348905034693005434e-01
1.166280684173429671e+00
3.836445785875205239e+00
-3.192742876577907285e-02
-3.714073788732654702e-01
-2.186944782079352223e-01
1.054334223584225683e+00
1.308559166490287584e+00
3.136448445118659722e-01
3.827455582465528749e-01
-2.163204558855932602e-01
1.155391911241999248e+00
3.929925178330039515e+00
2.488670226006609032e-01
3.933495681679039513e-01
-3.534454702751350097e-01
9.339036028089083841e-01
4.140520796739818543e+00
2.737196688915192189e-01
-1.486608595525830967e-01
3.691899829093768792e-01
2.548851174999743563e+00
2.340558809203435953e+00
4.948267694501153335e-01
-7.253550556634545676e-02
2.426910742005899263e-02
1.615168515146107264e+00
2.769825771714737428e+00
-1.851446825971334031e-01
2.856995574240925873e-01
2.929829445678775457e-01
2.305351665731067534e+00
5.576898400701407077e+00
-3.568275351071256152e-01
-3.578498128030437736e-02
-1.178055439709204399e-01
1.339634543707951098e+00
2.858909253926928962e-01
5.089792372202270876e-01
1.049748555021275120e-01
1.030395233114131948e-01
1.888442508113924001e+00
3.137226066266778801e+00
3.295397718128563191e-01
2.626504531146980348e-01
3.564206486769607163e-01
2.340327725288292804e+00
3.774558604030954445e+00
2.163267979561096510e-01
-3.968066888098456535e-01
-1.228820841279331874e-02
1.569222782655377957e+00
1.755348211495550093e+00
2.958276258434726635e-01
3.986578390011832340e-01
1.627515637919151326e-01
1.894188592516112157e+00
4.014834542277723628e+00
-2.410601971515825559e-01
2.189168085553449550e-01
3.061975664893353266e-01
2.322013067550293464e+00
5.841333581853098700e+00
2.077512507821267229e-01
-1.699848561503999322e-01
-3.815115649695025035e-01
6.109059271084869014e-01
2.172077854913860406e+00
3.896449946237946493e-01
3.267759461214680416e-01
2.099672630022449415e-01
2.012019816881670309e+00
3.787227661141955526e+00
-4.938249178514567128e-02
-4.263181813954988741e-01
-4.193048677825692711e-02
1.465487775687654093e+00
1.189524890719761085e+00
2.131515309714040740e-01
3.270970507965479390e-01
-4.071760317263679041e-01
7.829010488396911382e-01
4.149855781019107681e+00
-1.266951083372169495e-01
4.314228344726548925e-01
1.997709262601841673e-01
2.003568839334858520e+00
5.243593252992924114e+00
2.235569212780219306e-01
-5.199901594168998553e-02
4.029825673232264038e-01
2.835422465537017711e+00
2.800844647311948155e+00
-1.098193960204116582e-01
-2.225572078706409829e-01
-3.534001765084551772e-01
6.999497918505654948e-01
1.050824991884119264e+00
-1.745572635749737811e-01
-1.886157728910363984e-01
-3.576085573095931780e-01
7.332387833014191170e-01
8.099249325796826771e-01
6.011429187678688640e-02
-2.459867085532374265e-01
-4.073176355634477441e-01
5.396452985986425199e-01
1.563690455872772889e+00
2.967259949711271161e-01
9.929282380263132479e-02
-4.571834269243467141e-01
5.535304283136743830e-01
3.370968879828811104e+00
-1.196600077272365614e-01
1.801189650861737823e-01
-4.588636196950914292e-01
5.347424705563326164e-01
5.582231994788038776e+00
4.808221192465332305e-01
5.803424266833196593e-02
1.743986800288663264e-01
2.063282009635820646e+00
3.086630913231850570e+00
-3.359637940789799715e-01
7.124078878705510098e-02
-2.876476391547480027e-01
1.008900073286181032e+00
6.311677732922198025e+00
1.146253528909531860e-01
4.734465938376002936e-01
1.855355891838495475e-01
1.932728642890747972e+00
4.514437770745673539e+00
7.771553470472961078e-02
-3.283858453473731953e-01
-3.261925173568739345e-01
8.367231131348970008e-01
1.595444516406211877e+00
-1.722315020907099758e-01
3.855240849745567577e-01
1.934145178645305108e-01
2.020364930392070768e+00
5.401133387030492727e+00
-4.094600914405976400e-01
7.917527935168103270e-02
5.392614844395149376e-02
1.737652252819586574e+00
6.351495893953520877e+00
-4.055926571465087727e-01
2.370789522898184565e-01
-1.711101766846709641e-03
1.603906667273611086e+00
-2.413588439164555677e-01
1.058399411940818269e-01
3.360571055563688070e-01
3.466777604892065101e-01
2.367507918360614028e+00
4.544976239448648592e+00
2.779369773343385308e-01
4.298400451770078567e-01
-1.270246324682280936e-01
1.361226213344001179e+00
4.036094982356587479e+00
1.702879382341687120e-01
3.900436970868322306e-01
3.429506147035201180e-01
2.283960867201694001e+00
4.350252234097071735e+00
-4.167286130108632247e-01
1.612341874890538262e-01
2.863536532221573269e-02
1.737559942158246162e+00
6.211138596122072641e+00
1.013615871231257765e-01
-1.908919845214799571e-01
-4.669676222376288877e-01
3.866610400785113200e-01
1.837317209624050429e+00
5.202315821863918721e-01
-8.468866279917824924e-02
1.979341852091411405e-02
1.723276699790865507e+00
2.719712220072731945e+00
-1.165076392809259453e-01
-1.389352191254398794e-01
-4.431971781010922706e-01
5.014176131288902161e-01
7.842730413404135348e-01
6.212447335720259166e-03
5.094084662722837553e-01
-1.378145886537025244e-01
1.415161903507892616e+00
4.681258622067450581e+00
1.085715413229184079e-01
2.414860499580747666e-01
4.264118417962282637e-01
2.646158251652734883e+00
4.467898279010555029e+00
4.758078930444663013e-01
-1.439617847025120023e-01
-1.160547742860260079e-01
1.414765305834219777e+00
2.531823616665132004e+00
7.067424578926932710e-02
-3.105280853067219349e-01
-3.486184554567807736e-01
7.192851042744059509e-01
1.640546716416570128e+00
4.462659041244564084e-02
4.685046187704002274e-01
-2.462695536029766985e-01
1.011782712532171891e+00
4.631335458722249498e+00
2.586505958008701311e-01
-1.312370768566943798e-02
-4.696408734126133466e-01
3.312746757758008309e-01
2.992398499890052577e+00
-3.464335675788529634e-01
-5.695830774520724282e-02
-2.733318515005149774e-01
1.005284361105989843e+00
2.857551520544927559e-01
-1.110607651101915977e-01
-9.943320783358486348e-02
4.157608880567302823e-01
2.765961038593875099e+00
8.419552235221505754e-01
-1.846179415444468841e-01
4.701755664529932988e-01
9.827919866172439567e-02
1.865929083566167046e+00
5.372295774987975392e+00
-3.884452041067448236e-01
-1.550649494227673564e-01
-7.055066002964367929e-03
1.677354333707381517e+00
5.277248247886131560e-01
4.322081035295227691e-01
-2.304174492963656229e-01
-2.326987314442505450e-01
1.110446780713384429e+00
2.427890428444537285e+00
-3.444275020687412869e-01
-6.895358271097788705e-02
-2.214489614808686502e-01
1.077598840211664744e+00
6.627203316958500068e+00
1.001501556082200067e-01
-4.061827898445142804e-01
1.694801466930589140e-01
2.050625467056526485e+00
1.736254463793685865e+00
-8.565222417576256065e-04
-4.304644964550253805e-01
7.408745064582865358e-02
1.916919866178081078e+00
1.583675449851191130e+00
8.982295797243234486e-03
-1.510982772738378443e-01
-4.724324155737407716e-01
3.730506999716035055e-01
1.309314498831534168e+00
-4.089237834807860628e-01
1.646854107991721841e-02
-1.017459240427712186e-01
1.485054003355435359e+00
2.311919723412253769e-01
-1.565152420590314522e-02
-1.436133840864646516e-01
-4.724721287506840617e-01
-3.593960042649289588e-01
4.275191115673680819e+00
8.976724612792641445e-02
-8.862809989756402496e-02
-4.787779726699101790e-01
1.779019233711945924e-01
1.938619248994083444e+00
-2.319716913013584458e-01
4.388476133171603788e-01
-3.056312207456562957e-02
1.515970955195326653e+00
5.435999913946440998e+00
2.343406032729882793e-01
-3.234138623416452640e-01
1.767572873074165773e-01
1.991880939490494162e+00
2.184922978097033841e+00
1.344125448301917991e-01
4.183580057472264802e-01
2.695273560022281578e-01
2.148922164635910903e+00
4.466120211517864647e+00
1.494601570405278412e-01
3.452990502959543129e-01
-4.136553693522222463e-01
7.739240768899315892e-01
4.328638492074245114e+00
4.470602286900804967e-01
-2.334749884338101489e-01
-6.685986512656640068e-02
1.417071782772610034e+00
2.425225496410331694e+00
1.881717952810426919e-01
-4.077839546823317507e-01
1.567621237646830423e-01
2.024301888976014485e+00
1.755903327468872011e+00
-2.939581715106620030e-01
-1.952433893277756016e-01
2.055845429265844015e-01
2.114211874015027526e+00
7.305137639791219328e-01
-3.861753684326526548e-01
-1.389819721902722446e-02
-7.668439275793670351e-02
1.487435675261617574e+00
3.215427117435963877e-01
1.850736104692725370e-02
-1.413728662985395401e-01
4.009376730453816928e-01
2.819959825460153446e+00
1.399863845711374788e+00
3.827284105993418173e-01
3.785605208207406536e-01
8.283538736409154501e-02
1.743918370018663122e+00
3.795245167516803964e+00
4.508647519986472285e-01
2.916919849505029694e-01
1.110101866291306333e-01
1.863356300872566429e+00
3.634444417492455504e+00
-1.448298488156412878e-01
-2.271686871582750955e-01
3.455397039322639086e-01
2.497897916333320811e+00
1.009501581023243277e+00
6.121503299923225505e-02
-3.320421319856229903e-01
2.716475432709226090e-01
2.375764606780842225e+00
1.664165423528400911e+00
1.733126646115564495e-01
-1.308864844323133214e-01
-4.240748812625871333e-01
4.302673450654543874e-01
2.243586361684049013e+00
-3.897078728474896447e-01
8.151888409633892274e-02
1.427225421096576796e-01
1.942855296731930137e+00
6.298730784444021680e+00
-3.521590427658943256e-01
-1.850012360089763885e-01
8.296996366544857893e-02
1.803663212049940068e+00
7.086678664425365426e-01
8.823231579186489870e-02
2.714967164309406433e-01
3.935211134070281114e-01
2.543929668261302179e+00
4.562838057472943021e+00
3.718549632704461899e-02
-3.928459118811178929e-01
-2.254742544652361125e-01
1.068882121496080639e+00
1.477460578181236661e+00
-2.560645727510907008e-02
2.648788500997844020e-01
-4.503396428816739960e-01
5.795467765664024107e-01
4.955977150323021441e+00
1.095255964089646983e-01
3.338259966234914944e-01
4.029595366069285145e-01
2.476680150896083621e+00
4.484530524970367971e+00
-2.085886074505838850e-01
-2.742315033977437144e-01
2.360911103467261962e-01
2.152303717935131644e+00
9.787427392054153241e-01
-1.210518205337511033e-01
1.150513856586599104e-01
4.327520552824903888e-01
2.833321492714582668e+00
5.775105159545786293e+00
3.089270717251739115e-02
-1.761717154487564274e-01
4.052680679204443970e-01
2.673084256490235511e+00
1.639539423049442224e+00
2.140292253379816878e-01
-3.416266179450086482e-01
1.895951697632847766e-01
2.132583795723797415e+00
1.900754528239603891e+00
-1.688885786365768304e-01
1.224977714610131080e-01
4.080897088376057025e-01
2.710305894484071221e+00
5.804160098403037260e+00
-1.673127572549979181e-01
1.428165803929846434e-01
-5.117402416210110605e-01
1.631768365280965860e-01
4.833778875781711726e+00
2.282246608417172751e-01
-8.884593199300681865e-02
-4.547748039548979437e-01
4.666381073973292493e-01
2.463690955581713027e+00
-3.375702690060830569e-01
2.731653517164340239e-01
1.063079070358278477e-01
1.809273855437684375e+00
5.843440729501804043e+00
2.032935326019313094e-01
-4.411038815802214574e-01
7.298418515145467522e-02
1.866936916563118443e+00
1.989471138340274337e+00
1.622588560240299516e-01
-4.164913083948016959e-01
-5.489167674907307476e-02
1.640271777957285959e+00
1.694151377540116465e+00
8.091570671259695757e-02
-9.890268367072059183e-03
4.618224445291636560e-01
3.332694710127813043e+00
6.199501921175371244e+00
2.063014823599114075e-02
1.347638271534486454e-01
-5.027761352462389866e-01
-3.046746881081763836e-01
1.884591254175171482e+00
-3.873445549485441397e-01
-1.422363337530416494e-01
1.153487047810026617e-01
1.852784646170563709e+00
5.776715520846806839e-01
1.783717389511741136e-01
-2.720727067946666217e-02
4.412032260409578521e-01
2.873278848389355211e+00
2.703082085912435595e+00
-2.330368405870520132e-01
-2.262775065682410824e-01
2.587226529546958198e-01
2.243816920014282346e+00
8.146636935090673104e-01
1.871693970969662557e-01
2.585149010470641495e-01
3.704274523768405492e-01
2.519078825314127190e+00
4.158159195366668115e+00
5.106609438442664128e-01
6.312279117145595808e-02
-1.457911812299106658e-01
1.345672217682788885e+00
3.053689606899509634e+00
3.679458795052415465e-01
-3.009998504953462772e-01
4.603058872099217644e-03
1.535945459649896261e+00
2.234545017639625986e+00
4.892347135929897561e-01
-3.209376850127011044e-02
9.177508046073966363e-02
1.758852333163990478e+00
2.838629687983333927e+00
-2.029139768170949154e-01
-3.470562986610944423e-01
5.263315099456897933e-02
1.841156275339515647e+00
1.092948004257934702e+00
3.524018893386110518e-01
2.476196408840467822e-01
2.902246695442651236e-01
2.197808407671671738e+00
3.785359172361354663e+00
-1.658327850102160050e-01
-2.349385214715285844e-02
-4.747265684321193002e-01
-4.643952215628644464e-01
3.386462750843865166e+00
2.266343828311799535e-01
-3.750743631772678333e-01
1.588763543345372842e-01
2.030101700438598833e+00
2.075964405275634750e+00
-3.080487725553302525e-01
1.502064652624039431e-01
-3.094639629420362081e-01
9.797477090114403708e-01
-2.605486495261702395e-01
3.441790003886335825e-01
-5.212902481290616202e-02
3.374166368538591976e-01
2.470069241348684663e+00
2.786217869664401103e+00
-8.571686511120761576e-02
1.492648727506859785e-01
-4.945055843356949143e-01
-4.319190985931691817e-01
2.412933042681825846e+00
-7.645059945173517113e-02
3.554862747378734200e-01
3.128547841308300659e-01
2.325328968327334156e+00
5.155750333735874769e+00
-5.732447676229938255e-02
5.239286764667969720e-01
2.106402492616753653e-03
1.603212208578821629e+00
5.073021954599040484e+00
-4.876657723892206114e-02
-4.084090031369194684e-01
-1.951666811831288262e-01
1.108779422807776749e+00
1.294084910584210046e+00
5.410862620469991668e-01
2.023901546095014173e-02
-2.650524925977054344e-02
1.632988430652875245e+00
2.951028051846871225e+00
-3.828174152725919988e-01
-2.088419834175696613e-02
-2.603343819705623008e-01
1.102102749295910122e+00
2.269956594381219994e-01
1.546715809673842312e-01
-2.112857158958859061e-01
-4.059751815751644344e-01
5.262720246261556323e-01
1.937211621356924374e+00
4.809845153159673647e-01
2.291297310712187840e-01
1.707285334336841875e-01
1.981186601770909439e+00
3.427127880521634307e+00
1.397186742600156906e-01
2.528081702530770025e-01
4.076995835796655698e-01
2.586123770448018888e+00
4.361144337943501981e+00
-5.094784239931047370e-02
-3.874992935752728102e-02
4.365314866391627469e-01
2.870437295725848159e+00
6.032927406155084160e-01
-1.232024311153532975e-01
4.777627972309936855e-01
-1.370515330218721184e-01
1.328952533883565046e+00
5.221374595475755775e+00
5.052671291330266268e-01
-1.046588105466077778e-01
-5.827142135030385917e-02
1.575234187290475152e+00
2.631922614242010017e+00
3.502495280849655598e-03
9.419316528604614047e-02
-5.069105645238506375e-01
2.710070546935844926e-01
5.350429710584994503e+00
