# rod_radius=0.0025
# rod_length=1.0
2.847645844656948033e-01 -5.102351324203541205e-02 -3.473667462873015754e-01 -3.280296151597190124e-01 -2.529215934433572954e-01 4.166492444592723166e-01
2.279834197615996372e-01 -2.965962741436228289e-01 4.118647329026772774e-01 -1.909519938521394566e-01 7.408142999025929543e-02 -4.170448875495886276e-01
-5.764401122751788148e-02 -6.328160554468926779e-01 -1.698117482750395868e-01 1.967068730355192585e-01 2.084623266477223513e-01 3.072168792672475557e-01
2.426854016802871550e-01 -3.654943399118181224e-01 -4.167004974908837256e-01 -3.165204839117049529e-01 1.362999422489314938e-01 2.432171306340617511e-01
3.974689155781693239e-01 -1.801517419987666291e-01 3.453466065854248757e-01 -3.416712097019151129e-01 1.547999623780255130e-02 -2.991687913652210651e-01
1.151074829253579124e-01 -5.572442999789053442e-01 -2.264991456244926094e-01 3.259072879093902197e-02 2.236755900048997825e-01 3.926576283147106272e-01
-3.122655458333890022e-01 -3.687601264061444728e-01 -1.772363276250486785e-01 3.673157721651080787e-01 1.973306095519409831e-01 2.893582618097827464e-01
4.218964899063483154e-01 -3.561413931093682650e-01 -1.108170983826920891e-01 -3.782587123347932456e-01 2.272741941857426284e-01 2.838744474553607511e-02
-3.922208594610624571e-03 4.627488408595590852e-01 -1.666074091463556547e-02 3.198263178623822478e-01 -4.773697676898021602e-01 8.994082322088117754e-02
4.364158405691273002e-01 1.018474107547833324e-01 9.704788166136710248e-02 -4.601992053709786923e-01 -2.825346026692823753e-01 -1.227973528784858936e-01
-1.143178572696779832e-01 2.530771838565893939e-01 2.188644117883931095e-01 1.553033278481568691e-01 -6.450907767106258683e-01 -1.284088684192601915e-01
1.915229038515037230e-01 -1.883162024273552504e-01 -4.340556079300938452e-01 -3.435034033518932217e-01 -1.155745497384189219e-01 4.076423798092012052e-01
-5.587482303346798240e-02 -1.479789552350995081e-02 -4.433084500745035350e-01 -8.597075457432161449e-02 -1.764256121014207146e-01 5.430843297746288378e-01
4.678233835541334984e-01 -3.793034239611685621e-01 1.610027733748119749e-01 -4.417760514215028356e-01 -1.295892564754310972e-01 -1.710690598915886318e-01
-4.319550628074938503e-01 -1.089305676261007050e-01 -7.278535210009871859e-02 5.166415273900105687e-01 -2.850066659487311416e-01 1.902008008911704184e-01
-2.888626972739164953e-02 -3.160241395429162492e-01 4.120259276910676061e-01 8.553906278862190293e-02 -9.674814649324015026e-03 -5.329909686741983732e-01
2.689511933395364318e-01 1.334977720437993398e-01 3.275394973915219943e-01 -2.578674732456964769e-01 -4.556240693110007456e-01 -2.851574493742400351e-01
-4.385519323927452584e-01 -3.324345631900142428e-01 -1.734503666994082760e-01 4.292301320323475000e-01 -1.276505655617291290e-01 2.793385498803848677e-01
4.043307619884268789e-01 4.532712882396863416e-03 1.455819455734149448e-01 -5.401756489865336963e-01 -2.480464603742447705e-01 -6.444519758715464008e-02
4.941838671783965048e-02 -4.325428840433940825e-01 4.449130142127141196e-01 1.388571995989689167e-01 5.030836355088413869e-02 -4.262100376273020297e-01
-2.017336507261176248e-01 1.880525264160604060e-01 3.399986594859443767e-01 3.401449779951335461e-01 -4.255190522655442065e-01 -2.343683569498358765e-01
1.778881308501771607e-03 2.079671917444242124e-01 3.818103390725911539e-01 -1.049796780296741172e-02 -4.434705199188538893e-01 -3.767924468429404983e-01
5.323108279852675762e-02 -5.557816934332318048e-01 1.365885630144467698e-03 -3.276814421100785468e-01 3.684870258421573119e-01 -2.379326651739579329e-02
7.191697106676710194e-02 -5.001381306357226969e-02 -4.516929540636746010e-01 -1.175697732346159263e-02 -3.406043683314065595e-01 5.014889800653358209e-01
2.244116619465690854e-01 -1.638262252059322910e-01 4.344836817580448596e-01 -2.363814103678587020e-01 -3.569071365008497088e-02 -4.437253111276757700e-01
-3.490244683034790518e-01 -3.032487154517075068e-01 2.226462775411772732e-01 5.326931831899097691e-01 -3.457881722247907463e-02 -1.651558225440064032e-01
-4.439064921429650701e-01 -3.475417287454016929e-02 -1.888955796520737918e-01 4.986588542543664015e-01 -1.107943748049064828e-02 1.442861645580497953e-01
3.638574335492402723e-01 -5.077443170285290686e-01 7.068051628967948752e-02 -2.075114538940097120e-01 2.447993694316181745e-01 -2.567574082560797888e-01
3.121331003012871586e-01 -4.387480911432389274e-01 2.616037815012285384e-01 -4.196204352082869571e-01 1.699182809296221897e-01 -4.509152458756676696e-02
-3.478718478902522171e-01 -4.229913828467762871e-01 -6.663633435734081512e-02 4.709096909334618553e-01 5.671012575976280834e-02 2.487733267535408299e-01
4.651809444610808253e-01 -4.092194882755580410e-01 7.859068616801376250e-02 -2.139630520531724533e-01 3.241344233413804843e-01 4.767997095818171660e-02
3.702423654091677729e-01 2.305164295566477783e-01 -2.895498375732605614e-02 -1.918265520031580129e-01 -5.949845353210175825e-01 -8.020621852273791819e-02
-1.090154687576205123e-01 1.385996170839857156e-01 -4.024579409844245559e-01 1.883601490113147592e-01 -3.869257856299851417e-01 3.946560991998284695e-01
-2.642335492361386762e-01 -3.415925443925025839e-01 3.879763019038797722e-01 6.184611220695279687e-02 -2.499517201027390279e-02 -5.027751551220558390e-01
2.006736770673230030e-01 -2.267335349952629558e-02 -4.057026616967736032e-01 -1.653243176706662154e-01 -9.094443167401258798e-02 5.224053749738847285e-01
2.721786862337077784e-01 -5.780288363174374000e-01 1.988022030285309383e-01 -3.323713419783497214e-01 1.039972750568327609e-01 -2.127310845588671617e-01
2.783377219827260496e-01 -2.618758110677150697e-01 -4.140123013339643276e-01 -2.068502647753345802e-01 1.449636131556059082e-01 3.599866007345700614e-01
2.219634363924260223e-01 2.669670604504951195e-01 5.554603060734673858e-02 -3.256169068935146904e-02 -6.998136423438673370e-01 3.205066109665974383e-02
-1.448601121158268057e-01 -3.369021239371214338e-01 -4.200258545061620330e-01 3.303239526410290949e-01 5.319696846343113794e-02 3.686583679234598510e-01
-2.754991971641833001e-03 -3.159597177128136702e-01 -4.014047518534808456e-01 5.832251098131331288e-03 1.612806956398874503e-01 4.773260642212733829e-01
4.220576193522783126e-01 1.759955529572636013e-01 4.811771298791909374e-02 -2.735408189210595808e-01 -5.246379965218506136e-01 -1.108018956700149160e-01
-4.043070727046462753e-01 -1.135143530395355677e-01 2.616838853337927762e-01 5.176035637536197109e-01 -2.616756331649185141e-02 -1.157433483287947373e-01
-2.946687185030961165e-01 2.661223856645122954e-01 4.095559914233105892e-02 1.468419068931791638e-01 -6.307459037687129788e-01 6.733056968848336044e-02
2.562963802495148991e-01 -5.537994076721644010e-01 -1.166611078363796877e-01 -4.595018586213893141e-01 8.002458043712501468e-02 1.764259668130276348e-01
4.729264520755854795e-01 6.668436889126594380e-02 3.165599071594673575e-01 -3.124411530539096260e-01 -1.093362680842812906e-01 -2.769166805606246839e-01
4.481692674746927396e-02 5.903997630231260646e-02 -3.842978011798465210e-01 -2.000691061956581807e-02 -3.197448787874287435e-01 5.389139316656885725e-01
6.012700850086693388e-02 -5.737194337342268469e-01 7.355620060480549949e-02 -9.853004529169095971e-02 4.131445039197660929e-01 1.040112139839056565e-01
3.640685541349633625e-01 3.147259888513969511e-02 3.589890605025393144e-01 -2.995079803267688967e-01 -3.221083908909465610e-01 -3.002883216217987483e-01
4.408998023754138740e-01 8.882874157832480744e-02 -2.465333199776993667e-01 -3.567448853835239464e-01 -3.821743514187526669e-01 1.301881135473032247e-01
5.200284868758401347e-01 -1.333429703684979872e-01 -4.203400808641263864e-02 -4.474289553539753106e-01 -3.769289425100328383e-01 2.646396013167823247e-02
-4.149678187235840143e-01 -2.346405380337922009e-01 -2.474822874051854638e-01 2.893838347720328885e-01 2.009802775485488024e-01 3.129847082773134503e-01
-2.268193011654973945e-01 -5.061159587794527015e-01 1.373992252329340746e-01 4.635379370091219364e-01 1.417624784236670710e-01 -1.845641489374134636e-01
-1.535145691655967204e-01 2.787642012991258245e-01 -1.850787831348962298e-01 2.924987207970811132e-02 -6.499986065959610926e-01 1.374065741871459689e-01
2.176140143534929516e-01 -1.147556037240197169e-01 -4.518096077965211843e-01 -2.265664222273684747e-01 -1.543234830195353013e-01 4.432535870042095261e-01
-2.593416805640103712e-02 -8.321781049894787230e-02 5.140242976048225998e-01 1.360829877060722726e-01 -4.535717605992292678e-03 -4.696217614512907534e-01
2.574441945914704988e-01 -1.445266068871295662e-01 -3.643137481888525375e-01 -2.855180277470474870e-01 -2.517335408136027741e-01 4.685720173464352767e-01
2.660036581008406453e-01 2.704000556711932401e-01 4.005316981231514528e-02 -1.488712589003487463e-01 -6.386020188441787759e-01 1.278423871562267555e-04
-2.523626949326323032e-01 -1.187896446116117888e-01 -3.247817222710548402e-01 4.148738488171751504e-01 -2.173622249015135788e-01 4.135128267402474744e-01
2.251777404648932362e-02 -1.028852697991766846e-01 -4.666148373300896268e-01 2.695720803912015628e-01 -2.573668783350358535e-01 4.899935477161144193e-01
-2.983798686779735032e-01 -3.677870679577177060e-01 -4.042747334880243959e-01 2.451095690830961127e-01 -1.364278363415961925e-01 4.026280716800790249e-01
-4.351686760335513604e-01 -2.213786652704762270e-01 1.077800628599428351e-01 5.305441832709880678e-01 -2.194817109627837937e-01 -1.518255513671102896e-01
-5.433320914660695611e-02 -3.003641460828629720e-02 -3.991926432591559326e-01 1.806729465638107768e-01 -4.409957174803930680e-01 4.816504518270704471e-01
-1.576883373789851883e-01 1.927032369173096171e-01 2.933054516267529777e-01 1.398869435610445300e-01 -4.771617071724256753e-01 -3.869370851592953131e-01
2.701035678139544760e-02 -2.282588986474156922e-01 -4.718266264817390088e-01 1.529608786409979992e-01 -2.806455501441328382e-01 5.188257367558678501e-01
-4.006076739176422374e-01 1.579056957448541354e-01 -7.963938438657738872e-02 3.837571373462785318e-01 -4.621544059987183761e-01 -9.688215320902711369e-02
-4.391049176708788915e-01 1.591687521509829034e-02 8.812835333400305393e-02 4.739975799419078317e-01 -3.888134673337887426e-01 1.374961431726361982e-01
1.022486107835221397e-01 -4.446409432036626530e-01 4.117534119548761362e-01 -2.392046752079858563e-02 3.634014510244570895e-02 -4.558516574008243394e-01
2.611558872399979969e-01 2.962152107612054386e-01 -1.128223583418741377e-01 -2.476920202765298673e-01 -4.901419053050928842e-01 2.374864954256911131e-01
3.977875334228403448e-01 -3.233859238738687747e-01 3.562424309903042818e-01 -3.886430640968284722e-01 2.741903933755834855e-02 -1.521499303518839552e-01
-3.282619005498555453e-01 -3.757972495225855303e-01 -1.936162066823566841e-01 5.265271332086465250e-01 -8.012252709480555124e-02 2.328954183449826187e-01
6.696038629074155257e-02 2.440437650147146142e-01 -1.002824328634662338e-01 2.219622902024366851e-01 -7.236657685693304032e-01 9.849550452974530079e-02
-1.964616248732469483e-01 -4.788874110331053924e-01 -1.936129008980495003e-01 3.347392231086802061e-01 2.813379223600800394e-01 1.803965930596594935e-01
-3.711465249772444852e-01 -4.801840193949366564e-01 1.657653051066296790e-01 5.157632491429151589e-01 -6.552136707236722035e-02 -3.781744794219663031e-02
4.395217243925569339e-01 -1.167749076424288573e-01 -1.981455799129914486e-01 -4.334424342350722825e-01 -1.920405045670219024e-02 2.797806754649674321e-01
2.574990625960772994e-01 -4.479134203761583333e-01 2.866852428731104796e-01 -2.250763073245368173e-01 2.142137235511546445e-01 -2.866459507843094334e-01
-3.154309949674891089e-01 2.369822595095916196e-01 -8.736037424098037907e-02 1.512109769710025531e-01 -6.016518090096745208e-01 1.935989985234436994e-01
8.390322485920431728e-02 -7.937088601456494114e-03 4.573589179504213287e-01 5.651859384159599320e-02 -1.730039606380520401e-01 -5.285432119489330560e-01
6.739413852373492275e-02 -1.052396996874744306e-01 5.111801797948415382e-01 -2.101665004163283945e-01 -1.094001457865235727e-01 -4.495189314774863387e-01
4.090379061754968737e-02 -5.974859007155513407e-02 4.996086018893241554e-01 1.813513011174790884e-02 6.390142515604854689e-02 -4.924560441055751414e-01
1.175025766745695088e-01 -4.410233179592170094e-01 -3.110621907988660451e-01 -5.591692769958966913e-02 1.789428218893497347e-01 4.541617378284922846e-01
-1.049783424965647777e-01 -5.382538118585101783e-01 -1.227042911070645725e-01 2.731165490825797348e-02 4.431601205816774192e-01 1.631387245050441859e-02
-2.120536827973796556e-01 -8.332303469248179828e-02 4.072678954118290617e-01 3.942638640092289704e-01 -2.299617416057597730e-01 -3.743177506111884378e-01
1.864137317422454032e-01 -3.540693010147977215e-01 -4.106357465008752539e-01 -2.103679685807855471e-01 -7.399464969644869994e-02 4.635052444025771767e-01
4.369837354534242269e-01 -1.595290258836370989e-01 3.311508520589216964e-01 -4.279709691267488680e-01 -1.668818726784344064e-01 -1.706452167465618563e-01
-3.869134764492709322e-01 2.624727588857653920e-03 2.045273560628599885e-01 3.596770792615935908e-01 -5.791489468276728170e-01 -1.181829379769045452e-01
6.757853466823310340e-02 -4.900548336582453146e-01 -3.150750295809831569e-01 -6.355010427157795072e-02 2.316333612851071422e-01 3.646097718742195570e-01
-2.192212818294321242e-01 -1.535558297175866442e-02 -3.367793610425305895e-01 3.238419672056013221e-01 -1.501615790596899924e-01 4.920207662295722484e-01
5.062856464616953822e-01 -4.343497920788465250e-02 1.027009004968556793e-01 -4.145461278001194572e-01 -1.991125123091792570e-01 -2.548369984695804114e-01
6.079461644134995929e-02 2.956452949720067003e-01 1.120418483433600759e-01 -2.633477248205268184e-01 -6.245076580886410600e-01 -1.076176280628224763e-01
-2.613346899031546156e-01 1.773437260726078435e-01 -3.956913571638515786e-02 4.614152415448208866e-01 -4.874008960231637211e-01 1.494999627283282451e-01
-1.459361430982392682e-01 -3.779967492537834178e-02 -3.717058431927164341e-01 3.511097605112517006e-01 -3.358575100834673144e-01 4.432216975162094896e-01
-2.835750841854070906e-02 -3.674548499770945442e-01 3.752990450021821967e-01 -1.070754615716310171e-01 2.371472986530164251e-01 -4.173293204524241573e-01
1.235662417012106939e-01 -1.420652539690219207e-01 5.160387147236354943e-01 -2.398436490938262444e-01 -6.169536012672839631e-02 -4.121174851889211066e-01
-4.800105143978592587e-02 2.513537560386175929e-01 -2.313872586501130313e-01 8.652288574532510101e-02 -5.622794613891644033e-01 3.342135704001386598e-01
3.111418926336856905e-01 -5.791319154243061013e-02 3.432372695882643376e-01 -2.502075694756895063e-01 -4.345355444447630555e-01 -3.936768262762578297e-01
-3.336970864579359430e-01 3.075567522254195052e-01 2.256404430100506786e-01 3.975144667005630073e-01 -2.135817045527797498e-01 -2.145235870905161379e-01
5.235217173388010022e-03 -1.726837315941545103e-01 -4.880607316088495518e-01 1.746453051309650173e-01 -3.043329636242941283e-01 4.886524820849554862e-01
4.676813550597757607e-01 -1.948478896735929833e-01 2.528839655947842102e-01 -3.881357444553018010e-01 -1.184066815870352118e-01 -2.587153247525220134e-01
-2.034855179021861568e-02 -5.035916331073757579e-01 2.177640444355298521e-01 1.499439378156642022e-01 3.541993336878872523e-01 -2.672051558940151672e-01
5.304470897140231567e-02 1.656241752455378247e-01 -3.617743096248201007e-01 -9.492489296581604896e-02 -3.587873340055789395e-01 4.767348232219885129e-01
-3.317452099648149910e-01 -1.585688691612968659e-01 2.786933123861627393e-01 4.772520391393696992e-01 -1.949021239256048810e-01 -3.079951445823493894e-01
-4.085714310585999987e-01 -1.941055436731404515e-01 1.649892145739332294e-01 4.521057334853407217e-01 -9.107730260815044554e-03 -3.093636366510391644e-01
9.598191313111399670e-02 -1.680156783198220871e-01 5.064672085423633785e-01 2.304079743716733186e-01 -1.365084006645023995e-01 -4.839553909141010024e-01
-4.182085926013577870e-01 1.028833192176945716e-02 -7.177769989118228111e-02 5.634346641400068689e-01 -1.442331702631828860e-01 4.002400786282765688e-02
-3.502179121243710613e-02 -1.007536772642526474e-01 5.975111244633135588e-01 1.556471323352979219e-01 -4.319673407600413961e-01 -3.265791691264667840e-01
-2.556482888320444832e-02 -5.164838715320738682e-01 7.633267557649196788e-02 -1.266978369602068943e-01 4.232007031035149858e-01 -2.504164864258447420e-01
6.020098101646146477e-02 2.988527469808441861e-01 -1.334494594820834212e-01 -1.690399278750456535e-01 -6.182827196585842788e-01 1.926044341040439867e-01
-1.876063970001132925e-02 -5.160696586338724412e-01 3.055625437383523990e-01 -2.374760175803170698e-03 2.393839027123144669e-01 -3.494347231273813859e-01
-1.238800416057397047e-01 -5.006810326146623469e-01 -2.145892734517091949e-01 2.091562227780909555e-01 3.783230001992052838e-01 1.266419632518208660e-01
1.111522792366010232e-01 -1.362883573614307453e-01 -4.729547878780075987e-01 1.000383716594400313e-01 -2.758958267062369130e-01 5.171897649835961452e-01
-3.004320869074405542e-01 -4.466499826650967009e-01 7.780936144335286186e-02 3.391658246146418976e-01 3.156848239229711472e-01 1.766028543511530824e-01
4.403129259800306339e-01 1.612900279069399978e-01 1.498462466376995761e-01 -1.742295898688937528e-01 -5.781574893584944252e-01 -1.250262063728914130e-01
-2.125297740803950564e-01 -4.099691720621889135e-01 3.688149943523974517e-01 1.720882904430570404e-01 1.375028684128082879e-01 -3.743830339956172870e-01
-2.865226865970340597e-01 1.776180679643521165e-01 2.914692596168170224e-01 1.089337821463174372e-01 -6.236718021921406896e-01 -1.574725242634868461e-01
-1.283355750687879826e-03 1.995471787695880239e-01 -3.462965171540688392e-01 6.468719711038251052e-02 -3.106436744143015183e-01 5.112308465391836032e-01
1.608842021730154392e-01 1.244564230664428894e-01 3.639867518432075011e-01 -2.254910806025880177e-01 -4.544483418255423901e-01 -3.540546216482005626e-01
2.630828562471963505e-01 -5.772514574042103552e-01 -1.123914145952339266e-01 -1.281077543973341282e-02 3.825073565456524882e-01 -5.999176726675055360e-02
2.117376695080090965e-01 -4.225205012907809476e-01 -2.924219791725083395e-01 -1.708866536806869507e-01 1.631503952637513577e-01 4.221325871367432869e-01
2.076077668794842068e-01 -4.944749463482592255e-01 -2.175064367769860285e-01 -1.138723181093562187e-02 2.891662910321619040e-01 3.638261716542505742e-01
-2.576322695987052214e-01 3.925771503986589389e-02 3.191988960202699066e-01 3.191069110265990494e-01 -3.462289773629320111e-01 -4.010593406643259695e-01
7.407838291057655677e-02 9.670047550518494350e-02 4.281626141274813002e-01 -4.318039827238898121e-03 -2.124223583630592271e-01 -5.196227384092519941e-01
-7.366323426811745290e-02 -2.604972056988754670e-01 -4.605270175288541656e-01 2.947200545490921697e-01 -3.176280073978909879e-03 4.328260446787831617e-01
1.457100247527395032e-01 1.397273541161721810e-01 -3.821630230354881030e-01 -1.059801842667962568e-01 -2.422458637177631047e-01 5.070773828960526419e-01
1.087213123851027002e-01 -5.252212584591352540e-01 -1.820903057117593815e-01 -2.576472941048604248e-01 3.501359056867623387e-01 1.333837492548176074e-01
-1.989645781810623834e-02 8.107485765008161371e-02 4.748087827963539120e-01 -3.131136383754778985e-02 -3.004443780445414380e-01 -4.494816329905663710e-01
4.998663227810388743e-01 -1.627711150673361307e-01 -2.254492609221170341e-02 -4.904260467454251704e-01 -2.805165247538655149e-01 5.132686389160119600e-02
-8.144140232277816138e-02 -4.773509347447510431e-01 2.915492669782770996e-01 2.650655573892759520e-01 3.062076250959855916e-01 -2.241724701740555048e-01
-8.853225779861383093e-02 -2.236633322609259955e-01 -4.478212094823976197e-01 1.554045779120936943e-02 -1.490893184274901251e-01 5.439487166247263250e-01
3.265065013732056931e-01 -4.667614527163350124e-01 -1.980973363006680033e-02 -1.397118359236816376e-01 4.022428592817633430e-01 -1.855564310235219838e-01
-1.039357530944870628e-01 3.018263524481303861e-01 2.902002865209955540e-01 2.895098662419283153e-01 -5.322470104493419729e-01 -9.648068007793836331e-02
-1.963288117755347395e-01 -4.832604393629331696e-01 3.258707598083197543e-01 1.543020266200713086e-01 2.110258264325839406e-01 -3.026390621465253061e-01
4.234401380013993466e-01 -5.926705087480682588e-02 3.518238300716722833e-01 -2.485842611193245233e-01 -1.397255477376004862e-01 -3.843212896357193209e-01
4.978143942898220486e-01 -8.846360479230087198e-03 -7.230294852990737028e-03 -3.857461651923189128e-01 -4.767001478703627448e-01 -2.805267107134860882e-02
-7.922352079529709767e-03 2.718162032403378392e-01 2.115019621355665458e-01 -6.891164072203426194e-02 -6.112399955464629109e-01 -2.537851067316947429e-01
-1.081281417095373010e-01 -6.110937923213840550e-01 -2.676085245201328955e-02 -9.813360734810659680e-02 3.717812048132259628e-01 1.572414553882381938e-01
2.156292895793622266e-01 -3.483475602368580337e-01 -3.143615885147399425e-01 -1.442656420180215004e-01 6.777832231623415193e-02 5.206922349481101220e-01
1.959017003938352819e-01 -1.177831785597724668e-01 4.871972636154732195e-01 -1.534030061750978613e-01 -2.426253118274498688e-01 -4.414580350448892299e-01
-2.231656705793176043e-01 -2.476079681508842611e-01 -4.002630290538982116e-01 2.843718055912098919e-01 2.528678692158026209e-02 4.170093630751831038e-01
3.306079459265546250e-01 -4.047563113301520521e-01 -2.371281808318888573e-01 -2.398351994275472743e-01 3.185371291241128611e-01 1.520263089460803241e-01
-3.892096709490062145e-01 -2.113704409291828901e-01 1.604697163895052459e-01 5.392532243622356614e-01 9.377287184142168996e-02 -5.129480070825359617e-02
8.737962977267382803e-02 2.183802723239380850e-01 -3.385177506363540867e-01 1.001533589787056561e-01 -4.271684578644173724e-01 4.250944996545726329e-01
7.407201294942230771e-03 -1.151942288707210049e-01 5.716587499868044375e-01 2.471476633139454149e-01 7.077406653896306521e-02 -3.812002658037433322e-01
-7.151258415631653320e-02 3.215471614701493897e-01 2.476605183439532509e-01 3.073926372462817413e-01 -4.214075802606929155e-01 -3.041085320145325288e-01
3.299653312999173416e-01 -9.922262383616343995e-02 3.933390085167087769e-01 -1.363335033207095925e-01 -1.615081710971398576e-01 -4.890928060921287956e-01
2.213810771949352996e-01 -5.668810716745974476e-01 1.608886931007182941e-01 1.187557496614621844e-02 3.937174830290413041e-01 -2.175265281291408059e-02
-3.741828530749985449e-01 -3.865531326752387753e-01 3.054636249099090470e-02 4.246195805777623900e-01 2.121520337237102205e-01 -2.833313918517187460e-02
1.406181232324793251e-01 4.818741152243928572e-02 4.698607831965153636e-01 -1.360246129120987468e-01 -4.032000121167221285e-01 -3.785012800281679635e-01
8.979636723534628606e-02 -2.777244029390494862e-01 -4.476213203329466594e-01 5.850643240124529798e-02 3.053539899272589286e-02 5.031661609114481681e-01
2.379738953386864309e-01 2.110956232700743063e-01 2.431715643232710833e-01 -1.103120740073153250e-01 -5.199910006426302633e-01 -3.435219092152024811e-01
1.642309313364256618e-01 -5.393679277446805642e-01 2.314038600024750925e-01 1.664908120001800107e-01 3.642622738823567685e-01 -1.969036832965725958e-01
-5.981389824401259769e-01 -1.406859499181825901e-01 1.782226363159344629e-01 3.119073062412477393e-01 -3.080081364036914016e-01 -2.010121700599657169e-01
-3.463026183636553901e-01 4.780726975817815860e-02 -1.547476495528065099e-01 5.295883776280655431e-01 -2.008520701524578178e-01 2.587538568723066756e-01
2.845485499065952828e-01 2.757664919546297666e-01 -1.935629738208280992e-01 -3.563822088757773177e-01 -3.500314757997178283e-01 2.509419935318222827e-01
-1.247362942895114540e-01 -2.334503107059669735e-02 -4.065995235433412236e-01 3.086659154372386471e-01 -2.464951233934845054e-01 4.665365259359233741e-01
4.675206074176260773e-02 -2.635525458987494352e-01 4.726407333260148613e-01 2.462965866037395909e-02 2.270359347601514366e-01 -3.984697889218459244e-01
3.128920740102260067e-01 -2.569560222872342981e-01 3.507354018641468119e-01 -3.451260768429024184e-01 -3.973177221858470443e-02 -3.702540143757467317e-01
-2.410737666664481693e-01 -1.717412167236120890e-01 4.526384495396214569e-01 4.036064017641547430e-01 -1.016477765182065146e-01 -3.085937030081152277e-01
2.018778710933455955e-01 -7.487045746670072111e-02 4.672082523227812922e-01 -3.249118224205896355e-01 -2.372651619992340311e-01 -3.671301554874342177e-01
4.771531728117798798e-01 -2.545120909158907988e-03 1.141215654860220918e-01 -5.200828846756595514e-01 -4.248719820610053627e-02 5.147273382801310915e-02
4.734191786781358907e-02 -5.647560922998901001e-01 2.181019464117497642e-01 -3.166397371042326547e-01 3.041665477210182544e-01 -1.172945361322764446e-01
2.073541709889842044e-01 1.591057849258709078e-01 3.404357945696677712e-01 -4.095970321175554374e-02 -5.911099023428985078e-01 -2.723583327318813696e-01
-5.590921831285644572e-02 -5.009899047964674335e-01 3.335858796991964526e-01 1.121108561970673989e-01 1.303415458703718333e-01 -4.235071489046759452e-01
1.930844732008597797e-01 1.939056249678743349e-01 -3.445765907127888994e-01 -4.400934949420962083e-02 -3.794732882238643912e-01 4.396575204727036779e-01
-3.016416496483997345e-01 -4.357159195975117416e-02 3.009372261409140048e-01 4.197662810965228641e-01 -3.265241519690837979e-01 -3.311295790644329662e-01
1.245356997312669078e-01 -1.788030182384711675e-01 -4.730262803075802047e-01 -1.663868779340072213e-01 -2.535533507519816543e-01 4.807957374681220974e-01
-1.127039928463142160e-01 -7.521969653504885500e-02 -4.109105669758809087e-01 1.370955054041174959e-01 -3.534293062143628039e-01 5.165589062446215296e-01
7.886124632528999923e-02 1.671381582843660674e-01 4.126153322254108580e-01 5.331463514096297651e-02 -4.122241578042342702e-01 -4.020543415402508258e-01
-2.586555455733514641e-01 -2.440903921267916221e-01 -3.029268037333908148e-01 4.027755105417573089e-01 -2.150855018671576913e-02 4.132898406173357020e-01
-3.696768244200100972e-01 6.367187751696327946e-02 1.366445524952145663e-01 4.887443379844525482e-01 -3.711145715235360520e-01 -1.355205658923638867e-01
-1.136831501017976920e-01 -2.132979036849307619e-01 5.162457179697592657e-01 3.462822117199368388e-01 -4.215159750608968303e-02 -3.550411508659527815e-01
4.106287637537565094e-01 1.087924033777504240e-01 -1.697411441302465185e-01 -4.777809612163756436e-01 -2.845337891950345810e-01 6.694993473562591002e-02
2.223783128135517484e-01 1.449521242082282002e-01 4.179993398832448914e-01 -1.762270449704782527e-01 -2.102381443603834332e-01 -4.275499737939781886e-01
-2.389097696418067684e-01 2.171991794426099409e-02 3.788711755643677792e-01 2.627523776363011043e-01 -2.556689786040307055e-01 -4.405130383792735804e-01
-6.218221788712525316e-02 -1.381298045112932804e-01 -4.396621496555852548e-01 1.597501565766352993e-01 -2.050404433775761259e-02 5.282790684503878564e-01
7.081180533675633659e-02 -2.531570296441087997e-01 4.868193611347422789e-01 1.994375922381655397e-02 4.651172431576033883e-02 -4.658668830111419301e-01
3.084900779902645107e-01 -1.691550418006690926e-01 -4.143871787967678966e-01 2.191952777830763477e-02 -1.285298407390612074e-01 5.428102474377159981e-01
5.703080397257796752e-02 -5.761597548374618460e-01 -1.658659990094250303e-01 6.506081296241503220e-02 3.628917273941438815e-01 1.778167510293969522e-01
1.088394557939290630e-01 2.879330946304349270e-01 2.781243691983632527e-01 3.837882898616963578e-02 -5.195827605252923975e-01 -3.074979013327121535e-01
-5.415270146076476415e-02 -3.656722746862353657e-01 -3.357460833616224827e-01 8.986844064753993222e-02 3.385932882919864828e-01 3.594286626043020627e-01
-1.626357090551219242e-01 -5.331879311612698347e-01 8.235064969903266308e-02 9.710366327621428040e-02 4.193990649254313308e-01 -7.612166128127351161e-02
-1.368964074545843124e-01 6.530700850725967843e-02 -3.886341059425241218e-01 1.782632909917548081e-01 -2.747208027511024997e-01 4.973994442383142811e-01
1.317888503018604662e-01 -2.226513062106208474e-01 -4.653595056879454850e-01 -3.091630911489047229e-01 -7.433214074158572826e-02 4.198313271189526574e-01
-9.994804973255855263e-02 -4.157528879360355978e-01 3.637360386370183107e-01 2.702071801572053511e-01 6.477556375390602916e-02 -4.312969876592001039e-01
-3.671564628862363233e-01 1.105907937735191859e-01 4.999362894050143891e-02 5.230265075808484543e-01 -3.395075896156999340e-01 -2.061603301031675328e-02
8.912507703437359818e-02 -1.321435465500879203e-01 -4.695431297022459871e-01 1.304678029437424114e-01 -4.812519470832768431e-02 5.260630653207545304e-01
4.978933007989520543e-01 -3.611627375079549673e-01 1.161552726586945021e-02 -4.716540192773465701e-01 -1.200916498740579041e-01 5.477482336621293524e-02
1.438872013720434717e-01 2.996811400467181211e-02 -3.793027570728895737e-01 -3.672910175651339371e-02 -1.456280615585543725e-01 5.884491399398426026e-01
3.144553613602746323e-01 1.434727775626528090e-01 -2.496988030095712852e-01 -3.010715855859587009e-01 -3.932755642275485575e-01 3.273868017047708578e-01
6.470208097284416149e-02 -4.087786913914407405e-01 -3.448412137117117804e-01 -9.061019223421765134e-02 2.294566382465645926e-02 5.436925104116330232e-01
-2.959437334548260523e-01 -3.948899261659881144e-01 -2.606568473305489464e-01 4.257629829422575618e-01 9.727124130670028457e-02 2.260841523184019541e-01
-3.062339443110868586e-01 1.418378297124824050e-01 -2.601021475730845856e-01 4.964152636412632047e-01 -2.594798909761575345e-01 1.811441963604826788e-01
-4.311035521539222093e-01 -2.192101551920265512e-01 -1.561146618105063166e-01 5.404351992606344357e-01 -2.706432837672989034e-01 7.511485141132223653e-02
-5.985091218973142418e-02 -2.503530845237674218e-01 4.591979501782866291e-01 -3.687684376379365969e-02 7.455730053905168520e-02 -4.862677730810449073e-01
-3.862059083482464739e-01 5.606655338376340114e-02 -6.711728735354266506e-02 4.285560488795837064e-01 -4.346413468960740323e-01 2.417009596093406265e-01
4.727330391987489416e-02 -5.650316763573899337e-01 -8.712772104004128104e-02 2.163845025386953724e-01 3.625871978984844812e-01 2.459257680964186954e-01
-1.099880043942826936e-02 -6.794393736890216862e-02 -4.512101883889208520e-01 -2.101563876859319224e-02 -4.505283095497030627e-02 5.484775929693557206e-01
-2.707858087031024819e-01 -2.981180750978502103e-01 3.059073320956363640e-01 3.974607275846600563e-01 1.027989560454301010e-01 -3.207601242786883855e-01
-2.941064395054334146e-01 2.773016106245198079e-03 -2.753370731599299459e-01 3.905747628055772913e-01 -3.913844348959511499e-01 3.377302600273799360e-01
5.283769827836419797e-01 -2.182945526162536343e-01 -4.506934427614036481e-02 -3.999402539489597119e-01 1.061841924239235735e-01 1.364262534729461795e-01
-1.575991844199087222e-01 -3.133429895109628993e-01 3.641220290403465176e-01 3.602415577130484436e-01 9.084725437290558370e-02 -3.898482704650697572e-01
