# rod_radius=0.0025
# rod_length=1.0
5.558573878089153597e-01 -2.617917612295404539e-01 8.111084032377961772e-02 -4.342288624125415497e-01 -1.408312795710086607e-01 9.712107846580692039e-03
-3.330914784157085751e-01 -2.465113123285400665e-01 -1.860856374230434804e-02 4.560130625684770123e-01 3.627383093174308959e-01 5.967886770348478087e-02
-1.870538172076856298e-01 -1.331462346386590445e-01 3.495979260470840067e-01 3.947130719862678161e-01 1.641122170298082161e-01 -4.074916984685711951e-01
3.933935638904463294e-01 2.392275165531012604e-01 -2.551758923567568060e-01 -2.046096493136243533e-01 -3.640022532328891502e-01 2.725607861501930240e-01
1.698001550910688551e-01 2.592307539025871452e-02 4.774191008766870969e-01 -1.197990466612134652e-01 -5.626122416155215217e-03 -4.792088050837300384e-01
2.472054223349847979e-01 -4.808650119946645263e-01 1.663434945167908269e-02 -3.106614380189494096e-01 3.481197740434764376e-01 5.624231122884770090e-02
-3.518827438923305961e-01 1.516138044460483281e-01 -9.685718294086161084e-02 6.293963302429530504e-01 1.396396356132876548e-01 9.536143724190131177e-02
1.102545896540527842e-01 -8.289898372634678728e-03 5.059471372582540205e-01 3.548926700223081765e-03 2.119475334788366028e-01 -4.636452384878902988e-01
3.708817637603918638e-02 -6.171256611572627226e-02 -4.960299821925365227e-01 3.211059132084879697e-01 -1.762623410594372220e-01 4.559218412864244896e-01
8.079336944134642151e-02 1.062875074254221279e-02 5.281966893731185886e-01 -5.676774906891825234e-02 1.174669097391533856e-01 -4.565177598234084755e-01
1.162524177486271570e-01 -5.204825546654309187e-01 9.608822699959905511e-02 2.586205181186227442e-01 4.680966730363932404e-01 4.666723395510846001e-02
1.271685896637686775e-01 4.860189832347256988e-01 -5.327063275476680987e-02 -2.144998270609564661e-01 -4.332479550933933110e-01 1.422056806687933828e-01
-3.977905455455174599e-02 -4.860182790080906923e-01 2.216041711966972583e-01 3.391755965579741350e-01 3.892660688167324246e-01 -7.884662819158497205e-02
5.316679818327854634e-02 -4.228590845881939897e-01 3.037836079178649062e-01 4.302218272386969244e-02 3.617197194009484917e-01 -3.161625083762431010e-01
-1.124296261294822630e-01 -4.077992086407357109e-01 2.005911271612856872e-01 1.738025606380345645e-01 4.261191291904615763e-01 -2.712683234033273494e-01
-9.269199706840376696e-02 -1.376704219304879890e-03 4.770569655543610010e-01 3.116856945280511715e-01 -2.040269538493112156e-01 -4.148015203412537821e-01
4.447981402994912736e-01 2.948950542349763060e-01 -1.011287394902182085e-01 -8.830665098077317143e-02 -5.266476195714263620e-01 1.010269347537971069e-01
-1.230863391532031892e-01 3.860197666913526837e-01 -6.738313285660102459e-02 1.608929696453804403e-01 -5.714634869960120156e-01 -1.657396948485971577e-02
8.206819003337913893e-03 -3.183612318561689358e-01 -4.424096134658548340e-01 1.903571153466067645e-01 -5.224627910213697213e-02 5.041653183080532230e-01
-2.619528227145132004e-01 -3.352911880082427021e-01 -8.815935626949383819e-02 3.261450703468080081e-01 4.215468347476391542e-01 1.970371996139917981e-01
-3.475455770997915028e-01 -1.064196572321658152e-01 1.914442850933040507e-01 5.972093442084858150e-01 2.984126340764675644e-02 -1.066682778257741215e-01
2.166347025010447458e-01 -1.867393924570908970e-01 4.483145945063965465e-01 1.873501992912740555e-02 2.762501528471084100e-01 -4.156740608455965491e-01
-2.151721255083565432e-01 1.048655959496120338e-01 4.109229612139985166e-01 3.274888404144864484e-01 -1.085851060044821792e-01 -4.014549520129623295e-01
-3.153437619620230725e-01 -3.106465764035882815e-01 2.644550708764577540e-01 4.754958054830048519e-01 -1.030390675339365458e-02 -2.688057089965376067e-01
-2.405020573629708391e-01 1.493864875907486948e-02 3.972381865383676214e-01 4.586805807729458229e-01 -1.590259542516063995e-01 -2.962168988338833575e-01
7.256193001730126824e-02 -4.536952985831101404e-01 1.979718380707699843e-01 3.108889344201214988e-01 4.507884465926472184e-01 -1.557362247228476215e-01
1.006754965975690114e-01 -1.162564107710365863e-01 4.787568663877313502e-01 1.574936192434896187e-01 1.633365762645200281e-01 -4.796790795885911840e-01
2.160871849246337739e-01 -3.864201007985540448e-01 2.819451183482286072e-01 -2.007894064335055684e-02 4.707010861458860163e-01 -1.758417665940567032e-01
2.478499333062689214e-01 -1.121466053236799126e-01 -4.445409703775328736e-01 -2.045027908280226403e-01 -1.299051610621836106e-02 4.417688416743163482e-01
4.780749731611530495e-01 1.330102320255214521e-01 1.697211700263182022e-01 -4.199673289202620619e-01 -1.402065220386224109e-01 -1.750579316764467319e-01
1.551359499264836628e-01 1.111323992829490181e-01 4.880929716915809458e-01 1.074628585506345047e-01 -9.079208281086634247e-02 -4.901471725929471557e-01
1.272697848264517928e-01 2.370306252965946325e-01 -3.706616846845914859e-01 6.338181927691559359e-02 -2.208303909120867825e-01 5.160635363925439867e-01
1.943890216732454546e-01 3.943567799205981994e-01 -4.588272843948516810e-02 2.644059083974003022e-01 -5.956508162901725800e-01 7.652068253597933689e-02
-3.489513302698443731e-01 -2.025441700928305166e-01 -1.407365210715154358e-01 5.481015064082105370e-01 2.102243181227581303e-01 1.711905641649236198e-02
-1.950867678389738291e-01 -1.782478519622076873e-01 2.418263759351261810e-01 5.011675473762753352e-01 8.591217580986401647e-02 -4.255935880093176249e-01
-1.668744519289442341e-01 2.210328510718155004e-01 2.529981899622863462e-01 4.198987095410513515e-01 -4.653573609049895810e-01 -1.766129526782916903e-01
-8.905429813390722260e-02 2.968936924160484048e-01 -2.871009877095940799e-01 2.964998258010081988e-01 -3.858843607381703955e-01 3.335133431334139087e-01
-2.376345747058998259e-01 9.082959583139714466e-02 -3.346246977388847577e-01 1.871750227180099535e-01 -2.701415850191847823e-01 4.955780561302361442e-01
1.952956341504841209e-01 -3.440391723129517798e-01 -2.707989639320287356e-01 -7.528082394699397994e-02 3.629719619636968542e-01 3.825949726271271611e-01
2.310164113077652071e-01 2.128661718860254681e-01 -2.347457422284633666e-01 -2.100689237935185194e-01 -3.421170568286207581e-01 4.705466389894645829e-01
1.610318862260409489e-01 -3.373215343211760642e-01 4.209657124145314566e-01 8.003285518208465288e-02 1.712331695311810620e-01 -4.362456210147352409e-01
-2.529815276324386963e-01 2.943277736774383979e-01 -9.829134260160746900e-03 6.280104990074073523e-01 -1.648379557275356788e-01 1.042755630007972251e-01
1.579612685768591318e-01 4.160389767813788553e-01 9.541610334459409148e-02 -1.410889769913328817e-02 -5.111871998374621917e-01 -2.372150366146077438e-01
5.744217090012725124e-02 -9.229447669052895376e-02 5.377330699814621973e-01 -3.045922816461633931e-02 -1.540937623123599942e-01 -4.564772660838455343e-01
5.427954023565090269e-01 1.322199488853040839e-01 2.574383555770585197e-01 -1.457910037260520264e-01 -4.085659054866592754e-01 -2.256759384253939071e-01
3.756638657617712429e-01 -4.918941362999794120e-01 -9.113979469766152197e-02 1.268797191766357080e-01 4.669132301887520264e-01 4.595463398143935507e-02
-2.969358303264846843e-01 -3.272451399089473245e-01 8.531575381280186166e-02 4.125324137250086509e-01 3.679218878382929381e-01 2.010638173627304626e-01
4.903095070695266955e-01 2.703242967404570138e-02 3.055176246746697521e-01 -3.231875843599314457e-01 1.891522624776017236e-01 -2.529979454284016493e-01
2.752500396559626195e-01 -2.364550971907167509e-01 -3.246777731291343172e-01 -4.191869676013548762e-02 2.100652897717232015e-01 5.119963191356666776e-01
7.736308810112990653e-02 -5.812185673110423917e-02 -4.880351424561902851e-01 -1.592912640034986060e-01 -1.238361642496277892e-01 4.813339035821591061e-01
1.429991996534026588e-01 -9.575528298245342129e-02 -4.572115807529731901e-01 1.428174979552746249e-01 -2.128073225181775219e-01 5.359141852127579098e-01
-1.044036985830247288e-01 1.222683299728004880e-01 3.924886040298619649e-01 1.177706863369008539e-01 -1.623285491284597593e-01 -5.400579948547596931e-01
3.181344240327260153e-01 3.082155848602707859e-01 -2.520680467822218329e-01 -3.071089917492794696e-01 -3.516536739482527540e-01 1.646371635292643854e-01
-3.853067925541825978e-01 1.404040584945205616e-03 -2.973206249378497479e-02 6.098550924970762566e-01 -7.513668054272770735e-02 -9.133028122193245779e-02
-3.614486420962117474e-01 1.593703898484828962e-01 -4.510929549258665960e-02 5.455378188383743776e-01 -2.504752935926860546e-01 -1.420735953456532807e-01
5.064202980783458763e-01 -3.465774651718481203e-01 1.200379507191617623e-01 -2.328899335425517192e-01 3.263578991654901285e-01 9.598848409662309733e-02
-9.731665802525144016e-02 9.912094156890025043e-02 4.606587633920455893e-01 4.402619844251709491e-01 -2.345236585185170586e-01 -3.137380883665783493e-01
-9.380694058696319171e-02 4.562308553060918648e-01 9.562432361703487871e-02 3.409819173379360358e-01 -4.342633148530984366e-01 2.297093038976641688e-01
6.959947923822906724e-02 -1.658294438683927813e-02 -4.769451721231277586e-01 6.692534428428004167e-02 1.865604919991343258e-01 5.022001660445754023e-01
4.252894346826936456e-01 2.974206248930825747e-01 -1.774582165770618655e-02 -1.400804918979796643e-01 -5.246385676887721505e-01 -8.538848578200795847e-02
4.641153938002914175e-02 8.879442745129223491e-02 -4.112742182695439674e-01 1.383215929532129462e-01 -3.227636795319930307e-01 4.954630461177255696e-01
7.122942977147035670e-02 2.285362980935526089e-01 4.414180945691237312e-01 -4.209257757143591849e-03 -3.284653004829199974e-01 -3.856600296774399528e-01
1.820895197494890039e-01 3.386592181689512815e-01 -3.282099054057304732e-01 1.264221270509159334e-01 -3.158638619433528083e-01 4.257799347051594019e-01
-2.114079679313086435e-01 -1.569286867728704737e-01 -3.251078529949456564e-01 4.282936393320860846e-01 1.463378480590801223e-01 3.811578636554172062e-01
-4.627699424745465584e-02 4.145353113876819595e-01 -1.009912828621950670e-01 1.211585704987534484e-01 -4.961447540031783676e-01 2.766688158480296034e-01
1.671827624245550148e-01 3.314803074612147904e-02 -4.603084641127271892e-01 -1.700193575841337512e-01 -2.265704464870508250e-01 4.445898963926546710e-01
1.689069858269935942e-01 -2.498294909636361236e-02 -4.143603858842324072e-01 3.117200772258980068e-01 -4.565428859374813519e-02 5.751734016381907511e-01
9.405707719927217103e-02 -2.335475472135408737e-01 4.581574694707594708e-01 -7.254928394489840171e-02 2.017090785194268210e-01 -4.265989886474333415e-01
-1.439421588655898365e-01 -1.671218166351839396e-01 4.476114068663192280e-01 2.039746589414890010e-01 8.608129375946121931e-02 -4.550746253583258238e-01
-3.880970350101009547e-01 -9.050436630613335753e-02 1.510463013077612826e-01 5.660149033188520695e-01 1.699891604605486828e-01 3.352253862293846920e-03
3.682911944645689273e-01 -6.339481014710193763e-02 -3.991061212857238694e-01 -2.716633914827080165e-01 1.581024337657876144e-01 3.366907928584190746e-01
5.471596659392075068e-01 1.053530711536243558e-02 -1.755103180627247683e-01 -3.973292137085265852e-01 4.268522023025015516e-02 1.514562540948478087e-01
-3.338746290994736299e-01 -5.327768332858130035e-02 -1.194778757657468798e-01 5.916256922592417755e-01 1.094114025442171484e-02 2.537848974417212244e-01
4.516840124029083414e-01 5.234226618384443808e-02 3.216456242592658499e-01 -3.167152566257037671e-01 -3.477738565908971013e-01 -1.778237458246289537e-01
-3.336112486786827480e-01 -2.188570735959149416e-01 9.825863467140316665e-02 4.862755040193788014e-01 3.302542585053299118e-01 -6.379832355077205697e-02
-3.427302359044345215e-01 1.071478333963760687e-01 -1.453909447225698037e-01 4.766115243774199373e-01 -1.683810323865195802e-01 3.573643874009425070e-01
1.312390116346636715e-01 -4.930623770480664358e-01 -1.378007965717144012e-01 6.881505574535271008e-02 3.840689437618026725e-01 3.383755318880945495e-01
1.451284673608593256e-01 4.363239069983924079e-01 -1.501409813842011221e-01 -7.872013329505178625e-02 -5.160738510239405441e-01 5.681387963245640438e-02
2.012796076942602319e-01 1.954273554070524166e-01 -3.616128807380735166e-01 -7.911465885251950381e-02 -3.111165959414346482e-01 4.537350699185495051e-01
4.190950347148533206e-01 -1.002622030629005678e-01 4.063942394233175937e-01 -5.656375961667781116e-02 -2.235213683554947151e-02 -4.697785363210123522e-01
2.590931467339994132e-01 -2.103229482075959472e-04 5.179883622348311345e-01 -2.447853553246559510e-01 -4.205789676075000899e-02 -3.447718800857856314e-01
3.848876733005047734e-01 1.162770696756167538e-01 -2.647124926909221188e-01 -2.569837165544393009e-01 -2.865986189832915865e-01 3.877385003907749539e-01
-1.952544549230206261e-01 2.448860361194899263e-02 -2.837920725627203211e-01 4.413993751870008975e-01 1.966593977117547104e-02 4.873425736046780310e-01
-1.509865634936969347e-01 -1.478617977396980143e-01 -3.917817320787509439e-01 3.585554037962856433e-01 -1.256081146164658713e-02 4.579597737231257404e-01
5.057558294817898759e-01 2.730841423036851623e-01 -2.176739799581079750e-03 -4.464158056138175512e-01 -2.107614294378684638e-02 8.052092584149546373e-02
-4.064747048320108691e-01 1.483865127364215886e-01 3.250086032668672575e-02 5.891185656793029857e-01 5.464231638408781344e-02 3.003806458992137191e-02
-2.658360817919235841e-01 -1.270561735949997384e-01 -3.303064172398357812e-01 3.577552431174784719e-01 5.928478500995923439e-02 4.289108814592398344e-01
2.157054044994976827e-01 1.721848492987748114e-01 4.706582731774320294e-01 -6.512491182432769699e-02 -1.148511004669682256e-01 -4.451717858267142391e-01
-2.310552216407336656e-01 -3.845121500767681999e-01 9.700864584781425382e-02 4.763221487695082912e-01 2.798511986844013366e-01 -1.443180966701591017e-01
-8.203297199255665806e-02 -2.157590121120633031e-01 4.286554169601042852e-01 8.473413872569782179e-02 -3.568095135949250762e-02 -5.407570973073148046e-01
2.734555738591890606e-01 -4.797329683652419297e-01 1.674966453915110454e-01 -1.519506255145353646e-01 3.601742792344285737e-01 -1.695276578329726336e-01
3.254940212602502325e-01 2.640918532312221817e-02 -4.957392522824557446e-01 -2.965897057622355892e-01 -5.096660553710124358e-02 2.833787256660499354e-01
-3.441897496701678549e-01 1.190139699447996698e-02 2.700560638788105927e-01 5.071453642430168163e-01 6.553129872676639878e-02 -2.518178264995163951e-01
1.544559978324254179e-01 -1.460122499830699694e-01 4.600325995270545532e-01 -1.123582015958773939e-01 1.749734053459285066e-01 -4.486908964036092629e-01
-8.914164111165054404e-04 1.614284170224320261e-02 4.885257778659599648e-01 3.892520327390407431e-01 -2.422510935169975080e-02 -4.313429723440497243e-01
6.131579186290407602e-02 -4.917309229171333840e-01 -9.536113172150341433e-02 9.824105631252694204e-02 4.608392360568897006e-01 2.067094181133485309e-01
4.839350415970595787e-01 -2.780193497967476390e-01 1.800104608154511759e-02 -3.469759780516366021e-01 2.661722377000437789e-01 1.339423826448518928e-01
2.187398860510944842e-01 -2.647975557736845231e-01 -4.045903224594354919e-01 -1.511500719683664118e-01 7.371959650980458578e-02 4.606192224291068005e-01
-2.129293355273809141e-01 -1.948821202145572529e-01 -2.980036532416862616e-01 6.358663974637447369e-01 2.179089029616540496e-02 1.842811279532814983e-01
3.877405539205703855e-01 -6.281935709240474286e-02 -3.485764127549192404e-01 -3.401751936489441075e-01 -1.641992808400986048e-01 3.295539401280840330e-01
-1.796604119574460659e-02 -2.986820773704600418e-01 4.452921049469810710e-01 2.898074042983561083e-01 1.540754141482645334e-01 -3.915389174956395713e-01
-1.545739732725676108e-01 2.472456813463207170e-01 -2.676930818281434976e-01 3.799726092228471463e-01 -4.011727117614202198e-01 2.743526160812190251e-01
1.408903886782080228e-01 -4.413040838193901805e-01 -2.230090979020869779e-01 2.108667321484606338e-01 4.317154185050669501e-01 2.596297524981789895e-01
2.622902802953770984e-01 3.308060148702947068e-01 -2.410996397459786444e-01 -1.194537694789965521e-02 -4.264786239250429878e-01 3.516184889973247851e-01
5.008098269294233296e-01 1.706109851718003168e-01 -1.954521487169197935e-01 -3.365385124713978771e-01 -3.521293942124825715e-02 3.109906126765096812e-01
1.784107094417596018e-01 4.479966642754471540e-01 -1.812178575330773977e-01 2.062720064124531905e-01 -4.428039915371727586e-01 2.723214899715432624e-01
-3.155397875625983173e-01 -5.336282554836351694e-03 -3.151656885840148359e-01 5.369194766002447494e-01 4.050721970110135461e-02 2.056140885232129456e-01
3.422732184877974038e-01 -3.405248777546482364e-01 3.459748273120265560e-01 -2.700628711822218864e-01 2.255857954683552213e-01 -2.058976388888412723e-01
2.656385340237915060e-01 2.028698198752413306e-01 -2.971805064866307466e-01 1.191820273082261628e-01 -4.683642995553239929e-01 4.294523090075135219e-01
-2.299888822658028784e-02 -8.779528633677527449e-02 -4.805179163641616902e-01 2.901375550357666588e-01 -2.900782906965021501e-01 4.473975722705574865e-01
-1.344473432573515051e-02 4.260489758691746176e-01 -1.261143263892189892e-01 -1.045874634250290591e-01 -5.263449554098178496e-01 1.648131604443191511e-01
1.645328570286174463e-01 2.532659467597637715e-01 3.329897633372840282e-01 -3.962592152425206682e-02 -4.208942302223708243e-01 -3.768181324424243472e-01
-3.344596899312266003e-02 -2.632356440489345140e-01 -4.136027703759596053e-01 2.305394907557163642e-01 2.423410385639521714e-01 4.078008423743999522e-01
1.551701316886678894e-01 2.387066876904737900e-01 -3.752373480224924229e-01 -4.130780990635415928e-02 -3.568241570946391050e-01 4.036974575781514529e-01
5.747929981007016131e-01 -1.731681039536567823e-01 -1.095549201237032699e-01 -4.061112485764193369e-01 -1.001690478390257349e-01 7.071708729054504428e-02
5.508077221607630969e-02 3.826725987124145467e-01 -2.338805298707189173e-01 1.205225606820844869e-01 -5.503161745837060748e-01 1.200252785384822440e-01
3.733083972140464057e-01 3.123573614656359188e-01 2.193450771393038456e-01 -4.053074324092281744e-01 -2.031578647859527131e-01 -1.384278136207887089e-01
-1.048984719172506574e-01 -4.806756579859104983e-01 -1.214750489508673453e-01 2.994298246831845201e-01 4.205051054680287725e-01 3.470388736503181304e-02
-1.591996819780652495e-01 -1.135552064668562122e-01 -4.031338093055301108e-01 2.061438756127934868e-01 -1.050504807487074588e-01 5.277000934759027428e-01
-3.367554692569180719e-01 -1.249184780286725499e-01 -2.186399017182444060e-01 5.427731681152212495e-01 -2.155301866056019977e-01 2.484991507180482617e-01
2.500833708502360753e-01 -1.071446469951807257e-01 5.175760848606458797e-01 1.347119767003438495e-01 -4.277671908262037359e-02 -4.736586054464244633e-01
5.646994409262528353e-02 2.530551958666901746e-01 3.873577153441795651e-01 8.577570297358597107e-02 -3.391621670029984492e-01 -4.178874445991029307e-01
1.421363641662355126e-01 -5.998949873052281667e-01 -7.548911205899593024e-02 -1.709476778663391594e-01 2.887206236379725732e-01 2.596834981175920598e-01
1.198637311732954625e-01 4.969289929840894904e-02 4.947547288072854377e-01 3.345566221815705621e-01 -7.940702893121098782e-02 -4.733569233700942736e-01
1.716580509049928094e-01 -1.217929862862991292e-01 -4.820329016362878694e-01 1.525213779930361391e-01 -7.663589445091720243e-02 5.167636866672723484e-01
1.180075042639900373e-01 -4.237302464944428526e-01 2.943946536244921863e-01 -1.740203757780500737e-02 3.740138561417344909e-01 -2.932009579038747371e-01
5.472152434772861174e-01 1.715078610737345577e-01 -9.414756565969649438e-02 -2.919997786036346854e-01 -2.715327590793119028e-01 2.211826669665513667e-01
-1.100458685986603208e-01 -4.906126308221607779e-01 -2.993959522921381053e-02 -3.689566498952345786e-02 5.057848827791747714e-01 1.296777710955950361e-02
-2.631790293505549203e-02 4.680717928443507009e-03 4.640297780300928210e-01 2.648924713453013058e-01 -1.913238092324734962e-01 -4.723348642134723718e-01
5.209008552061097919e-02 1.829268927976225867e-01 -4.696589737804173215e-01 1.774917132809372688e-02 6.448663739613456902e-02 5.227081999576363991e-01
-9.200140013823053520e-02 4.122246298045357804e-01 -5.469235788143694821e-02 4.467867468942489095e-01 -4.074934336706906857e-01 1.396517416681299084e-01
1.935438161530163292e-01 7.246541901564856891e-02 -4.232162123953829291e-01 -1.852608943294187238e-02 -2.723298356467299675e-01 4.911921140688221832e-01
-1.091483694699134088e-01 3.873693650628025620e-01 2.065799834711065305e-02 4.227215501913890727e-01 -4.347450777236794850e-01 -1.824238361958923083e-01
8.390164220504675585e-02 -1.851034522085547862e-01 -3.991790510458901320e-01 1.189289404885694873e-01 1.777095320672748002e-01 5.320243782947796651e-01
-7.023318446070278553e-02 3.679871886505801104e-01 1.442994634311916546e-01 5.518056049556103737e-01 -3.804009467020623703e-01 -8.588077752115966246e-02
-3.175871710439777673e-01 2.303086162918373814e-01 1.761206724201259677e-01 3.512003944909536934e-01 -3.377662853617666716e-01 -3.034771781767130472e-01
-3.534954865543133984e-01 -6.348284447994292923e-02 -2.404929329131214322e-01 5.586039401598170695e-01 -2.676444748753732950e-01 1.150245272235562444e-01
-7.275396411843154665e-02 7.056877150456881964e-02 -3.890136997299221133e-01 6.805495068541544956e-02 -6.421243892619384053e-02 5.918057917294297088e-01
-2.361917983844866089e-03 1.315198965802894526e-01 4.419720934495999232e-01 1.862332948170068725e-01 -6.273350040207339995e-02 -5.206791743880392342e-01
-1.465685790806905420e-01 2.783502616764986226e-01 -1.834701662930297017e-01 4.964816002972719522e-01 -3.601429816069618428e-01 2.393925124613599520e-01
-3.827886082081470298e-01 -1.323014674794051326e-02 -9.446600224123098688e-02 5.587112431133316459e-01 -7.428757625340035031e-02 2.369702967120058679e-01
-9.075591774253383148e-02 -4.256422512077094322e-01 2.744983755749700327e-01 3.322934209368075265e-01 2.819311654200557515e-01 -2.915132118723922083e-01
-2.836765883098906760e-01 -2.687509327978832574e-01 1.598122363020554326e-02 6.587879680214809852e-01 5.939152352086979336e-02 7.988027229453151246e-02
-3.822276643854931599e-01 -1.295912175756551432e-01 -2.097669532859673669e-01 4.408295393664052320e-01 2.715420041607465862e-01 1.923138567155555922e-01
-1.924731063262797789e-02 4.463037639722953198e-01 -3.073752479679734209e-03 -2.699433998727007039e-02 -5.536624871448865282e-01 -5.808741113618056881e-03
-3.942221368599003739e-01 -1.314476700445335322e-01 -2.130196757925511414e-03 5.939522220118118589e-01 -6.215764119654741682e-02 -1.389158991201451532e-01
1.494127919231506008e-01 -3.214802865083303818e-01 -4.178270880204299487e-01 8.492065815127507189e-02 4.820495370554150893e-02 5.090890828653531486e-01
2.517479129167138341e-01 2.270037518919837682e-01 -2.693168257477140393e-01 -1.557077384452865698e-01 -2.524486519939008744e-01 5.079252759047983012e-01
-1.691340436831329230e-01 -3.602662945653465898e-01 -2.794099291499730353e-01 4.717797999474072634e-01 1.904773405013841514e-01 2.552964327686143009e-01
2.724433884957483953e-01 2.113151873339771114e-01 4.111920376897685858e-01 -8.776056273493759718e-02 -2.797457273008029377e-01 -3.819739547959499215e-01
3.201668232418234949e-01 1.583728594352022401e-01 -2.527768019105639530e-01 -2.070429284883073540e-01 -3.822188324943762150e-01 4.028225424281637324e-01
-1.783063335563625229e-01 7.143942240864725735e-02 2.681226976488882974e-01 3.757609592540561705e-01 -3.598491254822839824e-01 -4.439163627234101739e-01
-1.602916258696095442e-01 2.315574304539886885e-01 -1.243524575029641283e-01 3.028694641024179957e-01 -5.432174204756403668e-01 3.060029015933234398e-01
3.939535259376165111e-01 -4.083788644922500821e-01 1.263332467841333795e-01 -4.105597555741113402e-01 1.406190732696279144e-01 -1.002934158229756290e-01
4.428646235289945832e-01 -6.615095349647227840e-02 -2.478962453588115511e-01 -2.848713663703625887e-01 -4.267953441553883065e-02 4.375593852195139299e-01
1.804831505212567133e-01 3.467247795264186139e-01 -2.734750348227398264e-01 6.110213687895336976e-02 -5.296966186441312008e-01 1.930372441266088868e-01
3.389092158475865979e-01 -1.616932824860036477e-01 3.664466248311515351e-01 -1.764634032158715060e-01 6.956662729926962885e-02 -4.587260344625134767e-01
4.791153741322374815e-01 -2.959902347369958719e-01 -1.205607609099554334e-01 -3.854565683091271122e-01 1.258311611139516506e-01 1.525364129046484774e-01
3.739550170753149216e-01 2.955670521614706669e-01 2.541133042032768796e-01 -1.952647322378527339e-01 -4.298010133279996370e-01 -1.329655592857001412e-01
-2.103684872382473037e-01 3.010618859522853907e-01 -9.575204780780270652e-02 3.874382628667956130e-01 -4.999759694632315843e-01 -1.268236380496332860e-01
6.330419293111164136e-02 -5.010506265395375802e-01 -2.123635204021234735e-01 2.082911409154391547e-01 3.307772717519882333e-01 3.233986773480471699e-01
9.927716560253237524e-03 -5.220172695714692113e-01 5.718271335805535233e-02 3.744169549624720705e-01 4.053339686802974740e-01 -2.747705277607354751e-02
-1.557482746107324567e-01 -3.764112231456924751e-01 2.074819107367324722e-01 3.451457437717777577e-01 4.019871509851999369e-01 -1.709373719366068800e-01
2.061667319409984378e-01 -2.994488036895843752e-01 3.752685704545229983e-01 -5.643559683122278958e-02 2.842343718472126746e-01 -3.930763830127895764e-01
4.907124002529554274e-01 1.348883371807923781e-01 1.142013315064662471e-01 -3.101918703804172339e-01 -4.125163099474162820e-01 -1.284929238513124461e-01
-2.017724484220592418e-01 -1.922402320536230058e-01 3.365300979604755049e-01 3.469217537872314461e-01 1.327743846488960711e-01 -4.337297097613247443e-01
4.827572501438059938e-01 -2.202614100034979427e-01 -2.175072449831642329e-01 -2.724553913512138825e-01 2.196741156875836321e-01 2.684048863338325264e-01
5.276945981875834635e-01 1.521204849963781469e-01 -2.429637911786121929e-01 -2.406656993072862072e-01 -4.107572717749477520e-01 6.165249887442383891e-02
1.043326990331168852e-01 -3.712678974487635397e-01 -2.982286071587126330e-01 1.250749847286898031e-01 3.901216335806174662e-01 3.497341538260391736e-01
6.345200337557764352e-03 -4.395717318825545982e-04 -4.725303703884196072e-01 1.728127217266033425e-02 -7.552136873484220810e-03 5.273845328658143261e-01
-2.371847180690400958e-01 -2.176851685809904624e-01 -2.649389815914698909e-01 4.130722371190191922e-01 2.285847074529056000e-01 3.498854567437716945e-01
1.114691483621859242e-01 -9.541902152450761065e-02 5.533375467628648403e-01 -1.017280485715984367e-01 1.791254002126269618e-01 -3.843043442128954990e-01
1.222212155442242015e-01 -3.997701492636854259e-01 -2.749844034966303363e-01 -9.788444321573495921e-02 4.244390459369036805e-01 2.467748336316084590e-01
4.213620425391049196e-01 -1.653250598271565480e-02 3.286296887016026402e-01 -2.163139777388120022e-01 -1.417301282238097593e-01 -4.314327090972188139e-01
2.527240216917662763e-01 2.398882049952177214e-02 -4.034042057166015161e-01 -6.296837636886470913e-02 -9.600839080089348943e-02 5.378391098436480222e-01
3.115005577744017207e-01 8.265500827031357911e-02 4.303491116806217875e-01 -3.699311600350463358e-02 -8.759205496277089331e-02 -4.913710718877365990e-01
-2.098989360302400409e-01 1.482966454617916652e-01 -2.420478603485549940e-01 4.988369562290375647e-01 -2.804652298619855211e-01 3.181812796399708931e-01
5.589417945608832206e-01 -3.142053175363662687e-01 -5.347800525936274862e-02 -9.930105316707282803e-02 4.208924020445706793e-01 1.088417288517344039e-01
3.377357227528282602e-01 -2.239608210751304063e-01 3.309039342305919451e-01 -1.340961309768823329e-01 2.399663959031506366e-01 -4.188601881124098814e-01
7.753690670729000700e-02 -1.370967160066620394e-01 5.149236951350381064e-01 2.095560489821289840e-01 2.055671331508474864e-01 -4.152120113903996490e-01
3.805540890016544386e-01 -4.740461715945094023e-01 2.306258403604966381e-02 -2.916277433850889000e-01 2.547952694950575414e-01 -1.071746531877314224e-01
6.556803613760384120e-02 2.956176954199476459e-01 -3.557518626513288540e-01 4.426608590950767419e-02 -2.754568373840976525e-01 4.648699167934534637e-01
-8.459754053081382230e-02 -1.975135288197807371e-01 -4.367761906572567576e-01 2.814765464525577354e-02 -5.289164089801184909e-02 5.462665502745163160e-01
6.453719599874661872e-02 4.098764705103455364e-01 1.870318267825667735e-01 3.172779748845349634e-01 -4.715046291948951640e-01 -2.120790046547490759e-01
-1.528793921134866396e-01 -4.319662652790973167e-01 3.742016293897333645e-02 1.111196562498083240e-01 5.319567899559249913e-01 7.143260257000635938e-02
2.675134417957072408e-01 6.884034124013402312e-02 4.524671335812702755e-01 -1.410782680710931936e-01 -3.081241328767025944e-01 -3.787672496596668492e-01
5.136820237470159922e-01 1.064095613314737093e-01 1.585699016094814784e-01 -4.807348514926882421e-01 5.961107844821707941e-02 6.399199595320333167e-02
-1.786561736163332081e-01 3.338898300119420570e-01 1.721415799698017834e-01 5.087734802213395024e-01 -3.036019990070049079e-01 -1.757731207237663851e-01
5.514380447841885635e-01 -1.052748514618419007e-01 1.634509075252904287e-01 -4.167370662833835837e-01 -1.562208390525610668e-01 -8.158268335094151502e-02
1.209936669595612635e-02 -4.045686194541818215e-01 -2.711615781430239958e-01 1.210274695672459849e-01 2.351614499092353205e-01 4.896801312533123340e-01
-6.169943776342463188e-02 6.340556185518242405e-02 -4.117054228437497798e-01 3.654733455798598318e-01 -1.016909626652154619e-01 4.772639527604028986e-01
1.261449511974200004e-03 -1.530019253929535694e-01 4.513822844348478469e-01 9.931663257450824844e-02 2.793513975684669415e-02 -5.272120950347819468e-01
-1.305410041669920196e-01 1.697566887276902303e-01 4.082345089120008041e-01 3.294267005428358486e-01 -2.100558193202454738e-01 -3.943688609752115659e-01
2.912021899429177441e-01 -3.292500179657695258e-01 -2.559169769382235171e-01 -1.043731248503484976e-01 2.860914197609810139e-01 4.259005098884080520e-01
4.401409823765665696e-01 2.357300165499516265e-01 1.676457750844949357e-01 -2.143705197737549306e-01 -4.999016405829542764e-01 -6.884332853432040267e-03
-3.672116361991912825e-01 8.007579877342591024e-02 1.502863077613277032e-01 5.871040343526419125e-01 -2.064719986281118302e-01 6.559887809474639064e-02
5.933867398500303203e-01 -1.950189668648719121e-02 -1.267816048662716820e-02 -3.818115307234837275e-01 -2.379876143651747100e-01 -4.806635401011899456e-02
-1.053821785030551045e-01 -5.772940945772319504e-02 5.366874463108963766e-01 -2.591809733185546083e-02 -4.566661111621686531e-02 -4.600772945882734000e-01
8.369665211144321215e-02 3.909645932093039344e-01 1.056695885394834944e-01 2.297225272058798229e-01 -5.876814064094650902e-01 -3.899710159022221068e-02
3.956676007964677333e-01 6.077836676672468408e-02 -3.224841118811412888e-01 -1.817249272383058556e-01 -8.337844742025479761e-02 4.811555346601887329e-01
