-1.294592094344438893e-01
5.009568040414302814e-01
4.812895052284778263e-02
1.513123417105752155e+00
5.094517104057565859e+00
-4.386835743102793783e-01
-1.253839868520218448e-01
1.462390226119076632e-02
1.463054680050309919e+00
3.559676861422315097e-01
4.108839462655162755e-01
-1.240941297624701192e-02
-1.305737768784935859e-01
1.132195671972175965e+00
3.258821237202960575e+00
-1.301369701832562897e-01
1.449764896614317844e-01
5.697621537350661125e-01
2.870216934819303400e+00
5.434863380319928439e+00
2.069310757536681200e-01
8.871186908981563979e-02
-3.261616456577099421e-01
5.233119345345577100e-01
3.558809240837700116e+00
3.620472676538284418e-01
2.653343524148363275e-01
2.198794340699709304e-01
1.827907841639315301e+00
3.754743941202335566e+00
2.585914021989794143e-01
-1.777160247295207218e-01
-2.185112827670085411e-01
8.023919065269649042e-01
2.546869831910078208e+00
8.219616222620636237e-02
3.682901197600552123e-01
-1.559098859443446283e-01
1.036564240241657497e+00
4.538844171545164841e+00
2.529431903297433282e-01
-3.109162405637597160e-01
1.189409451475216400e-01
1.669745028107733065e+00
2.201148627504068145e+00
1.510101005662063123e-01
4.090279830349408674e-01
-1.447255636251785771e-01
1.052252384117447370e+00
4.303290088018212778e+00
-4.375941876856787732e-02
3.318649767670550643e-01
4.079167304197592880e-01
2.291648017805023585e+00
4.816350891874818352e+00
-4.886316304900762408e-01
2.226279755773204472e-01
-1.095650163015075146e-02
1.352061366206723125e+00
5.792816380125930031e+00
-4.364231865256195109e-01
6.236596129334792508e-03
-1.602054526291905867e-01
1.071973288086825127e+00
6.222847622166365333e+00
-9.248461072381942982e-02
-8.273504151817179242e-02
5.195788689889800915e-01
2.990474432360604506e+00
7.016067174932716366e-01
3.193234627838447137e-01
2.000054579981816183e-01
1.008900546501710349e-01
1.621686929662373267e+00
3.623775326947977771e+00
-8.578391622755120183e-02
-3.975445523380318202e-01
2.404905400955371086e-01
1.973601468523675573e+00
1.385028964592423861e+00
5.444192783828993160e-02
-9.286396531623165862e-02
5.618556525476448016e-01
3.461076855335899261e+00
5.164342912127373175e+00
5.190277799394382718e-02
-3.382983580905716825e-01
3.988807953452051525e-01
2.323270217522331205e+00
1.710146320525446351e+00
3.271006376547413441e-01
1.415846983416855220e-01
3.469717484968578014e-01
4.125028618383204559e+00
5.873250360900482692e-01
-7.570589565161342516e-02
4.483453936428363207e-01
2.141695892103330501e-01
1.849453939227329480e+00
4.952517208467989818e+00
-3.401248762172021101e-01
-3.080107781960780833e-01
-9.328261182670062601e-02
1.199007577337464436e+00
5.946129553896318809e-01
9.391294404347595715e-02
-6.151814543806314456e-02
-3.907559620834326619e-01
1.431561284782159882e-01
2.812258621316451102e+00
-1.259126049889503496e-01
-5.067566532891909503e-01
8.625314709691493664e-02
1.615182263958924169e+00
1.268759129292300614e+00
-1.997084592373069012e-01
-4.034013614139175252e-01
2.503363233589374626e-01
2.004837078441218612e+00
1.042009556250982794e+00
2.270014125640935354e-01
4.216410878685526720e-02
-3.516782709743854207e-01
3.987138553225487159e-01
3.382637672659994710e+00
-3.052131162411025334e-01
-3.230314086390214112e-01
4.597412625932061070e-02
1.527542258014891186e+00
8.812472541659019942e-01
6.231553405476775859e-02
3.216195049505091164e-01
4.002868315860245163e-01
2.353145672142898714e+00
4.523456830113462779e+00
1.562764521013913221e-01
-4.502805928087093568e-01
1.917878135550488694e-01
1.719464358146099547e+00
1.995040893477028732e+00
4.031548333495226233e-01
-1.152219578731329824e-01
1.583632343960644506e-01
1.849859691416409158e+00
2.838007080696884898e+00
-1.148157814851606395e-01
9.658196647601774432e-02
5.613487248011210795e-01
2.938645545625073296e+00
5.313616219709953015e+00
1.587505865072235678e-01
1.230609878123367362e-01
-3.167442801524689711e-01
4.494164517184320862e-01
3.700408053494182781e+00
4.375627753116320684e-01
1.859126299890955791e-01
-3.828811980483188410e-02
1.390026788834511917e+00
3.467753607501135260e+00
1.070774408293653085e-01
-2.214281560922849168e-01
4.292710191135251652e-01
2.531095829948025067e+00
2.158985130685863396e+00
2.515474519645178875e-01
-3.824262323307764389e-01
2.163401779606708153e-01
1.848307683449444294e+00
2.238031716984733244e+00
-2.230189289348451578e-02
2.424982721756424320e-01
4.121786595911786644e-01
2.503458804743503574e+00
4.727621765437056034e+00
-2.571607079681143548e-01
-3.322274647488297483e-01
2.381224726416032722e-01
1.907884750880612490e+00
9.961655482897955327e-01
-2.512530492181077602e-01
1.898727781115878421e-01
-2.699441603700128978e-01
7.219049698038314533e-01
5.562367440030739907e+00
4.356586330719938727e-01
2.543901188919077683e-01
-6.511807649503646711e-02
1.315092324341577523e+00
3.541532840460625664e+00
3.650164642607570120e-02
3.327647316355074603e-01
4.519793139560192574e-01
2.484573152515278771e+00
4.538461876409939144e+00
-3.165783335933683995e-01
3.260548398777820545e-01
1.750319113238604229e-01
1.872414711848227720e+00
5.531916331565001066e+00
1.846055002561464431e-01
2.413603733778505681e-03
-3.613705953492961087e-01
4.325823823336893414e-01
3.120392363971513650e+00
3.668755974541512144e-01
5.085210503439116514e-02
-1.800194205325488239e-01
9.603473952618292175e-01
3.247594963906078824e+00
-3.733485908689353483e-01
-2.470541438039590143e-01
4.226774021175377927e-02
1.489979860988576155e+00
7.058498954072347509e-01
3.583268307116621587e-02
-4.016951613049091763e-01
-1.747239441080626066e-01
9.382694379291812714e-01
1.618780231446825590e+00
-3.621660610593979146e-01
3.638026606812080899e-01
4.720046085517547452e-01
3.977865412477173290e+00
2.390048593103409225e+00
5.967759648465294220e-02
4.375463692450570763e-01
3.374338273483760142e-01
2.063660686577603709e+00
4.491801265189790726e+00
-8.712311967222131524e-04
4.991759505477739167e-01
-2.245944880263761045e-01
9.541774410444443522e-01
4.681796080658037873e+00
3.320672784650274822e-02
-4.801262715056749397e-01
9.036586527118256607e-02
1.639179433960823662e+00
1.651539264500507365e+00
3.972662574319069662e-01
1.119650597325379943e-01
2.613540415653419213e-01
1.911985719819102814e+00
3.408670489170313900e+00
8.846555699161678943e-02
-4.330957897730064454e-02
5.678720506638992305e-01
3.027309268875149062e+00
2.926150871803357312e+00
1.050754054010913652e-01
-3.789938110563685902e-01
-1.239694691313651398e-01
1.138630821101014545e+00
1.868125168996209950e+00
5.114643269102021605e-01
8.044642191009182541e-02
-7.717469214138029943e-02
1.332291205527798894e+00
3.245083453165834797e+00
-4.171912759917543734e-01
-1.857733265343762541e-01
-9.161360978009673584e-02
1.151881079655324047e+00
4.368983334672048580e-01
-1.664482988084063086e-01
-4.469547188144291638e-01
2.084281915393474127e-01
1.859935063012497558e+00
1.353630991111646864e+00
1.250147615421204339e-01
-3.583425755598718121e-01
3.360754284207161935e-01
2.096887619759938204e+00
1.950230668383102106e+00
2.842533065041558116e-01
-3.623434019062214961e-01
-1.535329001729315856e-01
1.121899239152715833e+00
2.327624387350412327e+00
-5.040684313146044371e-01
8.106750521574931923e-02
-1.438869210228129469e-01
1.095373989514334623e+00
6.035233250624683521e+00
-4.540930476500730784e-01
1.219409843452396169e-01
2.166900394156850707e-01
1.842479346287140052e+00
5.932082618435855714e+00
1.604064516690366093e-01
-1.447410231403293834e-01
4.612075146091926259e-01
2.671679690685347275e+00
2.534472118895609860e+00
-3.830450217317362023e-03
-1.258296015582256178e-01
5.415745655866970321e-01
2.922780005410745563e+00
1.376304761712795255e+00
1.806226238072189683e-01
-2.673786839881043820e-01
4.335349133062343929e-01
2.379143496899757348e+00
2.234851450590845889e+00
-3.356451413236505310e-01
-2.078790613801046738e-01
1.772835925553264691e-01
1.932330541700078896e+00
5.883682024304779379e-01
-4.161057826433452456e-01
-2.068458150569167098e-01
2.481184277561092888e-01
1.934354009297330146e+00
3.605543624961277116e-01
-8.531371138405101362e-02
-2.212092511426611841e-01
-3.873953684316829849e-01
3.923549719967511229e-01
1.288945043805647117e+00
1.305938814399673353e-01
4.428805327760034771e-01
3.498684223708575236e-01
2.145837703916830375e+00
4.425354169778731972e+00
1.909784429445169074e-01
3.239086470502487991e-01
3.516702241808536411e-01
2.255180552997641641e+00
4.175700467228200985e+00
3.665543339635537468e-01
-3.927787157217320080e-01
2.696035773995915374e-02
1.453982249055095100e+00
2.258984167952838629e+00
-2.621880275839004737e-01
1.348569516695074522e-01
4.724043853929515424e-01
2.546243330734176524e+00
5.723419940915405846e+00
8.740243619902382521e-02
-3.259559304742233321e-01
-2.104385450194290741e-01
8.674298913604544525e-01
1.950948656527528025e+00
-3.879848884029393763e-01
1.169825640840163744e-01
3.644230095183054186e-02
1.484524182858506736e+00
5.906837806013824022e+00
-4.651400239400073633e-01
7.682983085237593546e-02
-6.388502531338430268e-02
1.237176572714657308e+00
6.142265598262181214e+00
-3.356931918085202526e-01
-4.940705009565023870e-02
-2.455990366964322102e-01
7.979365764413022255e-01
7.990169153594374463e-02
-9.230029285435602249e-02
3.483695434508958244e-01
3.914999701588641745e-01
2.364243293639833432e+00
4.947620510534394889e+00
3.995609441916458393e-01
-1.880420268840472253e-01
-1.174288070534980494e-01
1.226569516544722127e+00
2.656653954061283684e+00
7.838548781935333193e-03
6.480021423511268808e-02
-4.204538209351574296e-01
-1.993746710694200425e-02
8.618910031675376393e-01
-1.291591085025823593e-01
-8.082610569742947060e-02
-3.325976238556694886e-01
-3.177958899024236894e-01
3.642553115486203641e+00
7.857786741698128546e-03
8.149979605815033112e-02
-4.181319075654285067e-01
-6.346485071746908735e-02
1.509444194938530215e+00
2.666351059394918288e-02
4.509301343120629690e-01
1.704973258084816271e-02
1.398237685915972861e+00
4.635818540346649641e+00
4.065025985425871347e-02
2.948247430220358178e-01
-3.090899387923740083e-01
6.765321703532590769e-01
4.471443095579309635e+00
2.401990482231635138e-01
-3.578724030486948315e-01
3.008410148747606705e-01
2.103838365058813942e+00
2.237171523240317317e+00
3.248485135842990590e-01
2.324271160370800643e-02
-3.405349152144869773e-01
6.225337324833523089e-01
3.223418848890157395e+00
-1.038534145099063166e-01
2.484841111718359974e-01
5.193138381380958402e-01
2.690537302744191450e+00
4.985249410330978570e+00
3.284843410031759725e-01
2.240011141206191825e-01
5.267847517107369232e-02
1.510553167999182600e+00
3.831091107610363089e+00
-1.734719665524231402e-01
2.999389720645784241e-01
-2.067360536330563325e-01
8.879257412972384467e-01
5.207902030461317722e+00
-1.073094434189148932e-01
-1.132092883846829157e-01
-3.578654157922066537e-01
2.427170006105993927e-01
9.980589422117722709e-01
1.130699064363231005e-01
2.517476923232407349e-01
4.307112388025093330e-01
2.485001086740962428e+00
4.219108079299214609e+00
4.402760496911009014e-01
5.980984960382431520e-02
3.056244868501648004e-01
2.047916056566070786e+00
3.327604932254600634e+00
-5.190766292988900632e-02
-4.259701148330728437e-01
-8.930264878011291707e-02
1.212723312284372357e+00
1.388453352648520323e+00
-4.525905639119142121e-01
1.188282067177864020e-02
2.300661408440203837e-01
1.933729387943238009e+00
6.246188990867792334e+00
1.852491535627854569e-01
1.849272536143475310e-01
-3.939352429171470438e-01
5.724765838770715654e-01
3.895326870412683995e+00
-3.590853076450225001e-01
-1.518912877644796461e-02
-2.007481698918369417e-01
9.179916102005429845e-01
9.411951825625017309e-02
4.639256812684486309e-02
1.148888551156645871e-01
5.440577625655804717e-01
2.846653460742921471e+00
4.331590581549799701e+00
-4.515582024910468339e-01
2.862983598870469937e-01
-8.384404099915791775e-02
1.194905398183105927e+00
5.765315522482208799e+00
8.715340094036927443e-02
1.540936262494063402e-01
5.482556684987466289e-01
2.692058091893886562e+00
4.076299825962689916e+00
4.556861687062226940e-01
-4.983773589809936677e-02
1.389945882427073669e-02
1.507824981379195739e+00
3.042336097074031631e+00
-3.569428645803534028e-01
-2.025504308748229954e-01
-1.431522739916714915e-01
1.063853727832966944e+00
5.940241379367705576e-01
2.041012340443694173e-01
2.769167216293174638e-01
-2.066327502629525803e-01
9.386094485420266587e-01
4.047083090788608395e+00
-8.107727388663295287e-02
1.252316530092226765e-01
-3.887845254839607523e-01
1.906012806491008404e-01
5.088692233113260244e+00
4.364332148897804298e-01
1.841862331973720401e-02
2.127362790036812501e-01
1.944260471716986460e+00
3.211464825820113056e+00
-2.157483247523881986e-01
-2.743942270996133637e-01
-3.283503053045465636e-01
6.543656585451094188e-01
8.692649450732420346e-01
-3.078341321254907670e-01
3.395694288340678213e-01
-1.268382470339504131e-01
1.204215345345061916e+00
5.500138006726315254e+00
1.312405125705395220e-02
-4.919982752359967626e-01
-7.346263716389518639e-02
1.217968158830204262e+00
1.546491653339979733e+00
-1.441456780498428236e-01
7.266317816472107893e-02
-4.208981160852248715e-01
-3.827704749520833838e-01
2.556891086977819416e+00
-2.949660105088709461e-01
-3.227298672642769373e-01
-1.379502172898759149e-01
1.111514742404399625e+00
9.334589938604248571e-01
2.132449539509605196e-01
4.472165251569340527e-01
1.148953341957587859e-01
1.604012528684905181e+00
4.154661874172875358e+00
-1.153348277626175256e-01
3.395593575822671850e-01
-2.359340791394615444e-01
9.850315050849747234e-01
4.956184814130500271e+00
-3.270376587825793990e-01
1.933369554915423671e-01
-2.411620258958788454e-01
8.574973219790656964e-01
5.726139151942875927e+00
4.083950522160519764e-02
-1.448696525191404613e-02
5.649240305124599848e-01
3.163641514443700675e+00
7.662936440278686478e-02
-3.073144496229774369e-01
-2.488245699942287226e-01
4.469640157280260206e-01
2.405287113931718679e+00
7.686278512383443173e-01
3.105575869677000278e-01
3.117937342302666281e-01
-1.042854282754159118e-01
1.167870352034121817e+00
3.839267748611673081e+00
-1.745498403005953381e-01
-4.289807966265714034e-01
-5.965452760281187566e-02
1.314053860512058858e+00
1.170346930896902782e+00
3.295938179603715157e-01
-2.470911925089215588e-01
3.249318927829422665e-01
2.118571073826899021e+00
2.606817440559707766e+00
8.403949907508237449e-02
-1.797526570044166438e-01
4.755119607075953270e-01
2.691634872260823652e+00
1.944654542240147554e+00
-8.493806485938125428e-02
-4.589786396233799110e-02
-3.863496543016098905e-01
8.266266856896126169e-02
6.546832874899612964e-01
-2.336686315106880352e-01
-3.625055588464849987e-01
-4.950193466645810142e-02
1.328815170794066303e+00
9.634841714828841219e-01
-3.330621184977741178e-01
1.453307661570128473e-01
3.526401898364985854e-01
2.201594172361881263e+00
-4.808550696929231316e-01
-5.183721336184634459e-02
-3.822380963737804227e-01
-1.760389550686034532e-01
1.013390095929293189e+00
1.511506317470916239e+00
-5.896004328398687412e-03
2.900884425776141806e-01
-3.321300891986524451e-01
5.216723288188056529e-01
4.699214265851648697e+00
6.613127633853965737e-02
2.068162569181129784e-01
-2.946051020753842065e-01
5.852930548580965731e-01
4.515965372952170043e+00
2.822458413446467529e-01
-2.269980692208299344e-01
-1.087706388108679589e-01
1.072496620826837832e+00
2.600505465716144826e+00
1.902265720058015155e-02
-3.819513590463556318e-01
3.214711956554524575e-01
2.129534952302960527e+00
1.695743704811057961e+00
2.013092167526903120e-01
3.415409230095313720e-01
-1.820555951189081201e-01
9.485640000867056054e-01
4.195645749338210884e+00
2.326195460127548215e-02
2.255134438639989081e-01
5.106344477362135814e-01
2.697207909248335866e+00
4.641283068336186979e+00
1.473006396354199776e-01
2.386463441463115287e-01
5.627812007960780738e-01
2.602975079161883976e+00
3.994253630804452726e+00
2.667804158823727234e-01
-2.294263163903029548e-03
4.342994666682698512e-01
2.476323295817686621e+00
3.124167648779489159e+00
-2.838328158836917470e-01
-3.508444464936495422e-01
-8.783778765704150157e-03
1.336352800401263474e+00
8.280151202518827303e-01
-2.942008545297739031e-01
-2.668324032621987585e-01
3.528405290293455954e-01
2.195548228186422701e+00
7.100961230764464283e-01
-1.395877512347557525e-01
1.818613107898337522e-01
-3.915488284463606861e-01
-3.702023176883826316e-01
2.099252514113223889e+00
-4.493755886704062230e-01
-1.991312070294122272e-01
-2.799912662927667162e-01
8.127346257164010934e-01
6.668490013544923656e+00
-2.172889464225113421e-01
-1.864918170838978373e-01
-2.525840796192554971e-01
7.427590537799387826e-01
7.773192755367128726e-01
-2.508189480682475048e-01
-3.612101792675682654e-01
-2.020815425154077749e-01
9.450578072151477604e-01
8.744516231858942001e-01
1.236034349467711457e-01
7.801967959988682921e-02
-4.222198104743500879e-01
4.001342125009245132e-01
3.817291572397595534e+00
2.663107380333831764e-01
7.609286933782072326e-02
-1.841263226265840991e-01
9.123254643577726197e-01
3.531545941563268176e+00
1.083075878423935268e-01
-1.819985927278413296e-01
-4.074501106635555758e-01
3.464454606041466600e-01
2.323750079353871456e+00
-4.506528091951180759e-01
-1.015267165994855336e-01
2.192373600361875452e-01
1.801686140868532959e+00
2.340262521423078779e-01
2.761647508409320051e-01
-1.212705940179336639e-01
-2.553834391478643218e-01
7.585353161354075890e-01
2.709287448721220848e+00
4.990370918142723877e-02
1.842485452520951916e-02
5.644176255013996224e-01
3.364751260239374098e+00
3.386127465241935974e-01
2.653679781212898159e-01
-4.028238493120272490e-01
-6.922873152691506882e-02
1.199668663225241794e+00
2.203223217163363223e+00
3.657327815397683479e-01
1.350802586830438801e-01
-1.795243140835494355e-01
9.938084860348418426e-01
3.430584619535185453e+00
-2.177956877157140869e-01
7.476443513510810934e-02
5.006163184208035632e-01
2.612648884486314937e+00
5.941349800800754366e+00
2.216632363097187919e-01
9.805049012551056431e-02
-2.785847406261108827e-01
7.025801942218654617e-01
3.432118975754349766e+00
4.192571125825435563e-01
-9.133546693618659063e-02
-6.779310275679106823e-02
1.193473237601424763e+00
2.913086311389928351e+00
1.915810551012167226e-02
4.523179773190321717e-01
1.199805819164672105e-01
1.687347082705183077e+00
4.583978806813896689e+00
-1.765790853137830518e-01
1.029675097589572291e-01
4.450504794597113789e-01
2.749191626931899890e+00
5.671497765305359984e+00
-2.341832755306630653e-01
-7.335087649150300038e-02
-2.906533513196454255e-01
5.919640920455404576e-01
3.789253022505278956e-01
-1.732375458425805259e-01
4.536441879756324957e-01
-3.022975274012335012e-02
1.401741557761378765e+00
4.966812754815094877e+00
-1.913857829313649409e-02
-1.299319006684558353e-01
-3.895155500016881378e-01
3.176838225019970596e-01
1.441738062876478654e+00
3.153562346786226156e-02
1.813493365673615187e-01
-3.118880697799570889e-01
4.799029698257489818e-01
4.448134354988498629e+00
-4.315613179255119447e-01
5.573802001924087202e-02
-2.321538286505218374e-01
9.374873771806336853e-01
6.194510626162330169e+00
8.543607624252388955e-02
1.483397104324127580e-01
-3.974662157041432553e-01
2.904136041321075945e-01
4.120574237626758674e+00
-3.243047279347961442e-01
-2.893191272060186003e-01
-3.568345835822930162e-02
1.346718290863613721e+00
7.132098811885204670e-01
9.957130324128739274e-02
4.692603581152035019e-01
1.617710348456357639e-01
1.714099234063871657e+00
4.394888162537654352e+00
1.907918349161867311e-01
1.672675503522719209e-01
5.471953402316678261e-01
2.554467145050455912e+00
3.768625368876504567e+00
-3.329808408207358128e-01
2.399105555538822154e-01
-1.312672747711198518e-01
1.079656222470406490e+00
5.566875286733219852e+00
-2.972544730406433966e-01
-1.302923137497758455e-01
3.892413055092374119e-01
2.348927797599904110e+00
4.546909646339136746e-01
-1.280082886875739401e-01
1.562200467634103362e-02
-4.047268850142506369e-01
3.200109499352037923e-01
6.121032501380410551e+00
-6.503552245527990938e-02
1.100073315895450515e-01
5.578740972311216906e-01
3.025639025918791525e+00
5.022899689689051428e+00
-1.978009175990130541e-01
-4.223028594124356161e-01
1.142845760628174029e-01
1.672012858436182414e+00
1.102967017232911573e+00
1.044905534897502403e-01
-2.803218948752825290e-01
-3.459499397519302799e-01
6.653445012465138975e-01
1.938015752890018817e+00
-4.362532625750779602e-01
-7.478465850510030571e-03
-5.750731322658265976e-02
1.339308462773791453e+00
1.158188521271047294e-01
3.880379982857463661e-01
1.829693582375443162e-01
-1.024475648807605110e-01
1.103150036956770608e+00
3.597042672975679700e+00
3.789938228040950485e-01
-2.560451278955399590e-01
-1.931597213120807982e-02
1.446840985461418594e+00
2.618192299180741589e+00
4.370528809452405294e-01
-1.142825732142310480e-01
-1.647169161048970820e-01
1.095030056895452075e+00
3.002314592024704965e+00
3.524458492510554319e-01
3.213123159301014553e-01
-2.976042151160864652e-02
1.326130894391054804e+00
3.937080495613646036e+00
-4.467450942210560161e-01
-1.055870879972143767e-01
1.124072780588784431e-01
1.683014769269485233e+00
1.593387429735279581e-01
-1.077547403986901103e-01
-1.335537922537818611e-01
-3.248035159128211946e-01
-4.034052317330715787e-01
3.923009236098809804e+00
1.924726407524171845e-01
-3.785124973958933770e-01
6.392687271218609746e-02
1.570042024532180003e+00
2.236354429946627143e+00
1.648330314775690031e-01
-3.978227365442787988e-02
-3.422250062843688045e-01
-4.978508848456268954e-01
6.136578862084360431e+00
-1.257121140063306164e-01
-3.836341364048898028e-01
3.583670884921214550e-01
2.221250021165823263e+00
1.300895371851856552e+00
1.849974993789417488e-01
-3.541168821508992592e-01
-2.196481352300516665e-01
9.998642123541615634e-01
2.064982661525736951e+00
2.406328020283254598e-01
1.916047520224546108e-01
4.631232125979105607e-01
2.403918405387706514e+00
3.720400072768569100e+00
2.301987332079114268e-01
3.829495119294720751e-02
-3.123457664372332188e-01
5.629202231589748306e-01
3.416336146893955927e+00
1.566363702046046358e-01
3.274151890449015223e-01
4.106917844688979247e-01
2.304432163506769271e+00
4.264602831161758090e+00
-2.168180321755455164e-01
2.043243387033851777e-01
4.288996764623101976e-01
2.435052925335385421e+00
5.475723134245671808e+00
-5.021713540322296776e-01
-2.729019045752248060e-02
-8.720304202828320014e-03
1.356383808155287918e+00
-5.287672895002248907e-02
6.367160393089024706e-02
5.211305669127622164e-02
5.773394911418261444e-01
2.981302186126085996e+00
4.109528285055529473e+00
2.077995724001781563e-01
4.252044915880065501e-02
5.111810969484880118e-01
2.719130729337533303e+00
3.247222802302978995e+00
-4.137676032485732569e-01
-2.733163812946834414e-01
1.274561615922020774e-01
1.638080917911340029e+00
4.449480853018343840e-01
2.676931554037842442e-01
2.224380914782892182e-01
-2.915193912338760462e-01
6.996307895804093624e-01
3.734032192351286916e+00
-5.341678648314822642e-01
1.337515468452826761e-01
1.128311089076598356e-01
1.594230389650947322e+00
6.099551830160322652e+00
3.442967145351625846e-01
-2.826554923895709392e-01
9.386856121057551849e-02
1.591341978279201097e+00
2.465494198806951420e+00
3.130343115782174140e-02
-2.453019512335823105e-01
-2.779333631346322941e-01
5.389908046453183443e-01
1.668075487063524820e+00
3.006329592180195243e-01
2.313920909522674263e-01
3.508819043836866602e-01
2.227943447141775390e+00
3.798857949462691508e+00
1.655950486065732863e-01
-5.743535683289191507e-02
4.904944153843699972e-01
2.698308859505822443e+00
2.897003468516357039e+00
4.326143121085063159e-01
1.549829301783825497e-01
2.033758826910816997e-01
1.822087062205851815e+00
3.568265063751347554e+00
3.971727486681591590e-01
-4.008549027420509753e-02
-3.354122611621122158e-02
1.333759622073310780e+00
2.980653253434492278e+00
2.379895389999708288e-01
-1.174229818006181369e-01
4.846390190722071334e-01
2.550854815366815576e+00
2.707925823269841548e+00
-5.241090507838454780e-03
-4.080607659447709756e-01
-1.379029963554440352e-01
1.078220186982685513e+00
1.681546990848931111e+00
-3.509936473515492539e-01
2.753422168303665818e-01
3.478116072596308395e-01
2.174143021804123777e+00
5.536368561203073746e+00
-3.670946866015149107e-02
6.860495225277133194e-03
-4.027229462488678413e-01
-1.000586468225886649e-01
4.445685796749052621e+00
-1.377320408703674726e-01
-2.453195192709557108e-03
5.807625969631536877e-01
2.823833114706423064e+00
2.341301786211942015e-01
3.830827372995624369e-01
-1.510179812061288596e-01
2.726604917907207715e-02
1.397348912770361995e+00
2.734939405055727857e+00
-2.390769985861801797e-02
1.176046663273675741e-01
-4.161248121752283979e-01
-3.100770106125512737e-01
1.477453947700678727e+00
1.639722457718266746e-01
2.580621499003085684e-01
4.523862994053936548e-01
2.372415302981321528e+00
4.056999625169678048e+00
-4.414762753150639485e-01
2.965627014926277005e-01
2.183706817635030217e-01
1.797654864247131723e+00
5.571975893105698852e+00
-4.940718804651075130e-02
-3.044550251281701730e-02
5.715532131559438733e-01
3.303591093313681615e+00
4.725586848037380605e+00
1.402620413571764590e-01
-3.218903708863217750e-01
2.517495250558898778e-01
2.000056207878104786e+00
2.062370976768122866e+00
-9.745014117266162512e-02
2.558559047299160394e-01
-3.061648051417040772e-01
6.023011575513292915e-01
4.992197698075837131e+00
1.841539077584811723e-01
1.668961174023431693e-01
3.333464621694822161e-01
2.238221173408023734e+00
3.936277346717189207e+00
-1.306217607363630850e-01
-2.429153279422008871e-01
4.997354394905892949e-01
2.490594573158177116e+00
1.126399702017508497e+00
