# rod_radius=0.001
# rod_length=1.0
-1.294592094344438893e-01 5.009568040414302814e-01 4.812895052284778263e-02 2.428167470025211494e-01 -4.253736628557492905e-01 1.057698939311254305e-01
-4.386835743102793783e-01 -1.253839868520218448e-01 1.462390226119076632e-02 4.931911093596068607e-01 2.210927934382966864e-01 1.221572210735658026e-01
4.108839462655162755e-01 -1.240941297624701192e-02 -1.305737768784935859e-01 -4.882491054653848028e-01 -1.182990161583018784e-01 2.940992116939181722e-01
-1.301369701832562897e-01 1.449764896614317844e-01 5.697621537350661125e-01 4.711386381302121173e-02 -5.611237156125895020e-02 -3.936408832851550077e-01
2.069310757536681200e-01 8.871186908981563979e-02 -3.261616456577099421e-01 -2.499519861899990036e-01 -1.137961485624577468e-01 5.400071430293020835e-01
3.620472676538284418e-01 2.653343524148363275e-01 2.198794340699709304e-01 -4.289078445875941226e-01 -2.911973921255827658e-01 -3.440864614213065553e-02
2.585914021989794143e-01 -1.777160247295207218e-01 -2.185112827670085411e-01 -3.369760257855183849e-01 2.251361942344740907e-01 4.764775864961729446e-01
8.219616222620636237e-02 3.682901197600552123e-01 -1.559098859443446283e-01 -6.641827418913982817e-02 -4.794416741914440117e-01 3.532703913766861437e-01
2.529431903297433282e-01 -3.109162405637597160e-01 1.189409451475216400e-01 -3.336030471938531416e-01 4.929522671057158800e-01 2.015363005007075881e-02
1.510101005662063123e-01 4.090279830349408674e-01 -1.447255636251785771e-01 -1.944808162099393167e-01 -3.878413851920799460e-01 3.508904534754060389e-01
-4.375941876856787732e-02 3.318649767670550643e-01 4.079167304197592880e-01 3.420071888236018293e-02 -4.153227914320684055e-01 -2.521080085037612495e-01
-4.886316304900762408e-01 2.226279755773204472e-01 -1.095650163015075146e-02 3.725081032590731867e-01 -2.371019150195865510e-01 2.060383984255879652e-01
-4.364231865256195109e-01 6.236596129334792508e-03 -1.602054526291905867e-01 4.401250121397451975e-01 -4.671656965412791795e-02 3.181868734484895045e-01
-9.248461072381942982e-02 -8.273504151817179242e-02 5.195788689889800915e-01 2.250159213360858335e-02 1.443275074360030052e-02 -4.690244859008380063e-01
3.193234627838447137e-01 2.000054579981816183e-01 1.008900546501710349e-01 -5.655143969035776319e-01 -2.631082900292102122e-01 5.002141547235270519e-02
-8.578391622755120183e-02 -3.975445523380318202e-01 2.404905400955371086e-01 8.413430649872953582e-02 5.065922708612828895e-01 -1.515099733232505019e-01
5.444192783828993160e-02 -9.286396531623165862e-02 5.618556525476448016e-01 -8.272303041527789835e-02 1.896782021025815168e-01 -3.875418921392879135e-01
5.190277799394382718e-02 -3.382983580905716825e-01 3.988807953452051525e-01 -4.949385827022992346e-02 3.846257088335945373e-01 -2.845659952801767867e-01
3.271006376547413441e-01 1.415846983416855220e-01 3.469717484968578014e-01 -3.658160292912169820e-01 -3.196818889150797038e-01 -2.071939560978968697e-01
-7.570589565161342516e-02 4.483453936428363207e-01 2.141695892103330501e-01 1.529472287535947050e-01 -4.854944397019775870e-01 -6.089570187210571750e-02
-3.401248762172021101e-01 -3.080107781960780833e-01 -9.328261182670062601e-02 4.316457638629713767e-01 2.139047955244914312e-01 2.699999407658622563e-01
9.391294404347595715e-02 -6.151814543806314456e-02 -3.907559620834326619e-01 -4.108746460711017179e-02 -1.537757942653684984e-02 5.990146870228695297e-01
-1.259126049889503496e-01 -5.067566532891909503e-01 8.625314709691493664e-02 1.712602239241659552e-01 4.470355105377661342e-01 4.188178270424787464e-02
-1.997084592373069012e-01 -4.034013614139175252e-01 2.503363233589374626e-01 2.579986715942609310e-01 3.799568219791862878e-01 -1.702039706641089722e-01
2.270014125640935354e-01 4.216410878685526720e-02 -3.516782709743854207e-01 -1.500077902000987728e-01 -5.051402307944471981e-02 5.698828094239140052e-01
-3.052131162411025334e-01 -3.230314086390214112e-01 4.597412625932061070e-02 3.303811901985965194e-01 4.477799363981673220e-01 8.921470885713003729e-02
6.231553405476775859e-02 3.216195049505091164e-01 4.002868315860245163e-01 -7.089057058260367361e-02 -3.750188035308127943e-01 -3.046608266437339507e-01
1.562764521013913221e-01 -4.502805928087093568e-01 1.917878135550488694e-01 -2.508153676023581191e-01 4.510164853945616281e-01 4.366682533077090311e-02
4.031548333495226233e-01 -1.152219578731329824e-01 1.583632343960644506e-01 -5.141988573966171927e-01 1.721567918475277459e-01 -1.170921345540169856e-01
-1.148157814851606395e-01 9.658196647601774432e-02 5.613487248011210795e-01 -8.041688041690725486e-04 -6.963026600753471906e-02 -4.181280977662702458e-01
1.587505865072235678e-01 1.230609878123367362e-01 -3.167442801524689711e-01 -2.096040388743849459e-01 -1.072713558399223110e-01 5.839564922617843656e-01
4.375627753116320684e-01 1.859126299890955791e-01 -3.828811980483188410e-02 -4.942812903428220328e-01 -1.292752610032611438e-01 1.414985056053128798e-01
1.070774408293653085e-01 -2.214281560922849168e-01 4.292710191135251652e-01 -2.110069085752385720e-01 2.555059326606510250e-01 -3.900922834874983591e-01
2.515474519645178875e-01 -3.824262323307764389e-01 2.163401779606708153e-01 -3.435934097011292820e-01 3.730548001830426008e-01 -5.762289306848281112e-02
-2.230189289348451578e-02 2.424982721756424320e-01 4.121786595911786644e-01 -1.322811076631558863e-02 -3.531301874365651017e-01 -3.910301579512443504e-01
-2.571607079681143548e-01 -3.322274647488297483e-01 2.381224726416032722e-01 2.557755081252162666e-01 4.599259131988138738e-01 -9.261830807041235292e-02
-2.512530492181077602e-01 1.898727781115878421e-01 -2.699441603700128978e-01 2.451953994980740625e-01 -2.462651018522306334e-01 4.806040975241497870e-01
4.356586330719938727e-01 2.543901188919077683e-01 -6.511807649503646711e-02 -4.554770331696046948e-01 -1.223131698646787724e-01 1.878085069083574865e-01
3.650164642607570120e-02 3.327647316355074603e-01 4.519793139560192574e-01 -6.919122912195546649e-02 -2.687801608247268881e-01 -3.398368000587142501e-01
-3.165783335933683995e-01 3.260548398777820545e-01 1.750319113238604229e-01 3.812533874203756223e-01 -3.256987389888671425e-01 -1.220340099486923457e-01
1.846055002561464431e-01 2.413603733778505681e-03 -3.613705953492961087e-01 -2.345170012421068095e-01 1.130045359595176040e-02 5.465156049188728549e-01
3.668755974541512144e-01 5.085210503439116514e-02 -1.800194205325488239e-01 -4.479159306183694289e-01 -3.584263773577808787e-02 3.932159476690836319e-01
-3.733485908689353483e-01 -2.470541438039590143e-01 4.226774021175377927e-02 3.852279196341106271e-01 3.995095293859712293e-01 1.229962619631611576e-01
3.583268307116621587e-02 -4.016951613049091763e-01 -1.747239441080626066e-01 -2.853224920972806389e-03 4.039127369816740143e-01 4.164607264823528832e-01
-3.621660610593979146e-01 3.638026606812080899e-01 4.720046085517547452e-01 1.800751951817946561e-01 -1.429135100699831518e-01 -1.982290390139451741e-01
5.967759648465294220e-02 4.375463692450570763e-01 3.374338273483760142e-01 -1.330838518398441694e-01 -4.220877954180869418e-01 -1.357174454848911749e-01
-8.712311967222131524e-04 4.991759505477739167e-01 -2.245944880263761045e-01 -2.582619885193173162e-02 -3.162806443483122121e-01 3.536855405322865686e-01
3.320672784650274822e-02 -4.801262715056749397e-01 9.036586527118256607e-02 -4.725999705778968774e-02 5.142861888933893955e-01 2.203604172204556844e-02
3.972662574319069662e-01 1.119650597325379943e-01 2.613540415653419213e-01 -5.116809578133398873e-01 -1.367362429280162828e-01 -7.325412024912170139e-02
8.846555699161678943e-02 -4.330957897730064454e-02 5.678720506638992305e-01 -2.293296936567514044e-02 -1.893133632787950826e-02 -4.256047078014156826e-01
1.050754054010913652e-01 -3.789938110563685902e-01 -1.239694691313651398e-01 -1.609567405542758622e-01 4.892235952427391177e-01 2.948687248261967486e-01
5.114643269102021605e-01 8.044642191009182541e-02 -7.717469214138029943e-02 -4.550289620142820013e-01 -1.993537206293585773e-02 1.590756367529734816e-01
-4.171912759917543734e-01 -1.857733265343762541e-01 -9.161360978009673584e-02 4.105300725199558243e-01 2.007700085053628347e-01 3.151561277303428499e-01
-1.664482988084063086e-01 -4.469547188144291638e-01 2.084281915393474127e-01 4.007022194729176201e-02 4.890222029152295757e-01 -7.669862686669196017e-02
1.250147615421204339e-01 -3.583425755598718121e-01 3.360754284207161935e-01 -1.952942031568100645e-01 4.449260509903466554e-01 -1.660815995432712300e-01
2.842533065041558116e-01 -3.623434019062214961e-01 -1.535329001729315856e-01 -3.343396597896211020e-01 2.926458424937401492e-01 2.804392553534725274e-01
-5.040684313146044371e-01 8.106750521574931923e-02 -1.438869210228129469e-01 3.578397824917710635e-01 -1.371345486232095068e-01 3.138270668272016284e-01
-4.540930476500730784e-01 1.219409843452396169e-01 2.166900394156850707e-01 4.504592632544403008e-01 -2.093771841170727621e-01 -5.166306394644029631e-02
1.604064516690366093e-01 -1.447410231403293834e-01 4.612075146091926259e-01 -2.114826805501129892e-01 1.135885682317327450e-01 -4.304001881159640330e-01
-3.830450217317362023e-03 -1.258296015582256178e-01 5.415745655866970321e-01 3.812231404726774964e-02 8.714849581019973312e-02 -4.345813111112234450e-01
1.806226238072189683e-01 -2.673786839881043820e-01 4.335349133062343929e-01 -2.450630472272467830e-01 2.765429642497780893e-01 -2.896116486396285161e-01
-3.356451413236505310e-01 -2.078790613801046738e-01 1.772835925553264691e-01 4.424277364739802598e-01 3.112471810611234790e-01 -1.764260924188968127e-01
-4.161057826433452456e-01 -2.068458150569167098e-01 2.481184277561092888e-01 4.584359429952315490e-01 1.228878009554866535e-01 -1.074831928651769075e-01
-8.531371138405101362e-02 -2.212092511426611841e-01 -3.873953684316829849e-01 2.103527035398397582e-02 1.460689335280898893e-01 5.366157944598920482e-01
1.305938814399673353e-01 4.428805327760034771e-01 3.498684223708575236e-01 -1.069831427792695133e-01 -3.619567860413108740e-01 -1.940010912094576878e-01
1.909784429445169074e-01 3.239086470502487991e-01 3.516702241808536411e-01 -2.051756234386403477e-01 -3.419668233760628784e-01 -2.805258004607342204e-01
3.665543339635537468e-01 -3.927787157217320080e-01 2.696035773995915374e-02 -2.642557085040450060e-01 3.743556372879484617e-01 1.435089517016427396e-01
-2.621880275839004737e-01 1.348569516695074522e-01 4.724043853929515424e-01 2.130208354327333686e-01 -1.629197200239458354e-01 -3.555482644038877038e-01
8.740243619902382521e-02 -3.259559304742233321e-01 -2.104385450194290741e-01 -1.955950456524372938e-01 3.822648279612210764e-01 4.363502787761400770e-01
-3.879848884029393763e-01 1.169825640840163744e-01 3.644230095183054186e-02 5.385694925969006785e-01 -2.491766136202166471e-01 1.226074657979744215e-01
-4.651400239400073633e-01 7.682983085237593546e-02 -6.388502531338430268e-02 4.703569646871340049e-01 -5.587976282925019578e-02 2.635803133324146619e-01
-3.356931918085202526e-01 -4.940705009565023870e-02 -2.455990366964322102e-01 3.779396802150511436e-01 7.735079093111510429e-03 4.525863978688871025e-01
-9.230029285435602249e-02 3.483695434508958244e-01 3.914999701588641745e-01 7.117197396454848224e-02 -3.337069640960633188e-01 -3.212752088657928606e-01
3.995609441916458393e-01 -1.880420268840472253e-01 -1.174288070534980494e-01 -4.332429196033273366e-01 2.507659433115719816e-01 2.200401392822565749e-01
7.838548781935333193e-03 6.480021423511268808e-02 -4.204538209351574296e-01 -5.139946628695619274e-03 4.966718463524529004e-02 5.793474343511149094e-01
-1.291591085025823593e-01 -8.082610569742947060e-02 -3.325976238556694886e-01 1.449182441832933266e-01 6.924501817144064486e-02 6.173288272580135239e-01
7.857786741698128546e-03 8.149979605815033112e-02 -4.181319075654285067e-01 3.969136767027335588e-03 1.819686649599394634e-02 5.798548746667928633e-01
2.666351059394918288e-02 4.509301343120629690e-01 1.704973258084816271e-02 -4.869606646584019594e-02 -5.313319615982612376e-01 1.887532825826657434e-01
4.065025985425871347e-02 2.948247430220358178e-01 -3.090899387923740083e-01 -1.087488042844059477e-01 -3.131818871046455066e-01 4.706586471996032639e-01
2.401990482231635138e-01 -3.578724030486948315e-01 3.008410148747606705e-01 -2.921840553842106614e-01 3.191401710824283144e-01 -2.073146753046668511e-01
3.248485135842990590e-01 2.324271160370800643e-02 -3.405349152144869773e-01 -2.562959534776698134e-01 -2.441654449864127246e-02 4.718687428958336927e-01
-1.038534145099063166e-01 2.484841111718359974e-01 5.193138381380958402e-01 1.362022861644397731e-02 -1.713043301475378755e-01 -3.806737216121895973e-01
3.284843410031759725e-01 2.240011141206191825e-01 5.267847517107369232e-02 -4.416811561429296318e-01 -4.109951513460489148e-01 1.128852011165762392e-01
-1.734719665524231402e-01 2.999389720645784241e-01 -2.067360536330563325e-01 1.953909155919120177e-01 -3.825203706214514998e-01 4.242864655821664277e-01
-1.073094434189148932e-01 -1.132092883846829157e-01 -3.578654157922066537e-01 2.293959814151295962e-02 8.877814135417291808e-02 6.128231364221896627e-01
1.130699064363231005e-01 2.517476923232407349e-01 4.307112388025093330e-01 -1.759753838252142155e-01 -2.859010800261362895e-01 -3.613661676224128594e-01
4.402760496911009014e-01 5.980984960382431520e-02 3.056244868501648004e-01 -4.327212916256328867e-01 -1.044775730516959433e-01 -1.535979917058402089e-01
-5.190766292988900632e-02 -4.259701148330728437e-01 -8.930264878011291707e-02 1.179252185630692701e-01 4.950768366450544744e-01 2.611674719672154033e-01
-4.525905639119142121e-01 1.188282067177864020e-02 2.300661408440203837e-01 4.816292827096287921e-01 -2.269564988526536625e-02 -1.249516158278908273e-01
1.852491535627854569e-01 1.849272536143475310e-01 -3.939352429171470438e-01 -2.097363610105018872e-01 -1.858045233625708614e-01 4.466267076949491099e-01
-3.590853076450225001e-01 -1.518912877644796461e-02 -2.007481698918369417e-01 4.317820664977676803e-01 5.946750597594121363e-02 4.066686420288871950e-01
4.639256812684486309e-02 1.148888551156645871e-01 5.440577625655804717e-01 -6.164270306617253281e-02 -1.549707620387910101e-01 -4.127620570491168372e-01
-4.515582024910468339e-01 2.862983598870469937e-01 -8.384404099915791775e-02 3.566533777093960911e-01 -1.741694502075382123e-01 2.832573584759734975e-01
8.715340094036927443e-02 1.540936262494063402e-01 5.482556684987466289e-01 -1.709906211587627345e-01 -1.954664173547579209e-01 -3.523937859339630885e-01
4.556861687062226940e-01 -4.983773589809936677e-02 1.389945882427073669e-02 -5.374196573979569402e-01 4.905951625887745859e-02 7.682919482986839965e-02
-3.569428645803534028e-01 -2.025504308748229954e-01 -1.431522739916714915e-01 3.675297078064803102e-01 2.867580556113255574e-01 3.423543654189945551e-01
2.041012340443694173e-01 2.769167216293174638e-01 -2.066327502629525803e-01 -2.938974824713957434e-01 -3.577660108959535012e-01 3.842776552833586656e-01
-8.107727388663295287e-02 1.252316530092226765e-01 -3.887845254839607523e-01 -1.145750831155920024e-02 -5.096180160183386154e-02 5.931059749250682245e-01
4.364332148897804298e-01 1.841862331973720401e-02 2.127362790036812501e-01 -4.923639797181888489e-01 -4.658427266428866176e-02 -1.521066937970239064e-01
-2.157483247523881986e-01 -2.743942270996133637e-01 -3.283503053045465636e-01 1.770711107135493068e-01 1.905305922060734902e-01 4.650838781749633277e-01
-3.078341321254907670e-01 3.395694288340678213e-01 -1.268382470339504131e-01 3.538412855683900626e-01 -3.190022631349089810e-01 2.315874330682816118e-01
1.312405125705395220e-02 -4.919982752359967626e-01 -7.346263716389518639e-02 3.592929161681958361e-02 4.461237589068904330e-01 2.720904992243381448e-01
-1.441456780498428236e-01 7.266317816472107893e-02 -4.208981160852248715e-01 1.673005558569864160e-01 -1.334858731143658273e-01 5.067353309411234408e-01
-2.949660105088709461e-01 -3.227298672642769373e-01 -1.379502172898759149e-01 2.384264993446090219e-01 3.976684728945588110e-01 3.053540370643990087e-01
2.132449539509605196e-01 4.472165251569340527e-01 1.148953341957587859e-01 -3.157222094889040598e-01 -4.007757092671084265e-01 8.168523996368382001e-02
-1.153348277626175256e-01 3.395593575822671850e-01 -2.359340791394615444e-01 8.581121215556208881e-02 -4.690886961390883236e-01 3.169027827265846753e-01
-3.270376587825793990e-01 1.933369554915423671e-01 -2.411620258958788454e-01 3.148466077158287302e-01 -2.064556721950984441e-01 4.131700329772985958e-01
4.083950522160519764e-02 -1.448696525191404613e-02 5.649240305124599848e-01 1.885713003861075668e-02 -1.617476560560561147e-02 -4.348329032025706198e-01
-3.073144496229774369e-01 -2.488245699942287226e-01 4.469640157280260206e-01 1.754431188476553438e-01 2.180066057215090669e-01 -2.939906275965057381e-01
3.105575869677000278e-01 3.117937342302666281e-01 -1.042854282754159118e-01 -3.944101203582875415e-01 -2.791960861107895542e-01 2.878262444414096399e-01
-1.745498403005953381e-01 -4.289807966265714034e-01 -5.965452760281187566e-02 2.025045791526046135e-01 4.617205776332635736e-01 1.942766179119745362e-01
3.295938179603715157e-01 -2.470911925089215588e-01 3.249318927829422665e-01 -4.049028741982207413e-01 1.879876269088635310e-01 -1.958569608824491382e-01
8.403949907508237449e-02 -1.797526570044166438e-01 4.755119607075953270e-01 -7.480031513178683755e-02 2.251323382402764806e-01 -4.249535045093845720e-01
-8.493806485938125428e-02 -4.589786396233799110e-02 -3.863496543016098905e-01 -1.944131280092745162e-02 4.378796521999593627e-03 6.102357323463862837e-01
-2.336686315106880352e-01 -3.625055588464849987e-01 -4.950193466645810142e-02 3.203675105878820428e-01 4.347541723674865355e-01 1.901245960707680926e-01
-3.330621184977741178e-01 1.453307661570128473e-01 3.526401898364985854e-01 3.829178933709853627e-01 -2.281946832938783754e-01 -2.371490616906217763e-01
-5.183721336184634459e-02 -3.822380963737804227e-01 -1.760389550686034532e-01 -1.551404492146135627e-03 4.649007775607017501e-01 3.529478743471556879e-01
-5.896004328398687412e-03 2.900884425776141806e-01 -3.321300891986524451e-01 -1.246117939884786203e-02 -2.081990310259622667e-01 5.348569303847203749e-01
6.613127633853965737e-02 2.068162569181129784e-01 -2.946051020753842065e-01 -4.168527057679027870e-02 -3.350043905143438305e-01 5.389451233022637400e-01
2.822458413446467529e-01 -2.269980692208299344e-01 -1.087706388108679589e-01 -4.706709900257210477e-01 2.254359937064861485e-01 3.691620591103838556e-01
1.902265720058015155e-02 -3.819513590463556318e-01 3.214711956554524575e-01 -8.664782749464829126e-02 4.593628754328267783e-01 -2.086458739876433377e-01
2.013092167526903120e-01 3.415409230095313720e-01 -1.820555951189081201e-01 -2.001466130825275136e-01 -3.649422321284501725e-01 4.007949587948712589e-01
2.326195460127548215e-02 2.255134438639989081e-01 5.106344477362135814e-01 -7.280899196713982308e-03 -2.033026721848490426e-01 -3.922408884529280382e-01
1.473006396354199776e-01 2.386463441463115287e-01 5.627812007960780738e-01 -1.902109155920363170e-01 -1.476222531846207997e-01 -2.956374155001540993e-01
2.667804158823727234e-01 -2.294263163903029548e-03 4.342994666682698512e-01 -3.503969477288967904e-01 8.461143945464667457e-03 -3.524510802420926514e-01
-2.838328158836917470e-01 -3.508444464936495422e-01 -8.783778765704150157e-03 3.740042243166684099e-01 3.655955829330955753e-01 2.235179921604650566e-01
-2.942008545297739031e-01 -2.668324032621987585e-01 3.528405290293455954e-01 3.208619005406770364e-01 2.619344743574504863e-01 -2.320555270844851803e-01
-1.395877512347557525e-01 1.818613107898337522e-01 -3.915488284463606861e-01 4.283411417741969651e-02 -1.305877798632440467e-01 5.407053368806744587e-01
-4.493755886704062230e-01 -1.991312070294122272e-01 -2.799912662927667162e-01 2.235544836568024718e-01 7.379362403453043617e-02 4.075239367001678437e-01
-2.172889464225113421e-01 -1.864918170838978373e-01 -2.525840796192554971e-01 2.647914414347101175e-01 2.878614821566543580e-01 4.840212741102934424e-01
-2.508189480682475048e-01 -3.612101792675682654e-01 -2.020815425154077749e-01 2.690698201874821005e-01 2.606224625191303490e-01 3.836144829535341749e-01
1.236034349467711457e-01 7.801967959988682921e-02 -4.222198104743500879e-01 -1.803444707233285149e-01 -1.656165382922998863e-01 4.987889104235310178e-01
2.663107380333831764e-01 7.609286933782072326e-02 -1.841263226265840991e-01 -4.652405643567763538e-01 -2.245749437665385817e-01 4.277818062083770245e-01
1.083075878423935268e-01 -1.819985927278413296e-01 -4.074501106635555758e-01 -1.238802078720166455e-01 6.576645639683517675e-02 5.331355090189537904e-01
-4.506528091951180759e-01 -1.015267165994855336e-01 2.192373600361875452e-01 4.962743316363712465e-01 1.242153888836467213e-01 -9.606455193202578791e-03
2.761647508409320051e-01 -1.212705940179336639e-01 -2.553834391478643218e-01 -3.484128926691581474e-01 1.669183043556141666e-01 4.704608458620981315e-01
4.990370918142723877e-02 1.842485452520951916e-02 5.644176255013996224e-01 -1.588404583629243749e-01 -5.508999892154707589e-02 -4.107856552759557855e-01
2.653679781212898159e-01 -4.028238493120272490e-01 -6.922873152691506882e-02 -2.854930683031317584e-01 3.488576514403931017e-01 2.934378218782486836e-01
3.657327815397683479e-01 1.350802586830438801e-01 -1.795243140835494355e-01 -4.376217749567727355e-01 -1.037693556623505431e-01 3.659775816815360461e-01
-2.177956877157140869e-01 7.476443513510810934e-02 5.006163184208035632e-01 2.576291190177492085e-01 -9.439332992863491700e-02 -3.627242306449104392e-01
2.216632363097187919e-01 9.805049012551056431e-02 -2.785847406261108827e-01 -3.974460590107151137e-01 -8.705456369296130092e-02 4.845926958188461753e-01
4.192571125825435563e-01 -9.133546693618659063e-02 -6.779310275679106823e-02 -4.862315246542425196e-01 1.192525469723190318e-01 3.006400882468683866e-01
1.915810551012167226e-02 4.523179773190321717e-01 1.199805819164672105e-01 -1.080306747403843304e-01 -5.327202621630884316e-01 3.693519281137910837e-03
-1.765790853137830518e-01 1.029675097589572291e-01 4.450504794597113789e-01 1.364907791240339285e-01 -1.166302486008763545e-01 -4.789430727386916886e-01
-2.341832755306630653e-01 -7.335087649150300038e-02 -2.906533513196454255e-01 2.842262866444460467e-01 1.330627610944798422e-01 5.391929814817558730e-01
-1.732375458425805259e-01 4.536441879756324957e-01 -3.022975274012335012e-02 7.486222885665722027e-02 -5.003674547112859639e-01 1.380209156448634067e-01
-1.913857829313649409e-02 -1.299319006684558353e-01 -3.895155500016881378e-01 2.106316254629102616e-02 1.798374302425541083e-01 5.604459132484926887e-01
3.153562346786226156e-02 1.813493365673615187e-01 -3.118880697799570889e-01 -8.905392557378950802e-02 -2.643172279460555552e-01 5.751516553376608831e-01
-4.315613179255119447e-01 5.573802001924087202e-02 -2.321538286505218374e-01 3.713452373885168245e-01 -1.564666481119933450e-02 3.596614214110317453e-01
8.543607624252388955e-02 1.483397104324127580e-01 -3.974662157041432553e-01 -7.430862205320912239e-02 -8.930943103461064236e-02 5.606593068274257075e-01
-3.243047279347961442e-01 -2.893191272060186003e-01 -3.568345835822930162e-02 4.130538320335374047e-01 3.485885167270952323e-01 1.865240839375468529e-01
9.957130324128739274e-02 4.692603581152035019e-01 1.617710348456357639e-01 -2.094218899226892860e-01 -4.710202760506021491e-01 1.895809568716960714e-02
1.907918349161867311e-01 1.672675503522719209e-01 5.471953402316678261e-01 -2.577977787072224802e-01 -1.577714263538462780e-01 -2.853411587706521368e-01
-3.329808408207358128e-01 2.399105555538822154e-01 -1.312672747711198518e-01 3.320992285234971031e-01 -3.390818432584163933e-01 3.403642588212073550e-01
-2.972544730406433966e-01 -1.302923137497758455e-01 3.892413055092374119e-01 3.426074367145068300e-01 1.825066204375048740e-01 -3.127085240482553319e-01
-1.280082886875739401e-01 1.562200467634103362e-02 -4.047268850142506369e-01 1.824420501385694837e-01 -3.516428804270838732e-02 5.445050885278270858e-01
-6.503552245527990938e-02 1.100073315895450515e-01 5.578740972311216906e-01 -2.968581433859267954e-02 -1.538758925611893869e-04 -4.354108097830488022e-01
-1.978009175990130541e-01 -4.223028594124356161e-01 1.142845760628174029e-01 2.508410122849816792e-01 4.656783171526486242e-01 1.324077953847092870e-02
1.044905534897502403e-01 -2.803218948752825290e-01 -3.459499397519302799e-01 -1.171443389552330600e-01 2.958504212220057217e-01 4.407542210442277342e-01
-4.362532625750779602e-01 -7.478465850510030571e-03 -5.750731322658265976e-02 5.305520479101155651e-01 1.049991911060062788e-01 1.719186406304319958e-01
3.880379982857463661e-01 1.829693582375443162e-01 -1.024475648807605110e-01 -4.136017288763195188e-01 -2.096694626235705294e-01 3.483389746125144515e-01
3.789938228040950485e-01 -2.560451278955399590e-01 -1.931597213120807982e-02 -4.804853195260829213e-01 2.399480271698601341e-01 1.043221855210778592e-01
4.370528809452405294e-01 -1.142825732142310480e-01 -1.647169161048970820e-01 -4.432810468816225091e-01 9.127649738562504389e-03 2.933028349841461657e-01
3.524458492510554319e-01 3.213123159301014553e-01 -2.976042151160864652e-02 -3.266453695337103169e-01 -3.716226761654645161e-01 2.124713131949304834e-01
-4.467450942210560161e-01 -1.055870879972143767e-01 1.124072780588784431e-01 5.343771166632211855e-01 5.208028605168373015e-02 4.242147409245639045e-04
-1.077547403986901103e-01 -1.335537922537818611e-01 -3.248035159128211946e-01 1.709247878914975094e-01 1.429153549992322192e-01 5.949260808324122740e-01
1.924726407524171845e-01 -3.785124973958933770e-01 6.392687271218609746e-02 -4.250254009207224959e-01 4.080595587808067415e-01 6.468117490337324527e-02
1.648330314775690031e-01 -3.978227365442787988e-02 -3.422250062843688045e-01 -3.075825869629007503e-01 2.997741048047285195e-02 5.363858688605427361e-01
-1.257121140063306164e-01 -3.836341364048898028e-01 3.583670884921214550e-01 8.647923670202664614e-02 3.833645787638427227e-01 -2.471804336843602123e-01
1.849974993789417488e-01 -3.541168821508992592e-01 -2.196481352300516665e-01 -2.140904240828594152e-01 3.866116569186082708e-01 3.207684270206814237e-01
2.406328020283254598e-01 1.916047520224546108e-01 4.631232125979105607e-01 -3.223848728216094361e-01 -1.763077548524314142e-01 -2.769115738085190515e-01
2.301987332079114268e-01 3.829495119294720751e-02 -3.123457664372332188e-01 -2.834444268376153930e-01 -1.064865240498800436e-01 5.333545519764208986e-01
1.566363702046046358e-01 3.274151890449015223e-01 4.106917844688979247e-01 -1.649506222791328747e-01 -3.421008475732277843e-01 -2.588827692414535364e-01
-2.168180321755455164e-01 2.043243387033851777e-01 4.288996764623101976e-01 2.320001776970467833e-01 -2.647495379852866648e-01 -3.317131768967572780e-01
-5.021713540322296776e-01 -2.729019045752248060e-02 -8.720304202828320014e-03 4.735645646369113226e-01 -7.893205245757631272e-02 2.040531318930686178e-01
6.367160393089024706e-02 5.211305669127622164e-02 5.773394911418261444e-01 -2.682459734626388426e-02 -7.935625511700578061e-02 -4.098414738322061490e-01
2.077995724001781563e-01 4.252044915880065501e-02 5.111810969484880118e-01 -1.999223501872117170e-01 -7.081756295607144480e-04 -4.009012018823518986e-01
-4.137676032485732569e-01 -2.733163812946834414e-01 1.274561615922020774e-01 4.868229713462252639e-01 1.561207253021035801e-01 6.022232763346951900e-02
2.676931554037842442e-01 2.224380914782892182e-01 -2.915193912338760462e-01 -2.665032615522696657e-01 -1.371266475538636398e-01 4.735605957975803637e-01
-5.341678648314822642e-01 1.337515468452826761e-01 1.128311089076598356e-01 4.487488863851663012e-01 -4.880147392472797274e-02 8.939919081602841489e-02
3.442967145351625846e-01 -2.826554923895709392e-01 9.386856121057551849e-02 -4.355587175649111020e-01 3.429669501601798065e-01 7.332435516382528051e-02
3.130343115782174140e-02 -2.453019512335823105e-01 -2.779333631346322941e-01 -1.854834310106066864e-02 2.655414997718075210e-01 5.802937450180671863e-01
3.006329592180195243e-01 2.313920909522674263e-01 3.508819043836866602e-01 -3.261592003524870775e-01 -2.523236388471761238e-01 -2.599787028300477032e-01
1.655950486065732863e-01 -5.743535683289191507e-02 4.904944153843699972e-01 -2.505474908945614088e-01 4.642808651451720003e-02 -4.128536747522982830e-01
4.326143121085063159e-01 1.549829301783825497e-01 2.033758826910816997e-01 -4.491416275087769527e-01 -2.458630140603404457e-01 -4.527847970179557646e-02
3.971727486681591590e-01 -4.008549027420509753e-02 -3.354122611621122158e-02 -5.623038743414707774e-01 1.156792764174438548e-01 2.012819996420869562e-01
2.379895389999708288e-01 -1.174229818006181369e-01 4.846390190722071334e-01 -2.674259352876506290e-01 1.166180465558697699e-01 -3.458909294525021605e-01
-5.241090507838454780e-03 -4.080607659447709756e-01 -1.379029963554440352e-01 -1.026260746037045979e-01 4.676585233891615290e-01 3.349943404536355196e-01
-3.509936473515492539e-01 2.753422168303665818e-01 3.478116072596308395e-01 2.532928650137514781e-01 -2.840265366950375792e-01 -2.195898454639385045e-01
-3.670946866015149107e-02 6.860495225277133194e-03 -4.027229462488678413e-01 -1.038273115561834381e-02 1.032205941646546082e-01 5.922753624053533894e-01
-1.377320408703674726e-01 -2.453195192709557108e-03 5.807625969631536877e-01 1.661825778392228836e-01 7.003172151864231476e-02 -3.691752122559301963e-01
3.830827372995624369e-01 -1.510179812061288596e-01 2.726604917907207715e-02 -5.215862701342487417e-01 2.385849660438078002e-01 1.998451049271147695e-01
-2.390769985861801797e-02 1.176046663273675741e-01 -4.161248121752283979e-01 -5.234810309834993236e-02 -1.861989969694398950e-01 5.361852621340805758e-01
1.639722457718266746e-01 2.580621499003085684e-01 4.523862994053936548e-01 -2.599397996210675021e-01 -2.933728962496164328e-01 -2.660968024477000649e-01
-4.414762753150639485e-01 2.965627014926277005e-01 2.183706817635030217e-01 2.966860017455664744e-01 -3.394628449604134013e-01 -6.546985358881207695e-03
-4.940718804651075130e-02 -3.044550251281701730e-02 5.715532131559438733e-01 -5.153582089995344118e-02 1.308312519572319144e-01 -4.153537112243559370e-01
1.402620413571764590e-01 -3.218903708863217750e-01 2.517495250558898778e-01 -2.889286416385807299e-01 4.797171563575611808e-01 -1.644484205127819676e-01
-9.745014117266162512e-02 2.558559047299160394e-01 -3.061648051417040772e-01 5.901229275255873152e-02 -2.886505778212599127e-01 5.178692944136128462e-01
1.841539077584811723e-01 1.668961174023431693e-01 3.333464621694822161e-01 -3.660392516002968222e-01 -3.936118979546960328e-01 -2.856190070736085995e-01
-1.306217607363630850e-01 -2.429153279422008871e-01 4.997354394905892949e-01 1.298973172447808466e-01 3.042065689868387879e-01 -2.957439379345102592e-01
