7.205006178945163597e-01
6.946511258967712488e-01
2.849881634212300119e-01
3.087724471184022157e+00
1.273191003536768617e+00
-2.476410467910512003e-01
-1.746347794907953943e-01
7.497099205778110509e-01
1.905943005017300740e+00
5.080459209971248669e+00
2.847093530483538748e-01
1.040428131866463213e+00
-3.881728718941543366e-01
1.262842019269198257e+00
2.839309556424007397e+00
6.836912944510172840e-01
5.380837919668620684e-01
-1.124768488293133029e-01
1.417997233329151563e-01
3.141488372904226889e+00
2.624139486669738175e-01
2.711394841291310254e-01
6.889385203589724060e-01
2.329317302140024193e+00
3.872809155225226396e-01
-4.054327462279551098e-01
1.584650434217370341e-01
1.120393520591423497e+00
1.561913549658670242e+00
3.531462061545643238e-01
-7.762065902071614287e-01
1.049938007388193872e+00
-1.443413414185156993e-02
1.082661430279399317e+00
4.160688908341995784e+00
-4.313937159169380087e-02
1.352686744466679247e+00
-5.522270979708382432e-01
2.005437465293344435e+00
3.068775163596310751e+00
7.825044292923755140e-01
1.012838876437449909e-01
1.180233015290070631e+00
2.120734983296986620e+00
5.611675704439771373e+00
-1.193408961664416568e+00
-4.642488029280125161e-01
-2.376712040647452895e-01
1.614399301671945786e+00
4.989493962916443870e+00
1.185551378906511966e+00
3.485462144597236689e-01
1.684214285203386730e-01
2.243524952990029853e+00
4.902618729366907679e-01
-1.180527263371254243e+00
-1.483875934557885301e-01
2.370527297292646385e-01
1.191041949438628622e+00
4.943475682307490793e+00
-5.008952702727458295e-01
-7.109177113377750379e-01
5.909598460445072421e-01
1.351923017130312710e+00
2.098128443204846150e+00
4.584126441241710981e-01
8.161864723474587802e-01
3.828402619290962039e-01
6.333364049641952986e-01
3.272020611731940587e+00
-1.083121016277299953e+00
-2.382431160330114039e-01
3.540995426952999736e-01
2.015177280390283876e+00
1.654023825628100131e+00
-4.052862351755022741e-01
-6.796727661613438665e-01
-5.816295793694429284e-01
1.341757644555188200e+00
5.794436099685857933e+00
-1.627024109496228721e-01
-5.742171915424916229e-01
2.111368257848503793e-01
2.126720890227980831e+00
2.234419799062796308e+00
3.003693402530275419e-02
1.037542059291593488e-01
-6.933468560031741390e-01
5.528407300270135050e-01
5.645403339684961885e+00
-5.631679062954330073e-01
1.068470965561666874e+00
3.949963642407469666e-01
1.603579497778953922e+00
7.042751255770411944e+00
2.264444411612890132e-02
5.774187774395510460e-03
-4.553222488236590704e-01
6.797256707877001869e-01
9.674756648870264097e-01
3.301543927331317407e-01
-4.969156102474181491e-01
9.175046322377716779e-01
3.990051994085622056e+00
2.144311906421739966e+00
6.214790729490492494e-01
7.068567047305975848e-01
1.674467796261029484e+00
8.915330421845720776e-01
2.804097139123952420e+00
4.130501508391601351e-01
6.231656849607056792e-01
-7.998729392669681193e-01
-6.142821804829105004e-01
4.604120864910151489e+00
-5.474103441239339674e-01
4.160999370370352946e-01
-4.957586989782902798e-01
1.107715216207175279e+00
1.284099445631948333e+00
4.828772137889782989e-01
9.586395545460475731e-02
-3.502399015256621451e-01
-3.749780497481021158e-01
1.820574859121495859e+00
1.067418868545223942e+00
3.846726149531408678e-01
-1.426331371780914792e-01
2.843218769930559553e+00
3.075539128695010227e+00
1.073068389004086409e+00
7.749189527546392064e-02
1.881691128357505516e-01
8.668217635611480398e-01
2.558232356956263942e+00
-3.546152272170332437e-02
1.112308584255308208e+00
4.617298320821216495e-01
1.216826257415279278e+00
3.359885059422072828e+00
-3.311430186892094785e-01
-5.268280818926416309e-01
-1.348692333249489561e+00
2.059395770316198249e+00
2.976347738311574953e-01
-7.123744988965691194e-01
3.507397380872310233e-01
-4.719430249389645615e-01
1.545064320139000413e+00
1.372467815293428428e+00
1.583648611482399993e-01
-4.042633391341349247e-01
-2.939120659485125464e-01
6.693268508659755422e-01
1.448232860764669949e+00
1.134054368134059798e+00
4.493400384814476567e-01
4.589064918401710158e-01
3.213755284126040390e+00
4.567711187451258148e+00
-8.125849693339067814e-01
-7.859658678178531588e-01
-1.536023373892920763e-01
1.600807438090201540e+00
5.531049552851516893e+00
-4.134302314386148480e-01
8.890861012067149405e-01
-1.387046133763158995e-01
1.024587016409358231e+00
3.950909624438787127e+00
-1.006850876661788075e+00
-5.940356429482397393e-01
-1.063618949289907994e-01
1.378720192156606572e+00
1.903777062475928705e+00
4.004580511090993777e-01
-6.447112248936418544e-01
4.765182293483840037e-01
5.959969356109758865e-01
2.806110657872356029e+00
-6.164994961602180412e-01
1.392669648234371893e+00
-8.254770054469690727e-03
1.504399582370839594e+00
3.323721167221761252e+00
4.046296779965018464e-01
3.133866288094749319e-01
-1.882035204155887709e-01
5.622091822443080478e-01
4.479786568766346733e+00
-6.889186123759143410e-01
4.079557673426311704e-01
-6.899990226576899754e-01
1.625570862467858424e+00
8.479746222329354044e-01
3.131173607560643890e-01
8.609427296584571954e-01
-5.606288630740849932e-01
2.321039305838047184e+00
3.689825671448360378e+00
2.557483823529268507e-01
4.263612469649510350e-01
2.963991626338577379e-01
2.453528518343366827e+00
4.301271451898237785e+00
6.677730449740329477e-02
-6.652204526594905909e-01
7.844866262738606211e-02
2.380032604220949644e+00
2.113520982748097410e+00
-1.247254306995545292e+00
-5.641243998392018316e-02
-1.810044066377503036e-01
1.557360340633590745e+00
4.651925817446963762e+00
-3.298005854324727038e-01
4.240838036929424071e-01
-6.833325115814746775e-01
1.315470934097123790e+00
8.988694017991368801e-01
1.403275779605177020e-01
8.113678563265726007e-01
2.020538854262138584e-01
8.286164850970442197e-01
3.876431245805807446e+00
-2.963959296324652826e+00
-4.350699886303897590e-01
8.433059300060175012e-02
1.509420812509812304e+00
2.823323918056666493e+00
2.623514513863218212e-01
2.926949573209107203e-01
2.806358670277090406e-01
2.412853706658736996e+00
4.181896052018360344e+00
-1.361245090227284349e+00
1.112923340886956408e-01
-3.472283554853441978e-01
1.933300030484021548e+00
4.975934774599578780e+00
1.001629325900957879e-01
2.105896198362892380e-01
-6.021004024272453847e-01
7.173558874620262760e-01
5.551869629732443023e+00
7.564257484910149598e-01
6.084355208943896809e-01
-1.405438973396223590e-01
3.968061819829216824e-02
3.856897696658700525e+00
-9.504070807405845533e-02
-2.396606419533591492e-01
4.535883900797683110e-01
2.378050904159023204e+00
1.665897915584870992e+00
9.345334502918044572e-01
2.709583795800373229e-01
6.954263375885513243e-01
5.707216913880084341e-01
2.386762324557893056e+00
2.294884313505518858e-01
-2.877482973711526504e-01
-7.929847093936773783e-01
7.760838394485722880e-01
6.355790958333193075e+00
8.999795591689253582e-01
2.471309185172318457e-01
-3.102793381562271927e-02
2.599852099632918190e+00
3.779575543015670114e+00
2.117238256674321972e-01
8.730498769766057432e-01
2.515260314944502973e-01
8.316922200384234687e-01
3.815696438174315919e+00
2.228730019368243553e+00
1.995011289404251542e-01
1.760091806131719894e+00
1.481582266970202788e+00
1.782213270953467987e-01
-1.797563022983010017e-01
-4.844942213489406707e-02
-7.577700278314347671e-01
8.956194524058419537e-01
1.319039820649241967e+00
1.095882652985925132e+00
2.385269428754985821e-01
4.452962317069771303e-01
3.293099181663420083e+00
3.812330997203818406e+00
-6.382479932968367908e-01
-1.560451882593825446e-01
-5.973731220986577134e-02
1.285699140222603676e+00
1.311855660710582017e+00
1.160243840556995032e+00
2.013874183757727310e-01
-4.928372397679424144e-01
3.842185073659310501e-01
2.613486346430641816e-01
-1.082206547496509907e+00
7.339214019653551579e-01
3.075147494157215444e-01
1.421072840804841197e+00
4.139497662725162286e+00
2.501868881477924411e-01
8.622216573811395390e-01
5.317407894051315864e-01
1.100825460013845847e+00
3.388822615497241841e+00
-6.778620294053164796e-01
-1.040672730896081699e-01
-7.150042213389388168e-01
1.857628011300529680e+00
9.952841844420243778e-01
-2.988721537534498318e-01
9.073553493893792288e-01
-1.751059530983267720e-01
1.892364218337220239e+00
4.266211990912164076e+00
-1.405524528559292996e+00
4.210399759904419614e-01
2.718908469755585422e-01
1.387560090797921752e+00
4.216048824801961636e+00
-1.203953210203509983e+00
6.862870877907108202e-02
1.687992026457219574e-01
1.885022120257921374e+00
4.837732071288769475e+00
6.170254189229162911e-01
5.685428065908116890e-01
-1.731087528775800521e+00
2.350504870639919197e+00
3.165929798301688081e+00
-7.878245313112060000e-01
-7.714320546077108043e-01
-5.004094130424553699e-02
1.978943488746798263e+00
2.035369508253030535e+00
-2.614612417995062499e-01
2.857892761295728334e-01
-3.018827076236694218e-01
7.971724410638575398e-01
4.857383411549437646e+00
-1.821915336242798666e-01
6.747538662590037151e-02
-7.900563051843835227e-01
1.005024961237200642e+00
1.145529186704010494e+00
1.372214474011857366e+00
1.598859531139820433e-01
-9.730428615308717166e-02
3.168456123511923295e+00
3.344493737970379410e+00
-4.502483923993214621e-01
1.090562849074736773e+00
6.931839488311601627e-02
1.275222839384967166e+00
3.421528032418360787e+00
5.072761698073769976e-01
2.384347460917690398e-01
-4.637589363190955938e-01
3.848436451829908567e-01
4.991715330930651007e+00
-7.873217778354260066e-01
-4.711043736456686504e-01
-6.035656537065432481e-01
1.382536031005308086e+00
5.206034690410285215e+00
-7.078252870209891245e-01
5.298147992433048792e-01
4.795118059621716888e-01
1.659733846108927935e+00
4.400474159140336461e+00
4.838581774714014599e-02
4.365672907860474461e-01
-3.311984479990605634e-01
5.580527600929952037e-01
4.534803220490449149e+00
-2.144651282547368254e+00
6.797180042941135536e-01
-1.399171538077309318e+00
2.454265223858697276e+00
3.816020186743799059e+00
-1.244868000589827162e-02
-9.645075083947257655e-01
3.187248378443885977e-01
8.922720561841264164e-01
2.259909269397279541e+00
-2.389724429068688372e-01
-1.018991812487823223e+00
-1.092790729441855124e-01
1.385958021828962217e+00
2.865456130876528729e+00
-5.310839873718056214e-01
8.135554013065645629e-01
-2.747777975903876180e-01
1.896312811931929243e+00
3.948269609522546908e+00
-1.993583046068663212e-01
5.244571161375646273e-01
9.542809299433658854e-01
1.773672591516049835e+00
4.171608493405692952e-01
1.654705775868629269e-01
-7.079392673680832138e-01
4.648651911982400187e-02
2.408359162779984519e+00
2.287718940272738699e+00
6.501416012068007566e-01
6.429700053209553845e-01
-3.297435067148489930e-03
4.659776679611071781e-02
3.537150007567848142e+00
1.784442805323299241e+00
5.582908109203849056e-01
1.503240397273356121e+00
-1.232663246522362477e-01
2.583643605358966422e+00
-5.403376515087811305e-02
8.505281813031616567e-01
1.292409627048993759e-01
9.149521039824425328e-01
4.089651525291229106e+00
-1.124073907765548164e-01
6.549694707931967563e-02
5.638259792900165435e-01
2.554636168149960973e+00
1.198007467615864075e+00
6.336592079316460957e-02
8.918666895574601794e-01
-4.065444023937016260e-02
8.827056060892523037e-01
4.119417754251352370e+00
6.296861340789962069e-01
-4.408415954102840040e-01
6.971439034415479741e-01
3.591160635653095845e+00
1.815111570412387465e+00
-8.311370721242254955e-01
2.425097164021982124e-02
-6.294779583720160332e-01
1.422617516147821393e+00
1.107361055600553756e+00
-8.780485956493655486e-01
7.164951110568053110e-03
-3.660648389014137805e-01
1.608125637300999555e+00
5.078756458010819763e+00
-1.257771080913411832e-01
-1.733659424678599473e-02
7.302991461901541248e-01
2.118787817629529169e+00
5.067751544339129666e+00
-4.723466868433544019e-01
-5.400573452537742458e-01
-8.293708797845062985e-01
1.670829354993157212e+00
5.936665108092539889e+00
2.469363237661870714e-01
-4.508041196683804652e-01
1.123885337020746611e-01
5.078968055612694821e-01
2.273274236816823279e+00
-5.089912520935804263e-01
-6.707483839044200424e-01
-3.357114427062077300e-01
1.375642540569863126e+00
2.243555914995369882e+00
1.229953911835678149e+00
-1.956379369266328383e-01
7.480567498647486824e-01
2.621791270585301703e+00
5.459403135744780755e+00
4.005618664535413043e-01
-5.546806039618747824e-02
-1.209300247837011399e+00
1.319034310474713756e+00
-4.559415018216888410e-02
-1.635867941108732904e-01
-6.904326358108365813e-01
1.310016818107687941e-01
1.966309219023649302e+00
2.280925780302651251e+00
5.350675797210171503e-01
-2.377083033088569053e+00
-7.154062989520020288e-01
1.982543905075446311e+00
3.396650192704476545e+00
1.087113142728712178e+00
-1.836652411849515887e-01
2.458699745337684650e-01
2.417632323003578443e-01
3.046851581180617163e+00
-7.392861723214548819e-01
3.842350556780044224e-01
7.657676271798112833e-01
1.277707232587863118e+00
4.486133725343528944e+00
4.981986372159242227e-01
-4.892258956427486538e-01
-1.986818738272369544e-01
2.314014343397486684e+00
2.898734090073786351e+00
6.504698153108863512e-02
-1.455178317079279249e-01
-1.182074327404680325e+00
1.346459161922619607e+00
2.070619357532541838e-01
8.742842148318435980e-01
-1.341397799168279892e-01
-7.433523231863927716e-01
7.086972203118678815e-01
5.904182710908919773e+00
3.575497083029364337e-02
3.478787570122358064e-01
-3.788075809020232665e-01
5.517098860247923175e-01
4.612640351024114516e+00
7.755257220631097681e-01
8.137552461503985146e-01
-2.529944796278528751e-01
1.120096768718298191e-01
5.135873543906283700e+00
-1.850736270744951228e-01
1.518573477586529219e-01
5.064794610564019584e-01
2.288454589558206909e+00
1.358815275714253978e+00
4.413374633731286245e-01
1.334463272942713052e-01
-9.855504859146022589e-01
8.669208149718746759e-01
6.022640314002767781e+00
-2.659838971290036103e-01
-1.101104967916041844e+00
3.426804676757178036e-01
1.619258102844804759e+00
2.558481867595480352e+00
4.476530758726579018e-01
-5.014766296696828718e-01
2.048212202387261673e-03
2.224846255938520423e-01
2.578522833260842528e+00
-1.275943216701167726e+00
-2.093589608997919183e-01
4.345173427878947781e-01
1.457604546259218425e+00
1.682422672929886565e+00
-6.632074644581834599e-01
5.717172270600305861e-01
-5.782852381869290070e-01
1.403359469176193031e+00
1.113619687462474195e+00
-1.401270665280520022e+00
-2.358917027783926201e+00
-9.118339574343514720e-02
1.517198517590574447e+00
4.702684081980475383e+00
8.132733678996065807e-01
1.031080428758718581e-01
2.561776546940345289e-01
1.410267689259887269e-01
3.378914663929377227e+00
-3.395030327822663452e-01
4.884452847033112222e-01
6.095355385754948063e-01
2.225432563153471044e+00
8.948024926305119253e-01
-1.004890119415472682e+00
7.900885508116829437e-01
3.404079071211367769e-01
1.646417000589215363e+00
1.131185570936502849e+00
6.798092404346350870e-01
-3.157650707222812991e-02
-6.898073352862206242e-01
6.327487928300883357e-01
7.670429851196691740e-01
1.435668761659800730e-01
7.044538348597297883e-01
-8.127318916387685221e-02
6.275025360132204799e-01
4.169304787287500424e+00
7.704969904181385720e-01
-4.342987632607527709e-02
9.170168695477545207e-01
2.132086728106678208e+00
6.139364866770126383e+00
2.207822110094583568e-01
7.323113099824112293e-01
1.043136076975213600e+00
1.766341234754909006e+00
6.265840967051468979e+00
-9.526457265857447565e-01
-1.101936048242516009e+00
1.383879916859853121e-01
1.469532681547355057e+00
2.621522621827668598e+00
9.166000908684864834e-01
5.502328240855074437e-01
-2.308120355115635125e-01
2.802631306812210177e+00
3.312362909658166377e+00
9.172830934238309641e-01
3.787710820365279840e-01
4.035256936455138832e-01
5.755178029328857914e-01
3.841453678006829797e+00
2.711145794436543577e-01
-8.574988931626714717e-02
7.841646038825688114e-01
2.507190667126140582e+00
1.096588219472273584e+00
3.144348572924358654e-01
1.869044458268725173e-01
8.350101360969311992e-01
2.444161724355412346e+00
5.787970447591169076e+00
-6.895017066709643871e-02
-9.518859046319998463e-01
-1.904516553689358238e-01
1.911684079016727100e+00
2.338653115669180327e+00
5.982321185072608793e-01
-1.362028866639911628e+00
8.658838629107599161e-01
2.311003427258611076e+00
5.235181464124515571e+00
-2.411016570360564604e-01
4.675727776305195205e-01
-2.024200769139490597e-01
7.893857675281796826e-01
4.787245469999573899e+00
-1.545392406672905672e+00
1.014478486202156970e+00
4.479102907071502160e-01
1.341039422645973422e+00
2.918611463772359915e+00
1.633504583103233543e-01
7.351141575611113144e-01
8.772030944361944305e-02
5.238039502676308246e-01
4.062648268749772029e+00
-1.331970094559778162e-01
-5.352476805654773351e-01
-8.879708011985993910e-01
1.361302617649625901e+00
5.805933679380821388e+00
-1.382883861967741490e+00
-2.515542924435886230e-01
-1.633012141586079324e-01
1.729375247574181484e+00
4.750720907484391908e+00
-8.717015440484873201e-01
1.109814032509746307e+00
-4.380856004407965298e-01
1.864560124215196124e+00
3.619632020144464946e+00
-3.450483432767359471e-01
-9.845036642062984233e-01
1.473887648047301213e-01
1.962611545044967931e+00
2.050394312796953056e+00
8.917262132596189689e-03
2.520824808972217390e-01
8.948181641744626935e-01
1.944477151918861058e+00
5.753754969183523471e+00
1.150204244565967260e+00
-1.626932759748387081e-01
-1.494243703062516360e-01
-2.308605152908746461e-01
5.236521881511395193e+00
-3.346876098517183040e-01
-1.291287161468288869e-01
-3.352325565235385607e-01
1.127991369015951761e+00
1.606996878972710707e+00
5.946148973207722177e-01
-7.557252621628048894e-01
1.439709528966993113e-01
3.011299380973512019e+00
2.089703434349336586e+00
-8.202304310064717496e-01
-6.783245925647108931e-01
-5.653805417452033577e-01
1.868726618812585949e+00
-7.305892634067306934e-01
-1.199878616855666880e-01
1.462903047327890615e-01
6.228745823608557997e-01
2.533118936910548680e+00
1.132525356669817684e+00
5.216229214393752756e-01
2.091195651002687173e-01
1.142732408713144299e+00
1.900994263291714059e+00
-1.748478774808528424e-01
-7.942461403505839401e-01
3.474498479743016177e-01
-2.240424443888630601e-02
1.186567172981080276e+00
4.865273699675656260e+00
-2.330473061786888067e+00
4.168994862465555951e-01
-8.337741132036106950e-02
1.506715683606155487e+00
1.265915107319478761e+00
-5.547152168004561013e-01
-4.367772061058061706e-01
2.748154353648212811e-01
2.139862979536875542e+00
1.943480017157669382e+00
-9.615671189305882716e-02
-5.001488240285442144e-01
3.446585043703129791e-01
2.345606264064410418e+00
1.816087423262497058e+00
3.076469597751650409e-01
2.801173563391262888e+00
-9.965305128834557602e-02
1.573249974297850962e+00
2.170523297817685826e+00
2.273627837058838641e-01
-2.700840182482658336e-01
1.000281848338289814e+00
2.151442174382109496e+00
-1.294912567561962158e-01
-4.677069516492597945e-01
-9.745198222988883385e-01
8.379825470488424521e-01
1.379936659807023513e+00
-4.544145170915082077e-01
3.998354552992933186e-01
8.402322057248625686e-01
6.539129279883866552e-02
6.767812102814806385e-01
3.675797079200302075e+00
4.118162906661385070e-01
1.168197852120005820e+00
-1.704748676446336542e-01
1.071860912745431715e+00
2.360644855356763383e+00
-5.262528109561939171e-01
2.964556822081796938e-01
-2.133238352718488939e-01
1.147958599400099589e+00
4.749493165721835553e+00
-2.611631378200972020e-01
2.335499662876816818e-01
7.544450764563268574e-01
2.168715522445042954e+00
4.618808125229686645e+00
2.824102692946791393e+00
2.960371227592407950e-02
-2.960213061275434043e-01
1.000558955334215128e+00
2.812574961652970496e-01
-9.662124983969473391e-01
4.795177445893615553e-02
4.513024950322254703e-01
1.680891086341606666e+00
1.310341054303931774e+00
1.402549424962833136e-01
4.872950601469507315e-01
-2.875432521193528879e-01
5.379702883916399614e-01
4.374727515638445752e+00
6.402350084061044777e-01
5.069771946293880616e-01
-5.161976538709410756e-01
2.284575077796517473e+00
3.157929320871513568e+00
1.765836141886922145e-02
-8.489282053860321975e-01
-2.785472206802953876e-02
2.127731248703139677e+00
2.259132611939282498e+00
-2.436512226415779026e-01
-6.622633420510248836e-01
1.995075846322753033e-01
8.424416553416043119e-01
1.678065908881931856e+00
9.079618779782233640e-01
8.745865898405767724e-02
-6.854005357506680607e-01
6.439551230540911941e-01
6.225706869229925111e+00
-1.345034061591518504e-01
2.023165855963673099e-01
1.037707328356250791e+00
1.893499137393592990e+00
6.322829939718376258e-01
-1.021034704252838932e+00
1.640070205238043644e-01
7.123108397749994269e-01
1.523667904653413396e+00
4.560155425123894268e+00
4.719137882547359136e-02
-1.379276004495207930e-01
-6.012639003070774368e-01
6.750821461491636200e-01
5.735293807372385366e+00
-6.550345697336884543e-01
-3.637557164385301078e-01
-6.568777822901807895e-01
1.496495953919481314e+00
5.624530300730939736e+00
6.889975769493419389e-01
-2.423014422530537504e-01
6.436671904901181129e-01
3.488855626136196264e+00
1.871996958558145074e+00
6.145428055425746772e-01
8.210715233382623879e-01
-3.270298587644991373e-01
-2.738402322100818090e-02
5.067211491121891953e+00
8.860107695603848255e-01
-7.562808159725147306e-01
-1.878793137125699397e-01
-1.587814476571244582e-01
2.196699511377029346e+00
5.391068699417266297e-01
-8.575842918576168650e-01
1.657508586263566064e-01
3.006458172882033431e+00
1.988540852611169418e+00
2.368808203912690369e-01
5.475748170220284816e-01
2.518063960331393125e-01
6.596523925017652168e-01
3.999802308650776350e+00
5.136016827346117086e-01
-9.624918076006724332e-01
8.416880725081005155e-02
1.740204139117670357e-01
2.285894048067054207e+00
-6.552543819480751708e-01
-1.912404553177703137e-01
-5.594085298148518959e-01
1.307636745238459630e+00
5.413266550007483247e+00
8.406775061570258556e-01
3.008763708249126978e-01
-2.444418170262639411e-01
2.490619049928182616e+00
3.482533351754172557e+00
-3.035749120188301758e-02
3.570847789435125930e-01
1.439138860322431768e+00
1.350809171077709703e+00
6.304840475200052197e+00
-2.869583793496307544e-01
-9.349741794883782431e-01
-1.906027122683417452e-01
1.865586859613701742e+00
2.734858018941016322e+00
-1.598377100161408049e-01
-7.281091515505088152e-01
3.992924871275515541e-01
7.597821410419940413e-01
1.865341209828055957e+00
7.378237306053385680e-01
1.005789467123583636e+00
-5.100665406456119655e-01
3.186069618457091579e+00
4.001781276400681264e+00
-5.734725971444487591e-01
3.449068342661387732e-01
5.096224888516422968e-01
2.085220330141392076e+00
9.575426302157565850e-01
2.502285626357464432e-01
-7.355187568766437256e-02
1.016797530271783767e+00
2.254631820261002950e+00
6.407979926136526672e+00
1.331004791285690936e-01
9.244602925784586311e-01
2.064392688069365822e-01
8.655135053927229816e-01
3.861029950805237032e+00
-4.873847000450527989e-01
9.283586094392942689e-01
4.731902694549618982e-01
1.915116773287089735e+00
7.353698272697526406e-01
5.907782471923003764e-02
2.456673569646988520e-01
-7.607073733834870399e-01
6.148140446137675408e-01
9.538123779921340306e-01
-4.994657060489676725e-01
3.041161938609986959e-01
1.997247392113385422e-01
1.682613120674329776e+00
4.850443323112195060e+00
1.465146818984523064e-02
-6.882108100985430132e-01
-6.959512994513093742e-02
2.300531112551026158e+00
2.257294555177197903e+00
-1.290655793945862051e+00
-6.851192498513162255e-01
-3.102738006367803392e-01
1.669690448056484033e+00
5.214067784835221708e+00
4.017211169588513764e-02
-2.278343609579264184e-01
-7.446219229219948055e-01
7.717031712671456045e-01
1.546431526823213165e-01
7.213315878149297866e-01
-6.861719461633586370e-01
3.776784528304955035e-01
3.394593704815466739e-01
2.816861577730967348e+00
8.877082553802242426e-01
-1.567120074989651057e-01
-8.740109489684182442e-01
7.078749790149762022e-01
5.984543279215218448e+00
-9.080877377842146991e-01
-3.436872282689230618e-01
-2.237527616710777503e-03
1.590337317875678114e+00
1.724816144675083374e+00
-5.865884163656817085e-01
1.520488979981831634e-01
5.372719469398509196e-01
2.137129261805949643e+00
1.068196379370776494e+00
-8.799043325415474293e-01
-3.652574040419868662e-01
-2.338512866589747552e-01
1.264649907198012402e+00
5.453684611862246179e+00
-3.314911942643391507e-01
-3.483586548813414341e-01
-6.406808281492292201e-01
8.661831490162893443e-01
5.625415024636302164e+00
5.972450053777486056e-01
-6.358828067065894762e-01
-3.466020419384340662e-02
1.932935235680174058e-01
2.009812494391702842e+00
3.263137886159636070e-01
-5.108323487275855390e-01
1.221777959311096118e-01
3.302017920366070669e+00
2.296952616014579007e+00
8.530222237192408574e-01
-8.131363973920793242e-01
-5.066386081528831964e-01
2.605158354674217414e+00
3.357586614424489024e+00
5.236500754411756997e-01
-6.681580732985223925e-01
5.734171855578924504e-01
1.491318579635411368e+00
3.478112857549957138e+00
-4.024245704148762814e-01
-9.242217897005620131e-01
-4.735432720229827974e-01
1.727448615024648637e+00
5.864053019884237550e+00
6.346745729889700094e-01
-3.546336816356421839e-01
-3.446830939747859701e-01
2.328339078630648373e+00
3.193583429267233598e+00
7.212185496220419045e-02
-5.326344064643674381e-01
6.123625385116712727e-02
2.376886253384493664e+00
2.117856357303115722e+00
9.255363606440599744e-01
8.216125500949094107e-01
-3.059064824619939227e-01
-9.742105272032175467e-01
4.208167286890271974e+00
-1.623749964668656176e+00
-5.915348424920399140e-01
-1.776322724422167543e+00
2.098681360727263190e+00
5.625748467105973205e+00
6.432206396880562060e-01
3.437900204627487577e-01
-3.212881939374785945e-01
4.805354521788801625e-01
4.389545181557264364e+00
-5.152377494101441080e-01
-6.530702783389690236e-01
4.654291158550016849e-01
1.256851945994609920e+00
1.959758649589316448e+00
-3.171829783859270169e-01
-1.097332131034165048e+00
-7.005782902428556690e-03
1.501869712880206098e+00
2.869771260012162539e+00
2.562831974995575246e-01
6.951362011003637820e-01
-5.814240407613117251e-02
5.666076146139783498e-01
3.960521601287669391e+00
-5.036264380403127072e-01
4.268452630054358488e-01
9.586135153743184922e-01
1.805560458080819775e+00
6.902980305684257578e-01
8.659131496487934010e-01
-5.626284862356967231e-01
3.542622418668210926e-01
-8.998352310472388510e-03
5.539726496211113904e+00
-1.801212279504856018e-01
-8.692918828709098045e-02
8.185025911606312876e-01
2.123753172723955807e+00
5.115841936120713029e+00
-3.345357534938216415e-01
2.499582036594695522e-01
8.435039527202484733e-01
2.200066158474754729e+00
4.592562065482812095e+00
9.531331105438622942e-01
2.836443269034218395e-01
-1.057920741826829492e+00
8.751318189971009076e-01
2.733665678112046638e-01
1.412302366478165316e+00
-1.940210502773384235e-02
-3.880568082207915270e-01
-4.213480227940752942e-01
3.282008167098386497e+00
-7.612914868760488618e-01
2.980215080348080914e-01
-9.559336643038597314e-01
1.508304546582146077e+00
1.092828539793913478e+00
-8.045885852364728086e-01
4.928963649130155972e-02
-1.715217211428185784e-01
9.801038667497993240e-01
5.046619835068389293e+00
3.986117127537813776e-01
-8.145749316120211025e-01
-4.462240906579035271e-01
2.051791795636013216e+00
3.006487678130891350e+00
-6.771906287307403183e-01
-9.283507963479600278e-01
1.094233577339540631e-01
1.020970152536282427e+00
1.780663821971221417e+00
5.702849522748476563e-01
1.294731905399691962e-01
-1.159801047070809554e+00
1.075826499467173347e+00
5.562241407840673446e-01
-1.308060058989693186e-01
-1.582070392948888363e-02
-1.225522646127867432e+00
1.207142293100121888e+00
7.283678641675207510e-01
6.590707679232137017e-02
-4.032752884240474178e-01
1.110472022894699373e+00
2.070899249955123089e+00
5.564534790680767173e+00
-6.060237900947387235e-01
-3.504902672305960087e-01
4.473291847665252785e-01
2.037944463212458590e+00
1.755149252889417033e+00
5.204257870002048092e-01
-4.277264103628937719e-01
-8.633931208301505456e-02
2.367711954080944814e+00
2.833342852234511433e+00
3.700150551664415643e-01
-6.599884116651636434e-01
-2.502638896122056367e-01
1.638392334978867604e-01
1.361962412497219388e+00
-1.483716793957905011e+00
2.458331746597181844e-01
-1.383787329328664273e-01
1.720322150296899277e+00
4.364502196147811652e+00
-1.394673546478152892e-01
-7.175524933490610158e-01
-1.380308014092932689e+00
1.663504347651915127e+00
6.503556672158028462e-02
-6.720755266505105130e-01
4.684338644196220369e-01
3.900436564360765246e-01
1.761129371607879746e+00
4.225957970845368727e+00
1.581592890249283734e-01
4.582380930505445399e-02
-6.909711362269971291e-01
8.925380685502863898e-01
9.904815948218111954e-01
1.297711619757168089e-01
-1.154583101861367117e-01
1.070828032346684555e+00
2.692408888087639340e+00
4.860364160392008692e+00
5.223392797120796072e-01
2.730273899869836152e-01
-2.040724392134464216e-01
4.397962496175232272e-01
4.355938181635840678e+00
-4.203919474073213869e-01
-1.215260933134152677e-01
-3.908659726644995169e-01
1.150927221997910310e+00
1.584080636226191441e+00
3.534503191474346884e-01
-4.145920231066958506e-01
1.183223863570926487e-01
6.257533259408598614e-01
2.294586929288169763e+00
-7.106929464443436650e-01
-9.776635392546884074e-01
1.967067073297659729e-01
1.416506231918169156e+00
2.483664532384110668e+00
5.058944481155276673e-02
-2.488359922830490900e-01
-4.340114379664934408e-01
7.800853668627826254e-01
1.103026003592258553e+00
-6.956807209880353504e-01
-2.736122472425459029e-01
-3.065213967987351351e-01
1.227438622444912975e+00
5.370781455337359844e+00
7.088518643469666758e-01
-1.131224056842449338e-01
6.848499938247986085e-01
6.368913416659238713e-01
3.129141808354552357e+00
6.594392257584464900e-01
-1.130104914830189627e-01
8.547976938470257247e-02
2.494676376253358363e+00
3.826896656654167561e+00
-4.564907088239510968e-01
-5.936067067304220957e-02
5.132961984419384116e-01
2.243660813131822973e+00
1.257179338180110628e+00
5.898045351244887158e-01
5.610017831388868226e-01
-2.933050413920756938e-01
2.511630222763725495e+00
3.602224513939984885e+00
5.205513291087396910e-01
-4.568020158607412617e-01
-6.925114134390358833e-01
2.409542513621328652e+00
2.933563559274487531e+00
-4.889358582671823328e-01
8.938063137818139658e-01
3.346321808619022731e-01
1.907266850705117811e+00
9.847565943669499555e-01
-4.841050782680914599e-01
-6.706759770479248095e-01
-4.643231263106967210e-01
1.095408153083391900e+00
5.462220969788510239e+00
-9.593071688418314258e-01
5.607312220666522684e-01
4.173702214805619093e-01
1.617059423919740002e+00
1.229996620090246573e+00
-5.732975385414820213e-01
-3.941334106340527860e-03
1.072135684395553179e+00
1.796246601587107916e+00
5.195764647434947037e+00
3.819366773866301329e-02
1.207178114379297007e+00
-4.747991966281356335e-01
2.026316930361943935e+00
3.483395537594291547e+00
4.353781890183567316e-01
-7.165841521859827035e-01
-9.153949341104083981e-01
1.954791122075499876e+00
3.272237191216182062e+00
-5.190787323364300931e-01
6.679736913914525731e-01
-1.158297558708933472e+00
1.577724398450994547e+00
7.656293941721191709e-01
-1.234226680626657968e+00
4.420448470201072122e-01
6.673733000231388268e-02
1.507740502551019546e+00
1.373630702973906104e+00
8.392728537420397483e-01
-4.405194860541772894e-01
-1.082293320899631928e+00
2.980210964133935381e+00
3.334625379946172252e+00
9.708702828506634575e-01
-1.131638579456518967e-01
-5.094532493579818633e-01
6.897272426761344999e-01
5.519555384020470967e+00
4.108789313456448489e-01
-1.839868364746246876e-01
5.414292980154935542e-01
2.666601092151437147e+00
1.542029770860220639e+00
2.307972194033715230e+00
-5.941282205602440580e-01
2.696191242253463960e-01
3.288249896510963666e+00
2.029231773598629829e+00
1.113153004024948434e+00
7.031349687596689935e-02
5.542138563652225791e-01
3.739958807572021371e+00
3.402985026382212119e+00
-2.052960438164710272e-02
-7.728931999053707813e-02
-1.091311991492818434e+00
9.766677648032022763e-01
5.816070146135547958e+00
7.283908790570378100e-01
2.275613688759681452e-01
-1.728949918631186300e-01
2.320021117763987339e-01
3.461725912487903845e+00
7.025256577016797399e-01
8.694100931073749372e-01
6.443804331121931739e-01
3.650642965980912091e+00
4.420628735828914024e+00
-4.634669215216885019e-01
-2.887334054070866268e-02
-6.398451305657376631e-01
8.784441375965291732e-01
5.249191803932833800e+00
2.789483817611193017e-01
-7.373103712504562868e-01
1.959937090308443430e-01
6.243432254367025092e-01
2.299235370636360631e+00
-6.229306211013174721e-01
-3.642729161456178533e-01
-3.711457690031791934e-01
1.227361854750778969e+00
5.374614363612262302e+00
2.742998868250721700e-01
-6.009938418535590854e-01
2.579723987572267729e-01
3.165077626378638431e+00
2.160220766885278199e+00
-4.926362184582350201e-01
1.255104383376375587e-01
-5.735648401572724930e-01
1.182992626346311305e+00
1.234029633025645722e+00
3.604592508455939370e-01
-8.444499950922081943e-01
6.107508063878136495e-01
9.332524311799788030e-01
2.896415666202132311e+00
-3.725379778494709582e-01
-4.117080635646321873e-01
-7.266924243467877131e-01
1.047647276527020832e+00
5.456598073691448114e+00
-5.862128317879174988e-01
8.590100246017616792e-01
-5.637165187993046361e-02
1.664028108633408554e+00
3.986366913673606849e+00
1.718614833818356002e-01
1.330812305661215056e-01
6.046502080001872059e-01
2.535224002647595842e+00
4.880179341712404195e+00
1.007857385982653620e+00
-1.613769045528038737e-01
1.380587880683697422e-01
2.417039950155619454e-01
3.425091679676650180e+00
2.533847140398705067e-01
-1.555238362453561229e-01
-1.050794751991673159e+00
1.265325790469176148e+00
1.532503276166761186e-01
-7.502119355064637007e-01
-6.752916475499681770e-01
-2.149088016245933319e-01
1.919315715651151555e+00
2.243019286337617935e+00
-3.223049144348379413e-01
-2.811325788649082780e-01
1.392980356704349942e+00
1.235895227492847193e+00
9.908754499698604334e-01
4.129560151907598065e-01
-9.630058687062096334e-01
8.416568511902812466e-02
2.563830102422048896e+00
2.412689149447029724e+00
-1.171756274668690034e+00
4.606805877307714736e-01
-8.662144696507331765e-02
1.666540382001011844e+00
4.225155307184054188e+00
-2.917602983681779616e-01
-2.763504873789358607e-01
1.039738731843281583e+00
1.804662049930585876e+00
5.475445363618797856e+00
2.719507071034762191e+00
-1.592729291299462280e-01
-9.355467534491048731e-01
-1.358896697128391340e+00
2.830343393593622192e+00
-5.468893244660484321e-01
7.557246441911151802e-01
3.453403966519038581e-01
1.732029051966460287e+00
4.178754803009292473e+00
4.042352395664113862e-01
9.674123388161923742e-01
2.142953523968563478e-01
7.928192890656592384e-01
3.310411379312168556e+00
3.102952203658911334e-01
-9.601422728203298229e-01
-6.437837079613355495e-01
1.628311750348468756e+00
3.638519910026675852e+00
9.615206308971054883e-01
-3.756786384757423436e-01
7.457520921465032870e-02
2.704138616001448892e+00
2.903719012445701075e+00
-8.578620240777455885e-01
4.898066547835649986e-01
-1.928372065767575971e-01
1.125505318653236664e+00
4.799844871246026656e+00
-3.352876582034365338e-01
3.472636692416261051e-01
1.003869678107785601e+00
1.693839844563104657e+00
6.739670048099023703e+00
7.907749884018566711e-01
-4.367673298482899757e-01
5.742609431271673559e-01
2.899052286534663292e+00
5.734855661975730712e+00
6.320170326038950792e-01
-8.446101331255837508e-01
1.384245010169602753e-02
3.042217021907789753e+00
2.288389877291464369e+00
6.251905192301353553e-01
6.474029556015845621e-01
-3.798990862423130555e-01
9.643106800508112197e-01
2.241540677641910673e+00
-7.205576229561018176e-01
-8.458197521771113614e-01
-2.550376903953264218e-01
1.604747959504918109e+00
2.309618174341422581e+00
-4.293017427727007229e-01
-8.789993185429791911e-01
-1.249528143253268719e-01
1.967919878921525978e+00
2.325246432200240854e+00
7.273373017138818897e-01
-2.305379830544812894e-02
-5.465469247771650302e-02
2.721106365570698404e+00
3.662997170024291371e+00
-3.699992097482327491e-01
1.229642674008688985e+00
-2.753171372293446439e-01
1.229594066419399390e+00
3.303471594160860558e+00
-7.275164720920062056e-01
-5.007220079897503062e-01
-7.209723133609239332e-01
1.693296480614439492e+00
5.565797132124976621e+00
1.079374477451422010e+00
1.468667587096482707e-01
7.855176452842143053e-01
3.915833026406756900e+00
3.971204014145104821e+00
-1.486033913899566794e-01
7.156256930624299573e-01
-2.626851495108696311e-01
9.155376428969984604e-01
4.330073406784645584e+00
3.857705881238365220e-01
1.857841491239184406e-01
-4.006249745952651375e-01
4.759253369711128889e-01
4.867069924921809232e+00
-8.149957608615370219e-01
2.596342296164394492e-01
-4.034181806160387906e-01
1.204464573362639790e+00
1.155182565468556799e+00
-4.133434269730117128e-02
-3.584760569304302202e-01
2.974418267582673581e-01
2.376763085774289852e+00
1.800793437037532030e+00
-1.151805660795524267e+00
4.019172490125533237e-01
-1.822732842496840033e-01
1.869751358034178912e+00
4.569251800677445630e+00
7.401782439818231918e-01
-4.614156321955568685e-01
-2.883355104248124801e-01
4.179774780923800059e-01
1.278775012788367027e+00
4.014459329810775301e-02
-2.350930317989149643e+00
-8.507821287836453070e-03
1.134443512301940959e+00
2.743201978043097622e+00
-4.554169883610293401e-01
8.201852470256402183e-01
4.713294395260002601e-01
1.173806473861423338e+00
4.393293458922044259e+00
-3.840067595469934814e-01
1.362150599358343372e+00
-9.905242418719945041e-02
1.840219144310588639e+00
2.915693891824080008e+00
-5.192879988891082599e-01
-9.105069900402513738e-01
7.538938950637835701e-02
1.835557260687008974e+00
2.289913839286734643e+00
5.685348286967344122e-02
-4.325063713651911557e-01
-2.832616536443774979e-01
-7.238543140952085064e-01
4.596290182422099413e+00
-7.379780237090767248e-01
1.094844551631960261e+00
2.252726752209157635e-01
1.758399204055128395e+00
1.078417419763585627e+00
6.975319476880085245e-01
6.755887952452442613e-02
8.814239025540075712e-02
2.773935391313773646e+00
3.630384049424363990e+00
-1.740502117998343479e-01
3.560327547743252774e-01
-3.153298530045813286e-01
7.664930371039160306e-01
4.836088520882845465e+00
-1.771899203546689061e-01
4.226167353875643351e-01
7.610063297667538640e-01
2.138540771586645572e+00
4.365784451578387682e+00
-1.308405748194473028e-01
5.371380782008474686e-01
-6.581790392891551100e-02
7.395795296846373601e-01
4.616430975045444640e+00
-1.530747692915088720e-01
-1.168603408866241838e-01
-6.845130507781967966e-01
8.877704498487836160e-01
1.393781164516498361e+00
-1.078622316440399409e+00
6.317845904897049225e-01
1.372084447798943840e-01
1.504528697805068704e+00
4.233480161422005672e+00
6.654752163272390497e-01
9.235597599983667028e-01
3.934617360685842558e-01
7.704892076912862597e-01
2.713119565387024590e+00
1.044896301030726615e+00
-1.333557397023612812e-01
-8.184479917555291806e-01
-7.811167847252927787e-01
3.054468530691025308e+00
2.968528097651488840e-01
2.511034232985722148e-01
-9.809085955027883053e-01
9.283082280991558077e-01
6.229246929913359487e+00
1.816148750431856584e-01
2.626641167640020869e-01
-5.171561646623500375e-01
5.788162886797190154e-01
1.158213934248312871e+00
-3.047597889534397683e-02
9.188176797427879960e-02
6.186368465938951733e-01
2.574487802835061512e+00
1.165362523262947425e+00
5.300943032497689167e-01
-4.306244479018650484e-01
-5.617985162816897526e-01
3.764555958470663932e-01
5.630714536962833527e+00
8.375208053203592184e-01
7.021855809746281318e-01
-3.692082759405019288e-01
-3.074060612884801924e-01
4.183115218558569381e+00
-5.533402804391981261e-02
1.885045207432805014e-01
-1.008067023129405326e+00
1.150458948060411268e+00
2.725841098144478059e-01
7.664499313907403577e-01
-3.336914722187452331e-01
9.016049655769868831e-01
2.228711290996979955e+00
2.648151188294873282e-01
-6.668417362205843191e-02
-6.882541526536235521e-01
2.520391305679713589e+00
5.794318254330873552e-01
3.573343356872762944e-01
1.059320705082577474e+00
2.970924777187624599e-01
7.547163079512471118e-01
5.995647166010339424e-01
2.821701354246681337e+00
-7.447810901715838927e-01
-5.200770762605803066e-01
1.223836791796637791e-01
1.913794357398094670e+00
1.811783733851642486e+00
8.533470944454127904e-01
2.327427956313076196e-01
2.848872918897505380e-01
2.799253439000604970e+00
4.500453629908267139e+00
1.004268769887316504e+00
-4.658290286947082137e-01
-1.434343756663062491e-02
7.126605903756329241e-02
3.588675025756981718e+00
-7.465306898578826234e-01
-2.369174384524169452e-01
-6.624556050865229029e-01
2.027148288749579752e+00
5.883905814806684731e+00
9.022419435556301437e-01
2.421144697503938292e-01
-3.653417320579507299e-01
2.353590295045248748e+00
3.533303140294568045e+00
8.899416714602133016e-01
5.365167200785627699e-01
2.802464438842440786e-01
3.169408418701707419e-01
3.480187703605416516e+00
-3.840532557821751403e-01
-8.801121941529462811e-01
8.472877173629953518e-01
1.015804699391066546e+00
2.189945079101071279e+00
-8.516297341633951579e-01
-2.393839300890428234e-01
-4.530997118347044883e-01
1.745217952806326078e+00
5.300303001330278541e+00
-6.386189079384175793e-01
4.734423489981336997e-01
2.111701697900389141e-01
1.335919457642843922e+00
4.421560529595407907e+00
-6.656253386140582595e-01
1.032868585259258509e+00
-5.578751557502230618e-01
1.527507956783517029e+00
6.911079516613961582e-01
6.355973898860939331e-01
-7.676500439880930005e-01
2.817069531427450757e-01
4.443882612306272045e-02
2.461001483660740785e+00
1.113433535639242189e+00
3.292937958143351551e-01
-1.220604500016914562e+00
1.376290885941965580e+00
4.831582087382237378e-01
-4.295879367318198860e-01
2.128753242154861336e-02
-5.500532696505983088e-01
1.085505194399406959e+00
1.366117977107889514e+00
-3.188128409739432456e-01
-7.514142663772933606e-01
1.893144175086011183e-01
8.698872332063080082e-01
1.786469605521424864e+00
-1.645167633873107979e-02
-5.095440233506448591e-01
2.408852695002745570e-01
2.348656736404909129e+00
1.980040305672744916e+00
1.494802464289977983e+00
-4.070147635753578186e-01
-3.077350459193877730e-01
-3.855116627992378753e-01
2.776932006628046512e+00
-1.000844143905439854e+00
-1.248954235886170078e-01
8.032425024851844730e-01
1.477810211138402385e+00
4.915380366849895211e+00
1.017891132422466538e-01
-5.616109148229816439e-01
2.567972025627372479e-01
2.371222685368838512e+00
2.015846623142092398e+00
-7.056890114891787302e-01
-4.942418294163114512e-01
5.125160132600450336e-01
1.653074406628449955e+00
4.993770142293231906e+00
-6.734028937606539866e-01
-4.677324759420383171e-01
4.216597494704227844e-01
1.967362623098281471e+00
1.771048717427834873e+00
1.302489710772778864e+00
5.015225251189486810e-01
-5.037372139725927456e-01
1.051812062007127402e+00
9.983516242060470613e-01
-3.474975345810676908e-01
-8.686026173873382383e-01
-6.787371982272824011e-01
1.732571749260934268e+00
-2.303378102758716073e-01
-4.334587838330434262e-01
-2.566419487308531644e-01
9.032181358419016926e-01
1.789018515687212929e+00
5.246058572681323362e+00
-4.548081066152389607e-01
2.665039251445763258e-01
5.399434624595182974e-01
2.215490504174906228e+00
1.002805606096464741e+00
-9.068318715005939668e-01
5.570700574006863526e-02
5.325727801062024591e-01
1.624992294742783283e+00
1.397086639254504714e+00
-3.856068748006874491e-01
-7.362117390897752189e-01
5.571154457268421289e-01
1.911568723085129040e+00
5.556507467862793703e+00
-4.666891158028641656e-02
9.870581768249373500e-01
-1.866162747534712840e-01
2.181833377052075917e+00
4.096789595227766867e+00
-9.717050106299230938e-01
6.990510415250575926e-01
4.931347095178480466e-01
1.316145252040256786e+00
4.308554780287887631e+00
1.369047502266795141e-02
2.833672416961766638e-01
-4.595465877271371347e-01
5.559268548089875139e-01
4.668569493606171683e+00
3.615110597956301408e-01
6.079148235939303424e-01
6.663170871464385581e-01
1.015688709305679671e+00
4.199028828697848326e+00
1.513488100216621723e-01
-1.367040527829286090e+00
-2.073634397979451927e-01
1.858156611004472269e+00
3.234379281446021714e+00
-1.054791058243697233e+00
-2.341091661205665642e-01
3.317422822464527465e-02
1.287857343984772474e+00
1.437255951985818569e+00
8.453759380616674424e-01
-5.309098231014041103e-01
-7.741406108060773228e-01
2.480810909627908512e+00
3.041361622039536972e+00
3.154528441707157294e-01
-4.034753221334403950e-01
-1.076974061196772858e+00
1.058184337185957835e+00
5.796818942012857079e+00
-5.337420505064092158e-01
-4.690515722764464490e-01
-5.342936313177557572e-01
1.339980803487356154e+00
5.437356296380398746e+00
5.472895725013984802e-02
8.981437235910331995e-02
-8.107831996605946445e-01
9.128239591384962326e-01
8.764633197188872460e-01
-1.441037888803163580e-01
5.049903808661394544e-01
-1.845823311598593641e-01
7.274230776238683749e-01
4.716382916446834273e+00
-8.417062961075889582e-01
-1.633392656989359537e+00
2.325266698921436143e-02
1.548519893542464221e+00
3.244772332511348001e+00
-2.796587694230726617e-01
-2.127816915834913614e-01
-2.352610600787783390e-01
1.221298942590830494e+00
1.838113281793724019e+00
-3.824343773336922325e-01
-3.289708981241723507e-01
-3.207877211048525967e-01
5.986405640541552220e-01
1.373917885828767727e+00
3.612674696982492301e-02
-1.174545734623322124e+00
8.095845109384371130e-02
1.403882470438936103e+00
3.047931974389212151e+00
-8.443294938807599515e-01
-1.044324520241680876e+00
-6.963032205775105954e-01
1.757832222815122192e+00
5.630316771345897031e+00
-5.382250415164802071e-02
1.032603700891580489e+00
-2.863522525002477059e-01
1.694956700401737404e+00
3.376955080419516086e+00
4.402458581660222137e-02
7.613488577946286862e-01
1.671946965268548413e-01
8.430799903605898926e-01
3.967801606735487763e+00
-8.821683345455197944e-01
9.553288582420096930e-02
-5.444793348580734271e-01
1.791286999619326803e+00
1.436917375090086990e+00
-8.802066187892766402e-01
5.084903068177628604e-01
5.936635118830236868e-01
1.301358909742180936e+00
8.212913698388606409e-01
-8.523991095162933296e-02
7.176132865565696406e-01
-1.296552158794021803e-01
7.618768543579830244e-01
4.179561363994486634e+00
-2.165203688453339326e-01
7.462229552121721898e-01
-2.329216513286830326e-02
9.578263442675402084e-01
4.281252597191553377e+00
8.271927125897542421e-01
-1.623416851688422591e-01
-1.003810506598052266e+00
8.556323402429080183e-01
5.109691819882081987e+00
-1.155428929440338148e+00
-4.195397246654150591e-01
-1.212418234895180635e-01
1.400414447398266482e+00
1.887839002330800930e+00
-1.157779751514766559e-01
-2.146735250072737244e+00
4.202719136683564227e-01
1.034238423702824372e+00
2.559304209874229574e+00
4.669475542251435574e-01
7.604532296789234813e-02
4.608563678375366957e-01
3.739275324297992142e+00
4.246503893833851961e+00
1.062338461020069236e+00
-3.227493202481598877e-01
-5.299733422248767978e-01
3.971272153516038350e-01
4.791823777663381634e+00
7.875771544724020634e-01
-1.650951085113020467e-01
-1.150304318809418636e+00
1.003126499443641961e+00
6.111014977865116826e+00
8.496495673332818965e-01
-7.399026036799285500e-01
3.227458981836189844e-01
3.010080532673514941e+00
1.987180282046536739e+00
3.091864282943342090e-02
-3.396561499303732967e-01
-3.341179280847043631e-01
7.255129825538527699e-01
1.351791402361649297e+00
-1.268254308309529066e-01
1.000636660952198165e+00
1.809647329167269891e-01
1.118469878306881160e+00
3.956546722520343895e+00
9.043687788675685013e-01
6.094595500206259064e-01
-4.760405741699431648e-01
4.477463763182971124e-01
9.613623872608091370e-01
1.014201251149005945e+00
-2.982472274300991821e-01
-6.240967885193483555e-01
3.046457471800110728e+00
3.175640589710151840e+00
1.809466745540052601e-01
1.403565212724509736e+00
3.551890344838808389e-01
1.208627647888940171e+00
3.186257730301137236e+00
-4.656339073569645826e-01
-6.602696763536761715e-01
1.088271401869239791e-01
1.947588608424831724e+00
2.161232922305206028e+00
1.585151221233321861e-01
1.021300382306344678e+00
3.820362808331732585e-01
1.064791088645849815e+00
3.564404528045053588e+00
6.068260103369951253e-01
-2.081944183710244811e-01
-9.267615610691308792e-01
7.629740478446740415e-01
5.351228199602847013e+00
-3.975759612828759226e-01
-7.042857310026172657e-01
-6.902386586242783562e-01
1.256048433756289606e+00
5.665342560515610693e+00
7.460023147840978419e-01
-1.511995103255761308e-01
2.496264426995919994e-01
2.570220851936195761e+00
3.871512723459060279e+00
9.726680681575822218e-01
4.835697196408322296e-01
-2.552574747600531602e+00
2.160579924408064567e+00
6.777367102012622269e+00
1.514827102228316347e-01
-2.906614868515877137e-01
-9.883252078954637421e-01
7.601819612754802113e-01
5.680130915802856784e+00
-4.165938751499728698e-01
-8.610973908947029409e-01
2.151614624463971115e-01
1.998958623133747059e+00
2.303343853257879825e+00
2.677580488116072743e+00
-2.251883871230034029e-01
3.504959025930675653e-01
3.340921765749713224e+00
2.416261219616753664e+00
-6.997060279707815189e-01
3.660400001817094573e-01
-8.343378269276008341e-02
1.045235322340310580e+00
4.877081574608491010e+00
-3.910777929836242173e-01
-1.781885612537692509e-02
-4.568364160737555246e-01
1.080246668616149375e+00
1.475731965483070729e+00
1.039225384329770963e+00
-3.269598576801833190e-01
3.276408225849114508e-02
2.866852439410329634e+00
3.129335404791695030e+00
1.092748461843876084e+00
-4.964089761923123900e-02
-1.157109373009073960e-01
2.594427105524548693e+00
2.520488086273282580e+00
5.290895558251212938e-01
9.544889504196970575e-01
2.594342053369333989e-01
8.497541318543584410e-01
3.122285964169620343e+00
-4.441217898729626912e-01
-5.244877225799128295e-01
9.600249937634750541e-01
2.001781488569071676e+00
5.332881439161106130e+00
-1.075793881927812112e+00
3.786861123016406205e-01
1.785148053080365116e-01
1.111851622957858776e+00
4.634008093213092927e+00
6.489412223304722449e-01
4.777137278468936987e-01
7.218287596014489882e-01
5.014291655634565137e-01
3.669689742926110387e+00
2.654323485381879233e-01
7.001838279538997734e-01
5.141781852502538275e-01
2.678295222409214915e+00
5.287572675697608915e+00
-6.281334784379769554e-01
8.296842915424737508e-02
6.804923296307813230e-01
1.854309264124515133e+00
1.202860991030222593e+00
3.161243458520857086e-01
-9.152492267146786764e-01
-5.436387249843998015e-01
2.126090419435021417e+00
2.824019352184939713e+00
2.662169529640055488e-01
-2.561967263315200437e-03
5.326476406611893033e-01
2.531279297581389809e+00
9.425304717020878131e-01
2.045462282059027359e-01
3.232239575868113834e-01
-7.573858239397210923e-01
1.004409109619249563e+00
5.655856468361329270e+00
-5.338083004262796916e-01
-1.095859801774737435e-01
4.078384776554462299e-01
1.811838471118042637e+00
1.602639003595046407e+00
1.967168051816194030e+00
-4.049315995376521343e-02
1.805357217548879900e+00
1.421905253207599307e+00
6.083407297548049542e+00
3.566668096266160104e-01
9.610359673949390169e-01
-3.979392984669737898e-01
2.302241732386649531e+00
3.291579049403556390e+00
1.052214189808325040e+00
1.013792618018631436e-01
-2.860935673996868878e-01
3.591487642321356533e-01
1.711917757014493668e+00
2.190977645410216723e-01
-9.597316568109764967e-01
-2.946067246665534482e-03
2.134772206105294501e+00
2.373288477326902957e+00
5.167618495377229726e-01
9.204356531856020540e-01
5.178394161432873372e-02
6.966014902738549841e-01
3.586333241884494871e+00
-4.980758816476703044e-01
1.062227788402817508e+00
-2.434581779619645059e-01
2.312803422077725823e+00
6.210016522931224081e+00
-1.109436140749777838e-01
-8.216024105508558106e-01
-2.437465325614840070e-02
1.965353398361128212e+00
2.252037213044637554e+00
1.349767497093401214e-01
-2.883963122143303748e-01
-3.166102592839321606e-01
6.699570082428601969e-01
1.301326648032859357e+00
1.082124273594703645e+00
-4.659926268292523543e-01
4.973749228652980525e-01
3.434274074988069358e+00
2.449723092279446846e+00
7.441067666312759510e-01
3.941520854579193545e-01
-2.492454200810192144e-01
2.251114604552573450e-01
4.127947855786789688e+00
3.187255518946136013e-01
7.471957920874899850e-01
-6.111723215077694560e-01
2.582892995175560369e+00
3.755750131276264447e+00
2.704073505582866854e-01
-7.800777722107841150e-01
3.264992866304174957e-01
6.278341118321240089e-01
2.047843659965133956e+00
7.858152743847459654e-01
2.871445951461783497e-01
-7.616790210964147212e-01
3.471737264493456321e-01
7.061778790190567090e-01
3.829088523066747490e-02
-6.411272543679716884e-01
2.392400750362845829e-01
2.342142932518900711e+00
2.027069274906430518e+00
8.386996594525625293e-01
-1.717683387266485950e-01
1.357530083992230185e+00
4.002504315335964513e+00
3.239439079379185848e+00
-7.310119131341503707e-01
9.544621474196632871e-01
-2.711786315348804211e-01
1.462591557516143226e+00
3.689177857240620639e+00
1.741945682058300970e-01
9.459291517160488272e-02
-9.721996837172353079e-01
8.368415198210952255e-01
5.682974678358830856e-01
-1.209573613484876686e+00
4.691755234010946407e-01
2.420735518208946835e-01
1.310987640855318048e+00
4.394622281656340057e+00
-5.658211946274183113e-01
6.345165354756739928e-01
-5.925623672401349878e-02
9.649707016384745373e-01
4.588707368820479360e+00
3.337897481501411190e-01
-1.001044637469585830e+00
-2.366773443060892768e-01
2.192482684207134547e+00
2.472657580447070735e+00
8.958693543104840895e-01
-2.604110025122579941e+00
-6.848532717185630558e-02
1.714128156081142107e+00
4.671917138651078716e+00
-2.221163906196607918e-01
-4.118812651535835312e-01
-8.322875762079189332e-01
7.649073660965115540e-01
5.720004065544275207e+00
-1.193455380371871932e+00
9.699157420458087708e-02
2.878430489066311493e-01
1.384404036953232220e+00
4.610368415069076242e+00
-2.305055354792174160e+00
-3.416893796618214463e-01
-1.339166384896905759e+00
2.037254147255478376e+00
4.506550812615371271e+00
-1.847053620919751060e-01
-3.125383496754420287e-01
4.309145134172462921e-01
2.348904191242962458e+00
1.670204156922348471e+00
-1.181065601318057379e+00
-1.123801858910757234e+00
1.233003000530151216e-01
1.537544980126770211e+00
5.178283622413868414e+00
-1.590861867600079083e-01
7.684562031685406858e-01
9.720916716252124834e-01
1.497164697876284478e+00
3.663875562675751318e+00
-5.509095688188335727e-01
-3.038703736815834278e-01
-4.141821319470311291e-01
1.182228433974824799e+00
5.384780724864560497e+00
7.028905436137405927e-01
-2.828738860476028294e-01
1.977602476807001630e-01
2.265295000782672208e+00
4.185487942321569399e+00
7.816045675940465065e-01
1.657054648988265377e-01
-9.856526006833000730e-01
6.873030014962635548e-01
6.105887397141887440e+00
7.279727392533673624e-01
-2.353234093525654602e-01
-6.805575735401960813e-01
5.800931933153926634e-01
8.364153409217212065e-01
1.052597932964692840e+00
-2.012720026157861497e-01
-6.573212548400149402e-02
2.806250145714773048e+00
3.219863609237208379e+00
-6.144276617720419997e-01
1.205479274413511659e+00
7.466103784161606249e-01
1.486687807927940419e+00
7.910455271866190241e-01
5.027235517023311839e-01
4.198845836609622073e-01
-9.630350062875659978e-01
1.307507465267516933e+00
5.892499592785219953e+00
7.120521257353716882e-01
8.937355092979718529e-01
-1.548551412797833371e-01
3.015772317756014065e+00
4.042449954731184292e+00
7.650854898738515542e-02
-8.861471718512853313e-01
-8.730511573646471124e-01
1.796384782601804453e+00
2.951321775280320470e+00
1.397631698039218717e+00
-1.760552898534295974e+00
2.261707372221058776e+00
8.618012776800906272e-01
4.698875163354276907e+00
-2.606870194480638281e-01
1.213332431543039103e-01
-9.360734396212344599e-01
9.450730652549542699e-01
7.388854568183387261e-01
8.193601601668910606e-01
4.265130094787791815e-01
4.015709535260266749e-01
3.343009524948026279e-01
3.434056510444576826e+00
-5.401741496738292625e-01
7.522178843220496125e-01
6.228112029740737743e-01
1.584622428963762486e+00
4.025768221398538849e+00
4.468825230116301728e-01
2.165965995186902582e+00
1.480524638666047110e+00
1.093593634578063245e+00
2.587478505416418884e+00
5.037905604655101843e-01
-3.965792706587801253e-01
2.221071061411475922e-01
2.564836685680425887e+00
1.920710560821821344e+00
-1.256306568394490508e+00
-5.144242372387565210e-01
1.378319354577686034e-02
1.739542582634515666e+00
5.020304677792221781e+00
4.010102551551387173e-01
-2.413696470512797454e+00
5.216022573490747272e-01
9.273105126291448785e-01
3.756638117511860386e+00
-3.551329359982460243e-01
3.338574101842332609e-01
-7.765424307301567186e-01
1.268264744912481756e+00
4.414461307014627689e-01
6.536497606837878838e-01
9.528622897937625291e-01
-5.255651380142603024e-01
2.409041301315861361e+00
3.343864463133898735e+00
-1.692131787830078171e-01
-4.379732123387676812e-01
8.050154425155955362e-01
2.149037683966724455e+00
5.508540121241936482e+00
-3.123682066613953524e-03
1.027478883780295948e+00
5.559484291242131615e-01
1.453181953007698146e+00
3.387422680935147312e+00
5.400424945569198831e-02
-9.540250064891968654e-03
6.504014085055296324e-01
2.491619361106059305e+00
4.921843747132503388e+00
-5.063484014362017449e-01
1.127685032032420320e+00
-1.561601833315462151e-01
1.156716852228252046e+00
3.987552461510239343e+00
-4.678034095130210734e-01
-1.181370653895094103e+00
-2.068899008313332746e-02
1.249657465659424593e+00
2.743476691933236733e+00
-6.297394651333164672e-01
1.080708269619605061e-01
8.795845375786675024e-01
1.554840942169362972e+00
4.704545001220972189e+00
-1.293182190369516427e+00
5.061509116673527098e-01
1.474895485893130131e-01
1.896581795185497077e+00
1.612372191579849678e+00
2.872055195443416475e-01
1.660381062869492885e-01
-3.336285791926521527e-01
-4.886044263773455243e-01
1.718618679473357336e+00
1.134878923271066820e-01
8.329726131543586654e-01
-1.213380328067925618e-01
2.309008267860686914e+00
4.160709166609310117e+00
-3.137135875065346635e-01
-6.583828775301930891e-01
5.410334029499170860e-01
1.058324106709680912e+00
1.668702313492330669e+00
6.233221779714984701e-01
9.992332797473935102e-01
4.750256685945309504e-02
2.854500671094157394e+00
4.126301364758303336e+00
5.905148016271444256e-01
2.500909419852654358e-01
1.212003418073869909e+00
1.598234039169396992e+00
6.033067740603963891e+00
-3.015434116974594070e-01
1.194730003553744924e+00
4.680465970205271442e-01
1.355580842591825430e+00
2.913231762833683902e+00
1.089514822980119257e+00
-4.271329162405722579e-01
-7.119206839348961591e-01
2.261171757906769830e+00
3.923670717792540508e+00
-3.960167503919184706e-01
-1.177151720750357011e+00
-5.510715737788842716e-01
1.691843488347749780e+00
-3.290457114729632426e-01
-1.330639567964781778e+00
5.150888165929044804e-02
6.467548044957768805e-02
1.746325947419512969e+00
4.522672671092672125e+00
6.605472184007050718e-01
2.335558230683616732e-01
1.004696842570650617e+00
2.505432518091654348e+00
7.170517919111288885e-01
1.622924761584146613e-01
-7.748403756945546617e-01
-2.124259892388781490e-01
2.283596568542721528e+00
2.396552879782671397e+00
4.229326914290327810e-01
2.323758987342046042e-02
-1.027570989652309974e+00
9.430383631320681248e-01
6.134728801446835078e+00
1.007082479204153946e+00
-4.624932069263833490e-01
-4.021396209631616370e-01
2.658618348133061193e+00
2.980371807768249504e+00
-1.214187672752900182e+00
7.344226485487067579e-01
3.455329348294644554e-01
1.402294898330069373e+00
3.995375620426826035e+00
-4.670789124743311427e-01
6.665127513614004240e-01
6.392337923772116737e-01
1.983982665026650105e+00
7.184822579348046911e-01
2.251859839547234177e-01
-5.264857529099224998e-01
-2.013267653154941217e-01
5.927711156299759754e-01
1.693615668219140780e+00
8.681032506338925980e-02
9.862920614144680131e-01
-2.003982199563207056e-01
2.256376875981344732e+00
3.891238190126630858e+00
1.693289258641701156e-01
-9.081835678811133183e-01
-1.813660515091260472e-01
2.101313274700848499e+00
2.449562320249326852e+00
-1.963016303428309073e-01
-9.994168644912124755e-01
2.083130425399293273e-01
9.544951623878715763e-01
2.127714081150752889e+00
2.860416290240314074e-01
1.026537404376222540e+00
1.963534816205141365e-01
9.017385712772419959e-01
3.718458347397553876e+00
-4.161803213777465760e-01
5.383754979726447232e-01
6.649806506182298627e-01
2.183597801958438112e+00
9.114186861058809486e-01
-4.911977684176560000e-01
-4.109586946471758262e-01
4.619736258653004413e-01
2.073984266247310249e+00
1.778509152747472788e+00
-3.982466567857186057e-02
7.831052382661311817e-02
-6.028708092083899794e-01
6.816231230567864063e-01
6.423223378828617491e-01
-8.640776175373632295e-01
3.917388976768783615e-01
1.828585657770211537e+00
9.570619243905749141e-01
4.274147454226522314e+00
8.719965745727634165e-02
-8.847947830668266567e-02
8.857912972028344489e-01
2.325263644533916096e+00
8.405216231680036065e-01
4.123267644743816573e-01
-3.115242880608458109e-01
2.027344313722479474e-01
2.689197874808842759e+00
2.418604987821600716e+00
3.643832680437991689e-02
-3.922513367909198911e-01
2.147337517905126836e-01
2.381100177611232827e+00
1.969125028013468670e+00
2.930545595105936152e-01
7.474966899809135645e-01
2.782390745697853676e-02
4.955615067217870040e-01
3.999293073233203266e+00
-1.771862147695586059e-02
-6.734969076980622527e-01
1.366740995038914774e-01
2.334545988183876819e+00
2.038167668378576103e+00
4.982029540286091462e-01
4.416408519898700757e-01
5.380374372096455859e-01
2.799797481673138577e+00
1.781400792773585096e+00
8.009204625325490046e-01
2.987718887668497914e-01
-1.106612778398187308e-01
2.897773130647238737e-01
4.054107290463359270e+00
2.463262503307407925e-01
9.995598492192770967e-01
-2.661186640967078687e-01
2.077726888104332925e+00
3.399546292820548210e+00
1.061502034021687968e-01
-4.543014661836133339e-01
-1.388466207437146493e-01
7.399064130731680677e-01
1.587040286205574358e+00
-1.685310201387359430e-01
3.860822561522666008e-01
-2.242484156057263700e+00
2.501970537938793093e+00
4.337528181486518086e+00
-1.057549702504283040e+00
9.053619938757159757e-02
4.220636597529228706e-01
1.061716771607873255e+00
1.330507502094375294e+00
3.511174404974080621e-01
-3.183851021707539974e-01
1.046958458956661620e+00
2.175341449667846483e+00
3.014954249738544673e-02
6.916207990883063150e-01
-3.136735975794458509e-01
-1.153091146331107764e-01
2.481550912865592373e+00
2.582730957828507812e+00
2.554808617398078296e-01
-5.201804083528451805e-01
3.897329112119695127e-01
4.144102764762349622e-01
2.068178321131350916e+00
-1.874034566061302531e-01
-8.537410197929480304e-01
7.790945734941094603e-02
1.967294583780543338e+00
2.184642451207891245e+00
2.088668166924122771e-01
6.027912039143871192e-01
-7.982192442760999151e-02
5.713960641967679166e-01
4.192546914252458734e+00
1.489094382768675895e-01
-1.225131694531603088e+00
-1.961928636519650881e-01
1.767738832480602484e+00
2.856287283919081155e+00
-1.043678338064940370e+00
-7.430842451697815543e-01
1.604439939343071664e-01
1.672017676842208367e+00
2.265985938819217616e+00
5.380535265500152597e-01
1.023335013354535750e-01
-1.030412962319142700e+00
9.716930813761680552e-01
6.076766585549338906e+00
6.666157051495354979e-01
3.375669678057765383e-02
5.358651886289478306e-01
6.366933705357953333e-01
3.000252657805278389e+00
9.257841596441932497e-01
1.478864518604394718e-01
8.419189399113149452e-01
2.470191295154359867e+00
6.156025128719015971e-01
-1.909317241642240204e-01
-8.820917960124640134e-01
1.791359141546095546e-01
8.702110064808143974e-01
2.050949947192050260e+00
2.748065221204947783e-01
-9.717569096126961181e-01
5.250342344296866637e-01
4.977825899707122304e-01
2.544082573880499520e+00
-8.878805660050220760e-01
-3.041915173544743611e-01
1.101492833619168998e-01
1.649263495658043421e+00
1.662340359943074164e+00
-9.854783340548594062e-01
-7.897145570659623859e-01
-4.435505224146337744e-01
1.794098468187350193e+00
5.130858308822316083e+00
-6.125018054324418149e-01
-7.869618980351808513e-02
-3.060771533796478039e-01
1.161547361334395623e+00
5.327804344726588148e+00
9.010912652642811826e-01
4.365249463802539087e-01
8.704582623503770433e-01
2.349112014928528502e+00
5.554573507033931934e-01
2.663511979201274582e-01
3.185426146350106014e-01
9.480005088363780974e-01
2.482134471463300240e+00
1.202503616597518227e-01
7.011776627794958916e-01
1.122023753815358793e+00
3.929467319606159137e-01
1.021783232830664412e+00
2.690403403031564888e+00
