-5.386773940980202902e-01
1.140803432179365307e-01
-7.516618795549678822e-02
1.682862978300764256e+00
6.674079453948907670e+00
-4.070317854267441193e-02
2.040411818810019054e-02
4.819117673806512792e-01
2.723126399566633715e+00
5.203893056686020202e+00
5.370215692067320523e-01
1.190285322985602384e-01
-2.447104587193285885e-01
1.188921229343076424e+00
2.774551613297898900e+00
-2.859395260334678945e-01
5.022102879752329829e-02
3.716447368677535668e-01
2.471423915265872129e+00
2.369043414856448759e-01
-3.678034313672790684e-02
-1.382975046536227270e-01
-5.414929694322838660e-01
4.815474090854613975e-01
5.971748690844325580e+00
7.086807547525339479e-02
-5.856401619802316105e-01
8.364332242865703260e-02
1.273856425814297477e+00
1.976712699911204130e+00
3.362533620429453141e-01
-3.531308939238472777e-02
3.665948329334574041e-01
2.658562898861395851e+00
2.778665632994872681e+00
2.937427573261033320e-01
5.309985103176200621e-02
4.241461069725809829e-01
2.565062187368442270e+00
2.945587438534611024e+00
5.651955892370176260e-01
4.434688593090410635e-01
-2.034646051127785016e-02
1.837741928675706182e+00
3.014341381969609657e+00
3.581415457704109073e-01
6.394516245557725354e-01
-1.280078367657380978e-01
1.607086428423604829e+00
3.549194287414252802e+00
4.367577081488544510e-01
1.468125596782769160e-01
-3.145634906910551587e-01
9.868350478465741649e-01
3.093568809484087634e+00
-5.629806247514531625e-01
3.992786026365370555e-02
1.165511100888791535e-01
1.585636699642620551e+00
7.526147631533176563e-01
4.747579021166463131e-01
2.503082972866263467e-01
2.244550118727224874e-01
1.745881602210783701e+00
2.673907297181405962e+00
-3.735114125005315477e-01
-1.999310497903638850e-01
-1.778596678059011227e-01
1.097555460295628116e+00
5.957777334052393181e-01
4.750302527930247987e-01
9.946661883271849802e-02
-2.995046902106928144e-01
9.074928460711578770e-01
3.067866068161382298e+00
6.744015462811128736e-02
5.224643029999946897e-01
2.404705318923705815e-01
1.724998283898932616e+00
3.822690976476701863e+00
6.472328529587138835e-02
4.197243003579757548e-01
4.081660595944976433e-01
2.009814519137636868e+00
4.933736213938698434e+00
-4.285046699599834863e-01
3.550360770956583201e-01
4.249081948196988673e-02
1.623699148184176266e+00
6.358369559748406452e+00
5.321047557301440412e-01
-2.880263466210681300e-01
2.645154912703927552e-01
1.494668495502433192e+00
1.737794739767719143e+00
1.413376735986996979e-01
2.826560335084153941e-01
4.516998082521027635e-01
2.271720670145749743e+00
4.322167360752026788e+00
3.203131489201086618e-02
-5.357885938754139987e-01
-4.126512981290745841e-01
2.066958832318479544e-01
1.312100966720908923e+00
2.168434526837484944e-01
1.154345000963126339e-01
4.236451048897262317e-01
2.550059847564728255e+00
3.925686194007762531e+00
-5.822970860274139238e-01
-3.428245011348485943e-02
-1.186957664174541349e-01
1.811196566631250837e+00
5.558644228157459954e-01
-2.634189185450280454e-02
-2.945882822451711403e-01
-4.180799112864203027e-01
-3.842899026623177727e-01
4.110625322057648745e+00
-4.347632125693331462e-01
1.797489179569882467e-01
1.026438158992307031e-01
1.926256634244740473e+00
2.320636094386962500e-01
-6.605665444081851301e-02
4.290803146598299311e-01
4.611016311767742182e-01
1.775257342242506864e+00
4.648457706552337143e+00
2.332381285700831086e-01
-7.149754370458387409e-02
4.733053181762743034e-01
3.252431899026909878e+00
2.883585951495776012e+00
3.407125028214089135e-01
-2.496360049013041371e-01
3.094092567503348712e-01
2.694392228942164902e+00
2.848566564783510557e+00
-2.753483920254676254e-01
-4.466152973997382369e-02
3.070216770391075989e-01
2.405502158338554075e+00
4.529858947514363021e-01
5.176195001322245193e-02
-2.488046362344774887e-01
-4.875179026044678121e-01
4.170094558007136354e-01
5.543404035794580187e-01
-1.666855311532743633e-01
6.624316767107413240e-01
3.808315796009398291e-02
1.629132976815163669e+00
6.001682306787194499e+00
6.376937605188343072e-02
-5.617936717234951471e-01
-4.356231554939890005e-01
5.468031501188226617e-02
4.510902086661192634e+00
-7.954112351205476772e-01
1.655534393051023151e-02
-1.737103636076425123e-02
1.822287615574072817e+00
7.349637714901049446e-01
-3.968755418049867978e-01
3.766978401288698791e-02
1.877286375836769439e-01
2.266861312750824808e+00
6.293752290776155611e+00
-2.993942049213970114e-01
1.816140318204941331e-02
4.174802085776235794e-01
2.968335057904795793e+00
5.582732971187429172e+00
1.287980092067934068e-01
5.932915359120194410e-01
-8.970374724909971342e-02
1.364208735889719692e+00
5.112534936097557825e+00
-1.271867118409973629e-01
-6.028534382361419031e-01
5.291808623716190429e-02
1.199759854282744787e+00
1.699920379289485028e+00
2.003682059377385472e-01
-5.620340630094797923e-02
-5.176625613128073011e-01
3.777331614119545655e-01
3.692982449189706529e+00
-3.247710717583396911e-01
3.703322318906931421e-01
-3.297668365955477854e-01
7.863343085030669588e-01
4.993412077736793186e+00
4.518800324421028969e-01
-7.966612734181123534e-02
2.063276497707828283e-01
1.796700275804386404e+00
2.187555377947185686e+00
9.604553408667003064e-03
1.564226355380731182e-01
5.066907685443057252e-01
2.466912167367616870e+00
4.811873669878013793e+00
-4.942474686142081519e-02
-2.616471346884634008e-01
-4.729309758926594220e-01
3.760857404644406543e-01
6.143262774899994616e-01
-3.474780780606870900e-01
-4.403425813217322626e-01
7.679170098604146122e-02
1.405738726123836324e+00
1.639833957740732595e+00
-1.725498958573954134e-01
5.313065122204612134e-01
-3.557759028040930471e-01
1.360451277778850221e+00
4.308009331776361250e+00
-3.242797843413242065e-02
-3.977317198417922861e-01
1.626081751753491733e-01
2.160180174792517338e+00
1.799909939960526506e+00
1.520067729070510021e-01
-5.090439111769986535e-01
-6.397879473700889691e-03
1.932766938287657998e+00
1.418654304070983585e+00
2.691489699142517455e-01
-4.920430726903942675e-01
-3.312977532245470202e-01
-2.306689537575532245e-01
5.667507004660037317e+00
3.392913004652688830e-02
-6.105270677323335615e-01
-9.325744432742777770e-03
9.828405967229270068e-01
1.170553040940261802e+00
3.644363359996917462e-02
3.261195651360931924e-01
3.873454646680328239e-01
2.252126054417411094e+00
3.811013397946957149e+00
-1.432833051705717786e-01
5.720295605393980187e-01
1.357780443840009288e-01
1.576438039706051120e+00
5.683090209099096235e+00
-4.554730658204547145e-01
-3.019143527231190061e-01
-3.970125741440247991e-01
3.397661323859859639e-01
6.095513056079263414e+00
-1.599333201764293888e-01
-3.150946373023883473e-01
-3.302553810308328508e-01
5.620107047546648582e-01
9.348561341501281374e-01
3.431522556079443231e-01
-6.871497082774644660e-01
1.436678917001701916e-01
1.408495773458883882e+00
1.421247078997039059e+00
6.967779844476257312e-01
9.148974260687264826e-02
-2.011240257773794227e-01
1.877929155551053109e+00
2.902208724260609163e+00
-2.406186239923956138e-02
2.283284333094249274e-01
4.498525486619490144e-01
2.536240006062331798e+00
5.269335632593890040e+00
-2.944847457023288539e-01
2.086273144994913176e-01
-4.099481283185398284e-01
9.813201093004363385e-01
1.575743224287795841e-01
-4.910978719304627260e-01
-9.550066908037770086e-02
1.224362718683613405e-01
2.092478905112608256e+00
8.051206706730108520e-01
-2.881252044595867812e-01
-1.215854986227435652e-01
3.337937329088648264e-01
2.739867372020744263e+00
7.205652661932799852e-01
1.044646006323939197e-01
4.319835081294393087e-01
-3.897865500343777878e-01
9.863243250830892039e-01
5.111073601809221323e+00
1.305474576039473145e-01
3.354642007325431274e-01
-6.420114849521054712e-01
1.062831230317782261e+00
4.875206090762119970e+00
3.231923887105170312e-01
-2.064969400468508465e-01
-3.399823420795370366e-01
6.348827142060017303e-01
2.263428492618836163e+00
1.423296655617614648e-01
-5.656052028144560595e-02
-7.416962472596706490e-01
5.243673215663740006e-01
5.124746000403542112e+00
-1.384003612171578329e-02
-3.633992635386782410e-01
-4.670781576838981541e-01
5.180006177720763300e-02
1.259323498662933360e+00
-4.491362610537841804e-01
2.940560355849224927e-01
-2.279615645121172984e-01
1.292446569877240048e+00
6.729573633292562640e+00
4.585604173283224783e-01
1.286192694082628485e-01
-2.585173264820634920e-01
1.007592282632293390e+00
3.026684022372466032e+00
-4.668338240836572561e-01
1.896964479196958653e-01
1.742252787322783047e-03
1.675389489583869240e+00
2.619228068776974783e-01
2.060524524752320452e-01
-3.318377171719675278e-01
1.811404195673822493e-01
3.849277563794054835e+00
5.094641051493007389e+00
4.950988802713879311e-01
3.813950700025073859e-01
5.587505334967843990e-02
1.603057880871483931e+00
3.132119998617286960e+00
4.267279215029059491e-01
6.521617337553310412e-01
-4.925381504955466533e-02
1.535880052298096654e+00
3.242149878431175747e+00
2.856342874428668410e-01
2.888459654002542565e-01
3.117574440806913372e-01
2.150956851204101294e+00
3.502275260668948231e+00
-3.564684710767936915e-01
4.181821158926141146e-01
-3.493138311045176914e-01
1.219597181695595944e+00
4.747612622756027356e+00
4.910520517851851285e-01
-2.286958104535511127e-01
-2.385358548312335181e-01
1.168270216642218307e+00
1.829033784760270676e+00
-2.655897834505397959e-01
4.177502118432760980e-01
-5.129221394611044316e-01
1.005534296718570531e+00
4.369628102769593347e+00
9.657872716238047328e-01
1.081820634872626835e-01
-1.927427716040935879e-01
1.805557619475568032e+00
2.855004272015702060e+00
5.418454926975305730e-01
-4.542796456541498551e-01
-4.539447840130582390e-02
9.566858214757861800e-01
1.654577297064008246e+00
8.359568793410729337e-02
-4.595138763390144848e-02
5.585801257319411572e-01
2.651658519590358143e+00
4.713855966757622085e+00
2.288755412791289856e-01
3.438574765968716584e-01
4.030630602972633536e-01
2.169758736688357281e+00
4.849323440597014923e+00
4.843985720328355948e-02
6.980604626616740971e-01
-6.525453298708595862e-02
1.660136689683229916e+00
3.813294607383876933e+00
-3.980259202463879431e-01
1.650209579672613225e-01
-2.286980830482596982e-01
1.202351117620124477e+00
6.414252083501106760e+00
3.750621257853938018e-02
3.380364926128698877e-01
4.499020682036642960e-01
2.207193329874769905e+00
4.203957089970510985e+00
3.496621323485841759e-01
3.924469064920432793e-01
-2.453477272078342930e-01
1.143876386810323886e+00
3.562355648210650649e+00
-2.647375057961288136e-01
-1.095030150598100133e-01
3.253359061779056982e-01
2.631102788794567715e+00
4.073755426117899314e-01
-4.148567887526157238e-01
3.338600069541951543e-01
1.982131378712870262e-01
2.028309767951041120e+00
6.490739011444888185e+00
-5.575745773732756483e-01
6.684069302482112396e-02
5.055395661037916794e-02
1.955631543948871176e+00
4.111419169431656528e-01
-1.079136017497775019e-01
1.865641233610108307e-01
4.070956718747335001e-01
2.413184343056489656e+00
6.168975999438706559e+00
3.615899309913946785e-02
-1.494599210883294782e-01
-6.150471221578087677e-01
-3.324959939864716718e-01
2.055256873936587070e+00
1.364243416247744867e-01
-2.496416038124267822e-01
2.301619754267629769e-01
2.165605588000184767e+00
1.698764393431815511e+00
1.424206290771294348e-01
3.402909230829065379e-01
3.427930731536626419e-01
2.191878597623267755e+00
4.200868664402535479e+00
-7.423793327755159877e-02
5.112291629518246339e-01
2.810802081377173911e-01
1.688124535227570666e+00
4.297362575785117045e+00
8.293341056360498120e-01
-7.257279413919763555e-02
5.714468319198016434e-03
1.434549652534485409e+00
2.236029186005548564e+00
-1.682870308319358854e-01
7.294213462365670697e-01
1.017265523490925444e-02
1.027263090985078842e+00
5.556730364181066584e+00
-7.107116841581925804e-02
2.320236381793954750e-01
-5.185736174692808786e-01
6.676370209156384794e-01
5.659280811365691832e+00
-1.386989669303968775e-01
1.547443918767539561e-01
5.020509513242442656e-01
2.152400346217924643e+00
5.009353401176724674e+00
-3.678027339904270665e-01
3.110738633959286847e-01
-2.685876593282433000e-01
1.298090862176758842e+00
6.325279514646309664e+00
5.013167018401503139e-01
6.389446752064549262e-01
1.109850730577289640e-01
1.911470137430873795e+00
5.192178375307248572e+00
2.949639075726849247e-01
5.886061376492043307e-01
1.329028305440078106e-01
1.644087047238792509e+00
5.114762110420452146e+00
1.489782659040961299e-01
-1.359466883918381830e-01
7.640201490763276482e-01
2.816314962109920828e+00
5.317127700070319207e+00
-1.698035557198388640e-02
7.709238825604754208e-02
-6.427006799709719109e-01
4.971998276779787673e-01
4.279614059402999438e+00
4.349169599594769897e-01
-2.170745732074256529e-01
-1.014304498912830255e-01
8.784337073889219027e-01
2.269270593371723432e+00
-4.282679372447096844e-01
2.527052502938824108e-01
6.302434312585264431e-02
1.787798839742697599e+00
6.490227850458260228e+00
4.590152050429994746e-01
-6.102822896457753971e-02
3.238336945411034451e-01
2.480615015089190134e+00
2.647551522451168537e+00
-1.346462065476914938e-01
1.168078631421251151e-01
4.099413563154298834e-01
2.557807344696092944e+00
5.657185802267985508e+00
1.264367612062309958e-02
-6.136565585780244803e-01
-1.021439836403961327e-01
6.794142332071310131e-01
1.501912226195428302e+00
5.941950463316783559e-02
-3.369391885613139959e-01
5.441747767541480485e-01
2.742636378110494544e+00
4.151760705870637835e+00
-1.620785798436434957e-02
2.287147271760802958e-01
-6.282002871892625739e-01
8.112744900150904437e-01
5.148513056059224269e+00
-5.886176986651737303e-02
-4.503485861642710364e-01
-2.246839769658516284e-01
6.829912588528729289e-01
1.472951668992481755e+00
2.905478080336240110e-01
-1.270882072826345632e-01
5.170460390226953029e-01
2.863278971771300085e+00
6.244359430730864524e+00
2.256282131098185373e-01
-5.189658377225448982e-01
-2.525773177013242513e-02
2.055081303817816618e+00
1.494583235524007181e+00
-2.053207611424851808e-01
3.081028049369980981e-01
2.458276860404391140e-01
2.187331039401303912e+00
5.894856127395365242e+00
2.558807914244855541e-01
1.144119947631357798e-01
4.418759582935452568e-01
3.811599510328782525e+00
6.779893953788932448e-01
4.252991941887910854e-01
4.217552494985981615e-01
-2.310336323229248701e-01
1.254021751928881656e+00
3.260632233997814211e+00
6.810123393542591441e-02
-5.321643878764118485e-01
-3.082975921028103805e-01
4.407156558205263530e-01
1.747795543832721732e+00
3.012690142665058746e-01
-2.471076143157000526e-01
3.305929620085261145e-01
2.772946866926557785e+00
2.721096956339376316e+00
-2.014335195798560019e-01
6.486525209767672884e-01
1.737158483429458444e-01
1.517951162955438971e+00
4.306577652722289429e+00
4.597970673491041382e-01
-1.083697394148912807e-01
-2.548546166551265979e-01
9.948864935283276978e-01
2.378995584518062145e+00
5.283663488412317921e-01
-9.301020190646690222e-02
1.195189524992838620e-01
2.247574599082733826e+00
2.948841473361347276e+00
-3.355342474020461263e-01
2.490473297983667941e-02
-2.623170927580094069e-01
1.100067270689988996e+00
4.554644150950014625e-01
-1.976634106340753316e-01
1.330578036751771109e-01
4.105487399431286821e-01
2.541401519468428738e+00
5.746229802957873112e+00
-2.204984378468831940e-01
2.915392760900459290e-01
2.059406353465748907e-01
1.914201332795066657e+00
5.915348646656431342e+00
5.591159881119257546e-01
-4.446945178380456998e-01
-2.338328656240539205e-01
1.924031639285427975e+00
1.591199502898498430e+00
1.761579172212479061e-01
-4.309209871489095289e-01
-2.395109899203843873e-01
7.837395009339684915e-01
1.811280808567088840e+00
6.754214716759252002e-02
2.829894128766718975e-01
4.632328742235655161e-01
2.465466663724039442e+00
5.227214195543835373e+00
-5.434886252534004702e-01
3.586163844937528267e-01
-2.680840510210468278e-02
1.338819853936357829e+00
2.978102948615088397e-01
7.798838807097263626e-02
3.109185358128333521e-01
-4.936479819449939854e-01
9.553384716822002076e-01
4.701480661682977846e+00
1.697646370921879547e-02
-2.274737682966268548e-01
-4.853756248730099476e-01
2.996062948787814872e-01
7.322457936421260527e-01
-2.879000245639866673e-01
-1.772303980810720492e-01
2.750135337282630932e-01
2.488893916450962251e+00
6.390806175579210047e-01
-5.344530585203061124e-01
-3.355231325057873581e-01
7.715270696558818031e-02
1.243928632900403342e+00
1.220649853939896223e+00
2.205190639244055673e-01
-1.514863327866887988e-01
-4.627671813975197668e-01
5.870489507947213026e-01
2.341414285717531740e+00
-3.034633068024549796e-01
1.345509363580986092e-02
-3.620272352046043363e-01
8.998587906249891910e-01
1.655077189013277883e-01
-1.198781599329765413e-01
2.454548103776454104e-01
3.920263016760334729e-01
2.364334095457800711e+00
5.505851375380793833e+00
4.325672271651167522e-01
5.414436383587113433e-01
-6.033520635276996835e-02
1.722737789352442039e+00
3.406191580580243183e+00
6.106445066211392270e-01
-6.218067124438647619e-02
8.964294443350880048e-02
1.979988005025473896e+00
2.380500659922233364e+00
5.138541112093593100e-01
-1.178152287266513894e-02
1.801616317732137040e-01
2.294195640737811459e+00
3.129772088901959126e+00
4.932654748937303490e-01
5.204665117248052919e-01
-1.219936708096359401e-01
1.526247912203736012e+00
4.760242993966847358e+00
-3.213548734065634349e-01
-1.562320319770955368e-01
2.957370112838524912e-01
2.415738265738471391e+00
8.651947105831278018e-01
2.129056266348225424e-01
6.323618557963052444e-02
-4.808582187154788468e-01
-4.675973385186307785e-01
3.962519974631059094e-01
2.071458758237333386e-01
-1.955816276793155006e-01
-5.686369395791813774e-01
1.929638815497223270e-01
5.515912693798952660e+00
6.232275121804990992e-01
-7.923236773925763921e-02
1.805553090486855528e-01
1.618612472144127956e+00
2.139140201714726963e+00
1.631692864415073552e-01
3.213556166360016508e-01
-6.416771310941935536e-01
1.057496468472801432e+00
4.973042429078110338e+00
1.177390778815324696e-01
6.142358048126316250e-01
6.261930639429985623e-02
1.549663385384423497e+00
5.214506276972694643e+00
2.887767445561487678e-01
2.708666743228171220e-02
-4.679499192150483045e-01
4.512157410874699237e-01
3.217151467531020881e+00
1.449921429466529965e-01
-3.053520255507966574e-01
-4.067088933468052669e-01
3.568466714481337010e-01
2.027992418784405615e+00
7.170514492191872036e-02
-5.821388549379254984e-01
1.721914754365062861e-01
9.900574226238786357e-01
1.701340018399384091e+00
4.648055788475499162e-01
4.227048867398441878e-02
-2.054609151753120921e-01
1.070345840968759399e+00
2.813567985678644856e+00
-4.523470861939453413e-02
-4.711280411014791558e-01
7.871946803540139093e-02
2.315102648035153532e+00
1.382241753172334775e+00
7.318556777169652472e-01
-1.450870471258455530e-01
-5.467979033267366534e-02
1.434110514287603610e+00
2.089210394508328239e+00
5.026606305016040332e-01
1.381213255250488339e-02
-2.585832226837124770e-01
9.944326932322129498e-01
2.660044804913782368e+00
-3.376832133749170795e-01
-1.137201887186213567e-01
2.440670308885859452e-01
2.582217908207232515e+00
4.804824452370956012e-01
-2.853048758052373901e-01
7.248122795983101552e-02
3.617899649764901859e-01
2.547497571448509746e+00
2.990990646303161998e-02
-5.021764131069074155e-01
6.129853298304763221e-02
9.472536698533501331e-02
1.922056792884708543e+00
5.388573240138376796e-01
-4.675686682567538610e-01
3.033652912178906869e-01
1.157318565563271867e-01
1.717395287168454132e+00
2.047496245849160235e-01
-3.412308550118961503e-01
-3.466236064206339451e-01
3.440852560660794257e-01
2.026482939837630060e+00
1.718552918370798155e+00
-1.827333144709797907e-01
3.434031373205958526e-01
-3.963533775425664984e-01
1.328991738494524233e+00
5.015195821737886916e+00
-1.385333005402589494e-03
3.564307579610805909e-01
4.376572428069609444e-01
2.284156944500592701e+00
5.324661878088341460e+00
9.327334273882478821e-02
4.581425093396106207e-02
5.177013250894761942e-01
2.667808667899590702e+00
4.576096683556976075e+00
-2.915496046534143404e-01
-1.362389331710691653e-01
2.006199383827413640e-01
2.279206002257207153e+00
6.779416338997353852e-01
2.625731621777560032e-01
6.226296786295422159e-01
-1.023159626865910721e-01
1.588744447626716960e+00
3.437684456539055855e+00
-7.716466358971491024e-02
-6.387388508123111042e-02
-5.395623895479590981e-01
4.802691772304904516e-01
5.864359769947801837e+00
4.413632670176817485e-01
-2.890958432645654441e-01
-2.162115307173445578e-01
2.148953460419222417e+00
2.357661396382535024e+00
5.992405282887903750e-01
-2.422154443734056417e-01
-7.777235322024553255e-02
1.397875490511612862e+00
1.908851415739232449e+00
1.884245951638028327e-01
5.942860889695350535e-01
-2.771909030709250876e-01
1.574064895870723735e+00
3.853389419159178431e+00
3.766386714335326347e-01
-1.754520825143954799e-01
-3.655957730038694731e-01
7.205253595861443872e-01
2.531553921544300589e+00
5.360472801806392962e-01
-8.270641415378511552e-02
-2.402005717805367202e-01
8.088737345007811497e-01
3.368547017004747346e+00
3.581189775855749269e-01
4.350943506462310317e-01
2.070850686963137954e-01
2.184135405222021653e+00
3.613979275199383778e+00
6.077092903279363717e-02
2.570403325500190128e-01
-6.320844594519628989e-01
9.152749350950243334e-01
4.649056956884684233e+00
7.128513530645563812e-02
-4.714113532495578518e-01
5.258497237800843216e-01
1.467851284327307937e+00
1.122087934808069898e+00
-5.488652627787715677e-01
4.927043942669153131e-01
-1.073439479859826934e-01
1.407326503633794523e+00
4.610890594240805385e+00
7.715354635514666548e-02
-6.170825096704608548e-01
-2.073569338650535845e-02
8.216433003390456458e-01
1.417845201392415655e+00
-8.020040807992248610e-02
-2.895437739807396604e-01
-3.632410456668647702e-01
6.172094121115412335e-01
7.118827372623133254e-01
-5.432937674650125670e-01
1.520003209078843176e-01
9.877379918400240599e-02
1.717620061100240347e+00
7.384045934857691451e-01
2.472579886719972753e-01
1.136628497748435745e-01
-5.028140725697707314e-01
6.131496669915872388e-01
3.524422157246503318e+00
5.139473579162631145e-01
1.327996722171563837e-01
3.893033931960699912e-01
2.918899975448660644e+00
3.909601206790877637e+00
-3.353398814237009695e-01
2.321890274934670650e-01
2.240055842528073937e-01
2.127524407153660313e+00
6.141760092407567484e+00
-4.464293845239852287e-01
-3.063303902433041695e-02
1.546607099520861950e-01
2.123384922998547530e+00
6.871310344737069364e-01
2.497239216406980100e-01
2.294700232524762573e-01
5.267934597075583092e-01
2.322588024931968587e+00
4.097387910325346105e+00
7.739610908239187917e-03
-1.245747035718129253e-01
-5.560233197882119560e-01
3.001843740641605973e-01
3.243722277316526181e+00
3.498910124351272688e-01
5.599120873168400569e-01
8.003193865313938671e-02
1.787137210294648337e+00
5.008134630933596121e+00
-2.525163555326149778e-01
5.797971023699799442e-01
-1.358283594720108567e-01
1.285894084047484398e+00
4.438973897375975142e+00
-2.809001078082017447e-02
2.644837566030910914e-01
4.568284370928051286e-01
2.469310214791204938e+00
5.680044356962838492e+00
2.655193286242781281e-01
3.394960913709120787e-01
-2.823004702256004528e-01
1.154723142836783456e+00
3.679099277435524673e+00
3.275689858413929345e-01
-4.130917987512928713e-01
-1.920651205869461364e-01
2.402005591659574169e+00
2.253823804573177103e+00
2.632406538957075548e-01
3.117604447188471739e-01
-5.263757180895026755e-01
1.055179710610450128e+00
4.677470876507836550e+00
5.905028569622917251e-02
6.207327944993350499e-01
-8.590534669926462585e-02
1.408690171375314160e+00
4.109555207156338597e+00
3.969907623707976119e-01
5.594093284231439478e-01
6.364712891341216261e-02
1.979958364676208671e+00
3.570789181030439963e+00
1.497475050266688923e-01
-2.931782824139476107e-01
3.649458079200680327e-01
3.496700509091391407e+00
4.729549523854733373e+00
-1.362308784824007579e-01
-3.484948754480511890e-01
2.450198863511592884e-01
2.639973309801419088e+00
8.529477234266801267e-01
-3.422692539714385918e-01
1.705649263405902560e-01
1.971967926921441849e-01
2.124406011799216287e+00
-4.441756850832999370e-02
-5.007279277009641927e-01
-4.137163468523173404e-01
-7.920269837069747465e-02
1.596107457242544880e+00
1.610309429364694012e+00
5.192789258922385631e-01
1.028480969226266278e-01
1.184490537235527580e-01
1.932220586323061040e+00
2.803921375387103954e+00
-3.890375916503962528e-01
5.178106129856311357e-01
-1.434511837251452870e-01
1.503209280817053184e+00
6.289062737046645424e+00
-4.946893172991213561e-01
-1.688773984029766084e-01
1.118481172916686341e-03
1.209093433232288683e+00
7.651563629455300219e-01
-1.105790770249630434e-01
4.165468312335423029e-01
2.818570332330296302e-01
1.816297927369311394e+00
5.561307384922165475e+00
-5.657101825176592547e-01
2.184015188863639573e-02
7.441347925952260245e-02
1.519948582394182068e+00
6.725458685569841721e-01
-4.387678425076456667e-01
-2.548683884600153604e-01
5.386678453747581474e-02
2.021608426101783706e+00
1.010677534539623501e+00
-7.116883767046664096e-03
3.972652400936059203e-01
-2.958024613135950553e-01
1.307320473576717657e+00
5.950147396535442113e+00
-6.841993494240000695e-02
-1.556232089910691563e-01
-7.406213525198572789e-01
3.024026962994253442e-01
4.129525896889712833e+00
-1.258568989684132056e-01
4.595293715268288781e-01
1.977227527659188022e-01
1.781569083907552864e+00
5.638796666729332330e+00
2.978081505796369433e-01
3.953514312893847138e-01
-3.989080885798010900e-01
1.270337248796061580e+00
3.781060974198741320e+00
-2.341921935797952048e-01
-9.028543502091251893e-02
4.312000412643998137e-01
2.199300082990000238e+00
6.163533923408875737e+00
-4.105290340600808996e-01
-2.280023236960820598e-01
2.304083805640711191e-01
1.892048328903680687e+00
1.192843217562856273e+00
-2.819457208380967139e-01
4.502412837279944346e-01
1.019348976417286667e-01
1.699708455562285891e+00
6.083159230738072409e+00
-5.689477765168188955e-02
4.838791813707135625e-01
3.809119471765002318e-01
1.799215584409025404e+00
4.461200573799410485e+00
-4.595565000171337178e-01
4.025770824365608180e-01
1.954004373901334704e-02
1.593565291563484143e+00
6.545893719511293618e+00
-3.362049604170109784e-01
6.147411488707680283e-01
9.970210650396375829e-02
1.123138290100426984e+00
5.872678386774547121e+00
1.319995283297200617e-01
2.864065238576322669e-01
-5.794342805200305424e-01
8.782237000867071375e-01
4.360170539549431012e+00
5.151556924006299720e-01
3.108321333744928916e-01
1.007870236327004648e-01
2.050406744841233309e+00
3.322928438767438042e+00
-2.872272358715792784e-01
2.527377750525879319e-01
2.132009383445208350e-01
1.964728574416807039e+00
6.052496560799629499e+00
1.812233440576488663e-01
-4.865331989448389294e-01
-1.530794791121038168e-01
2.103869851337827335e+00
2.158673661206783390e+00
-1.378142153607187503e-01
-3.983431242566458641e-01
1.860305302950071571e-01
2.477367238929138349e+00
1.552901688050792650e+00
4.417401884469100981e-01
2.163129195870912569e-01
-3.211792725823388595e-01
1.020398901484570908e+00
3.260008260858741291e+00
-4.666845825922180668e-01
-1.165023211096749035e-02
1.968760918458152265e-01
2.216854689055180572e+00
4.929564942191401733e-01
5.739316565942910175e-01
3.431276565081062963e-02
-1.946218367547150330e-01
1.122806867052636770e+00
2.722348771425619596e+00
1.005032080054688581e-01
-3.810497467667866567e-01
-4.004598138317385647e-01
2.726538055453058829e-01
1.545965670831233707e+00
-2.237772976122176238e-01
6.784729526163111313e-01
-3.955421165875995515e-02
1.669919881058181899e+00
4.286989953407846166e+00
-3.511427695723613462e-01
-3.386969710849470072e-01
1.170167109925510790e-01
2.202904896137519497e+00
1.134003934348044584e+00
-3.504191210695932757e-01
2.121930383113349305e-01
-3.160339585202318058e-01
1.369536317642094714e+00
4.823046508513366248e+00
4.738713392331279223e-02
6.585989257910006556e-01
-2.008726051649476485e-01
1.533314585688315468e+00
5.575426352732128166e+00
-3.240839067284480013e-01
-1.111433750513511620e-02
2.922104034515488058e-01
2.415157142361385567e+00
4.679095472602544659e-01
3.530763345213894788e-01
2.757452029308320451e-01
-3.952277201362596193e-01
8.671622846662261352e-01
3.593664035726613193e+00
-4.245185667449657974e-01
1.413158676561140636e-01
2.291906543620599868e-01
2.129841096797320699e+00
6.486281539435989174e+00
6.107324962834446147e-01
-2.952992213491560936e-01
-9.510326773005632617e-02
1.163697218659857757e+00
2.025017685825072355e+00
4.458150102363793166e-01
-3.367147319864949861e-01
-2.579963405590143116e-02
2.243792892931519845e+00
2.134981476708122106e+00
-4.345667271881121368e-02
-2.604323282411112953e-02
4.949459360619833936e-01
2.747940994072643583e+00
5.428593790991645740e+00
1.524055400684650452e-01
-3.718835190118859324e-01
-3.191078447009498831e-01
5.018133512518009320e-01
1.838543940980056135e+00
-2.074492060036793872e-01
1.498106826432064609e-01
3.781144932440156925e-01
2.630746320942178418e+00
5.911085083273689200e+00
3.531620419587960802e-01
-2.452020504811107671e-01
-1.653365545110912216e-01
9.850901593971259640e-01
2.186339168146246514e+00
-3.040674077493839000e-01
-4.513582377278996804e-01
-6.397193613048089700e-02
1.860927800522144127e+00
1.531682577900600251e+00
-8.093652866813200175e-02
4.022481894736092828e-02
5.012373745627951571e-01
2.645834032748465958e+00
5.276117333354946481e+00
4.696770781598875316e-02
-1.655894055395466802e-02
-6.727999229454929564e-01
4.535806814830821154e-01
4.347554425696873004e+00
7.622606148942381310e-01
-1.751622284861319157e-02
-2.900769696382337302e-03
2.036960056193523272e+00
2.583092036825297200e+00
3.740775857716784336e-01
3.626055136458698480e-01
-2.757522143242159274e-01
1.223685010255757044e+00
3.378559210817866809e+00
4.959968071664486167e-01
-2.759293669165164831e-01
2.239932979827158679e-03
2.215728741504702004e+00
2.229098762324802863e+00
5.025911063599726170e-01
-1.609922480845933884e-04
2.120407111321171711e-01
2.320235785971013431e+00
3.210583824058698355e+00
-3.712126916748343525e-02
2.513435049542803168e-01
4.425851372453189492e-01
2.436568527250502658e+00
5.376339870232988538e+00
-4.544161773855401321e-02
5.164571633196013423e-01
3.433760663588821260e-01
1.822029922236543475e+00
4.107620822008489547e+00
-2.126101760796696993e-01
5.386336335851138468e-01
9.047824483677573137e-02
1.881046258776939872e+00
5.706430937662630321e+00
1.026220566809493348e-02
4.619569597667733118e-01
4.190015141015641098e-01
1.825708694665402643e+00
5.162006341193814407e+00
9.977821316230760240e-02
4.829392612860375911e-01
2.662607878024700891e-01
2.014186530486511195e+00
5.282386536420719203e+00
3.931079657636578628e-01
4.277376308601051336e-01
-2.534092179024285407e-01
1.062732000194840154e+00
3.461473671596452029e+00
2.825230357347439936e-02
2.397756273444762165e-01
-5.677299656039911380e-01
7.105351567988547057e-01
5.572264736798153706e+00
2.825104294672053928e-01
-4.355209377157741590e-01
4.233995294679884780e-02
2.551008379497050171e+00
2.240516376078331984e+00
-1.298804350269953667e-01
2.800331117242246814e-01
-4.737968320437947467e-01
9.652438698353302815e-01
5.731302058915255238e+00
3.110311674149385808e-01
-3.363266523567323696e-01
1.082789755551355482e-01
3.646421997307878637e+00
5.295266505908759136e+00
-4.733365956446686229e-01
-7.099475785045214482e-02
3.891867349030926904e-01
2.932134553542097954e+00
5.823123737897790697e+00
9.855214036760485963e-02
3.919729044122346462e-01
-6.047334198829593666e-01
1.217829161499929258e+00
4.195866520645701314e+00
-1.310794206868127476e-01
-1.067090040124816508e-01
6.415557015481284653e-01
2.721016281370673529e+00
3.679793002312443218e+00
4.273597054395422701e-01
-3.636112134149180886e-01
-3.147750725227494994e-01
1.622875450831298805e+00
1.617336389341156755e+00
3.485271385920128973e-01
1.001138378727678968e-01
3.811699965784958177e-01
2.057987851290153269e+00
4.291931417793409587e+00
-5.593290764900357148e-01
1.934331149815569362e-01
7.754923646479027800e-03
1.695431155265307188e+00
4.269030516612463688e-01
4.937706442323692158e-01
3.239659669235012696e-01
-2.339606215354199659e-01
1.203335582619949662e+00
3.013019853937864756e+00
-2.173425834030602022e-01
-2.950551938010470554e-01
-2.885386820147269882e-01
8.622893858475381146e-01
5.971002880193837514e-01
-5.086168292031405525e-01
-3.846911627049851012e-02
-1.239492190072063738e-01
1.123339116255456460e+00
4.400860567730537354e-01
5.944196779524830720e-01
-2.395565050601353510e-02
1.931606334827327687e-01
1.545446636158967824e+00
2.412310254345984450e+00
-3.916390220605049655e-02
-1.444598669617409847e-01
6.162678143020858812e-01
2.617668843076245810e+00
3.399494444742653165e+00
2.870038482729251883e-01
-1.782941490543877017e-01
-4.049369854070685726e-01
5.191632965679795486e-01
2.475652392216126874e+00
2.199063670122132497e-01
-2.596657228265705220e-01
-5.616421958879000975e-01
-1.500945390640838484e-01
2.809537895729842916e+00
1.575622048863440094e-01
2.504829969413550628e-01
4.792595079042691886e-01
3.894830578281312405e+00
8.530735828834177248e-01
2.371108105513446696e-01
-3.922821733483672357e-01
2.525801703910908191e-01
3.476393462139143242e+00
5.010842745545716959e+00
-1.796973779690728967e-01
-4.371162497694112137e-01
-1.883969078747861625e-02
2.055711527227334745e+00
1.472263437356797988e+00
1.067179784464225428e-01
2.634342586951567977e-01
6.815623172022657883e-01
2.306309619610037220e+00
4.822109922308376539e+00
6.106751986478332617e-01
-2.081352151602571809e-01
-7.877586866248280362e-03
1.350100899528295040e+00
2.335711590343465538e+00
1.576317732071451094e-01
3.512235743411101785e-01
5.599652134352290922e-01
1.864486467433072781e+00
4.175682158063391824e+00
-3.389957081409131212e-01
2.294499911920897250e-01
-3.705931286670070546e-01
1.205772476452637409e+00
6.392118040116393729e+00
-4.773143958992688840e-01
-3.694522493588938555e-02
6.531459401382709584e-02
2.093775622443249773e+00
3.184433211795262286e-01
-5.024796158504051258e-01
1.547467530888707588e-01
-1.915784820177482140e-01
1.402719606376035433e+00
5.373519620324871404e-01
2.040066641981884143e-01
6.170845902108904740e-02
-5.114777925686777582e-01
3.955160983468770652e-01
3.414279022175615186e+00
-2.392298344421960876e-01
1.003930039616063169e-01
-3.689703458158051230e-01
8.643091794791969429e-01
-1.105868752442167174e-01
-4.155626695075748667e-01
2.459439202153644310e-01
1.532392744857050126e-01
1.797042829052267310e+00
1.995460218979179801e-01
-1.916766571378925033e-01
-1.447694124448352937e-01
-3.896026876204270462e-01
6.591728631716374798e-01
2.253385062371241476e-01
1.377141781663718256e-02
3.867015718304288585e-01
3.521643029169527761e-01
2.172951388050829546e+00
5.110813793142442663e+00
1.238005461525794881e-01
1.756959970053594278e-01
-8.129289393765435356e-01
7.971927339497363318e-01
4.244101689774814723e+00
5.597280548821301771e-01
-1.962468869835713448e-01
-7.553938677527460843e-02
1.430066429297368380e+00
1.921743688943929884e+00
2.993978326698358838e-01
3.243508474291880161e-01
2.538268530054937910e-01
2.059147544617901726e+00
3.853169873601185458e+00
-5.522917809136365097e-01
-4.883648373095568485e-02
7.571075116088774905e-03
1.461518157023780073e+00
6.955872839081509440e-01
2.821806440987493780e-01
3.690080888824793376e-02
-4.754315905259305364e-01
4.531934011883076985e-01
3.221299968196949859e+00
1.766473917276686068e-01
5.236212398221189446e-01
3.290691089614259379e-01
1.615628412998850294e+00
4.875677006868324170e+00
-4.184379689632355404e-01
1.079598865077202458e-01
-1.735979030445440330e-01
1.234464004003980486e+00
2.396589543447597837e-01
-1.572796687856639342e-01
2.454723050048068234e-01
6.049285443946278429e-01
1.851440430115655733e+00
4.671410683601762592e+00
2.751925266613745591e-01
-3.559525747554743158e-01
1.773477725757258983e-01
3.424822797363591409e+00
5.199564479529304784e+00
-7.194477692678247216e-02
4.946602011891821915e-01
3.237739049291080695e-01
1.888707298319365568e+00
4.319392642544422678e+00
-9.218550283426506231e-02
4.594493650066315271e-01
-3.681614663699376844e-01
1.359638528921325307e+00
5.867768498932806054e+00
-2.037575276795912105e-01
8.955019942532245480e-02
-3.970641974962091370e-01
5.126442300093595472e-01
6.068743447592022555e+00
-3.276784568539261588e-01
5.361640410152288538e-01
8.848051001116315206e-02
1.734367872995125071e+00
6.163626987977040450e+00
-3.137769719471821817e-01
2.584691022358635570e-01
-3.684553436922604064e-01
1.246394308489439107e+00
-6.737361300404334785e-02
2.089810103181815037e-01
1.961223138563535640e-01
4.569484617677883609e-01
2.425348550029520656e+00
4.043609706366543044e+00
7.327105731919147935e-01
7.712933037556148064e-02
-2.078574173212861531e-01
1.601673161314990823e+00
2.479682086208143676e+00
7.461065909605778257e-02
5.102855578599003739e-01
-2.423719799988295065e-01
1.287711442136321383e+00
3.884919888208493877e+00
5.171498205140708793e-01
2.315608807283539294e-01
1.181415466831715333e-01
2.111320089223158281e+00
3.162171769670974353e+00
5.351778794153975172e-01
4.885378184617915065e-01
-1.003149521373664262e-02
1.564313905129780302e+00
3.039660451626529536e+00
-2.364997948012101947e-01
-3.229085431335761425e-01
-7.151874573768035592e-02
9.559074950875243726e-01
1.135626819427445477e+00
-2.737720584549793168e-01
9.542920604154200848e-02
3.511845078477479065e-01
2.446176883689533010e+00
9.733761803458186590e-02
5.066896219577295968e-01
2.034983110835570930e-01
-2.172977730291476006e-01
1.271151803357902343e+00
2.887525396013712164e+00
-6.464194456456784366e-01
2.229120093227006660e-01
-1.881407395229177104e-01
1.611331280480175820e+00
4.939793334075163189e-01
4.742089645578005941e-01
-6.669486865572583911e-02
2.305221086869032876e-01
1.794697219768228935e+00
2.259622474073144094e+00
3.203956295960772721e-02
4.912472022262565075e-01
4.461922684855887944e-01
1.740447713787121486e+00
5.159403148107282178e+00
-5.398010145263717335e-02
-3.915538073362934135e-01
1.651966987607756954e-01
3.706868584378633091e+00
4.488661057090480355e+00
2.873593514527011950e-01
2.543967651947457442e-01
-4.128709922056439385e-01
7.463672241633024784e-01
3.537854910808688302e+00
1.362135970420217945e-01
-1.004633521812321600e-01
5.860751361433377271e-01
2.669843040585906380e+00
4.234227387702060419e+00
-5.345765627062261105e-01
-2.758539840636571941e-02
1.551740879533558271e-01
2.135808200018024294e+00
6.008708591345796046e-01
1.249721625333823638e-01
-1.814507647564243542e-01
5.344564086629278732e-01
2.722912871896908005e+00
-6.033674603060271840e-02
4.670497895545955847e-01
-4.421464346679478963e-01
-9.062799415682232240e-02
1.375165925268419853e+00
1.469275896729379749e+00
4.972663394661051561e-01
-6.150048781275188614e-02
-3.443388417333820284e-01
8.752346862038247188e-01
2.607639918954120173e+00
6.833005363380989516e-01
-2.792287389996961910e-01
4.827912712524014271e-02
1.273979385051937196e+00
2.031624840371446084e+00
7.450329529346100266e-02
4.007383885064380591e-01
-3.977030062075649353e-01
1.070480832738813559e+00
5.267993112020186608e+00
-3.123460642051337222e-01
2.279593303323322329e-01
2.678860383134484269e-01
2.191988266012044662e+00
6.089987416522903985e+00
-3.297865152372808639e-01
-1.304875308491615093e-01
2.903641366658770151e-01
3.919004942501736810e+00
3.808789937090795163e+00
-2.882560080145453729e-01
2.743285724609615950e-01
-3.599713884641263517e-01
1.285416222561919453e+00
6.182239760612923796e+00
-2.710284190216034617e-01
2.787792092015483059e-01
2.419168055305014609e-01
2.122840121390669132e+00
6.086017419455463262e+00
-4.263464359827822715e-03
4.568421027077048668e-01
2.701358602984306190e-01
2.024046730928194648e+00
5.366466845990073509e+00
1.364770999831329545e-01
8.363891053583952240e-02
6.121755559800857727e-01
2.488491968944080757e+00
4.272461244271097414e+00
-1.580029410812092139e-01
2.883909090130021280e-02
4.071801715297605484e-01
2.619952753756369379e+00
-4.702547347235794956e-02
3.842555436648920075e-01
-2.123806825688756283e-01
1.491318452096068448e-01
2.710027150441836064e+00
2.455380029718961854e+00
4.932403049565966535e-01
-1.624262221140665083e-02
1.787130368241192646e-01
1.750611960398158917e+00
2.155895584744177640e+00
-7.950508077340472102e-02
6.366551424423759764e-01
-1.818926370738407072e-01
1.524645772982720748e+00
5.833191594506305755e+00
-5.463369475712644974e-01
-3.898012013581820812e-01
5.767002866486452273e-03
2.038391447108782284e+00
1.438617410578887812e+00
-5.319659272313884690e-01
-6.027563677389016078e-02
-1.699400104749281548e-01
7.625723349346874569e-01
6.121007468027893417e+00
-1.178538437218469986e-01
2.107122750136699585e-01
-4.533810421218157916e-01
7.609224083924973625e-01
5.795277003480361344e+00
9.254596198082554181e-02
-2.436019657881859923e-01
5.606226782656356100e-01
3.618821627377214689e+00
3.054727350790152229e+00
-2.740547811640307516e-02
2.422152526416959384e-01
-4.438944425380453307e-01
6.596615739990285832e-01
5.629080821938311274e+00
5.689587837040376295e-01
3.571741040919771543e-02
1.907026281618088015e-01
1.615418669238035898e+00
2.222014531023140282e+00
-9.743949015021854954e-02
2.266739545408313627e-01
-4.911982852497793761e-01
6.025456833218232333e-01
4.789505065413755425e+00
-7.062482420544523576e-01
-1.136119922947338157e-01
-4.675511873518745087e-02
1.808926275648196080e+00
7.680583167867197636e-01
-4.881549653463664873e-01
-2.598821793989338769e-01
6.344591180665529184e-02
1.744903200095689666e+00
1.325954126090853613e+00
-1.101514249019228259e-01
3.879790412349083950e-01
3.053927570206194653e-01
2.210996196603335573e+00
5.690501145445093556e+00
-1.073024064213451007e-01
-4.160688494014400107e-01
4.664007950959958015e-01
2.774861614955082434e+00
3.050860122767951932e+00
3.355384383553902672e-01
2.841122171186925560e-01
4.379810690387115346e-01
1.983267737867593361e+00
3.927630110799884999e+00
-1.157664626032692129e-01
2.846671603239196990e-01
-5.008613614736929787e-01
9.099684517853593446e-01
5.649357023363394070e+00
-1.185477294858082314e-01
-2.331653238343249224e-01
-6.445856104965216327e-01
-2.340041715371236897e-01
4.001335489215677166e-01
-7.541167694370465302e-02
-4.467951366114326639e-01
7.962240513459580005e-02
1.277698911543651894e+00
1.462257998648149648e+00
8.361554835473497885e-03
-1.844085635546172455e-02
5.346526176180538270e-01
2.665342958014266905e+00
3.113260177711799415e+00
-1.871042328424583597e-03
-3.682754469962041810e-01
2.711623873885422031e-01
2.031955885868795164e+00
1.920906859536799072e+00
6.391999730562442084e-01
2.644151041670009805e-01
5.103932680027259416e-02
1.907601610094413758e+00
2.856027692154606612e+00
4.668908657417665808e-01
1.116334581167197221e-01
-2.607582809610693997e-01
1.033374191960543254e+00
3.014233104011946551e+00
-5.667346947035872828e-01
-1.716241220925820710e-01
-1.193272188947970547e-02
1.336757944870130332e+00
9.135788429098788965e-01
1.850586170762608118e-01
3.330078356980984977e-01
5.329307921071094745e-01
2.143939084391589756e+00
4.122485496819431994e+00
-9.575158894777734131e-02
-3.143500211992424909e-01
2.570822659659217080e-01
2.269962335162407197e+00
1.709572539435827654e+00
-6.324540343230388162e-01
8.681560000909174790e-02
-1.355107962756446106e-02
1.612216703025207032e+00
7.399144703312627858e-01
2.429909723234411068e-01
-4.866937721583528553e-01
3.353851595833778898e-01
2.979775162735369243e+00
2.573834475010267742e+00
3.883707897955290256e-01
4.156030132786315417e-02
3.829833389239141184e-01
2.345422650835137457e+00
3.383654933938481157e+00
3.322953035947093792e-01
-4.595084419322801872e-01
-1.771047042962060336e-01
1.502203361546569749e+00
1.411862988433445043e+00
-1.795523049143886718e-01
3.253440993609191256e-01
-3.649006993229238494e-01
1.091927722353570385e+00
6.097536790965105702e+00
1.390291897219408657e-01
5.244459454086909389e-01
2.085095859687797204e-01
1.851691652920051778e+00
3.730469683125628766e+00
-4.799045457229564327e-01
-1.264875182527928563e-02
1.917565312037327052e-01
1.686514145370510809e+00
1.214483358866373708e+00
-2.171144818283824995e-01
3.682884703901133094e-01
1.846274862313299348e-01
1.702648630916262507e+00
5.838022722324384794e+00
-1.449903051452393864e-02
1.387383711931284846e-01
-7.146749282604613063e-01
5.402834212763899524e-01
4.113482777798059153e+00
-1.552219105422902035e-01
-5.176343249007860914e-01
1.400614422758848267e-02
1.027373349269985914e+00
1.058327113245831397e+00
-5.878085381501578777e-01
-2.469320713687832014e-01
9.733327677515477006e-02
1.427276268965252282e+00
1.142042045221230984e+00
4.237280168564879768e-01
-5.693818969365928989e-02
3.074653001195951085e-01
2.536322013084662874e+00
2.773646055947549094e+00
-1.620662881824169177e-01
4.013818845849572714e-01
2.052816884151968391e-01
1.938257182740958928e+00
5.658875904195095785e+00
1.009347203383579861e-01
-6.578472958991377073e-02
5.958352121218871700e-01
3.654724436422921219e+00
1.243088263361328494e+00
8.553973743250568168e-03
1.361054607445113251e-01
-8.067530980680498454e-01
5.223209578619122384e-01
5.433294679062191435e+00
-5.609758582279300576e-01
1.404059059488300676e-01
-2.044935574738189661e-03
1.792971192815068004e+00
3.764221058188237379e-01
-3.393668569540474467e-01
-7.308385332955667779e-02
2.532596029974086282e-01
2.372847279304728829e+00
5.431497755413854378e-01
-1.233366957341349990e-01
-4.170144376350629067e-01
-1.280145158860023225e-01
9.980608600551809095e-01
1.490514407565971533e+00
-9.085764600206175379e-02
-3.191923398113327703e-01
-4.018358957305895318e-01
3.361612519201283011e-01
7.261808675088721188e-01
-3.729493374902303482e-01
4.044830658924509215e-01
-1.981416960062714339e-01
1.235760142285120322e+00
4.796051129531915258e+00
-2.329132543030598135e-01
-3.701620714270713597e-01
-3.691028959852125230e-02
2.046832772665890587e+00
1.288689252222596560e+00
-2.631550014634743972e-02
-4.489728282536503134e-01
3.402401412594825980e-01
3.008234687017499631e+00
1.032447613427507793e+00
3.023587468541836798e-01
-3.262865254923914549e-01
1.991976614021150893e-01
2.858459159629191504e+00
2.360404726647084228e+00
2.094915388452307237e-01
-3.609459019789916789e-01
-4.685193691634524926e-01
1.985745339558563430e-02
2.593995874522625922e+00
3.155576784109745403e-01
4.361071064941630104e-01
1.444821100129222713e-01
1.939044319993163956e+00
3.636637714158097001e+00
-1.204562318638898420e-03
6.959775452629447523e-01
-1.616622729402883707e-01
1.502010672554444870e+00
3.888431217416001395e+00
2.378624568355377274e-03
-5.568716342232686856e-01
-1.548090656417519251e-01
1.953541012476280203e+00
1.336476307830734012e+00
1.378182252465988133e-01
-9.353922358283395244e-02
-4.778303099446818414e-01
4.268165707321438518e-01
2.439111199793563944e+00
-5.019483307191570098e-01
1.082116953289559286e-01
-2.266805529807066830e-02
1.775388068424391896e+00
4.010728422878945265e-01
1.845719963709238631e-01
3.832610390223578078e-01
-5.392945424158868128e-01
8.968434751488884027e-01
4.980413598057286784e+00
4.549120900613772833e-01
-5.831417159702623199e-02
2.451578026160470269e-01
2.312835845361544962e+00
2.756441478609104490e+00
-3.886783277099152278e-01
-2.362044632821376500e-01
-1.482823697003764762e-01
1.251208232687555988e+00
7.252636450625852049e+00
-1.748297638876312732e-01
-1.169780916858576963e-01
-4.490467261115761999e-01
-5.199200841438168519e-01
3.145879904366332802e+00
3.879999964652713351e-01
3.186179482347364922e-02
4.002873584554459407e-01
2.565750768146657368e+00
3.519153858354127085e+00
1.267052410813317709e-01
-5.031982191842327978e-01
1.830249296779223045e-01
2.823888521841468879e+00
1.859433611367445005e+00
-9.219582430045911159e-02
-4.486080603237552200e-01
1.009953370020449798e-01
2.455644173665892271e+00
1.471555448885794259e+00
4.655632647603973884e-01
1.378197447732786018e-01
-3.206286021032371814e-01
9.529643099848799093e-01
3.012433227899403487e+00
-1.450123849803589861e-02
6.747063659063746478e-03
-6.559259545882719644e-01
4.706730570308950701e-01
5.363183068765662753e+00
-4.279648202938458601e-01
3.319578451032478839e-01
-9.945321454546639239e-02
1.447306092816906586e+00
1.606003524709458674e-01
2.196130467043399259e-01
-6.113728203682967655e-01
-3.459025585322502150e-01
1.803562080849894000e+00
1.305560798224409513e+00
3.365353184015124621e-01
2.331214636815218400e-01
3.174104715078526762e-01
2.196780451868948880e+00
3.361207496657502070e+00
5.634262294211513922e-01
3.510266804800853957e-01
-1.408849739184972472e-01
1.554462736467419726e+00
2.959599036142446238e+00
2.958486008601057815e-01
5.035926113219495459e-01
3.585820941080888891e-01
1.737008190253424678e+00
4.962342151368404508e+00
-9.015525179161508473e-02
-4.363068585030153157e-01
-1.010096606075581022e-01
6.630245347308985071e-01
1.248694574789365186e+00
7.324756522664375991e-02
1.077396748786005054e-01
-6.989884913998075655e-01
6.382199578997109768e-01
3.984498823292461633e+00
-1.010668708780100983e-01
-3.050688496777008707e-01
3.200578555312493800e-01
2.829987938399309400e+00
1.044251084307621813e+00
2.565395308533213736e-01
3.449831532570312165e-01
3.856213367878136289e-01
2.050976523872937385e+00
4.118372490268090935e+00
4.519673216099232005e-01
-2.084843789049209972e-01
1.425975298297753879e-01
2.375837560182163077e+00
2.308842703996037748e+00
4.602115758765328024e-02
-9.300666945295064936e-02
6.409017487078494391e-01
2.707505000972968645e+00
4.928033531745143137e+00
1.358518892355609353e-01
-2.414563451637646505e-02
-5.489097568806546867e-01
3.623702220483678849e-01
3.567946791858483735e+00
-1.714576431031209977e-02
4.670738116496508940e-01
-2.888716356943312191e-01
1.176776570844760172e+00
3.852011875861376389e+00
4.265081678290116862e-02
-5.601346442364107947e-01
-6.887944243570530423e-02
9.465964933551349603e-01
1.225494187314727590e+00
1.608963727067341254e-01
5.398191068661680747e-01
-2.038554603428460177e-01
1.189546526233255630e+00
3.886820424937668772e+00
6.621890302867534939e-02
4.006657396180967612e-01
-4.605559018587218056e-01
9.390723926837554192e-01
4.157514842371748287e+00
3.473147083696730975e-01
-2.440362180106203094e-01
1.913222008873445568e-01
2.602648076145076317e+00
2.324222347774477004e+00
5.484197968072070939e-01
1.079650197299614200e-01
1.118765477325419366e-01
1.600738801143710921e+00
2.751228763754337781e+00
-1.675821494723324090e-01
2.640524131620899939e-01
3.260632892681830652e-01
2.237269422699882604e+00
5.607539953492805651e+00
-4.616627182210578106e-01
2.861183763742639052e-01
-1.114721848189917514e-01
1.335601854587800563e+00
3.232984248076772871e-01
5.473990521390622588e-01
4.399064080223512030e-01
1.429106373576327638e-02
1.878718921929196650e+00
3.184536604304366136e+00
2.755468497270360251e-01
2.502114561550214944e-01
4.096276281634910199e-01
2.335240657744341419e+00
3.725231180045129875e+00
6.100765592077579402e-01
-3.176467463309637917e-01
6.197983994421792792e-02
1.597525939126479555e+00
1.665116960943198610e+00
1.257357179810238423e-01
4.705786778899056499e-01
2.904223750021064365e-01
1.859944195775280029e+00
3.993648742435819798e+00
-1.084881037784913571e-01
2.697036755515593298e-01
3.641943481604575927e-01
2.310121444992334627e+00
5.815910096078229508e+00
2.854999875976291235e-01
-2.462433078510556372e-01
-2.465384081928150006e-01
5.092471545875461025e-01
2.255055623386672536e+00
2.461329782732643856e-01
4.176875473274961337e-01
3.195779471876563083e-01
1.985265804308474547e+00
3.761250724396464573e+00
8.871272184003123340e-02
-5.136991051384107720e-01
1.512277568228176106e-01
1.402863962824412614e+00
1.123967905823737512e+00
6.522494917688777261e-02
3.033711487446067445e-01
-5.951900190889939379e-01
7.371278749548030307e-01
4.236374163059125841e+00
-1.468302172160125367e-02
4.220240972252652933e-01
4.476035795231511627e-01
1.936490284661028793e+00
5.186399476490898941e+00
3.402894213647356114e-01
-2.299225464883608572e-01
3.429109957815982823e-01
2.870067947330495084e+00
2.832234231757571941e+00
-1.464848950414840978e-01
-3.090167164232634489e-01
-1.980467329452168523e-01
6.615714160149872569e-01
1.054374209666529838e+00
-2.040281316977129167e-01
-2.843172880763221722e-01
-2.283464811520186932e-01
7.197082863788494267e-01
7.795798733414707193e-01
1.863600665919648014e-01
-4.714150414011989976e-01
-2.839970527580873982e-01
5.045738459851187852e-01
1.543502603182855371e+00
3.214521725406376262e-01
3.970270985104795702e-02
-4.533615200692981406e-01
5.321644201095164783e-01
3.329311789073735373e+00
-5.894849569691755498e-02
5.779022331004987634e-02
-5.806976248712373279e-01
5.535453422419289726e-01
5.570680482683240342e+00
5.090784547574093155e-01
1.519913538872242620e-01
1.387733381121989962e-01
2.088770904020510688e+00
2.968992578525009307e+00
-2.827578812038197831e-01
2.114586821298541641e-01
-3.848408255764658170e-01
1.010366072442717922e+00
6.334953897039404147e+00
-5.218998680137982432e-02
4.459260225186874593e-01
4.534135068225556009e-01
1.810875868866802962e+00
4.431634794345516326e+00
1.504329791577810049e-01
-5.182266157466671741e-01
-1.543222786720536699e-01
8.123120785870826532e-01
1.534521004555704282e+00
2.646881666978077603e-03
4.249230645557474095e-01
2.372229415446678036e-01
1.997039789977413715e+00
5.545262708090908710e+00
-4.292441582662114841e-01
2.918254698968846816e-01
8.763674929407211378e-02
1.698118854912407105e+00
6.432609295450794740e+00
-3.771869491688757958e-01
4.782292203807940179e-01
-9.161245605436471942e-03
1.656600650484429282e+00
-1.294463798573892710e-01
1.234638757492778627e-01
1.592971647667956181e-01
5.329324914231512444e-01
2.391264502780511059e+00
4.571307128251755003e+00
1.478331569853521821e-01
5.315820623552065527e-01
-1.272093624256143141e-01
1.351370845246805841e+00
4.005833968629577413e+00
3.783866905703801853e-02
3.491179120060821095e-01
4.727266477099032471e-01
2.179080667556917650e+00
4.332257669429109725e+00
-4.099488702694349951e-01
5.407798569989421544e-01
4.866395731329968555e-02
1.738342570119467023e+00
6.385591537309842636e+00
1.276929332937705719e-01
-4.590810652824313109e-01
-3.295270440107522236e-01
3.290518236435024946e-01
1.859274740017236027e+00
7.266725367504593969e-01
1.934195284501656342e-01
-3.314278898975959314e-02
1.730163129297575209e+00
2.722058767426160042e+00
4.773029087297041978e-02
-2.797770608824438066e-01
-4.707399822131824174e-01
4.680507197985072643e-01
7.708776948370035242e-01
-2.188176805485417542e-01
5.037528260098412813e-01
-2.967321783030440474e-01
1.466905758843390917e+00
4.570922117627310932e+00
7.885894782263173919e-02
3.296565002590782362e-02
5.479055671674065708e-01
2.627755903768020929e+00
4.520325903303617388e+00
6.086881234571723809e-01
1.028511834785025419e-01
-2.865023272042815372e-01
1.434449582553574798e+00
2.485770590714058592e+00
6.695624274365231943e-02
-5.216768840109956562e-01
-1.700919172009475733e-01
6.308018280356022522e-01
1.661044382116021012e+00
-2.056481657628377868e-01
5.861479212248944526e-01
-1.378734447572070865e-01
1.035809469014481232e+00
4.577469645216049265e+00
4.967478271000971279e-01
-1.354219941310747799e-01
-3.541447777971175603e-01
2.916157212735754345e-01
2.912539454857678844e+00
-4.531068156708841776e-01
4.750136236541439155e-02
-2.224667905117876932e-01
1.051577704826828663e+00
2.056810740718621744e-01
-1.529275501023456829e-01
-3.945596437455405892e-01
2.603544098432552523e-01
2.795954989854186667e+00
6.674296813085192071e-01
-9.282084549323646461e-02
5.997808210040959098e-01
6.102798088862865927e-02
1.882373628357608020e+00
5.415482518516708588e+00
-6.253692062250740813e-01
3.694275044353042409e-02
-1.749940821205554775e-01
1.725043361938991771e+00
5.730157894708471922e-01
5.658972559216571829e-01
-1.408301520895549885e-01
-2.112562156046609296e-01
1.096675729118266940e+00
2.461420211469405928e+00
-5.255258271387267532e-01
6.455568731377842040e-02
-1.499026699841935484e-01
1.075409375876438478e+00
6.698251834103846392e+00
8.560613665559246507e-03
-6.152046362709242544e-01
3.477774111145362501e-02
2.152567223654001438e+00
1.868014647655794169e+00
-1.887797359088290161e-01
-6.402119635540717280e-01
-1.486783714127466738e-01
2.033066115510734129e+00
1.704192052876091656e+00
1.997593008659353728e-02
-3.280363115692029874e-01
-4.006056675500843656e-01
3.177293816115455694e-01
1.190484975690519365e+00
-4.643259137070558373e-01
2.923694746824011537e-01
-1.492998092325220627e-01
1.486939366321767819e+00
3.299300942052965091e-01
1.029986496109563943e-02
-3.478358673400335221e-01
-4.159998422791805761e-01
-3.313007775878776817e-01
4.259862796529819917e+00
1.160088895707142437e-01
-3.455956449765197336e-01
-3.721237193468275861e-01
4.682618177363043893e-02
1.775658133029014429e+00
-2.788716912201858866e-03
7.527793964105222724e-01
2.034009203811652094e-02
1.487964661604638250e+00
5.556621923994232048e+00
1.493407233276591028e-01
-4.569475604435543348e-01
1.386563807507829038e-01
2.015284659482126539e+00
2.204861258042749128e+00
-9.761439746010023080e-03
3.716624754757650306e-01
4.346527200937701507e-01
2.080080660205871457e+00
4.436040577484900105e+00
7.587064366798133841e-02
2.320886501116356249e-01
-6.382908797682880220e-01
8.640449313983119550e-01
4.368281780904760048e+00
6.073534213695975792e-01
-1.304683557732490284e-01
3.321122611689768939e-02
1.454420621546147707e+00
2.453538693298415563e+00
3.772284337097133178e-01
-4.474123950896718438e-01
6.854536749035989966e-03
2.038588729645224529e+00
1.712454110342574110e+00
-3.916255902756585749e-01
-1.746439003943932866e-01
1.206101978548950321e-01
2.148931226270887507e+00
6.853768242062073801e-01
-4.728634112089242225e-01
2.580504061748573053e-01
-1.031840783352509089e-01
1.498413899179438902e+00
3.514692259615415093e-01
-4.044927977674322821e-03
-4.685698540290950120e-01
2.960660603923139789e-01
3.042431662261199321e+00
1.383684072900354112e+00
2.743854208618519697e-01
4.933565399907675619e-01
1.278520265644967346e-01
1.782096478241732118e+00
3.724252385647913055e+00
3.982256648233255536e-01
3.955896304241474093e-01
9.875454776663554479e-02
1.869355543291193467e+00
3.585709624294264319e+00
-2.131423014779109393e-01
-3.123394844238034374e-01
1.906153558591026920e-01
2.534104281134434977e+00
9.340282149750865903e-01
-4.586789123148488773e-02
-6.719164754474723500e-01
9.414979405271181601e-02
2.453188506932219681e+00
1.695927134708549167e+00
2.157302430325196696e-01
-3.903802969356622299e-01
-3.155339048742550334e-01
3.981514363977149973e-01
2.301850113703157508e+00
-3.537841679925501359e-01
2.932444031116636096e-01
2.269118855263305701e-01
2.000005456985552321e+00
6.261770548551819360e+00
-4.773275614301085712e-01
2.841029583981580925e-02
1.229329021632676322e-01
1.800623258930491133e+00
7.076030072223213896e-01
1.250496239647088670e-01
9.216890525615389906e-02
4.862426220497702567e-01
2.540956885856563652e+00
4.610643764158255387e+00
1.296854779781863032e-01
-5.751310263333824224e-01
-6.752022101662125131e-02
1.014294038292019806e+00
1.433479758428823247e+00
-8.883472576922947506e-02
8.555180326993698514e-02
-5.217434815757754363e-01
5.834693306462269691e-01
5.075272087738133209e+00
-9.191541675927623889e-03
4.590564251780759192e-02
7.785865231256182684e-01
2.408041767360669549e+00
4.578231476887166806e+00
-6.751062158093471544e-01
-2.298450160318592783e-01
1.433308465083346361e-01
2.191305788213004924e+00
1.132726620158520436e+00
-3.761373949371109582e-01
-1.103640528468769616e-01
4.079795358310573383e-01
2.831724182167476567e+00
5.707226383981362616e+00
-7.062332676718985347e-02
-2.463786465240985213e-01
3.708115339577847114e-01
2.694444046807034976e+00
1.561774055304514297e+00
3.901583113751710408e-01
-3.823047784235146795e-01
7.364582530017670103e-02
2.239067080144077959e+00
1.818906242633661074e+00
-2.078960563278715590e-01
6.531850751034645741e-02
4.097530630292729459e-01
2.727698842963105719e+00
5.826003978575145403e+00
-2.703231112761361743e-01
1.473979311362298150e-01
-5.069390660836021745e-01
2.101692227152814341e-01
4.835080431386256983e+00
2.577095201726603557e-01
-1.682201302473411431e-01
-4.044226192920911678e-01
4.857086490431344328e-01
2.380615760893615374e+00
-2.188421757373268384e-01
3.344963340268888308e-01
1.856628001892056401e-01
1.812428302604484953e+00
5.892334292316394162e+00
6.227460721619035994e-02
-7.985533762058314444e-01
-7.388494272078814651e-02
1.990947628711034589e+00
2.119766783649843056e+00
5.441931975185674286e-01
-4.154220657915597692e-01
-2.573019105679833496e-01
1.773396919718848386e+00
1.578905944710118137e+00
-2.006895491705266710e-01
-4.751132040589522432e-01
5.216995767200297562e-01
3.407420668087282944e+00
6.260190621068394634e+00
6.662343149570255918e-02
-1.461296057428316253e-01
-7.463881658700352029e-01
-4.815160748116542044e-01
1.878830549117896487e+00
-4.821823428592263427e-01
8.804231959450861678e-02
1.808973587993198129e-01
1.872166973858582439e+00
7.828373024358916688e-01
4.825495113978072181e-01
-1.136467167393061667e-01
2.433611072364314232e-01
2.951410948844561677e+00
2.670463150034412259e+00
-3.713336202963818944e-01
-2.032348587154633179e-01
1.809512432272394333e-01
2.238328148895598169e+00
8.180439004578458073e-01
1.828802276675649541e-01
1.041817887810864152e-01
4.756791877696823767e-01
2.561187314690554828e+00
4.113707915282780014e+00
5.284739109083159692e-01
3.223075846816985113e-01
-1.630434406756416099e-01
1.357117881332533971e+00
3.045732223461746102e+00
6.487085277023724172e-01
-1.478998268557392970e-01
1.631897663017931321e-01
1.501369040698793178e+00
2.220199936652524908e+00
5.333710076490381091e-01
2.209158718619093076e-01
2.119186385128804806e-01
1.697741473350433905e+00
2.734336125812380391e+00
-5.151880294216323319e-01
-3.178476288900359270e-01
-9.185312776646088750e-02
1.906194255607664534e+00
1.096436584027028704e+00
2.765058006528500756e-01
1.982937205865613617e-01
5.090119027102941729e-01
2.185909233113554340e+00
3.827655904179550372e+00
-1.829641057785644231e-01
-9.569938379875470025e-02
-4.644952750712734724e-01
-4.499764567991714204e-01
3.315022974820358126e+00
1.072697229385904116e-01
-7.401546772944811448e-01
-1.362622853478672250e-02
2.167910709989790963e+00
2.202088369780869304e+00
-9.046465263803440959e-02
1.795776928558510122e-01
-5.935737942782264298e-01
9.612705857257134445e-01
-2.172322230672889820e-01
4.679696543620249227e-01
-8.149119002407101409e-02
2.061746214492270468e-01
2.494281278153047676e+00
2.722822379605082332e+00
1.477163540620045996e-03
-3.371733464121053070e-02
-6.871259809585792411e-01
-4.818229815781241432e-01
2.408364944045032097e+00
4.821977033428254816e-02
3.408686961484763134e-01
3.839658298468541786e-01
2.335730904197393265e+00
5.153457009657175014e+00
3.217084131390867685e-01
6.733836341204801901e-01
1.469198771423567140e-01
1.557430305878687804e+00
5.052120523053399204e+00
1.064419035122904367e-01
-6.954305251472323590e-01
3.368353676338806113e-02
9.712648412329029091e-01
1.201939149043573130e+00
8.407221526088847208e-01
3.733800404760069247e-01
-1.083518759132485743e-01
1.638511269907979351e+00
2.918286264708617406e+00
-3.658579367793127202e-01
1.388380818534860894e-01
-3.479121929771831767e-01
1.111636465816244979e+00
1.766247741936863291e-01
1.726941382627955046e-01
-3.591296263470220573e-01
-3.455617579742896184e-01
4.928345948722475112e-01
1.946086568653965232e+00
4.545165932902142658e-01
3.463606130852339149e-01
1.752489316353252891e-01
1.997112232366394569e+00
3.366236969815362468e+00
1.513587220662454824e-01
7.456490172279595097e-02
5.274943427462489565e-01
2.567564424971258585e+00
4.536480360024105707e+00
-5.604035855033341618e-02
-1.973868448014724220e-01
4.085032263234271710e-01
2.863504139628636036e+00
5.475937259064767026e-01
4.106162328210070933e-02
6.158670755714581446e-01
-6.497791231837135584e-02
1.340396098642634648e+00
5.187475978312919622e+00
6.179153561124723915e-01
5.148410122288057250e-02
-4.191961829442939491e-01
1.594543332088829146e+00
2.505447882366485413e+00
1.247673908390031505e-01
-7.334280065701218043e-02
-6.730255210342452887e-01
3.461632269607745616e-01
5.215074773844123435e+00
