-5.386773940980202902e-01 1.140803432179365307e-01 -7.516618795549678822e-02 3.800916264026962255e-01 4.927055407934735065e-01 -1.869984137629064902e-01
-4.070317854267441193e-02 2.040411818810019054e-02 4.819117673806512792e-01 1.510791965690098659e-01 -3.378521953645030607e-01 -4.318014996764820146e-01
5.370215692067320523e-01 1.190285322985602384e-01 -2.447104587193285885e-01 -3.291370402266734496e-01 4.520344306593251371e-01 1.279506942887750631e-01
-2.859395260334678945e-01 5.022102879752329829e-02 3.716447368677535668e-01 3.178303622564166431e-01 1.959941015859964497e-01 -4.120721337202329915e-01
-3.678034313672790684e-02 -1.382975046536227270e-01 -5.414929694322838660e-01 4.040906281907012954e-01 -2.802192765375608463e-01 3.447863303971392401e-01
7.086807547525339479e-02 -5.856401619802316105e-01 8.364332242865703260e-02 -3.067122030677251754e-01 2.928933110383614702e-01 3.762387257440468202e-01
3.362533620429453141e-01 -3.531308939238472777e-02 3.665948329334574041e-01 -9.795664467153353261e-02 1.295774074013692767e-01 -5.189969433021404122e-01
2.937427573261033320e-01 5.309985103176200621e-02 4.241461069725809829e-01 -2.409380385562357452e-01 1.592630983451633897e-01 -4.142128921647229567e-01
5.651955892370176260e-01 4.434688593090410635e-01 -2.034646051127785016e-02 -3.915863709484369570e-01 5.658820356696395715e-01 -2.841329175498990556e-01
3.581415457704109073e-01 6.394516245557725354e-01 -1.280078367657380978e-01 -5.593281771270662839e-01 2.433040332130362859e-01 -1.642899734141612944e-01
4.367577081488544510e-01 1.468125596782769160e-01 -3.145634906910551587e-01 -3.965656422172545992e-01 1.868627441888907614e-01 2.367695996048828633e-01
-5.629806247514531625e-01 3.992786026365370555e-02 1.165511100888791535e-01 1.668430466260321099e-01 7.234022110614121148e-01 1.017112819675304175e-01
4.747579021166463131e-01 2.503082972866263467e-01 2.244550118727224874e-01 -4.042097034057026694e-01 6.942374101886537030e-01 5.026290194713634030e-02
-3.735114125005315477e-01 -1.999310497903638850e-01 -1.778596678059011227e-01 3.632319024356651660e-01 2.995486155567943509e-01 2.779136879330174614e-01
4.750302527930247987e-01 9.946661883271849802e-02 -2.995046902106928144e-01 -3.107916937716307393e-01 1.575077888788673219e-01 3.162185356603228747e-01
6.744015462811128736e-02 5.224643029999946897e-01 2.404705318923705815e-01 -7.002233248492413242e-01 -9.971124335246717152e-02 8.687895726101349525e-02
6.472328529587138835e-02 4.197243003579757548e-01 4.081660595944976433e-01 2.634479686845978552e-01 -4.633612985387712269e-01 -1.688490821198102010e-02
-4.285046699599834863e-01 3.550360770956583201e-01 4.249081948196988673e-02 5.672752495745391199e-01 4.300444318961941237e-01 -1.038732876413043377e-02
5.321047557301440412e-01 -2.880263466210681300e-01 2.645154912703927552e-01 3.663629192772720478e-01 6.952057643468452230e-01 3.405698114028509194e-01
1.413376735986996979e-01 2.826560335084153941e-01 4.516998082521027635e-01 -1.493765938102659119e-01 -4.241379588023803660e-01 -1.932245804619814322e-01
3.203131489201086618e-02 -5.357885938754139987e-01 -4.126512981290745841e-01 8.453245340816098463e-02 -3.373903824905372661e-01 5.660630525237548838e-01
2.168434526837484944e-01 1.154345000963126339e-01 4.236451048897262317e-01 -1.779774442330452344e-01 -2.783575536594078415e-01 -4.064418048713362430e-01
-5.822970860274139238e-01 -3.428245011348485943e-02 -1.186957664174541349e-01 2.427198512668810038e-01 4.782207694626003924e-01 -3.567871419472880001e-01
-2.634189185450280454e-02 -2.945882822451711403e-01 -4.180799112864203027e-01 1.858884737672467369e-01 1.445698221795860272e-02 5.089849712439087348e-01
-4.347632125693331462e-01 1.797489179569882467e-01 1.026438158992307031e-01 4.775927922879613652e-01 3.953579479480195946e-01 -2.453781181612003648e-01
-6.605665444081851301e-02 4.290803146598299311e-01 4.611016311767742182e-01 -1.286136415300740965e-01 -5.480898918935985797e-01 2.580621995615217656e-01
2.332381285700831086e-01 -7.149754370458387409e-02 4.733053181762743034e-01 3.401893470358293703e-01 -9.972072016168072317e-02 -5.205582988151938872e-01
3.407125028214089135e-01 -2.496360049013041371e-01 3.094092567503348712e-01 -7.329722140093813953e-02 -1.247245771022964245e-01 -5.922520341203276750e-01
-2.753483920254676254e-01 -4.466152973997382369e-02 3.070216770391075989e-01 3.283332618157493443e-01 2.491763051328546585e-01 -4.340773633143269472e-01
5.176195001322245193e-02 -2.488046362344774887e-01 -4.875179026044678121e-01 3.961361269752979863e-01 -3.560494633267352604e-02 4.267863785117630426e-01
-1.666855311532743633e-01 6.624316767107413240e-01 3.808315796009398291e-02 7.923193162981104765e-01 3.851044393395622878e-01 -2.022040948492396378e-02
6.376937605188343072e-02 -5.617936717234951471e-01 -4.356231554939890005e-01 5.283185566259340771e-02 -6.153411158995554242e-01 5.628822485324216363e-01
-7.954112351205476772e-01 1.655534393051023151e-02 -1.737103636076425123e-02 -7.689317184344190981e-02 6.660214024217050444e-01 -2.662196481962113559e-01
-3.968755418049867978e-01 3.766978401288698791e-02 1.877286375836769439e-01 3.704528806778362715e-01 4.577843267568176139e-02 -4.534744050376798841e-01
-2.993942049213970114e-01 1.816140318204941331e-02 4.174802085776235794e-01 -1.675917165808099296e-01 -9.295625581327775222e-02 -5.675482021429137935e-01
1.287980092067934068e-01 5.932915359120194410e-01 -8.970374724909971342e-02 5.100675531619297542e-01 -3.081289027455001994e-01 1.154175037775242441e-01
-1.271867118409973629e-01 -6.028534382361419031e-01 5.291808623716190429e-02 -2.471900166271422672e-01 3.213401629653707126e-01 4.154996554579141188e-01
2.003682059377385472e-01 -5.620340630094797923e-02 -5.176625613128073011e-01 -1.137868808720623182e-01 -2.494147732023380692e-01 4.118405043796211640e-01
-3.247710717583396911e-01 3.703322318906931421e-01 -3.297668365955477854e-01 -1.284794562805237905e-01 -3.096719932813199461e-01 3.766776802925935752e-01
4.518800324421028969e-01 -7.966612734181123534e-02 2.063276497707828283e-01 -1.118185170025886577e-01 7.153644219480804756e-01 -1.765978525574637970e-02
9.604553408667003064e-03 1.564226355380731182e-01 5.066907685443057252e-01 7.164499353553548111e-02 -4.651366179250029376e-01 -2.742158060363466543e-01
-4.942474686142081519e-02 -2.616471346884634008e-01 -4.729309758926594220e-01 2.507046289032440756e-01 -4.994246278289882213e-02 4.571784207357532104e-01
-3.474780780606870900e-01 -4.403425813217322626e-01 7.679170098604146122e-02 -4.155233282666486172e-01 5.437165365436225084e-01 2.411008500632239038e-01
-1.725498958573954134e-01 5.313065122204612134e-01 -3.557759028040930471e-01 -5.573263867314338649e-01 -3.677767521013596275e-01 -1.469785467693964787e-01
-3.242797843413242065e-02 -3.977317198417922861e-01 1.626081751753491733e-01 -2.212243827329155033e-01 4.118285824171099008e-01 -3.932407563971827003e-01
1.520067729070510021e-01 -5.090439111769986535e-01 -6.397879473700889691e-03 2.937418408758293298e-01 4.153541242703315817e-01 -3.605157165971678013e-01
2.691489699142517455e-01 -4.920430726903942675e-01 -3.312977532245470202e-01 8.250054587865904288e-02 -3.600070977039000475e-01 6.422159175137716058e-01
3.392913004652688830e-02 -6.105270677323335615e-01 -9.325744432742777770e-03 3.581413441781525764e-01 1.557870972770831752e-01 5.453354500939604499e-01
3.644363359996917462e-02 3.261195651360931924e-01 3.873454646680328239e-01 -5.726580970727835895e-01 -1.558698046912079249e-01 -2.424809630602250965e-01
-1.432833051705717786e-01 5.720295605393980187e-01 1.357780443840009288e-01 6.819854757087120412e-01 7.317589071516916732e-03 1.301363614010745962e-01
-4.554730658204547145e-01 -3.019143527231190061e-01 -3.970125741440247991e-01 -1.280582274296325762e-01 -3.640927447559050290e-01 5.458200574326135257e-01
-1.599333201764293888e-01 -3.150946373023883473e-01 -3.302553810308328508e-01 1.565674916991358356e-01 1.136215925482159106e-01 5.159299593909875137e-01
3.431522556079443231e-01 -6.871497082774644660e-01 1.436678917001701916e-01 4.901866462316707418e-01 2.886934648580442575e-01 3.052568437319567729e-01
6.967779844476257312e-01 9.148974260687264826e-02 -2.011240257773794227e-01 -2.292449723530867178e-01 3.174984578694278747e-01 -5.034509086433182068e-01
-2.406186239923956138e-02 2.283284333094249274e-01 4.498525486619490144e-01 2.767372316237219909e-01 -2.547245565054982452e-01 -3.724489252913871784e-01
-2.944847457023288539e-01 2.086273144994913176e-01 -4.099481283185398284e-01 5.264489599718213952e-01 3.390667676215850523e-01 1.459775861049941725e-01
-4.910978719304627260e-01 -9.550066908037770086e-02 1.224362718683613405e-01 1.097416146009602134e-01 5.295189681970122741e-01 -3.759033356708106899e-01
-2.881252044595867812e-01 -1.215854986227435652e-01 3.337937329088648264e-01 5.690200531830280628e-03 1.364045510205317002e-01 -5.865940343255710010e-01
1.044646006323939197e-01 4.319835081294393087e-01 -3.897865500343777878e-01 4.282301601969298321e-01 -3.366111512819757179e-01 1.619725567904338748e-01
1.305474576039473145e-01 3.354642007325431274e-01 -6.420114849521054712e-01 2.721789416287823671e-01 -5.267163395373826162e-01 -1.556111984464519926e-01
3.231923887105170312e-01 -2.064969400468508465e-01 -3.399823420795370366e-01 -5.552972579354625848e-02 2.499207500544099181e-01 4.651589201522533523e-01
1.423296655617614648e-01 -5.656052028144560595e-02 -7.416962472596706490e-01 3.429812963510716628e-01 -5.152595484722897190e-01 1.239446278140319269e-01
-1.384003612171578329e-02 -3.633992635386782410e-01 -4.670781576838981541e-01 2.027560585278066763e-03 -3.141137007820528071e-01 5.315805190813452930e-01
-4.491362610537841804e-01 2.940560355849224927e-01 -2.279615645121172984e-01 4.181576354502984372e-01 7.091501574668367391e-01 4.680773338313198861e-02
4.585604173283224783e-01 1.286192694082628485e-01 -2.585173264820634920e-01 -3.814122327629906883e-01 2.255664496165396549e-01 2.753807830371970411e-01
-4.668338240836572561e-01 1.896964479196958653e-01 1.742252787322783047e-03 4.937815574217295778e-01 4.472196381996774162e-01 -1.026603107984462582e-01
2.060524524752320452e-01 -3.318377171719675278e-01 1.811404195673822493e-01 -3.643314167507097356e-02 2.713206346704650773e-01 -5.787284765142344245e-01
4.950988802713879311e-01 3.813950700025073859e-01 5.587505334967843990e-02 -5.043359190134424352e-01 3.908626542045486318e-01 2.361909532843355086e-02
4.267279215029059491e-01 6.521617337553310412e-01 -4.925381504955466533e-02 -5.676140274772922822e-01 5.518350791107685671e-01 -1.434463479433410044e-02
2.856342874428668410e-01 2.888459654002542565e-01 3.117574440806913372e-01 -4.969248065803877901e-01 -6.321528574878276796e-03 -2.364007583225409825e-01
-3.564684710767936915e-01 4.181821158926141146e-01 -3.493138311045176914e-01 -3.234016884550802162e-01 -5.201963109607553593e-01 -5.289826268744968196e-03
4.910520517851851285e-01 -2.286958104535511127e-01 -2.385358548312335181e-01 2.560863639295618555e-01 6.608703318713458064e-01 1.532079440472361997e-01
-2.655897834505397959e-01 4.177502118432760980e-01 -5.129221394611044316e-01 -5.493992630454851422e-01 -3.775768094370268724e-01 2.271496578221865459e-02
9.657872716238047328e-01 1.081820634872626835e-01 -1.927427716040935879e-01 3.288475154720460480e-02 3.831094877228490292e-01 -4.253536041934524170e-01
5.418454926975305730e-01 -4.542796456541498551e-01 -4.539447840130582390e-02 4.734525281813397601e-01 3.601399881046239426e-01 5.308373000983805934e-01
8.359568793410729337e-02 -4.595138763390144848e-02 5.585801257319411572e-01 8.428600419471324323e-02 -5.165186527053081678e-01 -3.237837292092484720e-01
2.288755412791289856e-01 3.438574765968716584e-01 4.030630602972633536e-01 3.416194760101259331e-01 -4.743322117690688677e-01 -1.607227492377211187e-01
4.843985720328355948e-02 6.980604626616740971e-01 -6.525453298708595862e-02 -7.312019693304313561e-01 7.822327828291542051e-02 -1.544760952945530841e-01
-3.980259202463879431e-01 1.650209579672613225e-01 -2.286980830482596982e-01 5.268611866117712816e-01 2.869418698229487252e-01 1.314673384177963145e-01
3.750621257853938018e-02 3.380364926128698877e-01 4.499020682036642960e-01 -3.540054148950732005e-01 -3.644763020664799069e-01 -1.443995545980683026e-01
3.496621323485841759e-01 3.924469064920432793e-01 -2.453477272078342930e-01 -4.811894599374897941e-01 2.065077689061839417e-02 1.687214332099587211e-01
-2.647375057961288136e-01 -1.095030150598100133e-01 3.253359061779056982e-01 1.838816543372419066e-01 8.408266824638589709e-02 -5.471693559151673547e-01
-4.148567887526157238e-01 3.338600069541951543e-01 1.982131378712870262e-01 4.630420776658463189e-01 5.187335177386054319e-01 -2.435055116686953292e-01
-5.575745773732756483e-01 6.684069302482112396e-02 5.055395661037916794e-02 2.920458676756851890e-01 4.372662939359013290e-01 -3.248524545555342424e-01
-1.079136017497775019e-01 1.865641233610108307e-01 4.070956718747335001e-01 5.534323151330513557e-01 1.107021348260490701e-01 -3.391392354553456334e-01
3.615899309913946785e-02 -1.494599210883294782e-01 -6.150471221578087677e-01 1.881751602859290384e-01 -4.383028202827164987e-01 3.301834658464195549e-01
1.364243416247744867e-01 -2.496416038124267822e-01 2.301619754267629769e-01 3.072314296361869368e-02 5.718413571697003039e-01 -3.301888088304127944e-01
1.424206290771294348e-01 3.402909230829065379e-01 3.427930731536626419e-01 -2.556676967477026774e-01 -3.688633993258966237e-01 -2.391225838370164003e-01
-7.423793327755159877e-02 5.112291629518246339e-01 2.810802081377173911e-01 -4.746799048998693316e-01 -3.975851028852667168e-01 1.640210027149074379e-01
8.293341056360498120e-01 -7.257279413919763555e-02 5.714468319198016434e-03 2.178118751214846993e-01 7.069090754438182023e-01 1.415400056008791485e-01
-1.682870308319358854e-01 7.294213462365670697e-01 1.017265523490925444e-02 4.715172619931644604e-01 1.609210154766247403e-01 5.273359184394891264e-01
-7.107116841581925804e-02 2.320236381793954750e-01 -5.185736174692808786e-01 4.314186792566014894e-01 -1.296786030517212973e-01 2.667132356452572850e-01
-1.386989669303968775e-01 1.547443918767539561e-01 5.020509513242442656e-01 1.058082329815659139e-01 -6.442639929178304303e-01 -4.731398223009253279e-02
-3.678027339904270665e-01 3.110738633959286847e-01 -2.685876593282433000e-01 5.943899084832857671e-01 3.516005396464094712e-01 7.502460648570741242e-04
5.013167018401503139e-01 6.389446752064549262e-01 1.109850730577289640e-01 9.363812306055740997e-01 -1.971660679683355788e-01 -2.231371814507361329e-01
2.949639075726849247e-01 5.886061376492043307e-01 1.329028305440078106e-01 6.855156658129042402e-01 -3.290579650178649951e-01 5.967770636032555809e-02
1.489782659040961299e-01 -1.359466883918381830e-01 7.640201490763276482e-01 3.306699758667274169e-01 -3.988427510180245772e-01 -1.835418714724611489e-01
-1.698035557198388640e-02 7.709238825604754208e-02 -6.427006799709719109e-01 -2.170159602347170591e-01 -3.559002086425813727e-01 2.362209137438464612e-01
4.349169599594769897e-01 -2.170745732074256529e-01 -1.014304498912830255e-01 -6.006432123884325458e-02 3.724109234525426748e-01 5.369271148722435383e-01
-4.282679372447096844e-01 2.527052502938824108e-01 6.302434312585264431e-02 5.274232930420097443e-01 4.534506493499361190e-01 -1.522790639788243194e-01
4.590152050429994746e-01 -6.102822896457753971e-02 3.238336945411034451e-01 -8.146717940651188039e-02 2.300703042650664720e-01 -4.655587528836996336e-01
-1.346462065476914938e-01 1.168078631421251151e-01 4.099413563154298834e-01 3.120229713230460167e-01 -2.061363310814072758e-01 -4.244408660249031073e-01
1.264367612062309958e-02 -6.136565585780244803e-01 -1.021439836403961327e-01 5.589191430946995748e-02 1.319073403907300435e-02 6.757969277610905712e-01
5.941950463316783559e-02 -3.369391885613139959e-01 5.441747767541480485e-01 -1.471301223492416377e-01 -6.659314898180543896e-01 -3.772921609637613916e-01
-1.620785798436434957e-02 2.287147271760802958e-01 -6.282002871892625739e-01 2.901233944911851270e-01 -4.285720755213137112e-01 6.037448925596733407e-02
-5.886176986651737303e-02 -4.503485861642710364e-01 -2.246839769658516284e-01 2.791088731311515414e-03 1.777489325112219798e-01 5.510043831765478739e-01
2.905478080336240110e-01 -1.270882072826345632e-01 5.170460390226953029e-01 5.650753710226363857e-01 -1.377523396076801021e-01 -4.444740561604827445e-01
2.256282131098185373e-01 -5.189658377225448982e-01 -2.525773177013242513e-02 2.930121373648041372e-01 3.634732226979855430e-01 -4.908334091805074406e-01
-2.053207611424851808e-01 3.081028049369980981e-01 2.458276860404391140e-01 5.498177548190626984e-01 -8.267191544594210129e-04 -3.323836687910071142e-01
2.558807914244855541e-01 1.144119947631357798e-01 4.418759582935452568e-01 -2.277692642274091739e-01 -2.750914002206004683e-01 -3.419414496300492989e-01
4.252991941887910854e-01 4.217552494985981615e-01 -2.310336323229248701e-01 -5.182211552497539842e-01 3.089054356006607494e-01 8.046960955196616472e-02
6.810123393542591441e-02 -5.321643878764118485e-01 -3.082975921028103805e-01 -7.010672361197720082e-03 -1.122423244705931245e-01 5.961490133955389403e-01
3.012690142665058746e-01 -2.471076143157000526e-01 3.305929620085261145e-01 -2.769201913559343753e-02 -1.000070200139564769e-01 -6.022232329940566675e-01
-2.014335195798560019e-01 6.486525209767672884e-01 1.737158483429458444e-01 -5.956467599871380081e-01 -2.688472928313832000e-01 2.265364196158842214e-01
4.597970673491041382e-01 -1.083697394148912807e-01 -2.548546166551265979e-01 -1.466182077926510563e-01 4.710035718735618993e-01 2.897434739046938490e-01
5.283663488412317921e-01 -9.301020190646690222e-02 1.195189524992838620e-01 -2.367907696863094102e-01 5.632879772035594146e-02 -5.067656849916017947e-01
-3.355342474020461263e-01 2.490473297983667941e-02 -2.623170927580094069e-01 4.648480179674062129e-01 4.169419421288406147e-01 1.912190755072389337e-01
-1.976634106340753316e-01 1.330578036751771109e-01 4.105487399431286821e-01 2.876524619447098918e-01 -1.558501129521373540e-01 -4.146789374484848301e-01
-2.204984378468831940e-01 2.915392760900459290e-01 2.059406353465748907e-01 6.581283088548761651e-01 -4.706278635276467393e-02 -1.307546026502781344e-01
5.591159881119257546e-01 -4.446945178380456998e-01 -2.338328656240539205e-01 5.399738645767840906e-01 4.933686122330367407e-01 -5.797680374522578006e-01
1.761579172212479061e-01 -4.309209871489095289e-01 -2.395109899203843873e-01 8.023609928860808704e-03 2.546971246961560742e-01 4.687676695218696010e-01
6.754214716759252002e-02 2.829894128766718975e-01 4.632328742235655161e-01 3.756634352222250062e-01 -2.616727389691405614e-01 -3.167699541009498798e-01
-5.434886252534004702e-01 3.586163844937528267e-01 -2.680840510210468278e-02 3.868856664638176124e-01 6.441841988572888367e-01 2.030930970924608447e-01
7.798838807097263626e-02 3.109185358128333521e-01 -4.936479819449939854e-01 6.908182215410924032e-02 -5.055420837658561872e-01 8.368444375163258675e-02
1.697646370921879547e-02 -2.274737682966268548e-01 -4.853756248730099476e-01 2.364676871558573923e-01 -3.015772562730076323e-02 4.700771380280213685e-01
-2.879000245639866673e-01 -1.772303980810720492e-01 2.750135337282630932e-01 1.995721443808300966e-01 1.850178539012611312e-01 -5.194341287643520211e-01
-5.344530585203061124e-01 -3.355231325057873581e-01 7.715270696558818031e-02 -2.095804592033811975e-01 5.540647587116915851e-01 3.982308563502882093e-01
2.205190639244055673e-01 -1.514863327866887988e-01 -4.627671813975197668e-01 -1.653204007701019052e-01 2.459306656560515114e-01 3.698117258737483870e-01
-3.034633068024549796e-01 1.345509363580986092e-02 -3.620272352046043363e-01 4.690727253594131896e-01 1.424961933452701113e-01 2.596933399715515289e-01
-1.198781599329765413e-01 2.454548103776454104e-01 3.920263016760334729e-01 3.800185135876172904e-01 -2.464436243111431668e-01 -3.208125621310433662e-01
4.325672271651167522e-01 5.414436383587113433e-01 -6.033520635276996835e-02 -5.215102839082705888e-01 2.829344382727024820e-01 -2.116927180094507199e-01
6.106445066211392270e-01 -6.218067124438647619e-02 8.964294443350880048e-02 -5.366043370722584083e-02 5.705910924904615822e-01 -3.082249246828812628e-01
5.138541112093593100e-01 -1.178152287266513894e-02 1.801616317732137040e-01 -2.356534572576217679e-01 -2.921507514307000036e-03 -4.817748492720322351e-01
4.932654748937303490e-01 5.204665117248052919e-01 -1.219936708096359401e-01 5.410537675928644985e-01 -4.773977226872490043e-01 -7.745998959927055671e-02
-3.213548734065634349e-01 -1.562320319770955368e-01 2.957370112838524912e-01 1.090976557359185084e-01 3.490475786764620780e-01 -4.521955626909877624e-01
2.129056266348225424e-01 6.323618557963052444e-02 -4.808582187154788468e-01 -2.029109848905069624e-01 -1.107340891822520684e-01 4.117956274527143634e-01
2.071458758237333386e-01 -1.955816276793155006e-01 -5.686369395791813774e-01 3.451821888702383267e-01 -3.287025287708720267e-01 4.128032277122838378e-01
6.232275121804990992e-01 -7.923236773925763921e-02 1.805553090486855528e-01 8.560568712516591905e-02 7.625978594763525020e-01 1.327573826262238854e-01
1.631692864415073552e-01 3.213556166360016508e-01 -6.416771310941935536e-01 3.876696282549299544e-01 -5.203480472926458322e-01 -1.506226141057568912e-01
1.177390778815324696e-01 6.142358048126316250e-01 6.261930639429985623e-02 5.989141763537383367e-01 -2.621339743775570330e-01 8.375067484035428333e-02
2.887767445561487678e-01 2.708666743228171220e-02 -4.679499192150483045e-01 -1.460390081310987132e-01 -5.830161178008587408e-03 4.319677123542320918e-01
1.449921429466529965e-01 -3.053520255507966574e-01 -4.067088933468052669e-01 -9.210125063538410206e-03 8.091795223812425775e-03 5.302941118558076594e-01
7.170514492191872036e-02 -5.821388549379254984e-01 1.721914754365062861e-01 -3.712715604358658716e-02 2.468048388942218896e-01 7.208333283081849174e-01
4.648055788475499162e-01 4.227048867398441878e-02 -2.054609151753120921e-01 -3.657802555478608664e-01 3.249348555257184912e-01 2.743599132742118307e-01
-4.523470861939453413e-02 -4.711280411014791558e-01 7.871946803540139093e-02 9.263775954280602243e-02 2.513930890393480388e-01 -5.987422644800853844e-01
7.318556777169652472e-01 -1.450870471258455530e-01 -5.467979033267366534e-02 2.409740105902932750e-01 7.154175953499259943e-01 8.158080249072374723e-02
5.026606305016040332e-01 1.381213255250488339e-02 -2.585832226837124770e-01 -2.404400166166112962e-01 4.021415225210056010e-01 2.863954128050393289e-01
-3.376832133749170795e-01 -1.137201887186213567e-01 2.440670308885859452e-01 1.328879933803099878e-01 1.315529136606451155e-01 -6.035200411117951358e-01
-2.853048758052373901e-01 7.248122795983101552e-02 3.617899649764901859e-01 2.742038806464445755e-01 8.922107466455031499e-02 -4.668654091002093498e-01
-5.021764131069074155e-01 6.129853298304763221e-02 9.472536698533501331e-02 3.037114592442149430e-01 5.431207014115616571e-01 -2.493562152131689191e-01
-4.675686682567538610e-01 3.033652912178906869e-01 1.157318565563271867e-01 5.010409109751419177e-01 5.045063993082681275e-01 -3.034256850290388552e-02
-3.412308550118961503e-01 -3.466236064206339451e-01 3.440852560660794257e-01 -4.734279779289920498e-01 5.415511639368471020e-01 -9.599371183954319431e-02
-1.827333144709797907e-01 3.434031373205958526e-01 -3.963533775425664984e-01 1.067917855296509622e-01 -5.833311664798652707e-01 -1.568982739655090941e-01
-1.385333005402589494e-03 3.564307579610805909e-01 4.376572428069609444e-01 4.332057559323985174e-01 -2.623738704681435330e-01 -2.167214069444090008e-01
9.327334273882478821e-02 4.581425093396106207e-02 5.177013250894761942e-01 3.128140642760929985e-02 -4.062114024430262815e-01 -3.721468689984220868e-01
-2.915496046534143404e-01 -1.362389331710691653e-01 2.006199383827413640e-01 2.999188342818812081e-01 3.400484960838303095e-01 -4.500069673606376108e-01
2.625731621777560032e-01 6.226296786295422159e-01 -1.023159626865910721e-01 -6.937569249166946062e-01 3.308923583131834767e-01 -1.202631199141575569e-01
-7.716466358971491024e-02 -6.387388508123111042e-02 -5.395623895479590981e-01 3.449197563728244043e-01 -2.517709277689360037e-01 3.473082006590346715e-01
4.413632670176817485e-01 -2.890958432645654441e-01 -2.162115307173445578e-01 -1.516863093112846284e-01 3.022163841569040499e-01 -7.626930489024464910e-01
5.992405282887903750e-01 -2.422154443734056417e-01 -7.777235322024553255e-02 2.725337750629720501e-01 6.871165370070857481e-01 9.428800183010913050e-02
1.884245951638028327e-01 5.942860889695350535e-01 -2.771909030709250876e-01 -5.687608201156508780e-01 -5.890573843059676573e-02 -2.804594663267718224e-01
3.766386714335326347e-01 -1.754520825143954799e-01 -3.655957730038694731e-01 -1.641336885574930515e-01 2.025350976248251333e-01 3.858634383443826366e-01
5.360472801806392962e-01 -8.270641415378511552e-02 -2.402005717805367202e-01 -1.689093376377643896e-01 -2.455041846697811891e-01 4.501131633494099282e-01
3.581189775855749269e-01 4.350943506462310317e-01 2.070850686963137954e-01 -3.700577615656000519e-01 6.301643517926863725e-02 -3.685160617585538922e-01
6.077092903279363717e-02 2.570403325500190128e-01 -6.320844594519628989e-01 1.059927575299995234e-02 -5.341006097947359477e-01 -2.251181033372595675e-02
7.128513530645563812e-02 -4.714113532495578518e-01 5.258497237800843216e-01 5.027906629923651893e-01 4.248267188615920675e-01 6.286130327721277666e-01
-5.488652627787715677e-01 4.927043942669153131e-01 -1.073439479859826934e-01 -6.488386672202720584e-01 -4.888862115513569750e-01 5.539879677916333123e-02
7.715354635514666548e-02 -6.170825096704608548e-01 -2.073569338650535845e-02 1.887182635522737795e-01 1.066347800402964729e-01 6.602831011048365673e-01
-8.020040807992248610e-02 -2.895437739807396604e-01 -3.632410456668647702e-01 3.579993496040866363e-01 8.853833321318416161e-02 4.522556695843237273e-01
-5.432937674650125670e-01 1.520003209078843176e-01 9.877379918400240599e-02 1.882926782400649035e-01 8.178670668627802121e-01 -4.752298510071771565e-02
2.472579886719972753e-01 1.136628497748435745e-01 -5.028140725697707314e-01 -2.865324960112695662e-01 -1.012931575353146624e-01 3.150255409137522333e-01
5.139473579162631145e-01 1.327996722171563837e-01 3.893033931960699912e-01 3.550861811524440581e-01 -2.063033511715783863e-02 -5.860028968311229436e-01
-3.353398814237009695e-01 2.321890274934670650e-01 2.240055842528073937e-01 5.051724828471056972e-01 1.125204861811756607e-01 -3.044056246821349454e-01
-4.464293845239852287e-01 -3.063303902433041695e-02 1.546607099520861950e-01 2.115827411450155737e-01 5.092818598609835101e-01 -3.702316070370502143e-01
2.497239216406980100e-01 2.294700232524762573e-01 5.267934597075583092e-01 -1.717255339323569552e-01 -3.671550885787054908e-01 -1.561551711056277103e-01
7.739610908239187917e-03 -1.245747035718129253e-01 -5.560233197882119560e-01 -2.864159455223476147e-01 -1.547215881160035333e-01 3.992586668384023874e-01
3.498910124351272688e-01 5.599120873168400569e-01 8.003193865313938671e-02 6.345502847596031781e-01 -3.743744665389828752e-01 -1.346253089857664675e-01
-2.525163555326149778e-01 5.797971023699799442e-01 -1.358283594720108567e-01 -5.116527980990565050e-01 -3.442437715180153290e-01 1.452352765934170897e-01
-2.809001078082017447e-02 2.644837566030910914e-01 4.568284370928051286e-01 4.848000195469565066e-01 -8.877325429549992597e-02 -3.255738258393550688e-01
2.655193286242781281e-01 3.394960913709120787e-01 -2.823004702256004528e-01 -5.201824278992694950e-01 -1.288178173053742270e-01 1.218713159447741834e-01
3.275689858413929345e-01 -4.130917987512928713e-01 -1.920651205869461364e-01 -9.781143564019595393e-02 1.096934948274326249e-01 -9.308120554962908688e-01
2.632406538957075548e-01 3.117604447188471739e-01 -5.263757180895026755e-01 2.328684656742580350e-01 -5.576980836928764340e-01 -3.330432614431894089e-02
5.905028569622917251e-02 6.207327944993350499e-01 -8.590534669926462585e-02 -5.004953785931929300e-01 -1.921999356884943611e-01 7.549175911205792400e-02
3.969907623707976119e-01 5.594093284231439478e-01 6.364712891341216261e-02 -4.372510003712564708e-01 1.776194934088315969e-01 -3.341935467053266939e-01
1.497475050266688923e-01 -2.931782824139476107e-01 3.649458079200680327e-01 1.437812228769214662e-01 5.446201755388047072e-02 -5.726631859124293733e-01
-1.362308784824007579e-01 -3.484948754480511890e-01 2.450198863511592884e-01 1.800531458291135534e-01 1.368920520856442558e-02 -6.317851704797394774e-01
-3.422692539714385918e-01 1.705649263405902560e-01 1.971967926921441849e-01 5.075240049238685103e-01 1.327943333202604437e-01 -3.285643692806532457e-01
-5.007279277009641927e-01 -4.137163468523173404e-01 -7.920269837069747465e-02 -5.402180960710942781e-01 5.851830525258694404e-01 -1.045111262949380282e-01
5.192789258922385631e-01 1.028480969226266278e-01 1.184490537235527580e-01 -3.632923021869479685e-01 4.127355494875455388e-01 -2.351577817726258623e-01
-3.890375916503962528e-01 5.178106129856311357e-01 -1.434511837251452870e-01 6.086620406644345227e-01 5.236745901252051194e-01 -7.591558236587454822e-02
-4.946893172991213561e-01 -1.688773984029766084e-01 1.118481172916686341e-03 1.799151254413355883e-01 4.789548874116146826e-01 3.549859355835745522e-01
-1.105790770249630434e-01 4.165468312335423029e-01 2.818570332330296302e-01 6.174817313061045088e-01 -2.244349161691686634e-01 3.881411753936139797e-02
-5.657101825176592547e-01 2.184015188863639573e-02 7.441347925952260245e-02 2.155169783732594491e-01 6.440144501892585138e-01 1.252393154104704531e-01
-4.387678425076456667e-01 -2.548683884600153604e-01 5.386678453747581474e-02 3.944002750547281888e-02 5.076836873205157197e-01 -3.818298585300597958e-01
-7.116883767046664096e-03 3.972652400936059203e-01 -2.958024613135950553e-01 9.053234202151307919e-01 8.163138825155558109e-02 -3.536443943456490935e-02
-6.841993494240000695e-02 -1.556232089910691563e-01 -7.406213525198572789e-01 -2.323420937949514931e-01 -4.042658082253312024e-01 2.140023344286433593e-01
-1.258568989684132056e-01 4.595293715268288781e-01 1.977227527659188022e-01 6.559176859694174633e-01 -1.278864297437179443e-01 -1.149286510943001161e-02
2.978081505796369433e-01 3.953514312893847138e-01 -3.989080885798010900e-01 -4.686574798654983276e-01 -1.746826518663817107e-01 -1.029493391110514744e-01
-2.341921935797952048e-01 -9.028543502091251893e-02 4.312000412643998137e-01 5.689324712110941373e-01 -1.868416336676044787e-01 -1.567350515030094815e-01
-4.105290340600808996e-01 -2.280023236960820598e-01 2.304083805640711191e-01 -6.038890960313675338e-02 6.538711511997973291e-01 -8.534637794376606634e-02
-2.819457208380967139e-01 4.502412837279944346e-01 1.019348976417286667e-01 6.899834521881931249e-01 2.531951005201479865e-01 -2.662047682255511138e-02
-5.689477765168188955e-02 4.838791813707135625e-01 3.809119471765002318e-01 -2.989939385442489383e-01 -4.595792291978132993e-01 1.544738235695777839e-01
-4.595565000171337178e-01 4.025770824365608180e-01 1.954004373901334704e-02 5.058833458479208289e-01 6.622067568608369648e-01 -3.226953744271454649e-03
-3.362049604170109784e-01 6.147411488707680283e-01 9.970210650396375829e-02 4.903635491552712500e-01 2.549904158705862400e-01 5.325576356234240638e-01
1.319995283297200617e-01 2.864065238576322669e-01 -5.794342805200305424e-01 -1.334998086065949385e-01 -4.359530342206142106e-01 5.908492117979113889e-02
5.151556924006299720e-01 3.108321333744928916e-01 1.007870236327004648e-01 -3.574726538789942953e-01 1.508358287941887754e-01 -3.606465596595591072e-01
-2.872272358715792784e-01 2.527377750525879319e-01 2.132009383445208350e-01 6.117178437042694039e-01 4.160255747488636469e-02 -1.706214995154713143e-01
1.812233440576488663e-01 -4.865331989448389294e-01 -1.530794791121038168e-01 -2.964220000756336848e-01 2.301293150160719225e-01 -6.612622870769399031e-01
-1.378142153607187503e-01 -3.983431242566458641e-01 1.860305302950071571e-01 -1.267836645216195712e-01 2.180075927201106101e-01 -6.013639836752289192e-01
4.417401884469100981e-01 2.163129195870912569e-01 -3.211792725823388595e-01 -4.046078149501798338e-01 1.156210237358391707e-01 2.018467298837336998e-01
-4.666845825922180668e-01 -1.165023211096749035e-02 1.968760918458152265e-01 2.367115274671761083e-01 3.662083772380638758e-01 -4.051677468354959455e-01
5.739316565942910175e-01 3.431276565081062963e-02 -1.946218367547150330e-01 -2.493311373246547280e-01 4.012129559116999200e-01 2.385324343027161731e-01
1.005032080054688581e-01 -3.810497467667866567e-01 -4.004598138317385647e-01 1.071891224413264176e-01 -1.118446038687437860e-01 5.625998362343416215e-01
-2.237772976122176238e-01 6.784729526163111313e-01 -3.955421165875995515e-02 -6.344358246763008857e-01 -2.279299561522255546e-01 -1.385155229146912970e-01
-3.511427695723613462e-01 -3.386969710849470072e-01 1.170167109925510790e-01 -9.844974647363169407e-03 3.923402147910595161e-01 -4.738305180318583831e-01
-3.504191210695932757e-01 2.121930383113349305e-01 -3.160339585202318058e-01 -2.422163040023188607e-01 -7.616295918051556590e-01 -1.161298928994778379e-01
4.738713392331279223e-02 6.585989257910006556e-01 -2.008726051649476485e-01 8.066742271506338602e-01 8.922939690546138891e-03 -1.633996396723747524e-01
-3.240839067284480013e-01 -1.111433750513511620e-02 2.922104034515488058e-01 2.687315242452958941e-01 2.884583199958555833e-01 -4.553363092542247470e-01
3.530763345213894788e-01 2.757452029308320451e-01 -3.952277201362596193e-01 -3.328225383338802579e-01 -5.733576131041701052e-02 2.517651758649176452e-01
-4.245185667449657974e-01 1.413158676561140636e-01 2.291906543620599868e-01 4.058192995998010089e-01 3.123119369909673759e-01 -3.011859778400481913e-01
6.107324962834446147e-01 -2.952992213491560936e-01 -9.510326773005632617e-02 2.078283773737016338e-01 5.298638514469022898e-01 3.008439184694806090e-01
4.458150102363793166e-01 -3.367147319864949861e-01 -2.579963405590143116e-02 2.768098374717908872e-02 3.240584457286666553e-01 -6.491316029971200274e-01
-4.345667271881121368e-02 -2.604323282411112953e-02 4.949459360619833936e-01 2.083628860229981283e-01 -3.153661228640024516e-01 -4.285686415890926360e-01
1.524055400684650452e-01 -3.718835190118859324e-01 -3.191078447009498831e-01 2.514792726788905863e-02 9.199362292561535925e-02 5.576039079134392784e-01
-2.074492060036793872e-01 1.498106826432064609e-01 3.781144932440156925e-01 2.480079511471731113e-01 -2.794573424254986893e-02 -4.942165415449575328e-01
3.531620419587960802e-01 -2.452020504811107671e-01 -1.653365545110912216e-01 -1.279995550922538028e-01 4.351720828324039392e-01 3.874514303810976390e-01
-3.040674077493839000e-01 -4.513582377278996804e-01 -6.397193613048089700e-02 -2.665979239443561077e-01 5.061151548703883840e-01 -3.500501426574884056e-01
-8.093652866813200175e-02 4.022481894736092828e-02 5.012373745627951571e-01 1.732491654375470369e-01 -3.618687583243485606e-01 -3.783707131835909454e-01
4.696770781598875316e-02 -1.655894055395466802e-02 -6.727999229454929564e-01 -1.093750935806733215e-01 -4.259056570468748859e-01 2.260839372655516488e-01
7.622606148942381310e-01 -1.751622284861319157e-02 -2.900769696382337302e-03 4.697753208462662755e-03 4.558565945613776704e-01 -4.523634336983948234e-01
3.740775857716784336e-01 3.626055136458698480e-01 -2.757522143242159274e-01 -5.400029767296379291e-01 1.418514257480800178e-01 6.443061583288051120e-02
4.959968071664486167e-01 -2.759293669165164831e-01 2.239932979827158679e-03 7.102765369258245975e-03 3.562161784083769378e-01 -5.989044967715432266e-01
5.025911063599726170e-01 -1.609922480845933884e-04 2.120407111321171711e-01 -2.277381761874308630e-01 -5.062735932638935676e-02 -4.691878003438139100e-01
-3.712126916748343525e-02 2.513435049542803168e-01 4.425851372453189492e-01 3.622300344559096219e-01 -2.590388965076196315e-01 -3.190107796110415728e-01
-4.544161773855401321e-02 5.164571633196013423e-01 3.433760663588821260e-01 -5.961635364358714995e-01 -2.803514066551073824e-01 9.477704970514552740e-02
-2.126101760796696993e-01 5.386336335851138468e-01 9.047824483677573137e-02 5.856070510500601678e-01 1.936181984822038515e-02 -2.148184006929819145e-01
1.026220566809493348e-02 4.619569597667733118e-01 4.190015141015641098e-01 4.308385578509136282e-01 -4.095535445398699181e-01 1.668409048308573395e-01
9.977821316230760240e-02 4.829392612860375911e-01 2.662607878024700891e-01 5.872273036078857755e-01 -2.775531393961129245e-01 -1.627435160552860305e-01
3.931079657636578628e-01 4.277376308601051336e-01 -2.534092179024285407e-01 -4.362601551957521751e-01 1.530033350169409112e-01 2.330777671483723612e-01
2.825230357347439936e-02 2.397756273444762165e-01 -5.677299656039911380e-01 5.224942980508751056e-01 -1.858312835183756895e-01 1.902829685341945742e-01
2.825104294672053928e-01 -4.355209377157741590e-01 4.233995294679884780e-02 -6.316119424929694803e-02 1.044142917702828299e-03 -7.882755170082715868e-01
-1.298804350269953667e-01 2.800331117242246814e-01 -4.737968320437947467e-01 5.702442254634945140e-01 -1.510332000791859697e-01 9.541955440452332127e-02
3.110311674149385808e-01 -3.363266523567323696e-01 1.082789755551355482e-01 4.481192447075155183e-02 6.747088641427556599e-02 -7.669780509054923145e-01
-4.733365956446686229e-01 -7.099475785045214482e-02 3.891867349030926904e-01 -2.870261962338533923e-01 -1.633163031258558495e-01 -5.889570006232072163e-01
9.855214036760485963e-02 3.919729044122346462e-01 -6.047334198829593666e-01 -3.648612647131914688e-01 -4.239626854382655408e-01 -2.590498518518219440e-01
-1.310794206868127476e-01 -1.067090040124816508e-01 6.415557015481284653e-01 -4.816476434959379160e-01 -3.159933117918142242e-01 -2.712980653136713993e-01
4.273597054395422701e-01 -3.636112134149180886e-01 -3.147750725227494994e-01 3.808995186184270243e-01 6.339516503018313154e-01 -3.668306579462687345e-01
3.485271385920128973e-01 1.001138378727678968e-01 3.811699965784958177e-01 -1.215998939821727465e-02 -7.065732729820035640e-01 -8.697602859200687098e-02
-5.593290764900357148e-01 1.934331149815569362e-01 7.754923646479027800e-03 3.438626286700121604e-01 6.042751408928543899e-01 -1.165574790943009892e-01
4.937706442323692158e-01 3.239659669235012696e-01 -2.339606215354199659e-01 -4.317688490627302200e-01 4.436252597555921939e-01 1.252862295154615890e-01
-2.173425834030602022e-01 -2.950551938010470554e-01 -2.885386820147269882e-01 4.106036441191154296e-01 1.318781132634682107e-01 3.621620838213247540e-01
-5.086168292031405525e-01 -3.846911627049851012e-02 -1.239492190072063738e-01 3.070291787802313932e-01 3.456068937024200372e-01 3.087252639751757455e-01
5.944196779524830720e-01 -2.395565050601353510e-02 1.931606334827327687e-01 -1.509935106993699483e-01 6.421649909731300676e-01 2.185076092252319357e-01
-3.916390220605049655e-02 -1.444598669617409847e-01 6.162678143020858812e-01 -5.228996851463019180e-01 -2.720578042527672658e-01 -2.495950262807961062e-01
2.870038482729251883e-01 -1.782941490543877017e-01 -4.049369854070685726e-01 -1.031399101235104254e-01 1.282290920201309137e-01 4.632976317704984304e-01
2.199063670122132497e-01 -2.596657228265705220e-01 -5.616421958879000975e-01 3.612697399178103064e-01 -3.084109685433348291e-01 4.271147498883434146e-01
1.575622048863440094e-01 2.504829969413550628e-01 4.792595079042691886e-01 -2.922875489826569639e-01 -2.647811399823140621e-01 -2.502184342874776979e-01
2.371108105513446696e-01 -3.922821733483672357e-01 2.525801703910908191e-01 1.404939597054607470e-01 -7.822694381738864999e-02 -6.918956085132009770e-01
-1.796973779690728967e-01 -4.371162497694112137e-01 -1.883969078747861625e-02 -9.266489274071891546e-02 4.433069768560266022e-01 -4.849730285068796221e-01
1.067179784464225428e-01 2.634342586951567977e-01 6.815623172022657883e-01 1.879114304574616701e-01 -4.735934043552455508e-01 1.059447352494480299e-02
6.106751986478332617e-01 -2.081352151602571809e-01 -7.877586866248280362e-03 -6.500497983505071353e-02 4.958075954698349386e-01 2.110306490855868577e-01
1.576317732071451094e-01 3.512235743411101785e-01 5.599652134352290922e-01 -3.317837125479544680e-01 -4.713760549097855135e-01 2.704788886124686043e-01
-3.389957081409131212e-01 2.294499911920897250e-01 -3.705931286670070546e-01 5.895827530554389462e-01 3.310045926719574760e-01 -1.362155512020485348e-02
-4.773143958992688840e-01 -3.694522493588938555e-02 6.531459401382709584e-02 3.454646783092545914e-01 2.342943156982533470e-01 -4.341488247078489349e-01
-5.024796158504051258e-01 1.547467530888707588e-01 -1.915784820177482140e-01 3.444818169475328817e-01 6.593966953270057330e-01 -2.429199974284584895e-02
2.040066641981884143e-01 6.170845902108904740e-02 -5.114777925686777582e-01 -1.670419075940279274e-01 -4.205617418211995279e-02 4.113200500096195755e-01
-2.392298344421960876e-01 1.003930039616063169e-01 -3.689703458158051230e-01 5.167707420590188505e-01 1.644677761110031888e-02 2.801953952791330638e-01
-4.155626695075748667e-01 2.459439202153644310e-01 1.532392744857050126e-01 5.396149485177179628e-01 4.391166024359093312e-01 -7.108199705858708750e-02
-1.916766571378925033e-01 -1.447694124448352937e-01 -3.896026876204270462e-01 4.053025821964783004e-01 -7.922884545701586179e-03 4.008964051087852143e-01
1.377141781663718256e-02 3.867015718304288585e-01 3.521643029169527761e-01 3.335015771177489707e-01 -3.728648995701433488e-01 -2.142555067272451375e-01
1.238005461525794881e-01 1.756959970053594278e-01 -8.129289393765435356e-01 -1.991002518983034653e-01 -4.626836324922101173e-01 -1.142111685558432344e-01
5.597280548821301771e-01 -1.962468869835713448e-01 -7.553938677527460843e-02 2.193392004516339644e-01 7.335170205261090093e-01 6.472644681161474067e-02
2.993978326698358838e-01 3.243508474291880161e-01 2.538268530054937910e-01 -3.694085750663312906e-01 -2.523440934886828635e-01 -2.153436214393258386e-01
-5.522917809136365097e-01 -4.883648373095568485e-02 7.571075116088774905e-03 2.108065658539211018e-01 5.881773732843829094e-01 1.166318798584999594e-01
2.821806440987493780e-01 3.690080888824793376e-02 -4.754315905259305364e-01 -1.542680413463101696e-01 2.038795820401471948e-03 4.236219034432195940e-01
1.766473917276686068e-01 5.236212398221189446e-01 3.290691089614259379e-01 3.390474187499313286e-01 -4.620854414458589465e-01 2.842520393691673752e-01
-4.184379689632355404e-01 1.079598865077202458e-01 -1.735979030445440330e-01 4.985538146749495803e-01 3.320316552062950732e-01 1.564292340401995940e-01
-1.572796687856639342e-01 2.454723050048068234e-01 6.049285443946278429e-01 -1.966437623979630234e-01 -7.145982827341834653e-01 3.279539341997724233e-01
2.751925266613745591e-01 -3.559525747554743158e-01 1.773477725757258983e-01 1.443690752739732464e-01 -1.090066191307345334e-01 -7.828099850702102680e-01
-7.194477692678247216e-02 4.946602011891821915e-01 3.237739049291080695e-01 -4.357129793248519789e-01 -3.828160823343311758e-01 1.119100907931941391e-02
-9.218550283426506231e-02 4.594493650066315271e-01 -3.681614663699376844e-01 8.024406840005775532e-01 6.484180269886419268e-02 -1.585693443832778549e-01
-2.037575276795912105e-01 8.955019942532245480e-02 -3.970641974962091370e-01 2.754913845485033042e-01 -1.482567395444724101e-02 4.743864076354864512e-01
-3.276784568539261588e-01 5.361640410152288538e-01 8.848051001116315206e-02 6.519302185157910268e-01 4.184824180203710609e-01 -7.436260083385883013e-02
-3.137769719471821817e-01 2.584691022358635570e-01 -3.684553436922604064e-01 6.319141166163630974e-01 1.946578968963438572e-01 -4.971329267825563836e-02
2.089810103181815037e-01 1.961223138563535640e-01 4.569484617677883609e-01 -1.981027487509106066e-01 -3.189980785963093535e-01 -2.973285393276924315e-01
7.327105731919147935e-01 7.712933037556148064e-02 -2.078574173212861531e-01 -5.573282410700453049e-02 6.914614337889851692e-01 -2.387293458547763425e-01
7.461065909605778257e-02 5.102855578599003739e-01 -2.423719799988295065e-01 -6.323074867513910347e-01 -1.395202515421249956e-01 3.694709407056459560e-02
5.171498205140708793e-01 2.315608807283539294e-01 1.181415466831715333e-01 -3.401079017325699949e-01 2.139167837219555224e-01 -3.964436100103828631e-01
5.351778794153975172e-01 4.885378184617915065e-01 -1.003149521373664262e-02 -4.596106285199336172e-01 5.902914585822331972e-01 -3.549118949019281974e-03
-2.364997948012101947e-01 -3.229085431335761425e-01 -7.151874573768035592e-02 1.078496184751829290e-01 4.177986296937722943e-01 5.053489736732087456e-01
-2.737720584549793168e-01 9.542920604154200848e-02 3.511845078477479065e-01 3.638998407608481367e-01 1.576954436009497251e-01 -4.166028745770188335e-01
5.066896219577295968e-01 2.034983110835570930e-01 -2.172977730291476006e-01 -4.180804227626686576e-01 4.436415697837921002e-01 7.788281523617934798e-02
-6.464194456456784366e-01 2.229120093227006660e-01 -1.881407395229177104e-01 2.333104251927315964e-01 6.966557919667669685e-01 -2.286645937414642227e-01
4.742089645578005941e-01 -6.669486865572583911e-02 2.305221086869032876e-01 -1.455562865366111236e-01 6.860279025089247584e-01 8.487284152349588995e-03
3.203956295960772721e-02 4.912472022262565075e-01 4.461922684855887944e-01 4.581087023719304097e-01 -3.975489299432651835e-01 2.773535173620954586e-01
-5.398010145263717335e-02 -3.915538073362934135e-01 1.651966987607756954e-01 6.486225545260740355e-02 1.307451280266371807e-01 -6.792441318034241338e-01
2.873593514527011950e-01 2.543967651947457442e-01 -4.128709922056439385e-01 -3.390030581728346037e-01 -7.669678078419062128e-03 3.212892839726886329e-01
1.362135970420217945e-01 -1.004633521812321600e-01 5.860751361433377271e-01 -7.289846770134622567e-02 -5.039393100261451153e-01 -3.046994121122214016e-01
-5.345765627062261105e-01 -2.758539840636571941e-02 1.551740879533558271e-01 1.620716766916556750e-01 4.499084718799863380e-01 -3.802517560089915261e-01
1.249721625333823638e-01 -1.814507647564243542e-01 5.344564086629278732e-01 5.307869726233668262e-01 -2.059660666171535537e-01 -3.791700685619319167e-01
4.670497895545955847e-01 -4.421464346679478963e-01 -9.062799415682232240e-02 5.664627797764820727e-01 5.337283259676656177e-01 1.037569562110685351e-01
4.972663394661051561e-01 -6.150048781275188614e-02 -3.443388417333820284e-01 -1.635661911953125158e-01 3.292095227385706258e-01 2.964778669084977558e-01
6.833005363380989516e-01 -2.792287389996961910e-01 4.827912712524014271e-02 2.580554735919004528e-01 5.772894217275486017e-01 3.407569501381981780e-01
7.450329529346100266e-02 4.007383885064380591e-01 -3.977030062075649353e-01 5.373102545655993323e-01 -3.447113673638634301e-01 8.199938061387374022e-02
-3.123460642051337222e-01 2.279593303323322329e-01 2.678860383134484269e-01 4.857101583481267526e-01 7.182915884974572229e-02 -3.141188029008140092e-01
-3.297865152372808639e-01 -1.304875308491615093e-01 2.903641366658770151e-01 2.212339920211155997e-01 3.035526350563938491e-01 -4.223669030408114811e-01
-2.882560080145453729e-01 2.743285724609615950e-01 -3.599713884641263517e-01 6.664139234063404249e-01 1.776302189146802823e-01 -7.844918603192052586e-02
-2.710284190216034617e-01 2.787792092015483059e-01 2.419168055305014609e-01 5.639293832422098696e-01 1.119853402329029357e-01 -2.825117155410103997e-01
-4.263464359827822715e-03 4.568421027077048668e-01 2.701358602984306190e-01 5.427303879774690865e-01 -2.566353189280626834e-01 -1.677541879113690904e-01
1.364770999831329545e-01 8.363891053583952240e-02 6.121755559800857727e-01 -1.223060946505996061e-01 -4.661538564002060125e-01 -1.820279265103694755e-01
-1.580029410812092139e-01 2.883909090130021280e-02 4.071801715297605484e-01 3.397487940735042788e-01 5.414810557824962373e-03 -4.598230079574096574e-01
3.842555436648920075e-01 -2.123806825688756283e-01 1.491318452096068448e-01 6.064241089763994230e-02 5.265480220720283877e-02 -7.591801783319038766e-01
4.932403049565966535e-01 -1.624262221140665083e-02 1.787130368241192646e-01 -5.013720737263294147e-02 8.039733290181504399e-01 -1.351458434457886160e-04
-7.950508077340472102e-02 6.366551424423759764e-01 -1.818926370738407072e-01 8.199860043425851730e-01 2.021583923154288143e-01 -1.357584639916203650e-01
-5.463369475712644974e-01 -3.898012013581820812e-01 5.767002866486452273e-03 -4.286900703442366733e-01 4.950670862284879403e-01 -4.449738604931193775e-01
-5.319659272313884690e-01 -6.027563677389016078e-02 -1.699400104749281548e-01 1.497532754040001857e-01 -1.718149927028353174e-01 5.531214674348868821e-01
-1.178538437218469986e-01 2.107122750136699585e-01 -4.533810421218157916e-01 4.912713538485553033e-01 -1.125531152073939167e-01 2.708191934277466850e-01
9.254596198082554181e-02 -2.436019657881859923e-01 5.606226782656356100e-01 5.501336546817674478e-01 -2.834507371015322352e-01 -3.276484396445691338e-01
-2.740547811640307516e-02 2.422152526416959384e-01 -4.438944425380453307e-01 4.589476399740315404e-01 -1.306722756684000342e-01 3.463052383999433159e-01
5.689587837040376295e-01 3.571741040919771543e-02 1.907026281618088015e-01 -3.659359096030800895e-02 8.302716812469203012e-01 1.460950925662714839e-01
-9.743949015021854954e-02 2.266739545408313627e-01 -4.911982852497793761e-01 -5.377789537135482106e-02 -3.383833896857251222e-01 3.326972559913400351e-01
-7.062482420544523576e-01 -1.136119922947338157e-01 -4.675511873518745087e-02 -7.284227797522468961e-03 5.615229682341552619e-01 -2.826408788935609873e-01
-4.881549653463664873e-01 -2.598821793989338769e-01 6.344591180665529184e-02 -2.494164682927910437e-01 6.956259514707914260e-01 -1.097826708996750833e-01
-1.101514249019228259e-01 3.879790412349083950e-01 3.053927570206194653e-01 5.550433323703805044e-01 -5.999646012466292033e-02 -2.919629871378193742e-01
-1.073024064213451007e-01 -4.160688494014400107e-01 4.664007950959958015e-01 -4.643932548820405293e-01 -3.835798900676153922e-01 -4.671036738097646412e-01
3.355384383553902672e-01 2.841122171186925560e-01 4.379810690387115346e-01 -3.118510752108247241e-01 -3.641055702914899883e-01 3.710637813200579060e-02
-1.157664626032692129e-01 2.846671603239196990e-01 -5.008613614736929787e-01 5.203733472854444875e-01 -1.828921656988959921e-01 1.129092951431263092e-01
-1.185477294858082314e-01 -2.331653238343249224e-01 -6.445856104965216327e-01 -3.321061457272171946e-01 -3.234899945761636753e-01 3.281601202614393697e-01
-7.541167694370465302e-02 -4.467951366114326639e-01 7.962240513459580005e-02 2.829397991049521777e-02 5.049248799216636829e-01 3.685413329788643777e-01
8.361554835473497885e-03 -1.844085635546172455e-02 5.346526176180538270e-01 -4.499038870490663089e-01 -5.453586504698848536e-03 -3.540678758984346919e-01
-1.871042328424583597e-03 -3.682754469962041810e-01 2.711623873885422031e-01 -3.090417372800183804e-01 4.729337313074383209e-01 -1.738244466871029514e-01
6.391999730562442084e-01 2.644151041670009805e-01 5.103932680027259416e-02 -2.663932660091730131e-01 5.302874618765227588e-01 -2.794342345703555441e-01
4.668908657417665808e-01 1.116334581167197221e-01 -2.607582809610693997e-01 -3.851828112358209322e-01 2.207437563058418650e-01 2.511649474931342829e-01
-5.667346947035872828e-01 -1.716241220925820710e-01 -1.193272188947970547e-02 2.752669630782000887e-02 5.984877023713511823e-01 2.199749687419855770e-01
1.850586170762608118e-01 3.330078356980984977e-01 5.329307921071094745e-01 -2.823290223569499546e-01 -3.651943742157970907e-01 -9.344478006145351401e-03
-9.575158894777734131e-02 -3.143500211992424909e-01 2.570822659659217080e-01 -2.016274086486329886e-01 4.436708363511844277e-01 -3.864973253211134163e-01
-6.324540343230388162e-01 8.681560000909174790e-02 -1.355107962756446106e-02 1.054387585346271416e-01 7.604620648599793586e-01 -5.495961307920452926e-02
2.429909723234411068e-01 -4.866937721583528553e-01 3.353851595833778898e-01 1.071558721004189918e-01 -4.000567553903798812e-01 -6.515509340280308814e-01
3.883707897955290256e-01 4.156030132786315417e-02 3.829833389239141184e-01 -3.054755950023834710e-01 -1.297528634424246208e-01 -3.164657256113495576e-01
3.322953035947093792e-01 -4.595084419322801872e-01 -1.771047042962060336e-01 4.901882100675206688e-01 5.255662809028767146e-01 -1.085655146540232679e-01
-1.795523049143886718e-01 3.253440993609191256e-01 -3.649006993229238494e-01 6.927140831841928081e-01 1.615227454307971433e-01 9.587463876490881498e-02
1.390291897219408657e-01 5.244459454086909389e-01 2.085095859687797204e-01 -6.599447374202850325e-01 -9.213080056484579394e-03 -6.870640975745540002e-02
-4.799045457229564327e-01 -1.264875182527928563e-02 1.917565312037327052e-01 -1.334162404369371724e-01 9.182727828182331020e-01 7.629679520459631270e-02
-2.171144818283824995e-01 3.682884703901133094e-01 1.846274862313299348e-01 6.775921967529907608e-01 -5.857853745051927463e-02 5.315689286888725107e-02
-1.449903051452393864e-02 1.387383711931284846e-01 -7.146749282604613063e-01 -3.044747680842341819e-01 -2.861144185925577621e-01 1.428880015774730561e-01
-1.552219105422902035e-01 -5.176343249007860914e-01 1.400614422758848267e-02 2.644736462416964473e-01 2.283518687423464755e-01 5.310750356817256490e-01
-5.878085381501578777e-01 -2.469320713687832014e-01 9.733327677515477006e-02 -1.763447185922015215e-01 6.532015611092019114e-01 2.403611372666170642e-01
4.237280168564879768e-01 -5.693818969365928989e-02 3.074653001195951085e-01 -1.071733151737438439e-01 1.477257213193047536e-01 -5.148828373364358058e-01
-1.620662881824169177e-01 4.013818845849572714e-01 2.052816884151968391e-01 5.951358989631037044e-01 -1.441329849156753884e-01 -1.539652669452457601e-01
1.009347203383579861e-01 -6.578472958991377073e-02 5.958352121218871700e-01 -5.707578761401543854e-02 -5.305679443970484632e-01 -2.753761529383821349e-01
8.553973743250568168e-03 1.361054607445113251e-01 -8.067530980680498454e-01 3.378559167407966801e-01 -2.386670373528967659e-01 5.991050737980163632e-02
-5.609758582279300576e-01 1.404059059488300676e-01 -2.044935574738189661e-03 3.461513785920221631e-01 4.989660403398440414e-01 -2.223964870666585436e-01
-3.393668569540474467e-01 -7.308385332955667779e-02 2.532596029974086282e-01 2.558125377281795787e-01 2.862374201555819009e-01 -4.655238905294781238e-01
-1.233366957341349990e-01 -4.170144376350629067e-01 -1.280145158860023225e-01 -5.593848365828660296e-02 4.207003610409410510e-01 4.139185031192997855e-01
-9.085764600206175379e-02 -3.191923398113327703e-01 -4.018358957305895318e-01 1.557881178736924832e-01 -1.001553298540863723e-01 5.421919933866413688e-01
-3.729493374902303482e-01 4.044830658924509215e-01 -1.981416960062714339e-01 -2.940310746943539666e-01 -5.366121841422806238e-01 1.306616466764741469e-01
-2.329132543030598135e-01 -3.701620714270713597e-01 -3.691028959852125230e-02 1.451601026682008966e-02 4.835220729573456167e-01 -4.951701947408480020e-01
-2.631550014634743972e-02 -4.489728282536503134e-01 3.402401412594825980e-01 4.185717112106139559e-02 -3.348165487540254448e-01 -6.508808557651335480e-01
3.023587468541836798e-01 -3.262865254923914549e-01 1.991976614021150893e-01 1.039873889985991895e-01 -1.295785548565979994e-01 -7.609871013757991687e-01
2.094915388452307237e-01 -3.609459019789916789e-01 -4.685193691634524926e-01 1.925387923712722216e-01 -3.506080581004223928e-01 5.312834780874102769e-01
3.155576784109745403e-01 4.361071064941630104e-01 1.444821100129222713e-01 -5.053974891477748255e-01 -7.115162876332403741e-03 -2.154993239425719298e-01
-1.204562318638898420e-03 6.959775452629447523e-01 -1.616622729402883707e-01 -7.333093429646520001e-01 1.826183681473381171e-02 -9.293084870222512173e-02
2.378624568355377274e-03 -5.568716342232686856e-01 -1.548090656417519251e-01 2.177603163322904267e-01 3.454212276019001937e-01 -5.282770272559337288e-01
1.378182252465988133e-01 -9.353922358283395244e-02 -4.778303099446818414e-01 -1.781446171274635448e-01 1.739357064291325305e-01 4.324579103756719944e-01
-5.019483307191570098e-01 1.082116953289559286e-01 -2.266805529807066830e-02 3.994934351626487912e-01 4.904756575956232822e-01 -2.258354884070200852e-01
1.845719963709238631e-01 3.832610390223578078e-01 -5.392945424158868128e-01 3.914975343041823264e-01 -3.702020665864718674e-01 8.478491585631831029e-02
4.549120900613772833e-01 -5.831417159702623199e-02 2.451578026160470269e-01 -2.281815796234582527e-01 2.186106587596881590e-01 -4.306348259087170449e-01
-3.886783277099152278e-01 -2.362044632821376500e-01 -1.482823697003764762e-01 1.484269488015177996e-01 5.466184113775917064e-01 1.658931685788709032e-01
-1.748297638876312732e-01 -1.169780916858576963e-01 -4.490467261115761999e-01 3.219764540436633182e-01 -1.148481457923889310e-01 4.188121593964849176e-01
3.879999964652713351e-01 3.186179482347364922e-02 4.002873584554459407e-01 -1.181871542796019692e-01 -1.688857576247622672e-01 -4.384468000279376776e-01
1.267052410813317709e-01 -5.031982191842327978e-01 1.830249296779223045e-01 3.778565217423343614e-02 -2.037344010379963932e-01 -7.669301894355390337e-01
-9.219582430045911159e-02 -4.486080603237552200e-01 1.009953370020449798e-01 -2.943906407341992382e-02 1.816826111452509718e-01 -6.728232841909030926e-01
4.655632647603973884e-01 1.378197447732786018e-01 -3.206286021032371814e-01 -3.427832841614108506e-01 2.428097912710406037e-01 2.586407195275568505e-01
-1.450123849803589861e-02 6.747063659063746478e-03 -6.559259545882719644e-01 2.602290703926066207e-01 -3.540479536732495380e-01 2.353373133887203261e-01
-4.279648202938458601e-01 3.319578451032478839e-01 -9.945321454546639239e-02 5.516494010838415285e-01 4.906509486798038555e-01 2.372339099238642002e-02
2.196130467043399259e-01 -6.113728203682967655e-01 -3.459025585322502150e-01 4.746803527277398960e-01 3.276331534693341929e-01 -5.765721284698721583e-01
3.365353184015124621e-01 2.331214636815218400e-01 3.174104715078526762e-01 -4.543872643452056548e-01 5.657564823179664359e-02 -2.684846071098571652e-01
5.634262294211513922e-01 3.510266804800853957e-01 -1.408849739184972472e-01 -4.199274048150868355e-01 5.319931624194402797e-01 -1.245521098440083296e-01
2.958486008601057815e-01 5.035926113219495459e-01 3.585820941080888891e-01 5.397982339835696308e-01 -4.519782460052572670e-01 1.931344796620830528e-01
-9.015525179161508473e-02 -4.363068585030153157e-01 -1.010096606075581022e-01 1.046890728214239091e-01 1.475425469016996560e-01 6.871245671573890101e-01
7.324756522664375991e-02 1.077396748786005054e-01 -6.989884913998075655e-01 -3.231136291526597870e-01 -3.370476926161301012e-01 1.041690282109593024e-01
-1.010668708780100983e-01 -3.050688496777008707e-01 3.200578555312493800e-01 5.300801748833187943e-02 -4.001000599066240060e-02 -6.317849561546873272e-01
2.565395308533213736e-01 3.449831532570312165e-01 3.856213367878136289e-01 -2.398596168466919920e-01 -3.900000061775240612e-01 -7.631766514891330511e-02
4.519673216099232005e-01 -2.084843789049209972e-01 1.425975298297753879e-01 -1.436837152735265244e-02 3.042465483672839310e-01 -5.782616918805121298e-01
4.602115758765328024e-02 -9.300666945295064936e-02 6.409017487078494391e-01 1.360162532627052501e-01 -5.038482602819956968e-01 -2.663523887858838535e-01
1.358518892355609353e-01 -2.414563451637646505e-02 -5.489097568806546867e-01 -1.869053978952735229e-01 -1.707470494784721626e-01 3.861494705135545269e-01
-1.714576431031209977e-02 4.670738116496508940e-01 -2.888716356943312191e-01 -7.171445071513782299e-01 -1.351056139869605266e-01 9.503160649162362139e-02
4.265081678290116862e-02 -5.601346442364107947e-01 -6.887944243570530423e-02 3.173048032377437933e-01 2.034002354293802384e-01 5.155687376950990330e-01
1.608963727067341254e-01 5.398191068661680747e-01 -2.038554603428460177e-01 -5.212691108917943961e-01 -8.962994798299950272e-02 1.682253646619846221e-01
6.621890302867534939e-02 4.006657396180967612e-01 -4.605559018587218056e-01 -3.589436287429055294e-01 -2.852664940104551738e-01 1.299809661240697856e-01
3.473147083696730975e-01 -2.440362180106203094e-01 1.913222008873445568e-01 -3.807567184028248786e-03 1.302880439235363785e-01 -6.669286333898145624e-01
5.484197968072070939e-01 1.079650197299614200e-01 1.118765477325419366e-01 -3.759363337059535848e-01 4.883194072629644111e-01 8.193854734622922631e-02
-1.675821494723324090e-01 2.640524131620899939e-01 3.260632892681830652e-01 4.457418271566824242e-01 -2.275171305287014278e-01 -2.921543774217933986e-01
-4.616627182210578106e-01 2.861183763742639052e-01 -1.114721848189917514e-01 4.604253105197840257e-01 5.950677311860520513e-01 1.215599232996288775e-01
5.473990521390622588e-01 4.399064080223512030e-01 1.429106373576327638e-02 -4.046876065660987010e-01 3.989948929434791181e-01 -2.887885334818549032e-01
2.755468497270360251e-01 2.502114561550214944e-01 4.096276281634910199e-01 -3.267411476924652058e-01 -1.475282423681470445e-01 -2.825084136542327928e-01
6.100765592077579402e-01 -3.176467463309637917e-01 6.197983994421792792e-02 5.159293577226875538e-01 6.775527323755685671e-01 3.525341042630961846e-02
1.257357179810238423e-01 4.705786778899056499e-01 2.904223750021064365e-01 -5.053677666022480253e-01 -2.508131000617279116e-01 5.286802947981783518e-03
-1.084881037784913571e-01 2.697036755515593298e-01 3.641943481604575927e-01 5.512220154665036231e-01 -6.314829027640861403e-02 -3.095950309560522307e-01
2.854999875976291235e-01 -2.462433078510556372e-01 -2.465384081928150006e-01 -2.266106797900868663e-02 1.315298773521005327e-01 6.265733740935965912e-01
2.461329782732643856e-01 4.176875473274961337e-01 3.195779471876563083e-01 -4.990162728930680469e-01 -1.138966630171138750e-01 -8.312643669530006552e-02
8.871272184003123340e-02 -5.136991051384107720e-01 1.512277568228176106e-01 5.147415474561262139e-01 3.754365819689143846e-01 3.183719151304160722e-01
6.522494917688777261e-02 3.033711487446067445e-01 -5.951900190889939379e-01 -2.427880130833044436e-01 -2.940672767180061986e-01 1.452121303274264141e-01
-1.468302172160125367e-02 4.220240972252652933e-01 4.476035795231511627e-01 4.115923185048908639e-01 -4.088870877684867566e-01 9.000612851564293582e-02
3.402894213647356114e-01 -2.299225464883608572e-01 3.429109957815982823e-01 8.482055324718351663e-02 -1.482695255438310766e-01 -6.204520933978496799e-01
-1.464848950414840978e-01 -3.090167164232634489e-01 -1.980467329452168523e-01 1.568676422726023589e-01 2.252232830398480656e-01 5.909810619256359310e-01
-2.040281316977129167e-01 -2.843172880763221722e-01 -2.283464811520186932e-01 2.647761464388482811e-01 1.790632074582510502e-01 5.236515674883956972e-01
1.863600665919648014e-01 -4.714150414011989976e-01 -2.839970527580873982e-01 1.995531543395111240e-01 1.183934046350909597e-02 5.913835186759857088e-01
3.214521725406376262e-01 3.970270985104795702e-02 -4.533615200692981406e-01 -1.770336875337191751e-01 -5.498749265096720962e-02 4.083493437684836969e-01
-5.894849569691755498e-02 5.779022331004987634e-02 -5.806976248712373279e-01 3.388676318989962688e-01 -2.858805173209182371e-01 2.699684380810550843e-01
5.090784547574093155e-01 1.519913538872242620e-01 1.387733381121989962e-01 -3.468359609197723126e-01 3.012069474234889688e-01 -3.563480810181079983e-01
-2.827578812038197831e-01 2.114586821298541641e-01 -3.848408255764658170e-01 5.631338497399553944e-01 2.552884656273780584e-01 1.467098583658126287e-01
-5.218998680137982432e-02 4.459260225186874593e-01 4.534135068225556009e-01 -3.213234466379381593e-01 -4.873627354238103115e-01 2.156336189124267166e-01
1.504329791577810049e-01 -5.182266157466671741e-01 -1.543222786720536699e-01 1.767587141657716576e-01 2.071752562254020047e-01 5.334997039773137217e-01
2.646881666978077603e-03 4.249230645557474095e-01 2.372229415446678036e-01 6.763151860672717008e-01 -1.876349976412017839e-01 -1.762303642638017587e-01
-4.292441582662114841e-01 2.918254698968846816e-01 8.763674929407211378e-02 5.516084624903867528e-01 4.394890069938853228e-01 -3.934205274357405191e-02
-3.771869491688757958e-01 4.782292203807940179e-01 -9.161245605436471942e-03 6.107984074088490534e-01 3.496189419442264357e-01 -9.486032067894158148e-02
1.234638757492778627e-01 1.592971647667956181e-01 5.329324914231512444e-01 2.758196167741806815e-02 -5.158068228535310773e-01 -1.985326577487354083e-01
1.478331569853521821e-01 5.315820623552065527e-01 -1.272093624256143141e-01 -4.858177014929891957e-01 -2.107836376574016013e-01 9.045955357860377410e-02
3.783866905703801853e-02 3.491179120060821095e-01 4.727266477099032471e-01 -2.666497364174712503e-01 -4.129318527064029798e-01 -9.873373327309797887e-02
-4.099488702694349951e-01 5.407798569989421544e-01 4.866395731329968555e-02 5.708824855009702048e-01 6.415756949831136202e-01 -1.180994996629144006e-01
1.276929332937705719e-01 -4.590810652824313109e-01 -3.295270440107522236e-01 3.575992334959411656e-02 -1.492882738674528031e-01 6.168221241454414638e-01
7.266725367504593969e-01 1.934195284501656342e-01 -3.314278898975959314e-02 -1.750332652384919419e-01 5.955925730725644129e-01 -1.918358538622107479e-01
4.773029087297041978e-02 -2.797770608824438066e-01 -4.707399822131824174e-01 3.713381283460455151e-01 3.456676837476707620e-02 4.217094138502097134e-01
-2.188176805485417542e-01 5.037528260098412813e-01 -2.967321783030440474e-01 -3.590529399347988093e-01 -4.809195040027000045e-01 -1.930283956693220615e-01
7.885894782263173919e-02 3.296565002590782362e-02 5.479055671674065708e-01 -1.496498312823842103e-02 -4.495186417607907048e-01 -3.229595074337133775e-01
6.086881234571723809e-01 1.028511834785025419e-01 -2.865023272042815372e-01 -1.765032796650273239e-01 7.070026065873137311e-01 -1.505776479933685352e-01
6.695624274365231943e-02 -5.216768840109956562e-01 -1.700919172009475733e-01 1.380084402070343164e-02 6.571536859098747740e-02 6.374629386260559638e-01
-2.056481657628377868e-01 5.861479212248944526e-01 -1.378734447572070865e-01 -3.213641269831760128e-01 -2.663093851030176040e-01 3.719562887882320590e-01
4.967478271000971279e-01 -1.354219941310747799e-01 -3.541447777971175603e-01 2.167567038837522886e-01 -7.014349855564766534e-02 6.036358280492624129e-01
-4.531068156708841776e-01 4.750136236541439155e-02 -2.224667905117876932e-01 3.968003778536338677e-01 2.248187201780511013e-01 2.737351008727805790e-01
-1.529275501023456829e-01 -3.945596437455405892e-01 2.603544098432552523e-01 1.131685286424423953e-01 -1.848549000087338634e-01 -6.805051956935792568e-01
-9.282084549323646461e-02 5.997808210040959098e-01 6.102798088862865927e-02 5.226277508662494631e-01 -1.263347087797710433e-01 -2.455323926853751892e-01
-6.253692062250740813e-01 3.694275044353042409e-02 -1.749940821205554775e-01 2.049244183344992587e-01 5.726744373660007659e-01 -3.286301997587284252e-01
5.658972559216571829e-01 -1.408301520895549885e-01 -2.112562156046609296e-01 -1.258084834397189544e-01 4.187228696508867865e-01 2.453000087485644742e-01
-5.255258271387267532e-01 6.455568731377842040e-02 -1.499026699841935484e-01 2.795560291054893787e-01 4.193296320917091480e-01 3.254694504152606527e-01
8.560613665559246507e-03 -6.152046362709242544e-01 3.477774111145362501e-02 -2.361225946781670415e-01 1.836539742157793365e-01 -5.147266246636271747e-01
-1.887797359088290161e-01 -6.402119635540717280e-01 -1.486783714127466738e-01 -3.078208042162813851e-01 2.468789787154719306e-01 -5.946591828828744486e-01
1.997593008659353728e-02 -3.280363115692029874e-01 -4.006056675500843656e-01 1.359456673282837813e-01 -3.794791439283373702e-02 5.493415635463267943e-01
-4.643259137070558373e-01 2.923694746824011537e-01 -1.492998092325220627e-01 4.784146690799924717e-01 6.152079346901559997e-01 -6.554109442529880425e-02
1.029986496109563943e-02 -3.478358673400335221e-01 -4.159998422791805761e-01 1.525220044175699674e-01 -5.530277221461238346e-02 5.296201930969552940e-01
1.160088895707142437e-01 -3.455956449765197336e-01 -3.721237193468275861e-01 1.064864332753705511e-01 -2.997653933695419437e-01 6.267801353177464563e-01
-2.788716912201858866e-03 7.527793964105222724e-01 2.034009203811652094e-02 7.421103224222624917e-01 9.075219637462972333e-02 1.030770705376276852e-01
1.493407233276591028e-01 -4.569475604435543348e-01 1.386563807507829038e-01 -3.855183228950224139e-01 2.703964099871380977e-01 -2.913396068489613189e-01
-9.761439746010023080e-03 3.716624754757650306e-01 4.346527200937701507e-01 -2.479801777811174723e-01 -4.683044080686277200e-01 -5.289980774059699353e-02
7.587064366798133841e-02 2.320886501116356249e-01 -6.382908797682880220e-01 -1.806805684955856695e-01 -4.838054350546048266e-01 1.107583816649815311e-02
6.073534213695975792e-01 -1.304683557732490284e-01 3.321122611689768939e-02 -1.599047719222733699e-01 5.002713608480017227e-01 1.493244239155912811e-01
3.772284337097133178e-01 -4.474123950896718438e-01 6.854536749035989966e-03 2.512119752063161071e-01 4.362129483403131558e-01 -4.440624230501079017e-01
-3.916255902756585749e-01 -1.746439003943932866e-01 1.206101978548950321e-01 2.567377323464690164e-01 3.554535467168090657e-01 -4.258526997370466471e-01
-4.728634112089242225e-01 2.580504061748573053e-01 -1.031840783352509089e-01 4.635461014074783725e-01 6.014265152139961490e-01 -3.086483869148330672e-02
-4.044927977674322821e-03 -4.685698540290950120e-01 2.960660603923139789e-01 1.437101590754443631e-02 -3.712992583658409895e-01 -6.990215157687654779e-01
2.743854208618519697e-01 4.933565399907675619e-01 1.278520265644967346e-01 -5.420454427191487845e-01 -4.465221637289018553e-02 -8.187928504254909923e-02
3.982256648233255536e-01 3.955896304241474093e-01 9.875454776663554479e-02 -4.648176134076460464e-01 -1.506341109980879889e-02 -1.953889195880919583e-01
-2.131423014779109393e-01 -3.123394844238034374e-01 1.906153558591026920e-01 1.262595682472516800e-01 1.466016965401117367e-01 -6.304689048854998923e-01
-4.586789123148488773e-02 -6.719164754474723500e-01 9.414979405271181601e-02 -1.251568985420993818e-01 -4.157813054065873093e-02 -6.781110584186770263e-01
2.157302430325196696e-01 -3.903802969356622299e-01 -3.155339048742550334e-01 -4.312945447399110788e-02 -1.017375977912323703e-01 6.062453795737390294e-01
-3.537841679925501359e-01 2.932444031116636096e-01 2.269118855263305701e-01 5.553024981894099099e-01 2.737735551016775015e-01 -1.892399130375365668e-01
-4.773275614301085712e-01 2.841029583981580925e-02 1.229329021632676322e-01 2.626130580089943711e-01 6.613328304181679274e-01 -1.048761075948882737e-01
1.250496239647088670e-01 9.216890525615389906e-02 4.862426220497702567e-01 6.764573854087013727e-02 -4.700753685096241141e-01 -3.387338446181217821e-01
1.296854779781863032e-01 -5.751310263333824224e-01 -6.752022101662125131e-02 2.459159798112874884e-01 2.659840843730447713e-01 4.606992797450792931e-01
-8.883472576922947506e-02 8.555180326993698514e-02 -5.217434815757754363e-01 1.067268510055468661e-01 -4.294932230324823297e-01 3.128128619807896138e-01
-9.191541675927623889e-03 4.590564251780759192e-02 7.785865231256182684e-01 -9.874233582704153300e-02 -6.175898309577178003e-01 3.578479187804428641e-02
-6.751062158093471544e-01 -2.298450160318592783e-01 1.433308465083346361e-01 -3.299909051106639235e-01 5.069125016531372818e-01 -4.381188782796244796e-01
-3.761373949371109582e-01 -1.103640528468769616e-01 4.079795358310573383e-01 -1.203987932187450816e-01 -2.764427408607438852e-01 -5.443941497455275780e-01
-7.062332676718985347e-02 -2.463786465240985213e-01 3.708115339577847114e-01 -6.672218341998749358e-02 1.859999953695035679e-01 -5.308721639733848807e-01
3.901583113751710408e-01 -3.823047784235146795e-01 7.364582530017670103e-02 1.974100896156045504e-01 3.785547581551811924e-01 -5.459838129562394338e-01
-2.078960563278715590e-01 6.531850751034645741e-02 4.097530630292729459e-01 1.529778301576429356e-01 -1.122109059874476789e-01 -5.058087018975774285e-01
-2.703231112761361743e-01 1.473979311362298150e-01 -5.069390660836021745e-01 -2.447907279889085796e-01 -5.965920041148417563e-02 4.710565584868284805e-01
2.577095201726603557e-01 -1.682201302473411431e-01 -4.044226192920911678e-01 -8.035507694342675089e-02 1.537230336128987684e-01 4.799217296017073697e-01
-2.188421757373268384e-01 3.344963340268888308e-01 1.856628001892056401e-01 6.788826541519976665e-01 -3.541124593413697008e-02 -5.362470907018063171e-02
6.227460721619035994e-02 -7.985533762058314444e-01 -7.388494272078814651e-02 -4.141514415203905175e-01 -1.968435525494460769e-02 -4.817835432188237177e-01
5.441931975185674286e-01 -4.154220657915597692e-01 -2.573019105679833496e-01 5.362495358828760494e-01 5.640923302350817625e-01 -4.585193208892113237e-01
-2.006895491705266710e-01 -4.751132040589522432e-01 5.216995767200297562e-01 -4.633283868496007041e-01 -4.690728417632748504e-01 -4.431757286774717919e-01
6.662343149570255918e-02 -1.461296057428316253e-01 -7.463881658700352029e-01 2.070359482362889025e-01 -5.874544341070707665e-01 1.399056460297486426e-01
-4.821823428592263427e-01 8.804231959450861678e-02 1.808973587993198129e-01 1.947824903750040582e-01 7.615487760632105863e-01 -1.159319990127451738e-01
4.825495113978072181e-01 -1.136467167393061667e-01 2.433611072364314232e-01 3.141066326519069141e-01 -2.784399253539152075e-02 -7.386087951124037376e-01
-3.713336202963818944e-01 -2.032348587154633179e-01 1.809512432272394333e-01 1.655723360957189194e-01 3.699228225826354244e-01 -4.380982429688727864e-01
1.828802276675649541e-01 1.041817887810864152e-01 4.756791877696823767e-01 -1.261515832985010688e-01 -3.488096643849212808e-01 -3.605612580170436954e-01
5.284739109083159692e-01 3.223075846816985113e-01 -1.630434406756416099e-01 -4.442968996182442565e-01 4.158444991618940323e-01 4.901267410774215461e-02
6.487085277023724172e-01 -1.478998268557392970e-01 1.631897663017931321e-01 4.545382031436873138e-02 6.466260377912159685e-01 2.325612908721975680e-01
5.333710076490381091e-01 2.209158718619093076e-01 2.119186385128804806e-01 -3.774513493739954928e-01 6.138203680048498478e-01 8.531417232914892401e-02
-5.151880294216323319e-01 -3.178476288900359270e-01 -9.185312776646088750e-02 -8.387048980238137608e-02 5.221695022749602844e-01 -4.209980796738624353e-01
2.765058006528500756e-01 1.982937205865613617e-01 5.090119027102941729e-01 -3.554189134750048162e-01 -3.190877653943097192e-01 -6.803883478048711186e-02
-1.829641057785644231e-01 -9.569938379875470025e-02 -4.644952750712734724e-01 2.454554633503018835e-01 -2.064442410979891451e-02 4.359620675127746092e-01
1.072697229385904116e-01 -7.401546772944811448e-01 -1.362622853478672250e-02 -3.807932666812460232e-01 -7.257706318903356379e-02 -5.758847520883435545e-01
-9.046465263803440959e-02 1.795776928558510122e-01 -5.935737942782264298e-01 7.101849814351017809e-01 2.862284605382514613e-03 -2.109512398087520779e-02
4.679696543620249227e-01 -8.149119002407101409e-02 2.061746214492270468e-01 -8.296498611181862826e-02 1.637289305972800257e-01 -5.915334168507557777e-01
1.477163540620045996e-03 -3.371733464121053070e-02 -6.871259809585792411e-01 3.457883032047506244e-01 -3.438545943365312052e-01 1.990256534990144655e-01
4.821977033428254816e-02 3.408686961484763134e-01 3.839658298468541786e-01 3.562012244636407199e-01 -3.115156211988461821e-01 -3.085239725268947297e-01
3.217084131390867685e-01 6.733836341204801901e-01 1.469198771423567140e-01 6.549126380953663729e-01 -2.693763059462199738e-01 1.602855000877000946e-01
1.064419035122904367e-01 -6.954305251472323590e-01 3.368353676338806113e-02 4.041117697519648888e-01 7.463968083157068722e-02 5.979392665496421344e-01
8.407221526088847208e-01 3.733800404760069247e-01 -1.083518759132485743e-01 -1.322135344620737341e-01 5.943276346840237201e-01 -1.760150818486120594e-01
-3.658579367793127202e-01 1.388380818534860894e-01 -3.479121929771831767e-01 5.166209562593937488e-01 2.963470330490229898e-01 9.528294873181780700e-02
1.726941382627955046e-01 -3.591296263470220573e-01 -3.455617579742896184e-01 -7.263411351726145604e-04 8.106652373164474623e-02 5.354335239547902692e-01
4.545165932902142658e-01 3.463606130852339149e-01 1.752489316353252891e-01 -4.331011235390293534e-01 1.435390019274896400e-01 -2.382703337178351810e-01
1.513587220662454824e-01 7.456490172279595097e-02 5.274943427462489565e-01 5.632886675066330062e-02 -4.600742238475392654e-01 -3.122260464358209697e-01
-5.604035855033341618e-02 -1.973868448014724220e-01 4.085032263234271710e-01 1.783376455224836010e-01 -5.446330282502434561e-02 -5.530787058881494467e-01
4.106162328210070933e-02 6.158670755714581446e-01 -6.497791231837135584e-02 4.863902563705649329e-01 -2.498874123006856740e-01 1.633892816495930433e-01
6.179153561124723915e-01 5.148410122288057250e-02 -4.191961829442939491e-01 -1.862499645891952937e-01 6.454153453197071233e-01 -4.429409563982547593e-01
1.247673908390031505e-01 -7.334280065701218043e-02 -6.730255210342452887e-01 2.882313482130451909e-01 -3.706608244214779635e-01 2.676558954848703431e-01
