# rod_radius=0.0005
# rod_length=1.0
1.922190189361572266e-01 3.015971928834915161e-02 -4.345670938491821289e-01 -3.421906232833862305e-01 2.370660603046417236e-01 3.849425911903381348e-01
-1.738812327384948730e-01 2.015542834997177124e-01 4.535178840160369873e-01 1.957543194293975830e-02 1.057008132338523865e-01 -5.228973627090454102e-01
-4.395281970500946045e-01 3.537983298301696777e-01 -1.019788309931755066e-01 3.900263607501983643e-01 -1.661348938941955566e-01 1.017577871680259705e-01
-2.392797172069549561e-01 1.888260692358016968e-01 4.297896325588226318e-01 7.933482527732849121e-02 5.133238434791564941e-02 -5.080697536468505859e-01
-9.055287390947341919e-02 2.808538675308227539e-01 3.834314346313476562e-01 -2.311300486326217651e-02 -1.123402416706085205e-01 -5.335474610328674316e-01
3.479784131050109863e-01 -1.287686973810195923e-01 -1.001420151442289352e-02 -4.708821177482604980e-01 4.433592557907104492e-01 -5.624167248606681824e-02
3.305315375328063965e-01 2.781240642070770264e-01 -3.301290869712829590e-01 -4.089049696922302246e-01 9.756982326507568359e-03 2.872952818870544434e-01
-3.156362473964691162e-01 -1.951608359813690186e-01 1.762644052505493164e-01 2.336540520191192627e-01 5.314093828201293945e-01 -2.365018129348754883e-01
-9.308671951293945312e-02 -3.131133317947387695e-01 9.627315402030944824e-02 -2.705805003643035889e-02 6.530822515487670898e-01 -1.529381573200225830e-01
-1.102897599339485168e-01 -3.157860413193702698e-02 -4.470510482788085938e-01 4.175517708063125610e-02 3.225950896739959717e-01 4.756858348846435547e-01
2.638418674468994141e-01 -2.035291492938995361e-01 -1.714134961366653442e-01 -3.714556694030761719e-01 4.894373714923858643e-01 1.694596558809280396e-01
-1.600468158721923828e-01 5.855880379676818848e-01 5.911669880151748657e-02 7.766380906105041504e-03 -3.902619481086730957e-01 -8.072450011968612671e-02
6.988357007503509521e-02 -2.541113644838333130e-02 4.126738309860229492e-01 -2.318206280469894409e-01 3.567273616790771484e-01 -4.607932567596435547e-01
-2.030211538076400757e-01 -3.456619083881378174e-01 6.898470968008041382e-02 9.957404434680938721e-02 5.974493026733398438e-01 -6.877351552248001099e-02
1.198923364281654358e-01 -9.151558578014373779e-02 -3.368450701236724854e-01 -2.726598680019378662e-01 4.320963025093078613e-01 4.192854464054107666e-01
-4.753887355327606201e-01 2.377061545848846436e-01 2.238285243511199951e-01 3.448399007320404053e-01 -1.893231272697448730e-02 -2.874069511890411377e-01
-7.349156588315963745e-02 9.905044734477996826e-02 4.086036086082458496e-01 2.519546449184417725e-02 1.697929799556732178e-01 -5.839971899986267090e-01
-4.880807548761367798e-02 1.874743103981018066e-01 4.555568397045135498e-01 -5.750769004225730896e-02 1.286611855030059814e-01 -5.426743030548095703e-01
-3.822334408760070801e-01 7.466692477464675903e-02 2.978661954402923584e-01 3.282247185707092285e-01 2.495051920413970947e-01 -3.838087618350982666e-01
-3.099040128290653229e-03 -2.573379576206207275e-01 -3.085581660270690918e-01 -1.309978067874908447e-01 5.301407575607299805e-01 2.943673133850097656e-01
3.967616707086563110e-02 4.316761493682861328e-01 -3.735716342926025391e-01 -1.974783241748809814e-01 -2.034275531768798828e-01 3.615481257438659668e-01
3.366693481802940369e-02 3.957381006330251694e-03 -5.351419448852539062e-01 -1.215503513813018799e-01 2.057591676712036133e-01 4.319069981575012207e-01
1.448280066251754761e-01 -3.663248717784881592e-01 -6.782861426472663879e-03 -1.842816621065139771e-01 5.779323577880859375e-01 -1.483945827931165695e-02
-2.991812229156494141e-01 9.613022208213806152e-02 -3.979629576206207275e-01 2.041947245597839355e-01 1.710328161716461182e-01 4.628519117832183838e-01
-6.308161467313766479e-02 -2.263956516981124878e-01 2.737844586372375488e-01 -4.543744027614593506e-02 5.379414558410644531e-01 -3.707908987998962402e-01
1.296880394220352173e-01 -2.819292843341827393e-01 1.624919623136520386e-01 -3.021593689918518066e-01 5.423172712326049805e-01 -2.037395685911178589e-01
1.148649305105209351e-01 3.926537930965423584e-01 -3.989241719245910645e-01 -2.476934343576431274e-01 -1.318792998790740967e-01 3.714111447334289551e-01
2.301850765943527222e-01 8.855967968702316284e-02 3.539784848690032959e-01 -3.757201433181762695e-01 1.852892935276031494e-01 -4.356557428836822510e-01
-5.134542584419250488e-01 3.818450570106506348e-01 -2.127404063940048218e-01 3.153444528579711914e-01 -2.847796678543090820e-02 1.676905006170272827e-01
1.159125007688999176e-02 -3.042575418949127197e-01 1.354187577962875366e-01 -1.680077165365219116e-01 6.457099914550781250e-01 -1.201315075159072876e-01
-1.738631129264831543e-01 4.122975170612335205e-01 3.629311025142669678e-01 7.497434318065643311e-02 -1.787979304790496826e-01 -4.043277204036712646e-01
-8.953941985964775085e-03 5.358263850212097168e-01 3.089791238307952881e-01 -1.083004176616668701e-01 -2.485933303833007812e-01 -3.032430708408355713e-01
7.944473624229431152e-02 4.130947291851043701e-01 3.597617447376251221e-01 -2.412140965461730957e-01 -1.349455416202545166e-01 -4.127858579158782959e-01
-2.544715106487274170e-01 4.306049048900604248e-01 -3.321193456649780273e-01 1.266012787818908691e-01 -1.775964200496673584e-01 3.642101287841796875e-01
1.506589204072952271e-01 3.011989593505859375e-01 -3.838492035865783691e-01 -2.857854366302490234e-01 -2.655839920043945312e-02 4.540597200393676758e-01
-2.707239687442779541e-01 -2.637118697166442871e-01 1.789277493953704834e-01 1.371068358421325684e-01 5.681216716766357422e-01 -1.975386440753936768e-01
3.278619423508644104e-02 -5.598307400941848755e-02 -4.413366317749023438e-01 -1.581475734710693359e-01 3.316826820373535156e-01 4.604724049568176270e-01
1.267666518688201904e-01 4.231201708316802979e-01 -3.739403188228607178e-01 -2.810613811016082764e-01 -1.446181237697601318e-01 3.411467969417572021e-01
-3.676891624927520752e-01 -2.273941338062286377e-01 -1.977655142545700073e-01 2.237888276576995850e-01 5.029231309890747070e-01 1.439807265996932983e-01
1.518874764442443848e-01 -2.911377847194671631e-01 -1.500272154808044434e-01 -3.076635003089904785e-01 5.337530374526977539e-01 1.791656613349914551e-01
-1.566668152809143066e-01 -4.738726839423179626e-02 3.985120058059692383e-01 4.867289960384368896e-02 3.645158112049102783e-01 -4.892781972885131836e-01
-4.205063879489898682e-01 3.191520869731903076e-01 -2.667133510112762451e-02 4.725969731807708740e-01 -1.247842013835906982e-01 4.603976011276245117e-02
-3.552082777023315430e-01 3.147762715816497803e-01 -3.302952051162719727e-01 2.821331024169921875e-01 -6.509229540824890137e-02 3.401492834091186523e-01
-3.172410279512405396e-02 -1.796859204769134521e-01 4.105056524276733398e-01 -7.525146752595901489e-02 4.434878528118133545e-01 -3.703655004501342773e-01
-5.270943418145179749e-02 3.820104002952575684e-01 3.921294510364532471e-01 -6.744531542062759399e-02 -1.350786089897155762e-01 -4.636752903461456299e-01
3.518631458282470703e-01 9.781281650066375732e-02 1.875509023666381836e-01 -5.467492341995239258e-01 2.044475674629211426e-01 -2.380366921424865723e-01
-3.648264566436409950e-03 -3.905370086431503296e-02 3.944146037101745605e-01 -1.568109691143035889e-01 3.465545177459716797e-01 -5.154466629028320312e-01
-3.840136229991912842e-01 -7.989962399005889893e-02 -2.080763578414916992e-01 3.440700471401214600e-01 4.578802585601806641e-01 2.169966399669647217e-01
-4.560794830322265625e-01 7.739616930484771729e-02 6.072423607110977173e-02 5.130346417427062988e-01 2.127856761217117310e-01 -1.454006731510162354e-01
-1.227175891399383545e-01 2.902294695377349854e-01 -4.532625377178192139e-01 -1.498077064752578735e-02 -1.738932728767395020e-02 4.921281039714813232e-01
1.414100080728530884e-01 6.073973774909973145e-01 1.443548053503036499e-01 -2.896435260772705078e-01 -2.484682202339172363e-01 -1.414544135332107544e-01
2.758223414421081543e-01 -2.136352062225341797e-01 -5.000165849924087524e-02 -4.647125601768493652e-01 4.528217315673828125e-01 3.627187013626098633e-02
2.970933355391025543e-02 5.861024260520935059e-01 9.391973912715911865e-02 -1.532778739929199219e-01 -3.697914481163024902e-01 -1.358249783515930176e-01
-1.820451915264129639e-01 -2.642511427402496338e-01 2.484700977802276611e-01 8.382824063301086426e-02 5.192925930023193359e-01 -3.131084740161895752e-01
-3.630903363227844238e-01 4.145794808864593506e-01 -3.570503890514373779e-01 2.084815502166748047e-01 -1.088136136531829834e-01 2.749031484127044678e-01
-2.221655249595642090e-01 5.485145449638366699e-01 1.440150290727615356e-01 9.468498826026916504e-02 -3.395040631294250488e-01 -1.891946345567703247e-01
3.441761434078216553e-01 3.662927448749542236e-01 3.108799690380692482e-03 -5.378212928771972656e-01 -1.031052172183990479e-01 -3.867635503411293030e-02
-3.165847659111022949e-01 2.116382271051406860e-01 -3.045393824577331543e-01 3.022915124893188477e-01 -4.133768379688262939e-02 4.390972256660461426e-01
-5.048217177391052246e-01 9.987767785787582397e-02 -2.823322638869285583e-02 4.827038049697875977e-01 2.484694719314575195e-01 2.386096492409706116e-02
1.082755476236343384e-01 5.061874389648437500e-01 2.090135961771011353e-01 -2.493294626474380493e-01 -3.125861287117004395e-01 -2.401283532381057739e-01
4.463957846164703369e-01 2.146834731101989746e-01 -6.313929706811904907e-02 -5.250035524368286133e-01 -6.475567817687988281e-03 2.330109477043151855e-02
7.606682926416397095e-02 -1.154684871435165405e-01 -4.371636211872100830e-01 -1.951401531696319580e-01 3.454288840293884277e-01 4.078336656093597412e-01
-4.618677794933319092e-01 -5.242720618844032288e-02 -2.108121514320373535e-01 3.803519308567047119e-01 3.313703835010528564e-01 1.678239107131958008e-01
-1.801897287368774414e-01 4.265329614281654358e-02 4.729621708393096924e-01 7.690492272377014160e-02 2.139365375041961670e-01 -4.781237542629241943e-01
2.057755887508392334e-01 -2.608900368213653564e-01 -1.469459682703018188e-01 -3.747105896472930908e-01 5.162853002548217773e-01 9.602385759353637695e-02
-9.589015692472457886e-02 5.544583201408386230e-01 -2.249968796968460083e-01 -6.705018132925033569e-02 -3.438557386398315430e-01 2.134094089269638062e-01
-1.542739868164062500e-01 3.657524883747100830e-01 -4.307224452495574951e-01 5.470675230026245117e-02 -1.047993302345275879e-01 4.265453517436981201e-01
9.025327116250991821e-02 -1.931985467672348022e-01 2.893642783164978027e-01 -2.163888812065124512e-01 4.996669292449951172e-01 -3.632519841194152832e-01
-2.250674366950988770e-01 -2.947166860103607178e-01 1.182087063789367676e-01 7.489609718322753906e-02 6.147291660308837891e-01 -1.697671711444854736e-01
1.614136546850204468e-01 -1.491785943508148193e-01 1.788745075464248657e-01 -4.252265095710754395e-01 5.237677097320556641e-01 -2.716768383979797363e-01
5.131436511874198914e-02 9.270354360342025757e-02 -4.581972062587738037e-01 -2.446113973855972290e-01 1.543986946344375610e-01 4.950192868709564209e-01
1.000322028994560242e-01 5.101309418678283691e-01 -2.378568649291992188e-01 -2.222267687320709229e-01 -3.235365152359008789e-01 2.106380462646484375e-01
-4.784643948078155518e-01 2.841505110263824463e-01 -1.495685875415802002e-01 4.066500961780548096e-01 -7.753551006317138672e-02 1.432719230651855469e-01
-5.270806550979614258e-01 -3.320156782865524292e-02 -5.414650589227676392e-02 4.021587371826171875e-01 3.323986828327178955e-01 -7.566474378108978271e-04
3.403860926628112793e-01 2.035978138446807861e-01 -2.489639967679977417e-01 -5.187118649482727051e-01 9.402338415384292603e-02 2.509802579879760742e-01
-5.085271000862121582e-01 -1.435777958249673247e-04 7.184509187936782837e-02 4.418045878410339355e-01 2.692846059799194336e-01 -8.396918326616287231e-02
-4.292775392532348633e-01 -2.627746574580669403e-02 -3.010618686676025391e-01 3.283872604370117188e-01 2.970340847969055176e-01 2.658717036247253418e-01
-4.866536557674407959e-01 2.183851599693298340e-01 -1.065540593117475510e-02 4.956372678279876709e-01 3.711217641830444336e-02 -5.803305655717849731e-02
-2.092619687318801880e-01 4.189566969871520996e-01 -3.926739990711212158e-01 5.135731399059295654e-02 -1.475972533226013184e-01 3.890511095523834229e-01
-1.649154275655746460e-01 1.584996730089187622e-01 4.821291565895080566e-01 -1.986357569694519043e-02 1.065440550446510315e-01 -5.059298276901245117e-01
3.368746638298034668e-01 1.996497809886932373e-01 -3.269532918930053711e-01 -4.508628249168395996e-01 3.018368780612945557e-02 2.652889490127563477e-01
-4.673240184783935547e-01 -5.306511186063289642e-03 1.337300688028335571e-01 4.320865869522094727e-01 3.098663091659545898e-01 -1.691338270902633667e-01
-3.428814709186553955e-01 -1.427272856235504150e-01 -3.496764600276947021e-02 3.820451200008392334e-01 5.406557321548461914e-01 5.145612359046936035e-02
1.144337281584739685e-01 2.130066743120551109e-03 -4.706524610519409180e-01 -1.995736360549926758e-01 2.512499988079071045e-01 4.455018043518066406e-01
2.723368108272552490e-01 2.297913469374179840e-02 2.972447574138641357e-01 -4.418590366840362549e-01 2.677184343338012695e-01 -3.585195839405059814e-01
-2.940247654914855957e-01 2.570395767688751221e-01 4.214934706687927246e-01 1.470073759555816650e-01 5.018538236618041992e-02 -4.518346190452575684e-01
-4.660361707210540771e-01 2.253625243902206421e-01 -2.647025883197784424e-01 3.872503340244293213e-01 2.437275648117065430e-02 2.164474129676818848e-01
-2.810893356800079346e-01 3.713358640670776367e-01 -4.177273809909820557e-01 1.479959785938262939e-01 -1.055932044982910156e-01 3.493609130382537842e-01
1.118127256631851196e-01 1.834556162357330322e-01 4.290177524089813232e-01 -2.625615596771240234e-01 7.250822335481643677e-02 -4.915986359119415283e-01
1.930331885814666748e-01 4.247601032257080078e-01 2.698907554149627686e-01 -3.478846251964569092e-01 -1.670022606849670410e-01 -3.277924358844757080e-01
4.217120707035064697e-01 -1.172444410622119904e-02 3.110504522919654846e-02 -5.253070592880249023e-01 2.939518690109252930e-01 -6.746773421764373779e-02
-5.521718040108680725e-02 -1.619860976934432983e-01 -3.579583466053009033e-01 -8.082797378301620483e-02 4.892119169235229492e-01 4.005171954631805420e-01
-1.158494967967271805e-02 -3.320952653884887695e-01 7.431500405073165894e-02 -1.052568927407264709e-01 6.482719182968139648e-01 -9.919535368680953979e-02
3.235653042793273926e-01 3.756361603736877441e-01 1.473189592361450195e-01 -4.791399240493774414e-01 -1.459628939628601074e-01 -1.418156623840332031e-01
2.873966097831726074e-01 2.310184836387634277e-01 2.713967263698577881e-01 -4.782986044883728027e-01 3.798873722553253174e-02 -3.421587049961090088e-01
-3.249701857566833496e-01 -1.979298889636993408e-01 3.145818114280700684e-01 1.659151017665863037e-01 3.857789933681488037e-01 -3.321913480758666992e-01
1.785344332456588745e-01 2.476283609867095947e-01 -3.904045522212982178e-01 -3.583481907844543457e-01 -1.047429442405700684e-02 4.128015339374542236e-01
7.796791940927505493e-02 1.853643506765365601e-01 4.677950143814086914e-01 -2.082617580890655518e-01 1.038332879543304443e-01 -4.868909120559692383e-01
2.391875535249710083e-01 2.171916067600250244e-01 -3.748477399349212646e-01 -4.011948704719543457e-01 -8.889913558959960938e-03 3.591805994510650635e-01
-8.496637642383575439e-02 1.146071776747703552e-01 -5.437806844711303711e-01 -8.099806308746337891e-02 1.195932403206825256e-01 4.561989903450012207e-01
-3.503007590770721436e-01 1.624335795640945435e-01 3.031267523765563965e-01 3.219789564609527588e-01 9.132722020149230957e-02 -4.337475895881652832e-01
1.401606798171997070e-01 5.796255469322204590e-01 -1.149858385324478149e-01 -2.902636826038360596e-01 -2.954396009445190430e-01 1.063642948865890503e-01
-5.456281304359436035e-01 -7.592984940856695175e-03 -1.576912403106689453e-01 3.884772658348083496e-01 2.168251276016235352e-01 1.199481487274169922e-01
6.221985816955566406e-02 -3.024917542934417725e-01 8.144151419401168823e-02 -2.119615674018859863e-01 6.205757856369018555e-01 -1.883192062377929688e-01
-4.424832165241241455e-01 2.468524575233459473e-01 3.294824957847595215e-01 2.701726853847503662e-01 3.498798608779907227e-02 -3.392738699913024902e-01
-1.491445302963256836e-01 -1.341152340173721313e-01 -4.258044362068176270e-01 2.830123901367187500e-02 3.601526618003845215e-01 4.252021312713623047e-01
1.171389222145080566e-02 4.935107827186584473e-01 -3.446760475635528564e-01 -1.069415211677551270e-01 -2.150748372077941895e-01 3.509009778499603271e-01
1.850792467594146729e-01 2.235190570354461670e-01 3.558346033096313477e-01 -3.607423007488250732e-01 1.747161149978637695e-04 -4.517520070075988770e-01
2.454783208668231964e-02 4.688896834850311279e-01 -4.925100505352020264e-01 -1.594017148017883301e-01 -7.587364315986633301e-02 3.256559073925018311e-01
-1.856797933578491211e-01 -3.111262321472167969e-01 -6.698977947235107422e-02 1.448628306388854980e-01 6.260042190551757812e-01 4.493892192840576172e-02
-2.751374840736389160e-01 -2.587563097476959229e-01 -8.852096647024154663e-02 2.497153878211975098e-01 5.741157531738281250e-01 8.713064342737197876e-02
4.158549010753631592e-01 2.830925770103931427e-02 7.297524809837341309e-02 -5.466248989105224609e-01 2.144235223531723022e-01 -1.244941502809524536e-01
-4.605945646762847900e-01 5.726187303662300110e-02 -1.775761991739273071e-01 4.374632537364959717e-01 2.156712710857391357e-01 2.327878028154373169e-01
-2.987250387668609619e-01 -5.013404041528701782e-02 -4.933923184871673584e-01 1.373484730720520020e-01 2.947778403759002686e-01 3.377970159053802490e-01
4.489809274673461914e-01 3.102794885635375977e-01 -4.563148692250251770e-02 -4.719415903091430664e-01 -7.011872529983520508e-02 3.921475633978843689e-02
-1.461189612746238708e-02 -2.216479331254959106e-01 2.167567759752273560e-01 -9.658522903919219971e-02 6.106150746345520020e-01 -3.315302729606628418e-01
1.852247864007949829e-01 4.733370840549468994e-01 2.325565516948699951e-01 -2.871793508529663086e-01 -2.507089674472808838e-01 -2.700284421443939209e-01
-4.200936481356620789e-02 3.270219266414642334e-01 3.882955908775329590e-01 -1.201405525207519531e-01 -1.119233071804046631e-01 -5.068147778511047363e-01
-1.358757019042968750e-01 4.180965721607208252e-01 -3.667600154876708984e-01 2.908721566200256348e-02 -2.266716063022613525e-01 3.796052932739257812e-01
1.089269593358039856e-01 2.930537462234497070e-01 -4.454002380371093750e-01 -2.239781916141510010e-01 -1.642757654190063477e-02 4.453272819519042969e-01
3.078262209892272949e-01 1.657151132822036743e-01 -1.712138056755065918e-01 -6.049072742462158203e-01 6.082858145236968994e-02 2.236486077308654785e-01
-1.362083554267883301e-01 7.935012131929397583e-02 4.725932776927947998e-01 4.415650665760040283e-02 2.398141324520111084e-01 -4.978292286396026611e-01
-3.431165516376495361e-01 5.377765297889709473e-01 -1.621351689100265503e-01 2.442396581172943115e-01 -2.195051908493041992e-01 1.234119981527328491e-01
-3.828609287738800049e-01 4.233926534652709961e-01 -8.223400451242923737e-03 3.775316178798675537e-01 -2.260704040527343750e-01 -9.169608354568481445e-03
-1.893323361873626709e-01 5.085212588310241699e-01 2.505225539207458496e-01 8.636367321014404297e-02 -2.792384624481201172e-01 -3.003188371658325195e-01
2.526862323284149170e-01 4.795407950878143311e-01 1.998132169246673584e-01 -4.048370420932769775e-01 -1.602840125560760498e-01 -1.980401873588562012e-01
2.835895419120788574e-01 -8.483702689409255981e-02 2.512864172458648682e-01 -4.379612803459167480e-01 3.484908640384674072e-01 -2.887055575847625732e-01
-1.861822232604026794e-02 6.353273987770080566e-02 4.642586410045623779e-01 -6.573177874088287354e-02 2.276081740856170654e-01 -5.210634469985961914e-01
-3.626445829868316650e-01 3.880597651004791260e-01 6.486451625823974609e-02 4.009774029254913330e-01 -2.389289438724517822e-01 -8.929970860481262207e-02
-2.891683280467987061e-01 1.364876925945281982e-01 3.738638162612915039e-01 2.261716425418853760e-01 1.178098618984222412e-01 -4.829184412956237793e-01
-4.475040435791015625e-01 -1.380170881748199463e-01 -1.986558735370635986e-02 3.760116696357727051e-01 4.275659620761871338e-01 -6.388373672962188721e-02
3.987979888916015625e-01 8.429508656263351440e-02 2.697822749614715576e-01 -4.699358344078063965e-01 1.299363523721694946e-01 -2.233894765377044678e-01
-2.711199820041656494e-01 4.651066362857818604e-01 2.230132371187210083e-01 1.965776085853576660e-01 -2.672814428806304932e-01 -2.718268036842346191e-01
3.251066803932189941e-01 8.243559300899505615e-02 -2.651838660240173340e-01 -5.016704201698303223e-01 1.755715906620025635e-01 2.895821928977966309e-01
-3.351171910762786865e-01 -3.059265613555908203e-01 7.717419415712356567e-02 2.115293443202972412e-01 5.055731534957885742e-01 -1.293344795703887939e-01
6.131897121667861938e-02 -3.043660521507263184e-01 -2.438051700592041016e-01 -1.492482125759124756e-01 5.695493221282958984e-01 1.942969262599945068e-01
1.504441946744918823e-01 2.117766290903091431e-01 -4.134187102317810059e-01 -3.597606420516967773e-01 5.573053658008575439e-02 4.323593974113464355e-01
1.161446422338485718e-01 3.834009170532226562e-01 2.748649716377258301e-01 -3.139666914939880371e-01 -2.342545390129089355e-01 -3.835467100143432617e-01
1.019971743226051331e-01 1.788924913853406906e-03 3.499343097209930420e-01 -2.644217908382415771e-01 2.922796010971069336e-01 -5.340070724487304688e-01
-4.685831815004348755e-02 -2.106371223926544189e-01 3.161785602569580078e-01 -1.044457256793975830e-01 5.191552639007568359e-01 -3.650605678558349609e-01
-1.226972714066505432e-01 -1.524430811405181885e-01 4.424028694629669189e-01 -2.408366650342941284e-02 3.424880206584930420e-01 -4.209154546260833740e-01
-1.165794879198074341e-01 1.465174108743667603e-01 4.869706630706787109e-01 -6.538878381252288818e-02 1.405187100172042847e-01 -5.117002129554748535e-01
-2.928453683853149414e-01 2.020306438207626343e-01 4.400760829448699951e-01 1.120130419731140137e-01 9.420217573642730713e-02 -4.679231941699981689e-01
4.355411827564239502e-01 1.666808426380157471e-01 5.449908226728439331e-02 -5.456341505050659180e-01 6.808466464281082153e-02 -1.115542277693748474e-01
-1.803908795118331909e-01 5.219768285751342773e-01 -3.191482126712799072e-01 4.491108655929565430e-02 -2.238197922706604004e-01 3.077699840068817139e-01
-3.006426244974136353e-02 2.515127956867218018e-01 4.513216614723205566e-01 -7.069777697324752808e-02 3.843332827091217041e-02 -5.248678922653198242e-01
-1.450010836124420166e-01 -2.455481886863708496e-01 3.100841045379638672e-01 1.799958944320678711e-02 5.373653173446655273e-01 -2.903133630752563477e-01
1.369208991527557373e-01 4.772378504276275635e-01 1.577849239110946655e-01 -3.466781973838806152e-01 -3.053683936595916748e-01 -2.342092245817184448e-01
-7.134801149368286133e-02 3.716372847557067871e-01 -4.123375713825225830e-01 -6.354124099016189575e-02 -1.484804153442382812e-01 4.417213499546051025e-01
4.582256078720092773e-01 2.979624271392822266e-01 3.115288354456424713e-02 -5.056391358375549316e-01 3.342807292938232422e-02 -2.526883035898208618e-04
-3.082078099250793457e-01 -2.686942815780639648e-01 -7.061055861413478851e-03 2.074677348136901855e-01 5.874065756797790527e-01 -4.126689583063125610e-02
1.752888113260269165e-01 2.777663767337799072e-01 -3.092551231384277344e-01 -3.804072737693786621e-01 -9.263044595718383789e-02 4.350620508193969727e-01
-5.543459579348564148e-02 1.217121630907058716e-01 4.090108871459960938e-01 -1.312560737133026123e-01 1.721874028444290161e-01 -5.868321657180786133e-01
-2.436208128929138184e-01 1.477644592523574829e-01 -4.910303950309753418e-01 6.587713956832885742e-02 1.178524494171142578e-01 4.593991637229919434e-01
1.052664890885353088e-01 3.896278515458106995e-02 4.321355521678924561e-01 -2.130766212940216064e-01 2.082708626985549927e-01 -5.005983114242553711e-01
-1.652820259332656860e-01 3.389167413115501404e-02 -4.572873413562774658e-01 8.950312435626983643e-02 2.736593484878540039e-01 4.795136153697967529e-01
-1.842087656259536743e-01 -2.278518676757812500e-01 -2.657425701618194580e-01 7.582674920558929443e-02 5.765985250473022461e-01 2.683371603488922119e-01
-1.105585619807243347e-01 5.874969363212585449e-01 1.138228550553321838e-01 -1.736304163932800293e-02 -3.587348461151123047e-01 -1.959512233734130859e-01
-3.354343026876449585e-02 1.664848178625106812e-01 4.588440358638763428e-01 -1.037119477987289429e-01 5.049356818199157715e-02 -5.319246053695678711e-01
-2.845927476882934570e-01 5.435696244239807129e-01 2.292338572442531586e-02 2.075878977775573730e-01 -3.220399022102355957e-01 -6.915443390607833862e-02
-1.169381439685821533e-01 1.269650310277938843e-01 -4.844641685485839844e-01 5.229847133159637451e-02 1.356860548257827759e-01 5.010727047920227051e-01
1.044759526848793030e-01 4.809072613716125488e-01 3.489885032176971436e-01 -2.133108377456665039e-01 -1.607892513275146484e-01 -3.490352928638458252e-01
1.710244864225387573e-01 3.930939361453056335e-02 3.466022312641143799e-01 -3.688976764678955078e-01 2.769917547702789307e-01 -4.608574211597442627e-01
-2.977532446384429932e-01 3.626728653907775879e-01 3.640923798084259033e-01 1.649507880210876465e-01 -6.724894046783447266e-02 -4.111960828304290771e-01
-3.409496545791625977e-01 -1.345677226781845093e-01 -2.292499691247940063e-01 2.976630926132202148e-01 4.318230152130126953e-01 2.916869521141052246e-01
1.377938985824584961e-01 2.634194195270538330e-01 4.355004131793975830e-01 -2.278518974781036377e-01 1.009839773178100586e-02 -4.601176083087921143e-01
-3.182032704353332520e-02 5.096454024314880371e-01 1.635054945945739746e-01 -1.257213056087493896e-01 -3.895377516746520996e-01 -2.638728320598602295e-01
-1.822534203529357910e-01 -8.295898884534835815e-02 -4.025361537933349609e-01 8.449628949165344238e-02 3.788153827190399170e-01 4.434005618095397949e-01
9.122923016548156738e-02 -3.140984773635864258e-01 -9.988151490688323975e-02 -2.889858484268188477e-01 5.905508399009704590e-01 9.259220957756042480e-02
-7.289779186248779297e-02 -1.487109996378421783e-02 -4.583556354045867920e-01 -1.991213858127593994e-02 3.379164338111877441e-01 4.758464395999908447e-01
-4.376602172851562500e-01 -1.047517657279968262e-01 1.712201088666915894e-01 3.676286935806274414e-01 3.519877493381500244e-01 -2.067995220422744751e-01
2.282558828592300415e-01 -1.132480949163436890e-01 -2.178459614515304565e-01 -4.471235275268554688e-01 4.484350681304931641e-01 2.600395679473876953e-01
-2.191994935274124146e-01 2.956473529338836670e-01 3.453197777271270752e-01 1.486105471849441528e-01 -9.018880128860473633e-02 -5.007572174072265625e-01
-3.479214608669281006e-01 5.397260189056396484e-01 2.973913913592696190e-03 2.517525851726531982e-01 -2.579594254493713379e-01 -6.097079813480377197e-02
1.345137953758239746e-01 4.934622049331665039e-01 -3.111417591571807861e-01 -2.200616896152496338e-01 -2.249712944030761719e-01 2.872974574565887451e-01
3.595203161239624023e-01 -1.123147606849670410e-01 -1.391457021236419678e-01 -4.932675361633300781e-01 3.601127862930297852e-01 8.348637819290161133e-02
-8.207991486415266991e-04 -1.808043867349624634e-01 -3.328138589859008789e-01 -1.799081265926361084e-01 5.037294030189514160e-01 3.738269805908203125e-01
-3.451025784015655518e-01 4.774519503116607666e-01 -4.598058387637138367e-02 2.758028805255889893e-01 -3.011399805545806885e-01 4.496513679623603821e-02
3.939804732799530029e-01 -2.945596165955066681e-02 -5.530111864209175110e-02 -5.535581111907958984e-01 2.771837115287780762e-01 3.493608906865119934e-02
-7.072933018207550049e-02 -3.941083699464797974e-02 4.536138772964477539e-01 -7.888420671224594116e-02 2.825280725955963135e-01 -4.931114315986633301e-01
-1.472000032663345337e-01 1.440175063908100128e-02 -4.875815808773040771e-01 1.263399422168731689e-02 2.111616134643554688e-01 4.797542989253997803e-01
1.356382071971893311e-01 -2.399553209543228149e-01 -2.733195722103118896e-01 -2.477075457572937012e-01 5.410464406013488770e-01 2.197142839431762695e-01
2.569755017757415771e-01 -1.616649478673934937e-01 2.002470195293426514e-01 -4.060046970844268799e-01 4.280843138694763184e-01 -2.608960866928100586e-01
-2.644183933734893799e-01 3.110813498497009277e-01 -4.256058931350708008e-01 1.253894865512847900e-01 -7.478600740432739258e-02 4.105497002601623535e-01
-3.325608372688293457e-01 -1.350384801626205444e-01 6.562639772891998291e-02 3.657255172729492188e-01 5.456697344779968262e-01 -1.558063626289367676e-01
3.899127542972564697e-01 1.248769387602806091e-01 -3.835168108344078064e-02 -6.051577329635620117e-01 1.535359323024749756e-01 5.658664181828498840e-02
-1.789298653602600098e-01 -3.103545606136322021e-01 -1.375566702336072922e-02 3.642377257347106934e-02 6.658842563629150391e-01 1.033713575452566147e-02
3.918508291244506836e-01 -1.914892904460430145e-02 -1.657204926013946533e-01 -4.995725154876708984e-01 3.067203760147094727e-01 1.491978466510772705e-01
3.417798280715942383e-01 4.291726648807525635e-01 -9.469695389270782471e-02 -4.548471570014953613e-01 -1.402480900287628174e-01 1.081464141607284546e-01
-1.488379240036010742e-01 6.654321402311325073e-02 -4.910099804401397705e-01 -2.505264431238174438e-02 1.919345557689666748e-01 4.933447539806365967e-01
-4.919704198837280273e-01 -7.761419564485549927e-02 1.197001785039901733e-01 3.460896611213684082e-01 3.894641995429992676e-01 -1.622450798749923706e-01
-1.255111694335937500e-01 -2.728225588798522949e-01 2.477909326553344727e-01 -2.862223237752914429e-02 5.734585523605346680e-01 -2.760609984397888184e-01
-9.493307024240493774e-02 2.044281661510467529e-01 -4.348920285701751709e-01 9.289383888244628906e-03 1.051013171672821045e-02 5.405737161636352539e-01
-3.737044036388397217e-01 -1.874921023845672607e-01 -1.046668589115142822e-01 3.395899236202239990e-01 4.707117974758148193e-01 1.361209750175476074e-01
-2.813354432582855225e-01 5.772463679313659668e-01 -1.139190122485160828e-01 1.764081120491027832e-01 -2.798511385917663574e-01 1.224169954657554626e-01
3.011440336704254150e-01 2.562995851039886475e-01 1.682392805814743042e-01 -5.548692941665649414e-01 -1.511639356613159180e-02 -2.717319130897521973e-01
1.429582014679908752e-02 2.546738386154174805e-01 4.256797432899475098e-01 -1.931194663047790527e-01 -4.520219564437866211e-02 -5.054771900177001953e-01
4.446775317192077637e-01 8.019230514764785767e-02 1.028293371200561523e-01 -5.350587964057922363e-01 1.670233309268951416e-01 -7.766173779964447021e-02
2.828295826911926270e-01 4.746554493904113770e-01 -5.224836990237236023e-02 -4.525408744812011719e-01 -1.980358362197875977e-01 2.970726415514945984e-02
1.520017087459564209e-01 -2.467585057020187378e-01 7.119175791740417480e-02 -3.953467905521392822e-01 5.665812492370605469e-01 -1.260087341070175171e-01
