# rod_radius = 0.02
0.4062681464094938 0.3044646489098708 0.1661264317571789 -0.2914290145402907 -0.3947799720313577 0.01032004008030384
-0.2603919174626303 -0.3152218280767362 -0.3469719614588396 0.6745041454264407 0.03968893439534033 -0.3497472589209093
0.6096429327588891 0.5952327925099328 -0.3995402339479996 -0.3807887465691063 0.7052727741828557 -0.482824632348594
-0.3752475448637816 -0.3800437437957687 -0.2079560805564624 0.4487360182721593 -0.3189234364410989 0.3553514692870219
0.03848840305244922 -0.5133519995662293 -0.3796609308351192 -0.4363989176071229 0.3322075346343686 -0.1357119468256752
-0.5649523539558546 -0.3205132231937327 0.1717121063864158 0.367649766266647 -0.5018850062310876 -0.1403096263091529
-0.8832336079988291 0.09274595704326716 0.03422602997539154 -0.2651219343550734 -0.5117985705301666 0.5366838621228547
0.4331175200609971 -0.213519284787905 0.5220276188031151 0.3505168706350007 -0.5254313474928648 -0.4244859827122253
-0.1848561800711009 -0.004845752313501817 -0.2859909955619894 0.1691689914025055 -0.7450517683508504 0.2856393323468784
-0.2325496595408267 0.5508809661795357 -0.5232690035146009 0.6351443932664972 0.6595594365080673 -0.03819579171059859
0.2467244353785888 -0.5846302725206516 -0.3767927382292563 -0.5625986818262531 -0.07056647619120188 -0.6609309181016406
-0.1931120623325427 0.3793148900413153 0.3223827150104137 0.3055624206608347 0.1942543705508027 -0.5244209010288595
-0.3665025240617897 -0.1309605493355961 -0.3451853291232254 0.1046165776706822 -0.1177549624346692 0.5367854212179581
-0.09090612855571301 -0.5379019253612465 0.3115042047137264 0.7532600839737991 -0.1257757670913978 -0.03133020909753917
0.2953346674382167 0.1028629102111716 0.615447184032463 -0.1308682518026622 0.770344098531168 0.004857358642719078
0.2061588370883916 0.6106944234976995 -0.2312487971229816 0.808778987601587 -0.1406680432059769 0.03764411432025416
-0.6553523203298556 -0.2326320306015975 0.1036168116082166 0.1086943193226737 -0.8662077585728382 -0.01809813965657274
0.466010874831769 0.0710399110299427 0.5936889504040054 -0.4749354534311815 -0.2665181804737766 0.567717000364829
0.1885027131920015 -0.2100437609888406 1.102996447908827 -0.5439113133948206 -0.5852043996456594 0.5348202526476338
0.02240551830624243 -0.1957925989128282 -0.6191430414989598 0.1502577255547029 0.4248218120778175 0.1544793250161443
-0.2777129533107747 -0.4705022272846606 0.08514779026232577 0.09318026493633264 0.1808282085366427 -0.5768241759349859
-0.01916967054165281 -0.5138538100974502 -0.3330928745060212 0.4753237061059561 -0.180624750619101 0.469674024643925
0.4456333571710718 -0.3540681195385431 -0.3623072781931561 -0.4239064753914697 0.04368873569775367 -0.6550357593828718
-0.6962433207228891 0.2782215532636384 -0.1669200393709563 -0.4049292391647835 -0.6389460858601032 0.1049983815389513
-0.5205599353588454 -0.1575906209298269 0.3783362154689263 -0.2577041058553333 0.0526268364862591 -0.5633194718677649
0.2463319877732932 0.6758705455300655 0.2834344336394912 0.7373200622754348 -0.1952633764651187 0.2909444699887704
-0.1329231047368944 -0.4494682696534257 0.4483720764318256 -0.668272865243966 0.3115184426870249 0.08190262672790768
-0.3713032458600136 0.3146549112984232 -0.39539899322478 -0.4064058515294298 0.3498550198263984 0.6033646221691904
0.5721045846455266 -0.367038946855494 -0.1845770295881912 0.3984774386508413 0.5291087995574655 0.2238012641208567
0.2537822532421357 -0.1823856515717975 -0.4717876541574754 -0.5332094060877596 0.07283219101784771 0.08991331697312938
-0.4098963778205335 -0.3508038248011844 0.6845257985180759 -0.7687612036950984 -0.4430567930398593 -0.2442935739118772
0.3349230187210654 0.5268748951229087 -0.6812290598914816 0.925613199371794 0.04734200326440868 -0.03228120674098944
-0.3104692606812208 0.1617231522187326 0.3257075707407994 0.2062235279027513 -0.4421719949759849 -0.2812019887653834
0.763566706372019 -0.262461120991195 0.0819278079096083 0.2823778278699861 -0.004034325192309729 -0.755731343785803
0.1627380810475611 -0.1243228355586576 -0.4494821149197084 -0.330957711085974 0.3338500388092895 0.2896674518278167
0.6321201951313654 0.07203699271148852 0.04380003976627767 -0.2568598515418389 0.1840368301572002 0.4878389040890321
-0.2826195491410758 -0.6036675205525126 -0.5111003116637626 0.4284751256906805 0.0005182982083862253 -0.8706887706472802
-0.1435072002547454 0.06631978166171854 -0.523141001826733 -0.2695148996056569 0.2408314907960781 0.453418122384031
-0.2392406260802633 -0.4143769228525722 -0.3617851118242839 -0.3142904326416473 -0.02250798124532277 0.5551697720924288
-0.7580420260717811 0.3463168430236494 0.4844474070005849 -0.7978390934149258 0.3810607201523191 -0.5141561461840373
-0.6791285309299437 -0.2208550351657593 0.3034845318190094 -0.0688122556580178 0.3545518239425876 0.8479301127812111
0.8028020275709747 0.2376310774511066 0.3073631733742868 0.7559318204262148 -0.03767685738905407 -0.6528496804744069
-0.6433673522246918 0.06768861291539413 0.4115431195489218 -0.3095739648790875 -0.6007789849036578 -0.2530868867180032
0.5953820592192525 0.1786384137598591 0.683532980849328 -0.07926382230915224 -0.5566337769047155 0.6185119060191016
0.3493495579266657 0.4688329789772002 0.6959366988442247 -0.1092221102612958 -0.4186086570252865 0.7424056973759293
-0.1838851317585749 -0.07082208401248385 0.487067855193928 0.1124809109571608 0.2690351707764814 -0.4054926274022503
0.4546771394145729 0.520094753534992 -0.2431062188857766 0.5029419693881012 -0.4510195144833542 -0.009423560909585391
-0.4021341215294204 -0.6135208577522919 0.1671425412881208 0.5774554229472859 -0.4960039176852647 0.330219495972716
0.09534983758307299 -0.5596005616241082 0.04699107276332531 0.1197125371185792 0.2741230618997572 0.5986353226649972
-0.3646539177314214 -0.1679998520333804 -0.1643168148069345 0.3349001758999626 0.2767315164321101 0.3950024857597317
0.1476154257121152 0.0829422425231779 -0.5605489241705993 0.2933436109993452 -0.3245052093244912 0.3409774869764795
0.1650193912245711 0.9005377632777165 0.05661626689981764 0.09031965651248039 0.2501166239348647 0.8125079860831206
-0.03774129380590961 0.2933089360216062 -0.6144245659492095 -0.1667255238960453 -0.6504260460106588 -0.3099129043061547
0.4939366092997951 0.5391232182722673 -0.2722790304893754 0.5817927054783877 -0.1826862718437027 0.4142137708878718
0.7146093069074929 0.1006077036514958 0.09346947302671399 -0.08012228435152635 0.2291340252859517 -0.4997275284003186
-0.3869455836889199 -0.2373006332637904 -0.6677016304904601 0.5129020239204367 -0.4572811618651073 -0.2910282306916394
0.4711346243402906 0.1888470037015105 -0.4297401248076161 -0.2646453827453256 0.4385324020250945 0.1997715772576301
-0.0880142954337878 0.4124982639433854 -0.3817106441606876 0.754307482657178 0.1543983579316629 0.09144732171372627
0.1838268794875339 0.2507118548779216 -1.048596474694188 -0.6225312644098711 0.6346205126585406 -0.5987068368368405
-0.01473264165585481 -0.6937314665158644 -0.2235793028768848 0.8865476159889185 -0.2610270613067022 -0.2450454364913734
-0.3027559359819091 0.1555072972300108 0.3928192030819511 0.6443456092313249 -0.07424234174116377 0.1687349188331014
0.4634310148926795 -0.02866017518183628 0.4160551315798251 0.2945663876865157 0.5338628187585737 -0.3932980786855326
-0.3035052377881148 0.4577674942109011 -0.1797416649259628 0.3569834476746394 -0.1135522111545941 0.3074425821887877
-0.3054402468889528 0.3539223098573264 0.1465205077885145 0.2917248574837043 0.03171534755070121 -0.5880382111446489
-0.6337099181644897 0.1787794520207832 -0.07336857076595879 0.1478122425174645 0.7993588230630524 -0.1374338234368935
-0.2092731127640027 0.6621339485962295 -0.09699677321617464 0.6725043545166194 0.2186674742561456 0.06364563815935784
0.5024656872498421 -0.1431453520845632 -0.2521134174043828 -0.2231116698438702 0.5449677391208909 -0.2582674879741796
0.3670805356181774 -0.08097570464015394 0.7697487425555193 -0.5396874004052318 -0.2670703549090417 0.3914093561031627
-0.2227573986928984 0.9165609457737672 0.2357278351724368 -0.01708436647217092 0.6924468480842664 -0.7168851371484067
0.5056064152934369 0.7504968056476418 -0.1863995877706111 -0.4649481047948635 0.7425100181576094 0.05434952388248954
-0.2311328329127476 -0.1625149841480107 -0.5506529473542777 0.704126757189399 -0.3024739766910729 -0.225536076785716
0.8940411150423447 0.03367212511351143 0.1602312934107654 0.1568819429659168 -0.03944457654754206 0.8319829610393643
-0.3319592365174472 0.4148378583366781 0.3999342725896823 0.4808398401129859 0.5088456180200956 -0.1749745916210015
-0.1474048944147089 0.7586104671961817 0.177423681267353 0.4818443702644051 0.07012265175350962 0.5380202576345885
-0.1958195983200133 0.5104740764924699 0.2777491563125197 -0.3321865694435762 0.1584646271142575 -0.6482602371252749
0.9152284118350824 0.6699413019788274 -0.09555609823452425 0.0932087271446802 1.125121119515931 0.2466353272693599
0.4813656077275376 -0.2900833084059875 -0.3931793777628876 0.1716543423689231 0.6515085252427592 -0.5254055132881924
-0.1273293005217068 0.01517890788006623 0.5538209407639814 -0.7763318198422183 0.03530493416050512 -0.2066990609334018
0.7720892207041015 -0.3915220388384344 -0.08419938495407633 0.4650264966702735 0.4885267200775003 -0.4464515974241279
0.4077262349459536 -0.1766917505185492 0.1593811071111684 -0.4634612473965435 0.086655459408377 -0.2549624914075534
-0.5160158415128169 0.4222422289319984 0.04036033071897846 -0.4723991893015976 -0.5062596248816554 -0.3283968998738519
0.7239552330950044 0.208374780933063 -0.6618138407268205 0.01855560974001147 -0.4717872426042915 -0.8612906391475986
-0.7644810395662373 -0.2283309700777082 -0.1853637259961843 0.04326857550473517 -0.05904715171585201 -0.7500614754104398
0.5431616555490667 -0.1141672673051629 0.1021745902141489 -0.1238473591978884 0.1910201207245001 -0.5775015329753654
0.009052064723273273 0.2124121061096718 0.6461315307099369 -0.4368110596386237 -0.300738812460673 -0.08727300234440588
0.1364301617246371 0.712496180648623 -0.07242163884348046 0.2694325004090286 -0.05488596652219441 -0.6996656249509507
-0.06543996073889286 0.2913421079786487 0.7373577903519822 -0.3925745431453198 0.6802964797381208 -0.1238608007635176
0.07585088595414669 0.7350084466681968 -0.1959913117752783 -0.3919694787970138 -0.07771966388765583 -0.5432910737049461
0.3502236812939724 0.3584859079125076 0.5089415199211457 0.01910804378059491 -0.571960296382242 0.3519947279577438
0.4423562619167956 -0.6742395139422698 0.2777947411557425 -0.3492725265559411 -0.2326721709172259 0.7001004868365103
0.1843036416408543 0.4098705034856509 0.6401684694210452 0.2452186526542754 -0.5359601448861202 0.321273900583836
0.07424180931294846 -0.2682349781997567 -0.3103373282846147 0.08455990111204478 0.5703486331748961 0.234337862737953
0.2239688116063566 -0.4000543092488983 0.4845931233352486 -0.6869540549881551 -0.1560907944044434 0.1518750226253897
-0.4127542664524572 -0.1615563637104457 0.1323208860219123 0.3479079817708021 0.4838100459965731 0.06235559927335212
0.447302207778198 0.387392927534193 -0.9716444865301952 -0.2899156786045506 0.9747376610644083 -0.6376744998672133
-0.3483721160278561 0.3876173318768017 -0.273520284814499 -0.1583872867402305 -0.4241108285871905 0.2787506252923928
-0.6050990256383604 0.3457112140897154 0.1555304546683922 0.1979029812905246 0.7479479846822008 0.5952955706695503
0.4731727065028594 -0.1856445222905656 0.2423864130564893 0.08235999758629425 0.5702445434987646 -0.2828727103953833
-0.207333530220927 0.337924972732062 -0.6706056419275016 0.6435448714043636 0.4402307362564758 -0.1553004154866304
0.2035431596427369 0.5271292280811817 -0.4653378610195514 -0.5234134389407714 -0.1053737705479364 -0.19799153039003
0.2454579232397104 -0.8001151344958599 0.3644689344301038 -0.4551661352740538 -0.1660545789287181 0.6917198175543344
0.2810847221012862 0.6250901153083986 -0.1199340492095335 -0.120892322741193 0.1694498751985049 0.6742991829158322
-0.09551112261207859 -0.02082947502406068 -0.7322124328689191 -0.07211129719360851 0.8322858732039857 -0.2110151086354534
0.1539824749149738 0.6582706135251796 -0.03179096302675705 0.5412298927569322 -0.1358341161963054 -0.5002321179317286
-0.5183767727403485 -0.535104451524771 -0.3734531879229189 -0.4896051429014702 -0.427454059448318 0.6203192137879557
0.3838805813945661 -0.2320888912858334 0.2624550292089738 -0.466621236217199 0.2931289937233386 0.2906122930244722
-0.3323425359632259 -0.3646741161908482 0.2108898771852226 0.502120456872109 -0.2191377713707333 -0.3206086514342796
0.7783281721857367 0.4064447385252034 0.1285269767717282 -0.07740355435499685 0.9233442749715958 0.1053303948442401
0.128163978799361 0.01337891699818197 0.5340803807798873 -0.2883208057457457 -0.27582966749867 -0.3278354033288289
-0.6290011594987093 0.300657432093565 0.05400888615425936 -0.3913876856404599 -0.6368053917725758 -0.2003595295540104
0.2170888940209728 -0.4041390829244641 0.3054447484506128 -0.7046454197909648 -0.06709806802941715 0.1135874863515382
-0.1752355161000888 0.4658255838350671 0.7058197750134126 -0.427994861758953 0.7562574633799664 -0.217089774469157
0.01369073733092541 -0.542786466808492 -0.1874277962785181 -0.6654230457190075 0.1740988221601288 -0.02969399479010867
0.03638596612933055 -0.8056359759873234 0.1384236771433633 -0.1542085827727496 -0.03180795201728936 0.742463334158898
-0.2659907582981125 -0.2891831760314993 0.5045473374254457 0.4519506860079019 -0.5792503830150911 -0.1282410142218733
-0.002286696337788552 -0.3084809996919887 0.7548653963341998 -0.09401715578741665 -0.8769459985214446 -0.06271216446048494
0.4667440917036517 0.2780197319528251 -0.7453017469655565 -0.5199290383393136 0.2471770471553103 -0.5855367218640102
0.3221575072696936 0.7018083968212605 -0.09053214593677633 0.5524507090250251 -0.1941198257139151 -0.4703711398410865
0.6576497577326059 0.142992693384799 0.2122848962550469 0.1146503746418464 0.009108654965526597 -0.6167064994901689
0.7515946298668635 0.3432138035521721 0.2212049735437908 0.3359368478553292 0.2932096902586938 -0.6869404976814881
0.2465016366737275 0.3716220439510082 -0.06291367139872532 0.5871335017421458 -0.5585423480854886 -0.1998959194726398
0.1395069550890006 -0.1348338588949523 0.7496120995362352 0.4227484991607701 0.7356418115947626 0.3470623078367233
-0.3231523624311771 -0.03339750136338079 0.2589775872813678 0.09167982067416941 0.3241906889527196 -0.5777092991979819
-0.2285817982124388 0.2641979888767561 -0.518421637351324 0.4099638980261682 0.6144547788012644 0.1668371275885571
0.04746297066631897 0.3466349739877054 0.2033076653403363 0.3938672722338169 -0.389472713829299 -0.3781985958402616
-0.4243399090934148 0.8400900487307467 0.12402175872703 -0.7540325425744194 -0.07171017111582167 0.3688137653696262
-0.4220240232784505 -0.2404933546409722 -0.08109518456802403 0.3842087825219069 -0.05120147374158257 0.4794021362791446
-0.3823523682086911 -0.4476711653776845 0.3636052254975406 0.1660785181915247 0.3135538268871941 0.7096689103788183
0.1659478781384589 0.8934705516393056 0.2271391473860584 -0.05293712461152898 0.1488684569548924 0.8577397152281132
0.343018488680205 -0.4292876993370893 0.2429722403705651 0.02539752980259175 -0.2738060113237119 -0.6924113019125866
0.3575839898919296 0.6630498644898072 -0.8172267866635045 0.9765076189325543 -0.01730808438251918 -0.4247390762553637
-0.08812921946747684 0.08774607933362585 -0.4706565944220394 0.4351907247654397 -0.1158819664459409 0.356792410012706
0.5942877168544554 0.07717800632994737 -0.756558319240453 0.3321995978278401 -0.8541231277720218 -0.5035997940125496
0.9099570020205618 0.03492997443931638 -0.3054728088411978 0.1209130676807442 -0.2697001177805942 -0.8389614934406273
0.4678949028184206 -0.01686790831534424 -0.2375967364480368 -0.3258464028256887 0.4517564224425994 0.1501737837518028
-0.4092839363341279 0.1875169592936446 0.3931205866504649 0.1971032698492874 0.8401993416529159 -0.06108230186401592
-0.2446045877568254 -0.2194271261147065 -0.3949273720956181 0.6787958607528669 0.009553007032114036 -0.08686940625775355
0.5825027595379865 -0.4475970383979212 -0.03518279862080531 0.5977432553296568 0.5126289910039846 -0.313990437947768
0.2019971279893819 0.2934324303358939 -0.567119721220068 -0.2675924071153243 -0.5490275571454394 -0.3030234546559661
-0.3227304615021062 0.06210554361941928 0.5402918604737744 -0.4694552762157153 0.3040350503763395 -0.4188441791512674
0.3514201988817706 0.4455527083810561 0.3921503054180824 0.6858562318524991 -0.3406284362802988 -0.1275339714556391
0.3020979008045686 0.3550057604891718 0.3763133736928156 -0.6084059388453865 0.24440509796424 -0.0221213780943933
0.472615796117313 -0.605164817562606 0.1832785224760945 0.8982199794072361 0.2883462475126012 0.04010360933037292
-0.01913384484541603 0.1327783582951565 -0.825837204800477 -0.6333487541239823 -0.1957943519388059 -0.108355484260204
-0.8183791383953922 -0.03844583047308529 -0.3770937836145282 -0.6069165433181782 0.00888470080500601 0.5991456294866551
0.2449177612684909 0.705100566500131 0.04181619929451689 -0.6617347842283978 0.3112053907362614 -0.1092723583594705
0.4105372402098097 0.6637381294394674 -0.2279030823172063 -0.4449126300250593 0.3632764429921854 -0.6497185567754105
0.202340221554802 -0.2680800194858263 -0.3099887425827265 -0.2886193987783223 0.1307779003490162 0.4645246601336991
0.1466349198987362 0.8024694832929569 -0.2546504596291989 -0.5067642021960885 0.07851385661628779 -0.4759146407541667
-0.5273970793721268 0.701781386977963 -0.3324226088739912 0.01473244956609904 0.2003087107925912 -1.006678293976236
-0.02261954326352492 -0.5150818467959674 -0.5635461646891728 -0.05541092184531848 0.4685933960392671 -0.7404861040012121
0.6090806647513519 0.4390779510193243 -0.4717423542622504 0.754657296486498 0.1314807683654214 0.4685721769006101
-0.5882939968805182 0.71692746540746 0.4078936728440308 -0.7241592749507643 -0.2546315987546381 0.6018359608045516
0.2270655724932503 0.169850112056889 0.3712850418529528 0.5035693905108967 -0.4230429464783846 -0.3850372834570651
-0.1476605022063583 0.6221127275562586 0.2341976697236013 0.1071200848797311 -0.2667676669467775 0.614958088769744
-0.03671437082785509 0.01044524007232467 -0.5163491784530261 0.1496646407666335 0.6521185235641598 0.2276389002753017
0.6318198396948362 0.4913123631280576 -0.5685625331917118 0.6936235094066752 0.6113140149328025 0.4222855429401852
0.588017336827179 0.3123492357117949 -0.6826923816987742 0.5003846164453165 0.8578577977197206 0.1508188150433682
-0.2503321795353284 -0.7972822154177961 0.284814967886574 -0.1830255921683538 -0.5525398680716578 -0.6824342278807387
0.02608602198742421 0.2117107981370645 0.5842925722597035 0.5709404051787594 0.4875143312878489 -0.2075824887308123
-0.208597193604538 0.4235612005050574 -0.3327054442755978 0.09566141835264444 -0.497135073048298 -0.08827739982313866
-0.05289744979432842 -0.1952559680527069 0.8199238655805807 0.4114363385554549 0.6404326083416276 0.5266343562544735
0.3618988498157943 0.3558935798745461 0.375909350052877 0.03510483458948901 -0.3595394199229834 -0.2416352187136023
0.07381140813366574 -0.3175116060416478 0.4332091959688554 -0.4748635570389365 0.21140182676642 -0.2142522802504082
-0.6774545892034091 -0.4271871459985652 -0.1547240272784384 -0.6028210704497435 0.5697206542180594 -0.1793141827414843
0.3351721429956248 -0.4655502074440729 0.01996509275379349 0.130682946139804 0.1256644040405549 -0.7601947956898139
0.56085635003312 0.6389674642015495 0.4165569540170977 -0.410668173252003 0.5852911572812556 0.6473359711113993
0.5080644265326724 0.3937975494235435 0.6541430280904083 0.7589107485807884 0.4189716027379692 -0.3135565067625619
0.7175619706510614 -0.1298141104281875 -0.4518355877654786 -0.03194500061789329 -0.6736840741076029 -0.0744170367818402
-0.1956147045568548 0.6933096923527096 0.3110910987572184 -0.1761801126251474 0.4786446699456461 -0.6654032559583742
-0.2275204531048146 0.7587149969539272 0.3602073081501224 -0.1115295485134252 0.609030122914142 -0.6216992803478694
0.4191387156572352 0.09563897459441334 0.3607858750781952 0.05042246657118438 -0.05366640157320424 -0.5566868669187309
-0.0576429177892509 -0.9498593118106737 -0.3814128372281728 -0.4898861276242364 -0.6478064233996847 0.4682517202026567
-0.3009664129400219 0.4224377023916607 0.4632672190385882 0.164223502564488 -0.4565038793048783 0.5684339365764731
-0.4387049510479967 0.7345054636700321 -0.5778446047197578 0.5539404406165754 0.8524161670448258 -0.550418477819504
-0.618664724955839 -0.3634208939072331 0.007791347824426337 0.3144114556010329 -0.707603075498459 -0.09664747231686537
-0.1287505968737963 -0.3347091863034338 -0.2333514468402554 0.3699331464129755 0.3852321314708498 0.2493482767384107
-0.3580355839658438 -0.8448737431040632 0.1703501574191414 0.6368697509943546 -0.775575734243978 0.2435701030334453
-0.5381806759969576 0.2748543581733421 0.05292802568373906 0.01669548648599939 -0.362252323860224 0.5879116890010101
0.4412100050203273 -0.3144135304617635 0.1337395076467261 -0.08575369936561891 0.3901635825900991 0.6090082169295314
0.8253071087292578 -0.1274705397919847 -0.1039890773122194 0.1449688422613431 -0.5205747716133493 0.5145648056305417
-0.6187302370316179 0.5323728702321116 0.1263163403752479 -0.5075640111404967 -0.2193075830600802 -0.5237748581189087
0.4746172488585597 0.4907681213428887 -0.3539346639216921 0.1588419765652886 -0.3866829984610575 -0.7149963065298641
0.1532419493108843 -0.5671502613180042 0.1385327774758797 0.3927614903406195 0.2358027064743927 0.6843321187894125
-0.05433686995076298 -0.7014931353634146 0.3860354991226786 0.7642069080803575 -0.3296216434576398 -0.05179743357461386
0.2162432501849356 0.6938789320088787 -0.7367740398891022 -0.2835353925797114 -0.1443494670415784 -0.9549355838459471
0.3595205273834013 -0.2947095939110768 -0.6021944655828142 -0.6140666809118551 -0.1649545945432822 -0.4143339109607433
0.1975646557273413 -0.3392673537309979 -0.5352265111359408 0.3790459045682721 0.6252167304814963 -0.3433020269763558
0.005814357505319515 0.5211671172841595 0.005231936295178673 0.1282481077879752 -0.4687940234009231 0.07585004109284474
0.2794744637063617 0.4200703927942944 0.2011960900936502 -0.1668868099113889 -0.4722892176092324 0.1344432689187813
-0.3089497269508902 0.6735501355375704 0.3952885488379913 0.6600496773204211 0.4320601111686515 0.3431088338891501
0.3794288636251362 -0.2642672046579113 -0.8607664335890118 0.4000162101221972 -0.8514778958674598 -0.05159416188575228
0.7116628940579078 0.5342045755782852 0.2233921628668679 0.429058006614469 -0.3981008580914828 0.4490934166137329
-0.1719921759834147 0.8961063572753272 -0.5705289633224775 0.5668463291905177 0.2712429766485735 -0.8228450722494602
-0.3127966787816702 -0.3244002331684043 0.4868978575376189 -0.5136378322638142 0.2146027031027112 -0.3311111068136752
-0.03431078601989557 -0.443500623062134 0.1432091742329736 0.6315518770018175 -0.002091817429416803 -0.4582766363257879
0.8077532775868123 -0.4302957929945516 -0.3484676376052037 0.4874144854871226 -0.4305097332375302 0.5988353828194564
-0.3722186240785398 0.7501352890326169 -0.3413481879666747 -0.7225174103675062 -0.1812313881657261 -0.2421167769669635
0.4475175274438058 0.6988406171071334 0.1711680764203651 0.3536719345347822 0.3163249810627614 -0.7480026329003372
-0.5530262725540869 0.2863927129231885 0.1547121179808159 -0.04697214367360447 0.9254936236231543 -0.4244763181826574
