-4.314205993279738305e-01 -5.000311845885305889e-02 9.255020192160326800e-03 5.201748064742099942e-01 2.375479650793478059e-01 -9.928325882581412465e-02
-3.212727089601701697e-02 2.076746640636741303e-01 4.091294988475560612e-01 1.601416647883026623e-01 -1.965683049182204156e-01 -4.850853961298883799e-01
5.157809605578246304e-01 -5.499634523873812159e-02 -1.952514378382650684e-01 -3.768772295042543963e-01 2.374339347438345904e-01 1.477440243247310769e-01
-2.570422190067363499e-01 -1.199114460789484516e-03 3.853818656493899208e-01 3.295226722286496712e-01 1.263000896417561525e-01 -4.144215985361793253e-01
-1.189342096032818957e-01 8.180526865447061702e-02 -4.764388930058535698e-01 2.640566404112548171e-01 -4.176932442464183215e-02 4.390103566800448998e-01
1.777390645848669903e-01 -4.321488586156747025e-01 -9.348531251146646737e-02 -1.326144509049222431e-01 4.883964210246378168e-01 1.437426022773877210e-01
2.881228113414965319e-01 -5.647501342082811293e-02 3.900451432595314349e-01 -1.707976710180802993e-01 9.025360408934438028e-02 -4.862326116072727133e-01
3.435361972346807069e-01 9.104373319386356578e-03 3.779776907508596850e-01 -2.179792012307733562e-01 1.047363182009698190e-01 -4.439438312963172595e-01
5.102177558246672184e-01 7.466044596955818957e-02 6.072601034065949061e-02 -4.645836873606044026e-01 1.181635148198507956e-01 -1.580652814524976801e-01
4.588363597515041636e-01 3.236816049125417205e-01 -3.364445476566081932e-04 -4.438645444013302743e-01 -1.003885430554114500e-01 -7.310723019748627260e-02
4.469780543231554049e-01 5.465707822874393135e-02 -2.988865708114656905e-01 -3.622704220279885368e-01 7.489568108052949147e-02 2.882312218655743163e-01
-3.426686270767710374e-01 -2.153041434921552921e-01 3.964311625798988548e-02 4.000884845090240116e-01 4.470982558539349228e-01 -5.800387309278128012e-02
4.502717383480503988e-01 -3.338536353638410503e-02 1.122012818427627068e-01 -4.638428601111249105e-01 2.885967933014027542e-01 -1.342170445088047837e-01
-3.412349558703191565e-01 -1.699579450574959516e-01 -2.658392804898018213e-01 3.993935210978356576e-01 2.778034896663732489e-01 2.351389193131972477e-01
4.324237166700655166e-01 1.699241937507176003e-02 -3.405677139234765671e-01 -3.262823557557015253e-01 1.096416007224322031e-01 3.042432854088322203e-01
3.433628977199602583e-01 3.958485782820674870e-01 1.071656407515734211e-01 -3.892329643146848484e-01 -2.456008062425472649e-01 -1.205315046471075735e-01
-1.822417997783648200e-02 4.631886699159309395e-01 2.073756505036532805e-01 1.915502564626601345e-01 -4.244326638775225979e-01 -2.026524626920185035e-01
-4.234681762759788248e-01 1.046272569679266018e-01 1.636454858404525967e-02 5.733221918462654276e-01 9.924365543630993269e-02 -6.351022123264567221e-02
2.560574542629378003e-01 -3.602342221791210997e-01 3.999420680410447487e-02 -3.440852723860626794e-02 5.946778273390715963e-01 -2.142640272811489888e-02
1.918380211277212755e-01 3.454966102085593183e-01 3.460776264466461360e-01 -1.185890377482079205e-01 -2.878761907807852460e-01 -3.627763331843573691e-01
1.005190799543269342e-02 -1.011150538606446353e-01 -4.901301930385457695e-01 1.125911808471212472e-01 1.248316317510357459e-01 4.785977320178879113e-01
2.347881797150203342e-01 1.917019923012113214e-01 3.712915128225396932e-01 -1.694952461232456520e-01 -1.553408536976939036e-01 -4.749449639577132398e-01
-3.998871608951720114e-01 -1.279397196688929761e-01 2.601599452248646097e-02 4.752073921458744299e-01 3.212569067143219437e-01 -1.540726338909416682e-01
-7.043754894565949776e-02 -1.383302010894694178e-01 -4.469883332197441828e-01 2.016322419292363444e-01 2.015422788263980247e-01 4.532698110306306871e-01
-3.904511559129912879e-01 3.386396732412261940e-02 1.312902836857880173e-01 5.396597439528877382e-01 1.520718790708593671e-01 -2.164461158342513569e-01
3.849205061199464234e-02 4.817249768946784694e-01 1.892261361985972390e-01 1.084138492104952042e-02 -4.547481374340650029e-01 -1.604216105784577184e-01
5.653796258802488289e-02 3.987402222596725387e-02 4.504121298376150828e-01 1.387004297952680598e-01 1.432353868728011154e-02 -5.458792440954116643e-01
2.781989791814651891e-01 -5.059888447467172923e-02 3.860657263752616530e-01 -1.439145274259179264e-01 9.882634838554027468e-02 -5.080775995654345234e-01
-2.319571813697325069e-01 -9.148878657964235050e-02 3.177693960976253340e-01 3.522313451329349698e-01 2.253409993659443444e-01 -4.294538986679460324e-01
-7.408796647115337142e-02 -8.077189884310477519e-02 -4.704592944153968004e-01 2.953228281459285842e-01 1.278975364458373454e-01 4.350752060850370251e-01
-3.667225715675251352e-01 2.828452715074014079e-01 1.197834889678970130e-02 5.594594702676021214e-01 -8.855459678731547601e-02 -5.320572287524447108e-02
3.703862120072339004e-02 -9.302590008080502404e-02 -4.942334277024269529e-01 7.786032018130470411e-02 1.094632187536052625e-01 4.841998841006835974e-01
-3.859657611238349051e-01 -1.345479061957071676e-01 6.681766946354965320e-02 4.515427852300482603e-01 3.678077384739522615e-01 -1.481666114798174672e-01
-3.326339155008384285e-01 5.441387315270915931e-02 2.670871668645261598e-01 4.552871951587542654e-01 8.448060115797355329e-02 -3.479545514310796728e-01
-7.319580556316915287e-02 8.017049673242018781e-02 4.310339497979037149e-01 8.918855123009861163e-02 1.388560001079064410e-03 -5.525435647446439447e-01
-3.406205287657271263e-02 4.954593043072225145e-01 -1.097704327735483237e-01 3.253581897647029875e-01 -4.241871846259563927e-01 4.855652188851429518e-02
6.301675470765723264e-02 -4.673645252328506583e-01 -1.216671975268846101e-01 -3.254718863125075079e-03 4.727946776912137494e-01 2.125614142763911918e-01
2.068657110175436964e-01 1.304186676203147877e-01 -4.805186622638326632e-01 -1.080875126516783191e-01 -6.018592477916590022e-02 4.492524688520956877e-01
-9.225436725206247190e-02 3.960880435193721572e-01 -3.445455099012443845e-01 1.071583875361755284e-01 -2.958801283886777767e-01 3.492949633301732359e-01
3.245811376774138113e-01 -2.850875686927803465e-01 1.314335195237089082e-01 -1.885829966908242339e-01 5.297300379582536856e-01 -1.382604535079070551e-01
1.002900691752093079e-02 3.239825995439864492e-01 3.653080426970469752e-01 8.195602269496778114e-02 -3.182873200693155935e-01 -3.977881863339143287e-01
-1.071574346635044556e-01 -9.253373093557139273e-02 -4.772529200171540809e-01 1.986117226472439712e-01 1.384823687046761176e-01 4.464011191904282971e-01
-1.892659771323487033e-02 -4.181006295370382486e-01 -1.989641042938603693e-02 -3.165565916576015132e-02 5.804196186853503026e-01 3.297404336512275991e-02
1.472243211116233130e-01 4.916174815197953407e-01 -1.397883643164153922e-01 -1.909078811097844053e-01 -4.250062341251559239e-01 7.344291326298812983e-02
1.010540184082212994e-01 -3.130386306753615844e-01 2.142614992387185668e-01 -8.692641777015926163e-02 5.029501697127265469e-01 -3.323879618013473869e-01
2.297727308679472363e-02 -4.017535931482497102e-01 1.396854011946145613e-01 1.363045237249557451e-01 5.218165438958577429e-01 -2.266138428984137143e-01
1.590246587304477710e-01 -1.192475042990552569e-01 -4.724896340635250658e-01 -3.860302440541332758e-02 8.488452619081124362e-02 4.862978361228744717e-01
-8.255901042471391893e-02 -4.056612497733326217e-01 -1.632608957160612551e-01 2.375535994608199419e-01 4.470529081332886845e-01 2.495423042447357520e-01
2.626444765832538497e-01 2.783173866305018729e-01 2.773934277644878876e-01 -3.059242982555102630e-01 -2.154166284548961752e-01 -3.806006988247991329e-01
-2.977372275734789797e-01 3.901842403411590610e-01 1.299209001091703591e-02 4.822324688344841181e-01 -2.347459499671445959e-01 -2.031751710921101545e-02
-1.678727210222258903e-01 2.839354974180234234e-02 -4.667395511832123645e-01 1.590247838364605704e-01 -2.313747426862610215e-02 4.769142915375184644e-01
-1.279986760649267641e-01 -1.946359092902875398e-01 -4.279381888525871647e-01 2.133575488047248503e-01 2.586347673219059340e-01 3.954824943138390836e-01
6.530546628840112888e-02 -5.034051730494439880e-01 -5.437430169450867268e-02 1.250933789549027175e-01 4.820073979515777651e-01 1.049601591485217061e-01
5.226168903046388703e-01 4.347803751954121276e-03 5.157070432681278710e-02 -4.321306589067868131e-01 1.768065739920051949e-01 -1.907412636856349597e-01
-8.998028422423630379e-02 2.576870041938031375e-01 3.924912571818802709e-01 2.251723367138834253e-01 -1.740750964187124938e-01 -4.526479703957430045e-01
-3.347346530682696053e-01 2.136401032906875760e-02 -2.976845998758714806e-01 4.891383204396298479e-01 1.396292102031268245e-01 2.566137548231128829e-01
-2.506488081124498835e-01 -1.942337064462674179e-01 1.614496293116143011e-01 3.756938687607732086e-01 4.326176547089576885e-01 -3.019640327065945540e-01
-1.486382593937973784e-01 -9.129912674743342893e-02 3.884429581996417524e-01 2.167097333488609556e-01 1.781567325013588554e-01 -5.025757756749078542e-01
-7.597066714630809625e-02 4.209900297335093522e-01 -3.534830011221639090e-01 2.528453143610361886e-01 -3.323785833341620921e-01 2.160042973752257511e-01
3.605350676860015480e-02 4.597901469255473161e-01 -2.929820550448188898e-01 1.339526047223108807e-01 -4.006374247361630392e-01 2.070980990746804640e-01
2.743402840595375869e-01 -1.769434964327272486e-01 -4.084054864139027852e-01 -1.521141303924454791e-01 2.684205846071944235e-01 3.788603312829424419e-01
2.793620480906429740e-02 1.826764248223639864e-01 -5.016616452101932966e-01 1.213940200366740441e-01 -1.716630333246886575e-01 4.287732988739888507e-01
3.488700390107833671e-02 -7.043147375294651902e-02 -4.995733353051349801e-01 6.115963523097586035e-02 2.160525864651501038e-02 4.958356202162794157e-01
-3.520395347723839774e-01 -5.496859473242717009e-02 -1.895937439354973553e-01 5.271849124072907067e-01 3.103031150133782057e-01 1.162509054225906724e-01
4.361528973005772691e-01 3.409515938239427585e-02 -2.727700278014019153e-01 -3.985516150794765622e-01 1.137488768868777644e-01 2.721369939005507943e-01
-4.146173610217231409e-01 1.477314635038573781e-03 1.485516879408674447e-02 5.543842010372614926e-01 2.319793591803518684e-01 -7.405366196910649623e-02
1.725774658854155319e-01 -2.209211086008314451e-01 3.004674334696713633e-01 -9.275010588388873933e-02 3.472414503079598314e-01 -4.785014916571394550e-01
4.798727633238298318e-01 2.079914985702613073e-01 1.433328191927481579e-02 -5.141377534620448220e-01 1.048330713173263040e-01 -2.174207540091293786e-02
4.903010512080541727e-01 2.619183266183723324e-01 -2.543955997517914971e-02 -4.818692043780491985e-01 2.768021430744907474e-02 -2.962296703949693355e-02
3.845784870314915005e-01 2.150577515035653198e-01 2.434083325770092787e-01 -3.822215594567882069e-01 -1.085261562586419259e-01 -3.109481802763271463e-01
-2.796493012753723667e-02 4.435167496095950290e-01 -2.273882668220955916e-01 7.246227277412836676e-02 -4.915533640034630003e-01 1.125503446138671759e-01
2.538009131018882369e-01 -3.452876160148622975e-01 -2.148529621929284317e-01 -2.158369461581827187e-02 5.349013204712698144e-01 1.717097803464641692e-01
1.254660880954839575e-01 4.485831611983804867e-01 -3.152483442921387713e-01 -7.373363032651855664e-02 -3.742516522658462241e-01 2.169756141425470686e-01
5.593633146399331624e-01 -1.841290472195450043e-02 2.505647089964946686e-02 -3.991048731995934240e-01 1.981116608793714318e-01 -1.605663870429298867e-01
1.361034222846265740e-01 -3.850836080588045940e-01 -2.153096530312253731e-01 7.228140091316581639e-02 5.082868279665266886e-01 2.294554688297074374e-01
4.494938258781944196e-02 2.021642476357548290e-01 4.328056489300987630e-01 5.842963284045415984e-02 -2.189169953059658391e-01 -4.741170984391476217e-01
4.510922666137304193e-02 3.941747849649557267e-01 2.723520334136063092e-01 1.460161595970661530e-01 -4.188117642677915420e-01 -3.011204259531373162e-01
3.031489756288842097e-01 4.362414507039707456e-01 -1.192168158234637419e-02 -3.421020477735416954e-01 -3.235202935361279342e-01 -9.200419395155828850e-02
-3.969243893490972952e-01 3.390337438972925582e-02 -2.024699820583679699e-01 5.266610660640265174e-01 1.405066772314474133e-01 1.658038866488343310e-01
2.210556198403645090e-01 3.490390342645165456e-01 3.132742211563505630e-01 -1.588226093869652689e-01 -3.095191263901531098e-01 -3.363361851598096197e-01
4.592003791883764729e-01 2.668278675449347603e-01 -2.248846336955343528e-01 -3.820413660926366695e-01 -8.214965534003171310e-02 1.880645332943359782e-01
-1.759390738979472735e-01 -6.422014839824446986e-02 3.926975811915021097e-01 2.512536337950301846e-01 1.619865930332824167e-01 -4.827091246457747564e-01
-3.927594212166634069e-01 3.808828987188192516e-02 1.742567753830980282e-01 5.048556125541771022e-01 1.467685453360437209e-01 -2.529151492805173929e-01
-3.971425193418653410e-01 -6.557093067941875686e-02 1.086907533557370659e-01 4.947656162964357285e-01 2.431601940393033345e-01 -2.217407375952963333e-01
-1.186236097249662863e-01 1.714154322318592050e-01 3.697449217264382471e-01 5.641308006075316239e-01 5.068969926760512335e-02 -3.508601799567004909e-01
-2.154657649442684453e-02 1.344437174456628026e-01 -5.008687414855265141e-01 1.493218660885993754e-01 -1.353672113378127095e-01 4.467630636150882184e-01
1.159508138572277608e-01 -2.777557416637990717e-01 1.899263242790407979e-01 1.049612957659476487e-02 5.335573491446325978e-01 -3.850957433376217542e-01
2.065868036484727610e-01 3.650694935566361488e-01 2.721181500942925768e-01 -1.782151154096485723e-01 -3.272770880445164399e-01 -3.382781916660307364e-01
1.385894534396710509e-01 4.738380612453507723e-01 8.250825082105862907e-02 -1.784208046724793384e-01 -4.557260377375519367e-01 -1.056807024513691379e-01
4.361175083894864302e-01 -2.628863248448284340e-01 -6.180247256525550625e-02 -2.716707992816195794e-01 4.326856109560801578e-01 6.154822119140104797e-02
-1.944903144519117832e-01 4.033666707189109135e-01 -2.011871899596611168e-01 3.850995652607688280e-01 -2.497956340584014945e-01 2.861059199368668482e-01
-1.980672746826079300e-01 2.147395635397809921e-01 -4.495953939272413491e-01 3.189204470218143794e-01 -1.033180492200655165e-01 3.451140187340019372e-01
-8.051868296344198705e-02 3.779587791182996148e-01 2.380239235982327950e-01 1.691888881934432987e-01 -4.469416739501154701e-01 -2.691105471631745072e-01
-3.957657189761278893e-01 1.205219492030194239e-01 -1.788324238338212802e-01 5.634555093005669812e-01 7.838673478647775750e-02 1.006658032257091440e-01
-1.576576776261370133e-02 5.099129114719475053e-01 1.265392276768861068e-01 2.954592589820075332e-01 -3.912253031301118344e-01 -1.752701507586133245e-01
-4.645715681356410443e-02 5.005247554040914704e-01 6.318982899964366295e-02 2.725319808403262600e-01 -4.416769219714017369e-01 -3.928909180670753232e-02
-4.794249510936279823e-03 9.798950287123624203e-02 4.503641998459040896e-01 1.334924722511770523e-01 -1.107693868785739749e-01 -5.177765484622716130e-01
1.041489878521454499e-01 2.254684829529127466e-01 -4.801370469030808441e-01 -7.553467027329778538e-02 -1.766555237775414289e-01 4.176435867785020517e-01
3.290526824079931800e-01 -1.935284162597160351e-01 -3.203780943319704533e-01 -1.877108072959677298e-01 3.713496162397447176e-01 3.229478760038480556e-01
-3.828605659167267361e-01 1.798472617633268406e-02 8.336551676683756629e-02 5.692515060990184228e-01 1.898376094679357085e-01 -1.695162517065880170e-01
3.467296406226708649e-01 -7.035962078233015671e-02 3.808889485485528192e-01 -1.916638193006819924e-01 1.709245952440029970e-01 -4.265232196829636946e-01
-1.497507774905082745e-01 2.058933035293129821e-01 3.690673379975091817e-01 2.835593029807440546e-01 -1.310786636840088060e-01 -4.668108035245554510e-01
1.663762118985209759e-02 -3.286875614667950640e-01 -3.383508566412679608e-01 6.364502729731516539e-02 3.439476724235883132e-01 4.001287611548343115e-01
1.130613451073238934e-01 9.083980111970288429e-02 4.444762370083153447e-01 -3.209936416305375628e-03 -8.329018909387769787e-02 -5.333579695937400444e-01
-4.608233025189561322e-02 3.667924723909694040e-01 -3.918979698889648033e-01 2.171030652813951134e-01 -2.943594760833823654e-01 3.106769717411457798e-01
1.763073611993346348e-02 -2.865329893005890693e-01 -3.987598819797133487e-01 5.816060651882193344e-02 3.253994734370912467e-01 3.911109876269880381e-01
-9.044456087683442789e-05 2.295718086587581613e-02 4.410285727880624007e-01 2.198383378544341848e-01 1.430424654321278688e-02 -5.344489807173611329e-01
1.050557365459545561e-01 -4.157605697553822810e-01 1.304551204016357324e-01 1.053299017420884914e-01 5.001966482487798515e-01 -2.708207194137225438e-01
-2.658800015137530726e-01 2.248062462967033992e-01 2.390061369177717554e-01 4.838627382938455734e-01 -1.044743523774168958e-01 -3.349800227085805160e-01
2.719789011081602537e-01 1.900190920316333076e-01 3.714834549980015055e-01 -1.909823043789764530e-01 -1.474120072884081978e-01 -4.481549868930346792e-01
4.716423299542390479e-01 1.825779788384774560e-01 -1.759083462696788003e-01 -4.609043626098496826e-01 1.034567915231132673e-02 1.414127862327022311e-01
9.355777786677192676e-02 -2.203795498318534274e-01 -4.286491490184206610e-01 1.143553826104103111e-02 2.308916713042420410e-01 4.599509988188820175e-01
2.276658796397452722e-01 -6.162605968888336394e-02 4.215013869642689759e-01 -9.699381258632622238e-02 9.853625027871236453e-02 -5.106703347209129440e-01
1.247422713836124075e-01 5.309499452081084536e-01 -1.738682410637570680e-03 -1.491994948617274830e-01 -4.306011905058604317e-01 1.763454947152960292e-02
3.711283821341510580e-01 -2.203217456627926119e-01 -2.482728931936100392e-01 -2.366271091887251488e-01 3.818933747405105494e-01 2.693854994984475892e-01
4.392902131369775254e-01 -3.997071669559226770e-02 2.510550644119267094e-01 -3.231428110155651345e-01 1.379981546033656192e-01 -3.710566333805060957e-01
-3.129741272262827056e-01 -1.261300095599653948e-01 -2.335425964278430300e-01 4.665627554281980283e-01 3.204231575713507585e-01 2.056754786855627404e-01
-1.967292679980041370e-01 1.700605643455192773e-01 4.008216937476451469e-01 2.933579561598100849e-01 -7.015567733971794784e-02 -4.370987499389305531e-01
-3.028518126955118128e-01 2.395390113213122230e-01 1.281215673623881390e-01 5.626549366250037654e-01 -1.422432637803558997e-01 -1.961319774121116077e-01
1.681229506019588094e-01 -4.170726911826185823e-01 1.007685436695586467e-02 2.857089198759638071e-02 5.445625408707825965e-01 -2.261071912629191161e-01
1.458008524060575850e-01 -3.060483709828716314e-01 -3.756274827012401341e-01 -1.209003240078246333e-02 3.423770694274316240e-01 3.690972427669139133e-01
-4.827410157044764727e-02 3.034467345013647788e-01 3.758477707082470420e-01 2.054815111013348350e-01 -2.317780739017969993e-01 -4.298460256606756458e-01
-4.231199824047961466e-01 6.135506774865597673e-02 -9.238127355402250829e-02 5.517126233306486327e-01 1.920941225004083874e-01 8.819749141478780419e-02
3.528856535817275625e-02 4.129741471820312926e-01 -3.635259408872846265e-01 4.548426471546818811e-02 -3.861987644238349393e-01 2.374887886077736709e-01
-3.129184849613878688e-02 -7.497065293156081334e-02 -4.978008260400734186e-01 1.529710271577471581e-01 1.111240750059745847e-01 4.672981040648226947e-01
-2.090330403916979274e-01 -1.481039515451292865e-01 3.627323652505270446e-01 2.731013213613220358e-01 2.171582930569876946e-01 -4.335904021530123109e-01
-2.090422765988732556e-01 -3.750618681651318176e-01 -1.011290536244876248e-01 1.920645058754143486e-01 5.057471670704352107e-01 1.504435849921037238e-01
2.448665957765236156e-01 -1.436696130881033595e-01 -4.525053960771847072e-01 -1.188392596262861367e-01 2.376649742664758425e-01 3.973781154894436285e-01
-3.297147622564312042e-01 -8.666302034154645118e-03 -3.185181229276711767e-01 4.517597805166083114e-01 1.204141895860106060e-01 2.919208713057945270e-01
-1.535507991633513480e-01 2.758321186365256250e-01 3.292309946689181421e-01 3.226614571568988676e-01 -2.104790622993512050e-01 -4.033830389307183628e-01
4.730725669773223063e-01 2.625491837336466072e-01 4.164105966982251800e-02 -4.685342376085228078e-01 -2.539979859649377225e-02 -1.328926308677654544e-01
5.404656787872667012e-01 -1.360751199003157608e-01 1.146387763871634796e-01 -1.290793830783997231e-01 4.679712145578038829e-01 -3.176081853823907730e-01
4.693172404549502130e-01 1.067618840746378112e-02 2.313532124252992705e-01 -2.920313547631668283e-01 2.175874371920234404e-02 -4.168948061039995379e-01
9.915403442089146258e-02 5.194331384540589180e-01 -5.230149102573138087e-02 1.263506886788989536e-01 -4.796456808795735993e-01 -1.910729339895898132e-02
-1.839366994733353244e-01 -2.069247910385532963e-01 3.133362163963217539e-01 2.587998594620356529e-01 2.863282144622265601e-01 -4.354533481320004840e-01
2.380019976855042296e-01 1.267409547068525655e-01 -4.558750163309557846e-01 -1.706161524800476337e-01 -4.408505880108420927e-02 4.407016287274957977e-01
4.325595206856343994e-02 1.671630041357984042e-02 -4.983415005561800948e-01 7.651340724994012965e-02 -2.300419934786158971e-02 5.003157096884363053e-01
3.712225681694353296e-01 -3.019106374618361621e-01 4.807407032973667893e-02 -2.165869686557271301e-01 5.002297607322709894e-01 -5.704838208832307966e-02
5.345331111945740045e-03 3.895698352352851002e-01 -3.822482196813137278e-01 1.845841072977018049e-01 -3.571462417844738502e-01 2.582894930504612274e-01
-8.264636438702825660e-02 4.963623827508313324e-01 -2.746290269302587711e-02 3.746478190839010458e-01 -3.919190363882002481e-01 1.541075094186070138e-02
2.682151597635226148e-01 5.123750772607807424e-02 -4.768013339799558881e-01 -1.826738052941231372e-01 2.565167386090517684e-02 4.154119288079657912e-01
1.236189164234293286e-01 -1.283387973271264970e-01 -4.728067828735956213e-01 -3.645305413983811194e-02 1.712204704684389678e-01 4.677468888101510847e-01
1.036309957663948539e-01 -4.263723690686627155e-01 -1.505340176717051004e-01 -2.633383623689382336e-02 4.754283362304703164e-01 2.616123524012862189e-01
4.138409146865396626e-01 -4.404494560363677452e-02 -2.118385318736504264e-01 -4.185416500686819918e-01 2.411638273084063810e-01 2.633406151283258501e-01
-3.642554462893073108e-02 -3.173172359995186098e-01 2.445391937386395265e-01 1.390044477935751810e-01 4.156856944162881651e-01 -4.126753996480863051e-01
3.818479187398599040e-01 -2.971975217812388159e-01 -6.784057538194984693e-02 -2.014431526274261808e-01 5.078379155353622831e-01 4.027728034813830849e-02
4.284647988676577590e-01 -1.109559294511268945e-01 -2.619845675832832566e-01 -3.390828514162972374e-01 2.769737604787607665e-01 2.482910052344645679e-01
-2.091729724844943183e-01 -1.007058577198981369e-01 3.345060690069164289e-01 2.951044733983301249e-01 2.096212149475637498e-01 -4.713483629741572201e-01
-2.271364783338328253e-01 2.670660274229927356e-02 3.929219394327638226e-01 3.206770779004694538e-01 1.023893757621541639e-01 -4.402481665323698112e-01
-3.910889184928035833e-01 -8.301290431452426621e-02 1.180181825860849437e-01 4.664493435223653339e-01 3.302969210425251712e-01 -1.882547634005444226e-01
-4.076479728556833826e-01 3.695659546731726308e-02 5.046579818613526613e-02 5.677861993851927025e-01 1.950079137253657446e-01 -1.029876358635794936e-01
2.576814210640234262e-02 -3.645904864781373544e-01 2.349375954013793455e-01 -2.289227205680489582e-02 5.276489934319832376e-01 -2.139954447985847052e-01
-1.201278194909200375e-01 4.324693555607767026e-01 -2.917726936362146639e-01 1.944446740761464620e-01 -4.388132563488728044e-01 8.493774751839039405e-02
-1.489600281863138476e-01 3.608884020377325919e-01 3.381669951720422951e-01 2.772710476789180811e-01 -2.491806892486617131e-01 -3.297722040248306508e-01
7.335789049484137125e-02 2.212962176480988696e-01 4.272980416465561593e-01 2.887009610806114818e-02 -2.311598952569469678e-01 -4.633782755671980169e-01
-2.330438281685385249e-01 -1.595687795584557478e-01 2.481827785866625169e-01 3.621329948327636217e-01 3.247657418459475309e-01 -3.930540113264274771e-01
4.683244018297848532e-01 2.992386239647489288e-01 -6.009176795715176489e-02 -4.487932629497761727e-01 -9.733701175071707290e-02 -1.980586339788080463e-02
-1.196420711114585672e-01 1.299773396756911392e-01 -4.655287763030923065e-01 2.617317270296414256e-01 -1.009421291545389565e-01 4.295858671960495201e-01
3.574126402215508924e-01 -2.496955691070872896e-01 1.311605270035244575e-01 -2.773743627476181195e-01 3.594551550459800793e-01 -3.442139108086216259e-01
3.161270978861192571e-01 -3.363896346068672161e-01 -9.915105997059715792e-02 -1.230601441122055606e-01 5.459137599669899865e-01 7.012766400070795381e-02
3.516798659717563780e-01 4.164952803015276595e-01 -7.922389202132333608e-02 -3.687589899816234862e-01 -2.760851178841352005e-01 -4.316495579777297753e-02
3.327793521336538385e-01 -1.507622801090711118e-01 -4.023598302800153181e-01 -2.091407523179082961e-01 2.308393465451428206e-01 3.464410771219895713e-01
4.874049010380503422e-01 4.635911954242659221e-03 -2.786904367155043638e-01 -1.970149738137133566e-01 -1.969464030791659714e-01 4.219763922222352082e-01
3.870409187163408871e-01 2.955645811311631843e-01 2.319244455182487286e-01 -3.204191467919846326e-01 -1.489009746729648698e-01 -3.175758960782631979e-01
7.558311803752554292e-02 3.940727542355640378e-01 -3.952283468481427309e-01 -3.526778728112064942e-03 -3.605913789219775123e-01 2.560962038631801607e-01
-6.604399940723826301e-02 -3.871610078419194245e-01 6.764827489299994612e-02 3.039594725565031297e-01 5.405282930140551390e-01 1.774845713652024176e-02
-1.005157356943877228e-01 5.079956689150405547e-01 -8.478094058531150667e-02 3.746201748000636822e-02 -4.745509700510855966e-01 3.997579023637617968e-02
4.107253650898930880e-02 -3.327954676026361747e-01 -3.025301550318726385e-01 1.054348061261180802e-01 4.339075670207080404e-01 3.362373730635113134e-01
-1.619758671365623681e-01 -1.417465394901750164e-01 -3.779989604470841424e-01 2.941977447271900692e-01 2.505725893897165490e-01 4.207446385595693394e-01
-3.384859160314926951e-01 -1.813155574206236076e-01 5.574304996261969514e-02 4.153268046616446219e-01 4.538337447178709128e-01 -1.126367175695674738e-01
2.923381569057547646e-01 1.568371029416879836e-01 -4.443624978175856333e-01 -2.289411021898319354e-01 -6.942892685691487431e-02 3.784811190355403809e-01
2.418648303142558742e-01 1.419757999746621147e-01 4.434405845128128743e-01 -2.713315920135200843e-02 -3.838399056336863624e-02 -5.026621729050262388e-01
-3.449088469171314175e-01 1.383941998505799076e-01 2.160715828325426857e-01 5.096507100744048779e-01 -4.739768805308242072e-03 -2.831684702193378311e-01
-2.788586849879672314e-01 -1.283805360915979410e-01 2.107001566911586854e-01 4.151833258160851359e-01 3.333122087803915279e-01 -3.416996048689234788e-01
2.679088350328107659e-01 3.346450156606526893e-01 3.632950593859904931e-01 -1.627219870118799538e-01 -2.326558722915603172e-01 -3.386499510199134644e-01
1.356837763125752494e-01 3.300261639986703383e-02 -5.220747791573410179e-01 -1.340585349832968121e-01 -1.872889895611783845e-02 4.394671782297167040e-01
2.986796072410306813e-02 5.161213554891235233e-01 5.789972914924683411e-02 2.269987473413607182e-01 -4.413213342822749352e-01 -1.529152341976913188e-01
7.262682561641481405e-02 5.225629526531844204e-01 -1.485480964222218314e-01 -1.128368932885582820e-01 -4.262336478572725795e-01 1.071631075359489871e-01
-1.829338144896555662e-01 2.202256839623520646e-01 3.853086581921946197e-01 3.294091109649850968e-01 -9.790249187787378182e-02 -4.123749824029669941e-01
3.692001294453957638e-01 2.703849927925928709e-01 -2.134749821892318322e-01 -4.249070258496205343e-01 -1.752656134851345859e-01 1.997917150337005787e-01
3.070953201342200845e-01 -3.346649347606647229e-01 1.729225438037915175e-01 -2.242856855206239453e-01 3.379892214398778627e-01 -3.420246505524673908e-01
6.831478053479493606e-02 4.335022079174210008e-01 -3.121917381426513316e-01 9.626806557585043667e-02 -4.189392058480023717e-01 2.098832085393551594e-01
2.673183625142091513e-01 4.723671493029177326e-01 -1.007035218785353736e-01 -2.986850512559190429e-01 -3.362990733894252737e-01 5.960579125410528367e-02
4.587490571558321406e-01 3.211275777592110248e-01 1.271465208748752962e-01 -3.749324002091495300e-01 -1.062204275913973262e-01 -2.226375696276182981e-01
6.973885891990269648e-02 -1.384026759719293176e-01 4.215352251721362631e-01 5.642194673797511217e-02 1.976708154851473387e-01 -5.202063891732153778e-01
-1.207068510339160822e-01 -1.485528150379896717e-01 3.580036181105084037e-01 2.032075567756521650e-01 2.554044196456295435e-01 -4.975067611135780554e-01
-3.391458253821647562e-01 7.498478332850187777e-02 2.079795441897611952e-01 5.201741943170294924e-01 6.539329224734842516e-02 -3.033687784270404642e-01
-8.740268208378106085e-02 -4.097719080258966917e-01 -2.917770482596706780e-02 6.354442289803516331e-03 5.857909251527347871e-01 -3.719311638950024979e-02
4.492155455029614441e-01 -5.069730515288486256e-02 1.314992817578570505e-01 -4.278946781016171319e-01 2.569059600849441516e-01 -2.373609720827432323e-01
-4.049503623586061529e-01 1.684757078025693189e-01 -9.702984360221016125e-02 5.838999079024540517e-01 6.439712529146957021e-02 9.472699405496012859e-03
-3.399851923072300663e-01 -2.062872244432609470e-01 -1.752758032635886032e-01 3.674401706260311262e-01 4.052186115711188252e-01 1.791391631234112158e-01
-2.306774439588111514e-01 3.945027039667723390e-01 1.428438362052300570e-01 4.154341521337650001e-01 -3.020369679235660465e-01 -1.692014984460086802e-01
-3.516129710994213564e-01 -1.958208643688779393e-01 -1.517924424344237883e-02 4.505454790234200146e-01 4.009220859764762723e-01 5.789115483611908392e-03
-2.363543342357559696e-01 -2.812088604443267470e-01 1.577232228686209492e-01 2.754972226300528848e-01 4.613170553971616683e-01 -2.743222007129817452e-01
-3.176838526202837576e-01 2.558323799497716489e-01 -1.918144073427529850e-01 5.650584950625563430e-01 -1.182388045234915586e-01 9.250354241448219272e-02
9.771791268940170638e-02 6.233330516787628783e-02 -5.161193417921297044e-01 -4.684081353913714663e-02 -1.116830807253425956e-01 4.579551276976751018e-01
-2.901292508487543498e-01 3.775381343264032075e-01 1.155747661865691306e-01 4.553095017117966825e-01 -2.432478632686262965e-01 -1.272128186914752712e-01
4.001670084452572107e-01 3.561684405958956412e-01 -2.332954962970950619e-01 -3.573058057435286594e-01 -2.100773292580895846e-01 9.166706137284458267e-02
-2.903284915802072930e-01 5.064076016619282333e-02 3.135793996268096961e-01 5.031264306020457600e-01 -5.476326911463890584e-02 -2.858530628542611529e-01
-1.780595741282574584e-01 -3.502233894892900490e-01 1.543059609243562225e-01 1.691335838122388635e-01 5.084171651269810965e-01 -2.227793199440006311e-01
-3.866425260475945813e-01 2.226864863640296843e-01 3.545333007218279264e-02 5.692817586138150254e-01 -4.705837095808843018e-02 -8.050560206692705667e-02
1.520700827471326844e-01 4.788924101127899347e-01 1.800716529072815819e-01 -1.065221120959280454e-01 -4.260218348132993604e-01 -1.579524380923013893e-01
-4.063970054490280148e-01 8.123565073796855385e-02 -8.328749099960753091e-03 5.888753691513840538e-01 1.731834445857470539e-01 -3.960979070319846362e-02
-3.427164689493772953e-01 3.316126050631549860e-01 -1.643034794724274883e-01 4.940249524196557718e-01 -9.652384247737944012e-02 1.771097248016627324e-01
1.982941516725613418e-01 3.573905589640057334e-01 -3.496005307725364442e-01 -1.169058062495889894e-01 -3.470846339589845897e-01 2.862954427026776494e-01
4.829217151926228913e-01 1.366655331085170344e-01 2.248472525318758186e-01 -3.646944721835368441e-01 1.509175960144897022e-02 -2.916472938993087127e-01
-3.455814746153518802e-01 1.912316207363462528e-01 1.746566276394115880e-01 5.327088479072805693e-01 -6.750318714637060236e-02 -2.274160132514902455e-01
2.395809753038037893e-01 -3.526805399630580928e-01 5.302154079285209543e-02 -2.003164109439165563e-01 4.574410192819038934e-01 -3.345263256945478769e-01
-1.835979995647194982e-02 -2.841152620583147770e-01 3.267477731504858651e-01 2.024553007178670275e-02 3.611394421177174796e-01 -4.362437046735526680e-01
4.757989455987202687e-01 1.357961672083897453e-01 -2.723828561980084495e-01 -3.977450121829233520e-01 4.054666702749343266e-03 1.961949184218559905e-01
-2.959229346280229378e-01 -1.039904466917895703e-01 2.419247198784017228e-01 4.030334030635771003e-01 2.487443175243195803e-01 -3.801992421373301401e-01
4.504836354695333500e-01 -1.047895512430392223e-01 -2.400186666616702380e-01 -3.584214833340235162e-01 2.621173704005251293e-01 2.193850986945217463e-01
4.857377283257777179e-02 -1.240973432600943893e-01 -4.723680094523696749e-01 6.178816290467094990e-02 1.499705279044223627e-01 4.892515524796723358e-01
1.588490330198901734e-01 5.208141555324902194e-01 -2.984752893532376800e-02 -2.042684512610395409e-01 -4.106016815296277267e-01 -5.455038462778970254e-02
-1.347882344703433544e-01 -3.234284578554295075e-01 2.439044015900364293e-01 1.917830019725454138e-01 4.145587065108952141e-01 -3.466260148651313377e-01
-9.443096733948694310e-02 4.325600963367822183e-01 -1.718919101887187162e-01 1.336306395260619118e-01 -5.056611544168252426e-01 8.835564140061022420e-02
-2.317859543801095712e-01 4.520040364633833296e-01 -8.939366437538744103e-02 4.873464735197700626e-01 -2.362435450925954306e-01 6.334166610020203203e-03
-2.278993388383871721e-01 -6.799114719605846291e-02 3.457494911792457493e-01 3.315079622944008264e-01 2.075309026866352657e-01 -4.360120271035158868e-01
3.799475207319278902e-01 2.512205528807320842e-01 -3.808624118798615843e-01 -2.805303913961538220e-01 -1.085040241061770439e-01 2.782029538483939968e-01
-3.782321522546960857e-01 -9.759570415997717574e-03 2.319838436489906619e-01 4.528189652700739254e-01 1.739754583301419411e-01 -2.929880406195727871e-01
3.208635914641601028e-01 -3.320318415715674543e-01 -1.763970956905664689e-01 -1.455801986316486718e-01 4.736410751279382381e-01 1.887348557707763941e-01
2.907237430541148027e-01 -2.936990063705272047e-01 2.307740476969081245e-01 -1.437725264014408366e-01 3.910715730608283480e-01 -3.542919702655530356e-01
-6.771839580871347186e-02 1.295546306558605365e-01 4.248496385646172713e-01 1.792308305853203831e-01 -1.404413089677162274e-01 -5.058051159873433456e-01
1.065011820355112188e-01 -2.573030099349959965e-01 -3.928113690126687207e-01 -1.745551334072295568e-03 2.938951419361982564e-01 4.345115679887142091e-01
-1.763588316416114521e-01 1.493542943567043590e-01 3.915789820821538592e-01 2.909004727360910980e-01 -6.143592308254011702e-02 -4.670456312992595227e-01
2.792731098149324187e-01 -2.340736385712625378e-01 -2.468458337245653667e-01 -2.138368379561965127e-01 4.226049436380633351e-01 3.237817322733489434e-01
-1.405397855400679352e-02 -4.105949954011475223e-01 6.836392137335892127e-02 -1.583010602833308939e-02 5.528820069662020442e-01 -1.994212747828530141e-01
-7.965351704544550160e-02 2.140603019778901384e-01 4.161023343051079570e-01 2.010664295967359849e-01 -1.904332394897788328e-01 -4.542891215744600530e-01
1.190764889439103053e-01 1.699823146692026055e-01 -4.851321480360699101e-01 -4.185152748986835369e-02 -1.953092629261231616e-01 4.317452902644957624e-01
5.073174898158516744e-01 -1.279805213335730163e-01 1.305250535442980531e-01 -3.173113794036390711e-01 2.844968337080470699e-01 -2.565791438336862407e-01
4.619806293569312938e-01 1.779817073159436769e-01 -2.128318656592661506e-01 -4.439216751562404806e-01 -1.625179866054721201e-02 1.634849687154467657e-01
3.111892793867120366e-01 -2.548993915719160452e-01 1.947588842007154930e-01 -1.965118080577700210e-01 4.003449424572736448e-01 -3.646108222817987521e-01
4.263820124095237252e-01 6.210119423909405550e-02 2.777485760059038578e-01 -3.220563523634087377e-01 -2.713323678627386354e-02 -3.794250924072468667e-01
-1.172794879218332087e-01 2.717400175468986379e-01 3.807178263032808818e-01 2.731217309209873489e-01 -2.296060333263719166e-01 -3.914473280515476938e-01
2.406495773247670777e-01 4.641581347983787520e-01 1.420433763816451589e-01 -2.599675032946344722e-01 -3.624357323880070814e-01 -1.151046691523679999e-01
-2.889854320739501659e-01 3.255179114225758563e-01 1.444003746259860388e-01 4.879518413039932168e-01 -1.841126718963256859e-01 -2.252550619390442654e-01
-1.011742348444429479e-01 4.721399535076696297e-01 1.639298376477658359e-01 2.882653843389989534e-01 -3.986750293318163663e-01 -1.361002419651314577e-01
-9.117666396405860185e-02 4.568960050056750100e-01 2.096847941408979954e-01 2.901000222370477832e-01 -3.589589770954019765e-01 -2.250665563346977704e-01
4.296812511448254712e-01 1.878538629953280248e-01 -2.650826949802741472e-01 -4.094385703953481448e-01 -3.897611834967118494e-02 2.293119698993285049e-01
-1.801014023573311307e-01 2.390618100401907531e-01 -4.196581640837556693e-01 3.371967482831992879e-01 -1.519914079508601634e-01 3.415776758782962386e-01
2.552387450715190020e-01 -2.188449025011287574e-01 2.700880222854274426e-01 -1.517981756682172945e-01 3.200938588959173492e-01 -4.673846596618643212e-01
-2.868599020345921624e-01 2.303801523907857141e-01 -3.337969397432214991e-01 4.504068444982481378e-01 -1.314290122301650376e-01 2.367570654597658808e-01
2.226704746119056166e-01 -2.051300307576775506e-01 3.526198956210657709e-01 -8.280912269774984291e-02 2.522345526316805420e-01 -4.825446710893579461e-01
-1.191061758233350060e-01 7.816949897525235502e-02 4.192577113124265065e-01 8.470409620975617726e-02 -1.234261541877991475e-02 -5.555596716684675362e-01
1.999832875542716104e-01 4.222018720070099262e-01 -2.838161359510607551e-01 -1.794550992701478276e-01 -3.743281374250526095e-01 1.868923244341766376e-01
9.746968757156593277e-02 6.689655353512326263e-02 4.563511936946428316e-01 -1.148273737203399092e-01 -5.020431308080293420e-02 -5.138123723109147001e-01
2.001635958732556619e-01 -3.740624956856858363e-01 -7.363340456066731765e-02 1.818283651616486862e-03 6.038128740765902336e-01 -7.158609848744654225e-03
2.432339046455108955e-01 3.812657660737429621e-01 2.446988481142646221e-01 -1.144662768037503497e-01 -4.160698345068928328e-01 -2.414148425362687145e-01
-4.183639326506904954e-01 -6.138003508504956407e-02 6.147859862133287639e-02 5.034177376581451258e-01 2.736936442569152805e-01 -1.335705790105944091e-01
4.875730276432297949e-01 4.492332776824829038e-02 -2.065322650397503623e-01 -4.317538637373301014e-01 1.475987144365495385e-01 1.733306467548484942e-01
-2.709513537473753897e-01 -1.746268536919904357e-01 -3.153772733712390530e-01 4.016112444220137356e-01 2.386280264870494494e-01 2.985282206193655141e-01
-3.836505584282318138e-01 -1.173811848167616578e-01 -2.006567763329334952e-01 4.507024022447098099e-01 2.577324059734513728e-01 2.032552574327978201e-01
4.380023749655202470e-01 -2.050712641280104664e-01 1.801811891249414932e-02 -3.321170469573471729e-01 4.315362224161989335e-01 -2.256493239039188831e-02
1.625197043778843775e-01 7.816545606718730554e-02 4.663532253036284936e-01 -1.695354116504714237e-01 2.446536711283781029e-03 -4.738627313632264859e-01
2.535858852719213297e-01 -9.137325223965822585e-02 -4.557202938663376113e-01 -1.421572553237936964e-01 1.850181648003855484e-01 4.200622997366848521e-01
5.674862282138566638e-02 -3.519780394728053759e-03 -5.043660367186290072e-01 1.172055737610675774e-01 -2.512134098441148877e-02 4.935710002046265199e-01
2.537032275922975755e-01 2.605525541863654149e-01 3.759670934582772239e-01 -1.702712788145454015e-01 -1.898262430801987977e-01 -4.097838574732484695e-01
1.402556792505419980e-01 -1.981390529672379386e-01 3.567945748978293419e-01 -1.081096477507703657e-03 2.391420919658177602e-01 -5.313546896477394643e-01
-4.894778909772534020e-02 -3.836879643028751619e-01 1.716374912771522210e-01 6.068369968687269828e-02 4.808948459078094539e-01 -3.187475624867932567e-01
5.790058471315321677e-03 4.152095981629675414e-01 3.177746810146545586e-01 1.482913658924166767e-01 -3.349564373325017996e-01 -3.279375587425664706e-01
4.366726092766778367e-01 -2.786722127035168306e-01 -1.029274565424872223e-01 -2.280970939730222469e-01 4.375955870765015909e-01 1.093027972848052976e-01
2.101938894464720209e-01 3.824377454683304256e-01 1.799068216670147435e-01 -2.044608808723130944e-01 -4.363204430976265202e-01 -2.172033017346285677e-01
-3.732221141164089317e-01 6.873946932313895752e-02 -2.282360159888410789e-01 5.524977980955884105e-01 1.037029962387061438e-01 1.483542068261390345e-01
-3.740984217422193003e-01 -5.355698075512393269e-02 1.538258118814609943e-01 4.901027712377860057e-01 1.994364602207633896e-01 -2.810886818700299439e-01
-3.731608955537438210e-01 -1.200938303718372402e-01 -1.434183425477308649e-01 4.813777778508570582e-01 3.519058075673124342e-01 7.333035396788020743e-02
2.241461902602995271e-01 8.760034362245985862e-02 -4.847451550305073020e-01 -1.497523112740529738e-01 -3.494076094048295666e-03 4.382400654616078750e-01
-3.022105848191992683e-01 8.110554444822196118e-02 -3.011832407296048397e-01 5.084013623615248889e-01 8.038299512850347051e-02 2.844000146750860769e-01
-4.101871929337777556e-01 9.157478734527980946e-02 1.161767555722522105e-01 5.468533933401893421e-01 1.095345481339319166e-01 -1.732204856322828723e-01
-2.039038140179405545e-01 1.144621367091334073e-02 -4.034164929174083314e-01 3.635849338096294181e-01 1.106794577340091817e-01 4.139630299248333589e-01
-7.253928976733513279e-02 3.903527835830840065e-01 2.834921644387424777e-01 2.447070491207875009e-01 -3.528806783833026151e-01 -3.055399072479714206e-01
1.761260045697146948e-01 3.520905994731873268e-01 -4.280092071756668726e-01 -1.516504703027473921e-01 -2.889797718349863542e-01 2.659586318132753369e-01
2.954291520140402971e-01 -3.278328600403623838e-01 -6.747508992329545596e-02 -1.117655184382737588e-01 5.795009880895253263e-01 3.710879216683071746e-02
3.300074262348668408e-01 3.124628357566346382e-01 2.280992192859867262e-01 -3.287213149229973319e-01 -2.449389877004556904e-01 -2.772518000849908404e-01
-3.710915567234365220e-01 -1.823899525940467503e-01 -6.855931449648404452e-02 3.816711280205581369e-01 4.702637805176490549e-01 1.741419952022088546e-02
2.811905704330107114e-01 8.056157393722118698e-02 -4.720449321366553819e-01 -1.878063231410004308e-01 -3.499129660227695560e-04 4.074408523448414532e-01
6.065736579271436418e-02 5.212057811696816367e-01 8.599307324456670343e-02 1.714315069139809855e-01 -4.689884436069988727e-01 8.785217404058132118e-04
-3.728062286468609154e-01 -4.230228730828280298e-02 -1.832449157077019053e-01 5.372446695300991948e-01 2.112851640695115607e-01 1.446281805216517169e-01
3.124256199219707739e-03 4.105961897967818630e-01 2.709287549506793069e-01 8.715657334508312981e-02 -4.578319389144639984e-01 -2.177133993280738200e-01
1.524930900257956690e-01 -1.367179197115994949e-01 3.920359094722040694e-01 -2.271573288902756227e-02 1.755067668551476834e-01 -5.416758305584643551e-01
1.514206050957091487e-01 4.755096013366108543e-01 1.529199564539881762e-01 -1.921060125072583391e-01 -4.185451133615387120e-01 -1.345789654992512185e-01
-3.359108922762876759e-01 2.971577709574183546e-01 -1.671858688429110618e-01 5.442433103978172593e-01 -1.314281911505039702e-01 3.687944569911760784e-02
-1.691465506315352751e-01 7.603033185247720649e-02 -4.158257570078721654e-01 3.291476393540521128e-01 -3.615159286159837226e-02 4.438940322223472457e-01
-3.924796948130002683e-01 2.562083772059486897e-01 8.079300077022541493e-02 5.472420281927644625e-01 -1.735485173002748738e-02 -1.243563182274242396e-01
-3.947720867290495650e-01 1.407008605965912318e-01 -2.487537574118078576e-01 5.134971993446202365e-01 1.719182447982965656e-02 1.509866858419794122e-01
2.255281142563792807e-01 2.817072138475703591e-01 3.451806452858363627e-01 -1.682828894044758050e-01 -2.497988400703305967e-01 -4.047621578960138855e-01
4.739325966796943956e-01 -1.747449017389964554e-01 -5.182220754107482591e-02 -3.376126743870171976e-01 4.095309625665192188e-01 -5.582063214337738832e-02
3.082534351426166053e-01 3.838625387801252731e-01 -1.927175852337218998e-01 -3.528951021021546897e-01 -2.991553803925465771e-01 1.177161980246935746e-01
4.789165196819005765e-01 8.694362974218905471e-02 1.917833871631428877e-01 -3.970062808869063153e-01 6.162775751372798899e-02 -2.900032399416476725e-01
5.190504667446106390e-01 1.313211018386525597e-01 -4.336604450367797722e-03 -4.802594681132972276e-01 1.259173056120778400e-01 -4.108511572124430578e-02
-1.007728583744330331e-01 -2.724352681278226496e-01 -2.340500285161634109e-01 2.021793322338082122e-01 4.963280225571435333e-01 3.291754796960357776e-01
-2.565078248541132755e-01 4.537990194496013124e-02 3.627111170213757618e-01 3.599993557593558213e-01 8.018912066880186373e-02 -4.238683224148880879e-01
4.908559501479860532e-01 9.214515465998674923e-03 -1.475842668230981369e-01 -4.376004355466664442e-01 2.384797282708325528e-01 1.446591284151468593e-01
-4.040389769891687965e-01 -7.973129026653087703e-02 -7.078285250854290944e-02 5.120756854265580138e-01 3.211585151055120768e-01 -6.616882436770094023e-02
3.729275887404508438e-01 -2.607672315209878522e-01 1.166250463498578749e-01 -2.381294329215225547e-01 4.891218363532748303e-01 -1.369014851222310480e-01
-8.068055907858058540e-02 4.753935876078141387e-01 1.160839925331806077e-01 2.980123947911774707e-01 -4.195769206437235388e-01 -1.197537399215345688e-01
-1.189664729111241694e-02 -2.353683645610976094e-01 3.218568717500275289e-01 1.078166394780472326e-01 3.275411819039102945e-01 -4.959460210484046838e-01
3.601390647740932982e-01 1.853103332467387621e-01 -3.899078253506632619e-01 -2.825566171723029596e-01 -6.271766814253820765e-02 3.349537965705814413e-01
1.474407322237141771e-01 1.888745357632443667e-01 4.376098378438595393e-01 -4.286848327071610121e-02 -1.705935270149632754e-01 -4.759355164436969154e-01
-3.535526207951810718e-01 -1.191849263322931063e-01 2.016974675599025879e-01 4.186088171831880422e-01 2.831352944194801546e-01 -2.901410767546130365e-01
-4.336376079493467484e-02 2.340080177809244003e-02 4.506167702553131038e-01 2.921760080594475451e-01 2.163146242961444879e-02 -4.914076099787749730e-01
1.269987005628280263e-01 -4.159703377126840462e-01 -1.105957124498744421e-01 1.431464661515842174e-01 5.633475252821875667e-01 9.108664395655151347e-02
4.150243880619649550e-01 -1.261345401844135572e-01 -3.567476354150185824e-01 -2.393651409220912685e-01 2.593700261840243826e-01 2.937602997134529104e-01
3.322541265935211041e-01 -3.467798950704046312e-01 -1.332743475292412216e-01 -1.184512383311019934e-01 5.051588856308379949e-01 1.333058242117234893e-01
-1.314026132754805287e-01 3.876662909415614644e-01 -2.996812818039098492e-01 3.303320949149764485e-01 -3.491538871787513987e-01 1.941780953137308141e-01
-3.275574449022402579e-01 1.614687482608028746e-01 2.651168477588592420e-01 4.591250105547826088e-01 -3.285109290172008589e-02 -3.208614057682498411e-01
-2.432783118025942382e-01 -1.720099213900706525e-01 3.203067606452273397e-01 3.032336290781659227e-01 2.755277165255390348e-01 -3.875313289795548899e-01
-3.741944147781705587e-01 1.638143170602386900e-01 -2.281050303250154454e-01 5.406943099243020079e-01 -1.044716352243277302e-02 1.360536683180604833e-01
-3.166207965862249396e-01 1.644273497215610058e-01 2.212991230801123754e-01 5.020747844079898048e-01 -4.407926114747931501e-02 -3.137359588392435450e-01
-1.436821101882101159e-01 3.958448709772869334e-01 2.110928461709742632e-01 3.574443837862206763e-01 -3.326142891546433056e-01 -2.560468428480360270e-01
1.602078508656888389e-01 2.947969493904064042e-01 3.689268012002399622e-01 -9.120991743240602911e-02 -2.637848276002333070e-01 -4.215006174777717329e-01
-1.951116694473379598e-01 5.377925660981222600e-02 3.854197444739048684e-01 3.115787309074428135e-01 3.781077842248238563e-02 -4.765604443313209981e-01
2.317866945113809529e-01 -1.390430335123130634e-01 3.942136585489973144e-01 -9.185201599944536888e-02 1.720589528421220815e-01 -4.993598074543383336e-01
3.486838688730367064e-01 -2.741497924752782644e-01 9.864368405041576415e-02 -1.746109499510787311e-01 5.618065484586284297e-01 -6.670300821837496508e-02
-3.253460598388774883e-01 3.266277972523438100e-01 -7.931976129874497572e-02 5.608901788116411602e-01 -1.332164174901632747e-01 -2.338562618942204713e-02
-1.456036034908811949e-01 -3.964185934671441980e-01 1.066745977547407243e-01 5.165275452761761144e-02 5.328891596207934178e-01 -2.055385173956751077e-01
-4.090583398998079434e-01 4.333327867249320980e-02 -2.783569189446626346e-01 2.432065738604194949e-01 -4.331327714051547845e-02 4.746655618904755958e-01
-2.142917557245446747e-01 1.961918558696267578e-01 -4.040968985429269633e-01 3.717728977813281044e-01 -1.081728232594703354e-01 3.468294387296999570e-01
-1.045509255595707121e-01 4.471663047152350107e-02 4.249193253902116552e-01 3.156530698258279699e-01 3.509810976139296490e-03 -4.815742489329727927e-01
-1.410981087987054350e-01 2.103079964066634500e-01 -4.278114330565084833e-01 3.085317796503975196e-01 -1.244479225991678428e-01 4.003017464689767602e-01
4.372978095273751808e-01 -1.942172646905704902e-01 7.394190966178629254e-02 -3.015649034259242356e-01 4.661328613546756316e-01 -6.029520308769889536e-02
-3.524042722978076945e-03 3.111822160764036171e-01 -4.427734738621361132e-01 6.286393509325449713e-02 -2.388570105381325748e-01 3.897224634172924973e-01
-3.040502501787107348e-01 -2.578291610044515236e-01 4.907442087677420933e-02 3.543896356453182794e-01 4.560194138187583235e-01 -1.894148429883143192e-01
-1.614315898626404455e-01 -3.758483440883164661e-01 3.050000369943227027e-02 1.010990358640139752e-01 5.794313534901609497e-01 -1.055822139116287944e-01
-2.144361155777455008e-01 3.102737844304312986e-01 2.823024700320170277e-01 3.861954458753523167e-01 -1.959211854332738589e-01 -3.365742381022415186e-01
1.260316255634677807e-01 -6.125910037992102208e-02 4.375029685791355649e-01 -1.699660031005384153e-01 1.050263169900886029e-01 -5.031003292012661277e-01
3.734132230749372394e-01 3.488084166372404926e-01 2.599961150332163462e-01 -2.787265341922601780e-01 -2.757429786978592423e-01 -1.697122646575462968e-01
-2.397557745264839724e-01 2.871381574771349476e-01 -3.451476922928273794e-01 4.322544027909602793e-01 -1.815343135990192813e-01 2.282181912729359663e-01
1.031657886881146430e-01 4.454964129361859565e-02 -5.214758455111071500e-01 -1.141501839236089416e-01 -2.105487051637223300e-02 4.524183048348087155e-01
-2.928880898655927822e-02 -4.106883481782219736e-01 -9.915698054694538355e-02 9.849830378172100276e-02 5.358587785195075837e-01 1.970169392208476755e-01
2.310335066439918872e-01 -1.651678143644615473e-03 4.271940060409242235e-01 -2.011566627334736290e-01 3.766401666177294355e-02 -4.737310372537135161e-01
1.339113172441273869e-01 -3.596003016543570241e-01 2.202290236018318303e-01 -1.370942496553454182e-01 4.872827699902353982e-01 -2.373133740744004516e-01
5.198687513203078536e-01 -7.029550547705177730e-04 9.288600377914857376e-02 -4.097873156271263362e-01 1.859462625377175937e-01 -2.247642232944989660e-01
4.655023684264195105e-01 2.041764243833029194e-02 -2.354498993953159092e-01 -4.150870535352712554e-01 1.337389165162766180e-01 2.246811240866116721e-01
-2.730731191758577481e-01 -3.010854541221901215e-01 -9.527092472076562069e-02 3.115426603630074842e-01 4.859294827075395506e-01 1.017871365735174560e-01
2.839052075033841049e-01 3.685482385478826006e-01 3.041372634378380346e-01 -2.065381123123991025e-01 -2.955714810689188954e-01 -2.601413451095482832e-01
6.399930806961975915e-02 -2.812056826361533646e-01 2.706528186351357390e-01 -4.896198100974252787e-02 4.926437967915727190e-01 -3.525620162003054170e-01
-3.718285309736873434e-01 -1.839203362586730173e-01 -1.153206765736432445e-02 4.238919158727367242e-01 4.209688292057144343e-01 -4.215996301966547233e-02
1.775669529677854352e-01 -4.597078513247158937e-02 4.160978898826484529e-01 -1.428241116574341385e-02 8.459918066395956393e-02 -5.566021180917934963e-01
4.160077118564625143e-01 1.216672977361980962e-01 3.112137288713220928e-01 -3.029741339349826812e-01 -6.160301021645804564e-02 -3.592168041783482813e-01
4.193877164292691972e-02 -4.195518934881396489e-01 -8.378048898849600745e-02 2.180262906860438721e-01 5.598079011043932685e-01 1.545447648694281417e-02
-3.441811936026714092e-01 1.785538553617882218e-01 -2.623362426224554178e-01 5.283088366233427147e-01 -2.569403926008445582e-02 1.815600793928788814e-01
3.766725950858398342e-01 3.633514972414920163e-01 1.308713680743125440e-01 -3.872254597851682023e-01 -2.166543631596114516e-01 -1.520649563251293968e-01
-1.962191845960135905e-01 -3.139111473124633345e-01 8.023295412653196068e-02 1.643055784851458478e-01 6.012799267634225675e-01 -9.989809021924454802e-02
-3.580382784903871074e-01 2.676609330148842503e-01 6.607126467606123932e-02 5.450193803548919469e-01 -1.255998020392415926e-01 -1.066506478468505631e-01
1.650927750062348431e-01 2.032391027730682254e-01 -4.761759699107058763e-01 -1.165115858359872247e-01 -1.459846942514574364e-01 4.175475463662333686e-01
-1.506284932220314510e-01 -3.692288578754087114e-01 -2.722665647735579286e-01 2.820442792837459800e-01 3.394765656327840553e-01 2.849864250095717200e-01
-2.339788606279064043e-01 -3.407965254399017430e-01 -3.246096630230584090e-02 2.266145510920046235e-01 5.424454573904859966e-01 5.550100756173101391e-02
3.154124585358915600e-01 -4.034765350477888951e-02 3.887140758083195147e-01 -1.874158010909705019e-01 1.481940972616169194e-01 -4.548591276177751386e-01
-2.513410712858524243e-01 3.390065011243110216e-01 1.580567991866171917e-01 4.731528273593020306e-01 -2.426748245847662466e-01 -2.117477791345210858e-01
1.400633323141599051e-01 2.328162801938752358e-01 4.079706037634336924e-01 -7.100837517501390472e-02 -2.125544290363884370e-01 -4.621406912197635886e-01
-1.019688970882457052e-01 2.148849355159574703e-01 -4.845665960409879514e-01 2.418421756957411795e-01 -1.764412547829632139e-01 3.690479299701718841e-01
-3.793926090108020732e-01 -4.180023608680368680e-02 7.926126953093733107e-02 5.336572791957346906e-01 2.835016191783983897e-01 -1.667440243288662582e-01
-2.246650914780352337e-01 -1.135189140726134971e-01 2.926618371537723640e-01 3.524953953718524824e-01 2.586511643844170427e-01 -4.342323815056473579e-01
-7.343190076503860846e-03 -3.500090762750069362e-01 -2.483041759148053307e-01 7.406175587192077858e-02 4.859663010263607918e-01 2.943913218746732063e-01
-7.001327104449577010e-02 -1.112056200215443824e-01 -4.732491119998770146e-01 1.428476332197559096e-01 1.421851340542240050e-01 4.704051473476441037e-01
-1.156125850108136316e-01 4.435541033561432034e-01 -1.929793962636681681e-01 8.281280331167002740e-02 -4.677155040294272981e-01 1.678738535823317557e-01
-9.848438499944041358e-02 -3.548742692471575366e-01 1.809205154648806657e-01 1.335258641009035019e-01 4.745560617628963862e-01 -3.272296299773389539e-01
-2.286504151949497743e-02 -8.694531406047042998e-02 4.074712927995727263e-01 1.239683270921199121e-01 1.200963464113477541e-01 -5.597793017679560945e-01
1.682864641504132619e-01 -9.261711616709006334e-02 4.197544583148998809e-01 -1.601589557744237391e-02 9.221185365322290273e-02 -5.455801428021976873e-01
1.247504580735199486e-01 -3.574271400382406788e-02 -4.717540229528024986e-01 4.210577706947313259e-02 2.455309066680091273e-02 5.229993498189922096e-01
3.686263025547507621e-01 2.991662716686231960e-01 1.521816387853200392e-01 -4.076660427021245314e-01 -1.915117047264512373e-01 -2.435522594043790234e-01
3.159399768509110196e-01 4.264763587051596527e-01 -1.122344258224280134e-01 -3.587483388602490386e-01 -3.029318158337861444e-01 7.230509491464309768e-04
-3.147357982010237643e-02 -4.462599653298927049e-01 1.422340858774924222e-01 2.188769599062822813e-01 4.379793746070724247e-01 -2.520315567627813835e-01
1.837084512710400741e-01 -6.211885978616674131e-02 -4.767549355534750899e-01 -1.220150143756184580e-01 1.477658065086934480e-01 4.519439335140454372e-01
-4.167073064213335232e-01 -2.738046298740934997e-02 5.148510767813318373e-02 5.336486113317082669e-01 2.262498546960068080e-01 -1.287793967135613948e-01
-2.683953234652270217e-02 4.202474378037631131e-01 -3.531683393680799532e-01 2.077678035137034418e-01 -3.480156643926142768e-01 2.424248135174831842e-01
3.843454650314753751e-01 -7.228139527756283211e-02 2.989122890641758845e-01 -2.947559940941120171e-01 2.008011878877293266e-01 -3.824445271380761957e-01
-2.287811856460257309e-01 -2.989720052906982284e-01 -1.764027637230518586e-01 2.948157424528224380e-01 4.841178158213977900e-01 1.591811884499848007e-01
-1.894999055927024390e-01 2.678568422956504810e-02 -4.412515231441867525e-01 3.262044158494243895e-01 3.448628781655919268e-02 4.154804965389294336e-01
3.278288449789790171e-01 1.553288884639446310e-01 4.089338980287196557e-01 -2.027945983530059504e-01 -8.588858619718800491e-02 -4.036255713669754663e-01
1.136197159719082445e-01 -1.875807073888537402e-01 3.899271797309803445e-01 6.571276148832336239e-03 1.909728059283005153e-01 -5.294410104337025080e-01
-3.703675388991282957e-02 -2.792699472919915049e-01 3.067609317338158559e-01 5.999388574728899137e-02 3.791548208189706726e-01 -4.396048497095867424e-01
4.517433560907656576e-01 4.209265544926275859e-02 -3.259909020867185481e-01 -3.501736143220105513e-01 9.191363946153596753e-02 2.693636495176541246e-01
-7.764293735218645576e-02 2.233395499219931746e-01 -5.045591261016062479e-01 2.112852820288027011e-01 -1.779687854663980495e-01 3.646198566131908514e-01
-4.136345258391200264e-01 1.137363999571656820e-01 -7.768517217445466971e-02 5.810718877825875595e-01 1.361937241177351710e-01 2.258854966425749566e-02
3.118026683163052648e-02 -4.507657416349915569e-01 -2.129153565508049017e-02 1.772366837194662703e-01 5.323038541678521973e-01 -1.319337197166756681e-01
4.114367836348549190e-01 1.753207705098053237e-01 2.631516991671609129e-01 -3.689774879778967565e-01 -5.507069822159085803e-02 -3.181170302505916259e-01
5.219336707017063759e-01 4.870759485735167565e-02 -5.909432714926337454e-02 -4.701166041816288166e-01 1.743153039847419317e-01 -5.141607789126918793e-02
4.215342666132864541e-02 5.036719899445843973e-01 1.327782618342161214e-01 1.902706550307090849e-01 -4.533610304718634909e-01 -1.165189192423928544e-01
-5.602046834701348427e-02 -2.680577978556366592e-01 -3.342799668995390938e-01 1.315774188186316640e-01 3.795537059387937839e-01 4.042363652719993539e-01
2.313768635478066216e-01 2.138317392819757967e-01 -4.401325424639605521e-01 -1.818039936511861576e-01 -1.627298184196250830e-01 3.890133870958783491e-01
-3.089610569729928438e-02 -1.266682099714853127e-01 4.040667460280314427e-01 1.108655833080689768e-01 1.450812590634898425e-01 -5.478029139620086418e-01
2.995886821750151086e-01 3.713459252184583281e-01 2.474404902139043239e-01 -2.109089531831799258e-01 -3.309973193181128259e-01 -2.486503594774939485e-01
3.075052118428307502e-01 -1.960906746737993978e-01 2.512530028440069785e-01 -1.903363789059380196e-01 3.511968308870111466e-01 -4.215249224610383427e-01
1.278497922252910986e-02 1.708847645616904665e-01 4.452605767676586224e-01 9.326199327210343837e-02 -1.958100600092227694e-01 -4.815934332266725848e-01
1.877018776788523247e-01 1.055504764654870697e-01 -4.933680054442874940e-01 -1.063421741265448417e-01 -2.143057215559299178e-02 4.539513223902900130e-01
3.555180562776708020e-01 3.530850325528101519e-01 -2.348905034693005434e-01 -3.506348929688401506e-01 -2.355132011947915216e-01 1.586830366723841756e-01
-3.192742876577907285e-02 -3.714073788732654702e-01 -2.186944782079352223e-01 1.935019585823420374e-01 4.684357347113949910e-01 2.751123017012454541e-01
3.136448445118659722e-01 3.827455582465528749e-01 -2.163204558855932602e-01 -3.314235349413676146e-01 -2.661197009537457081e-01 1.872395287914164486e-01
2.488670226006609032e-01 3.933495681679039513e-01 -3.534454702751350097e-01 -1.862325436178975391e-01 -2.826829788011813727e-01 2.412547591807764902e-01
2.737196688915192189e-01 -1.486608595525830967e-01 3.691899829093768792e-01 -1.150719197176666153e-01 2.524829129797548921e-01 -4.602223237181951587e-01
4.948267694501153335e-01 -7.253550556634545676e-02 2.426910742005899263e-02 -4.359431448311408830e-01 2.903691202074260014e-01 -2.008852169672105392e-02
-1.851446825971334031e-01 2.856995574240925873e-01 2.929829445678775457e-01 3.794498603024870076e-01 -1.959520313689407378e-01 -3.772742815335017319e-01
-3.568275351071256152e-01 -3.578498128030437736e-02 -1.178055439709204399e-01 5.770637615349829552e-01 2.387260648426766663e-01 1.113030146046766200e-01
5.089792372202270876e-01 1.049748555021275120e-01 1.030395233114131948e-01 -4.409849266293199843e-01 1.091229833415796324e-01 -2.092918398864868079e-01
3.295397718128563191e-01 2.626504531146980348e-01 3.564206486769607163e-01 -2.495577414819000195e-01 -1.622144337813501425e-01 -3.393780995100690867e-01
2.163267979561096510e-01 -3.968066888098456535e-01 -1.228820841279331874e-02 3.282097883863654975e-02 5.862106753861842101e-01 -1.071466492263458553e-02
2.958276258434726635e-01 3.986578390011832340e-01 1.627515637919151326e-01 -3.132203282654146825e-01 -3.280287567194334342e-01 -1.550332394881657749e-01
-2.410601971515825559e-01 2.189168085553449550e-01 3.061975664893353266e-01 4.196080747349092421e-01 -9.360877284133733989e-02 -3.763309644126206499e-01
2.077512507821267229e-01 -1.699848561503999322e-01 -3.815115649695025035e-01 -1.167396220594363043e-01 3.030202573682661549e-01 4.376171404411394739e-01
3.896449946237946493e-01 3.267759461214680416e-01 2.099672630022449415e-01 -3.325795210756731235e-01 -2.173043575252344151e-01 -2.170788376782100126e-01
-4.938249178514567128e-02 -4.263181813954988741e-01 -4.193048677825692711e-02 3.206570420758445561e-01 4.967320811042968409e-01 6.318352883811756415e-02
2.131515309714040740e-01 3.270970507965479390e-01 -4.071760317263679041e-01 -1.630273730684156652e-01 -2.695538756070487985e-01 3.016942696526148660e-01
-1.266951083372169495e-01 4.314228344726548925e-01 1.997709262601841673e-01 3.331742614804353853e-01 -3.512857731097675518e-01 -2.196183896741880637e-01
2.235569212780219306e-01 -5.199901594168998553e-02 4.029825673232264038e-01 -6.052269466593476754e-02 4.872956641916408038e-02 -5.505123327683822954e-01
-1.098193960204116582e-01 -2.225572078706409829e-01 -3.534001765084551772e-01 2.102444711545796430e-01 3.364831057920785740e-01 4.114743547898994103e-01
-1.745572635749737811e-01 -1.886157728910363984e-01 -3.576085573095931780e-01 2.869463536917661317e-01 2.961002088242599140e-01 3.854020942422475837e-01
6.011429187678688640e-02 -2.459867085532374265e-01 -4.073176355634477441e-01 6.376548309063136133e-02 2.678320477911774189e-01 4.505733565977934618e-01
2.967259949711271161e-01 9.929282380263132479e-02 -4.571834269243467141e-01 -2.151989931332192740e-01 -2.023423154145707892e-02 3.934904762813035695e-01
-1.196600077272365614e-01 1.801189650861737823e-01 -4.588636196950914292e-01 2.698053133927633129e-01 -1.485583478292192561e-01 4.015362801303398732e-01
4.808221192465332305e-01 5.803424266833196593e-02 1.743986800288663264e-01 -3.990076216718247415e-01 1.064399674898549170e-01 -2.984189516221097405e-01
-3.359637940789799715e-01 7.124078878705510098e-02 -2.876476391547480027e-01 5.099390546774063004e-01 9.534913711013254245e-02 2.451442132669678919e-01
1.146253528909531860e-01 4.734465938376002936e-01 1.855355891838495475e-01 -6.929480725359335458e-02 -4.435044930239225303e-01 -1.685464337937037649e-01
7.771553470472961078e-02 -3.283858453473731953e-01 -3.261925173568739345e-01 5.941729179169742692e-02 4.138405596920421980e-01 3.437068317759351954e-01
-1.722315020907099758e-01 3.855240849745567577e-01 1.934145178645305108e-01 4.001833468234277658e-01 -3.098060765772615022e-01 -2.411625261436948775e-01
-4.094600914405976400e-01 7.917527935168103270e-02 5.392614844395149376e-02 5.743518549393240580e-01 1.464847795223270244e-01 -1.121566181121484984e-01
-4.055926571465087727e-01 2.370789522898184565e-01 -1.711101766846709641e-03 5.648892101272438016e-01 -1.812343508772712442e-03 -3.481539279566726874e-02
1.058399411940818269e-01 3.360571055563688070e-01 3.466777604892065101e-01 -1.064601693386113546e-02 -3.532313382251368594e-01 -3.683833997119927428e-01
2.779369773343385308e-01 4.298400451770078567e-01 -1.270246324682280936e-01 -3.342754778860753673e-01 -3.329938173386250422e-01 8.101480579402361992e-02
1.702879382341687120e-01 3.900436970868322306e-01 3.429506147035201180e-01 -9.764722895644445400e-02 -3.171998035362721402e-01 -3.112797552801081502e-01
-4.167286130108632247e-01 1.612341874890538262e-01 2.863536532221573269e-02 5.668402782197106138e-01 9.024841863420547672e-02 -1.373563718924591948e-01
1.013615871231257765e-01 -1.908919845214799571e-01 -4.669676222376288877e-01 2.042720981585435802e-03 1.728919007456096446e-01 4.592057134011918729e-01
5.202315821863918721e-01 -8.468866279917824924e-02 1.979341852091411405e-02 -3.815036639391858886e-01 3.200370661415772311e-01 -1.320967728286851495e-01
-1.165076392809259453e-01 -1.389352191254398794e-01 -4.431971781010922706e-01 2.237589575787202745e-01 2.005665550235802841e-01 4.337048622724164471e-01
6.212447335720259166e-03 5.094084662722837553e-01 -1.378145886537025244e-01 -2.453668341482944174e-02 -4.780262689596486148e-01 1.719229704989783114e-02
1.085715413229184079e-01 2.414860499580747666e-01 4.264118417962282637e-01 -6.508186905572449499e-03 -2.197893565611185873e-01 -4.533504303497245536e-01
4.758078930444663013e-01 -1.439617847025120023e-01 -1.160547742860260079e-01 -3.340135890067122415e-01 4.217593640903598562e-01 3.934390336892129580e-02
7.067424578926932710e-02 -3.105280853067219349e-01 -3.486184554567807736e-01 2.475666153718776574e-02 3.467169212547984714e-01 4.036584728125899857e-01
4.462659041244564084e-02 4.685046187704002274e-01 -2.462695536029766985e-01 -2.401364006253019212e-02 -3.764907443299037593e-01 2.840806656854926726e-01
2.586505958008701311e-01 -1.312370768566943798e-02 -4.696408734126133466e-01 -6.298493776973951297e-02 3.522167188499419205e-02 4.759876518651077748e-01
-3.464335675788529634e-01 -5.695830774520724282e-02 -2.733318515005149774e-01 4.636430681189178116e-01 1.810387689210180284e-01 2.625162947078227837e-01
-1.110607651101915977e-01 -9.943320783358486348e-02 4.157608880567302823e-01 1.332701708672462404e-01 1.742249444909826084e-01 -5.145152050418148049e-01
-1.846179415444468841e-01 4.701755664529932988e-01 9.827919866172439567e-02 4.019194553371887579e-01 -2.857148662635503600e-01 -1.925876708626524381e-01
-3.884452041067448236e-01 -1.550649494227673564e-01 -7.055066002964367929e-03 4.706095129808557931e-01 3.456478374282199173e-01 -1.134115332885041322e-01
4.322081035295227691e-01 -2.304174492963656229e-01 -2.326987314442505450e-01 -2.450395629187225310e-01 3.560699786894914176e-01 2.115625600328940037e-01
-3.444275020687412869e-01 -6.895358271097788705e-02 -2.214489614808686502e-01 4.847860277281770269e-01 2.281238724252648842e-01 2.519957635415026598e-01
1.001501556082200067e-01 -4.061827898445142804e-01 1.694801466930589140e-01 -4.595465175939310309e-02 4.687762540037188064e-01 -2.921474703883483182e-01
-8.565222417576256065e-04 -4.304644964550253805e-01 7.408745064582865358e-02 -1.297151244896871045e-02 5.101523686631519450e-01 -2.651663482533608840e-01
8.982295797243234486e-03 -1.510982772738378443e-01 -4.724324155737407716e-01 1.031991679312443816e-01 2.009710507374468658e-01 4.587874130805720818e-01
-4.089237834807860628e-01 1.646854107991721841e-02 -1.017459240427712186e-01 5.608942959561510344e-01 2.447647197039843348e-01 -1.610862128924638037e-02
-1.565152420590314522e-02 -1.436133840864646516e-01 -4.724721287506840617e-01 1.332629206281053802e-01 1.750143491437154697e-01 4.636372963361356514e-01
8.976724612792641445e-02 -8.862809989756402496e-02 -4.787779726699101790e-01 2.613331662175701064e-02 7.650013739674794977e-02 5.054391722039622836e-01
-2.319716913013584458e-01 4.388476133171603788e-01 -3.056312207456562957e-02 4.291285759514824605e-01 -3.094461964357264616e-01 2.423478777364710540e-02
2.343406032729882793e-01 -3.234138623416452640e-01 1.767572873074165773e-01 -2.915671489008137551e-01 4.224708574262283634e-01 -2.319932735732989082e-01
1.344125448301917991e-01 4.183580057472264802e-01 2.695273560022281578e-01 -6.975621483224017649e-02 -3.938622311831506684e-01 -2.769279525991855118e-01
1.494601570405278412e-01 3.452990502959543129e-01 -4.136553693522222463e-01 -1.122261609396604798e-01 -3.028114275748474693e-01 3.015180917437922936e-01
4.470602286900804967e-01 -2.334749884338101489e-01 -6.685986512656640068e-02 -2.982422159587866939e-01 4.154306981946632171e-01 8.625994372144578370e-02
1.881717952810426919e-01 -4.077839546823317507e-01 1.567621237646830423e-01 2.272462829623406178e-02 4.757762308548758590e-01 -2.813573045538477757e-01
-2.939581715106620030e-01 -1.952433893277756016e-01 2.055845429265844015e-01 3.435787456916176708e-01 3.758897104885301488e-01 -3.114779885900892942e-01
-3.861753684326526548e-01 -1.389819721902722446e-02 -7.668439275793670351e-02 5.592791156389548268e-01 3.010349728515281376e-01 6.579746811275918872e-03
1.850736104692725370e-02 -1.413728662985395401e-01 4.009376730453816928e-01 7.227912160933647190e-02 1.701363199127971793e-01 -5.477828467453360606e-01
3.827284105993418173e-01 3.785605208207406536e-01 8.283538736409154501e-02 -3.992727086755041288e-01 -2.204396784458686476e-01 -8.942317042463054921e-02
4.508647519986472285e-01 2.916919849505029694e-01 1.110101866291306333e-01 -3.926881224376118085e-01 -1.613438528443754127e-01 -1.773941782889779661e-01
-1.448298488156412878e-01 -2.271686871582750955e-01 3.455397039322639086e-01 1.746222366802299975e-01 2.809024288187185192e-01 -4.543441039937566317e-01
6.121503299923225505e-02 -3.320421319856229903e-01 2.716475432709226090e-01 -3.408280799294935437e-03 3.580728635825826678e-01 -4.491611138674282411e-01
1.733126646115564495e-01 -1.308864844323133214e-01 -4.240748812625871333e-01 -8.662032967349356238e-02 1.953323937642469921e-01 4.847793875782352990e-01
-3.897078728474896447e-01 8.151888409633892274e-02 1.427225421096576796e-01 5.417603802368832211e-01 9.600016919077930533e-02 -2.208117559668238972e-01
-3.521590427658943256e-01 -1.850012360089763885e-01 8.296996366544857893e-02 3.865779805531715518e-01 4.482552311267922751e-01 -1.477980090006278946e-01
8.823231579186489870e-02 2.714967164309406433e-01 3.935211134070281114e-01 4.391540714472605411e-03 -2.849344519734378078e-01 -4.331318242049786438e-01
3.718549632704461899e-02 -3.928459118811178929e-01 -2.254742544652361125e-01 1.188907649507919273e-01 4.800015421258579384e-01 2.556302779522641178e-01
-2.560645727510907008e-02 2.648788500997844020e-01 -4.503396428816739960e-01 1.064780226596968027e-01 -2.665987984331944505e-01 3.863712984058219058e-01
1.095255964089646983e-01 3.338259966234914944e-01 4.029595366069285145e-01 -2.984748020853655870e-02 -2.672165540801900163e-01 -3.840112365211365564e-01
-2.085886074505838850e-01 -2.742315033977437144e-01 2.360911103467261962e-01 2.577514324440726146e-01 4.191759134318868707e-01 -3.131930797377046605e-01
-1.210518205337511033e-01 1.150513856586599104e-01 4.327520552824903888e-01 1.440329955710455689e-01 -3.255867568219433794e-02 -5.201074884392667963e-01
3.089270717251739115e-02 -1.761717154487564274e-01 4.052680679204443970e-01 -1.242021790268145465e-04 2.743176815482127329e-01 -4.869747547055406911e-01
2.140292253379816878e-01 -3.416266179450086482e-01 1.895951697632847766e-01 -6.017631041133342240e-02 4.590245277688405623e-01 -3.431046209552132686e-01
-1.688885786365768304e-01 1.224977714610131080e-01 4.080897088376057025e-01 2.020988467762920571e-01 -7.018288692920283955e-02 -5.003388761749114622e-01
-1.673127572549979181e-01 1.428165803929846434e-01 -5.117402416210110605e-01 -1.476409204128290020e-01 -1.844162726748829750e-02 4.749759330195929552e-01
2.282246608417172751e-01 -8.884593199300681865e-02 -4.547748039548979437e-01 -1.221875192761495144e-01 1.933048332214046261e-01 4.383109980338951162e-01
-3.375702690060830569e-01 2.731653517164340239e-01 1.063079070358278477e-01 5.416814728974990167e-01 -1.404949246578523492e-01 -1.299156102300570714e-01
2.032935326019313094e-01 -4.411038815802214574e-01 7.298418515145467522e-02 -1.855593842759623857e-01 4.327542810744300916e-01 -2.188467943510484237e-01
1.622588560240299516e-01 -4.164913083948016959e-01 -5.489167674907307476e-02 3.951323897345118685e-02 5.735159826424778284e-01 -1.243112502705229216e-01
8.091570671259695757e-02 -9.890268367072059183e-03 4.618224445291636560e-01 -1.083606157803413406e-01 5.986092740931812581e-03 -5.199730611142047154e-01
2.063014823599114075e-02 1.347638271534486454e-01 -5.027761352462389866e-01 1.132259984675022396e-01 -1.505705832401594280e-01 4.511684557889193981e-01
-3.873445549485441397e-01 -1.422363337530416494e-01 1.153487047810026617e-01 4.173046802234572361e-01 3.822707198432846454e-01 -1.629172813991514590e-01
1.783717389511741136e-01 -2.720727067946666217e-02 4.412032260409578521e-01 -6.165123199662111975e-02 8.535444405404238322e-02 -5.230160611513519076e-01
-2.330368405870520132e-01 -2.262775065682410824e-01 2.587226529546958198e-01 3.034640419799607969e-01 3.425815593336505316e-01 -3.646281039599354457e-01
1.871693970969662557e-01 2.585149010470641495e-01 3.704274523768405492e-01 -1.196985410760132151e-01 -2.372809312646829705e-01 -4.419878116253606604e-01
5.106609438442664128e-01 6.312279117145595808e-02 -1.457911812299106658e-01 -4.603419070028171856e-01 1.486974239071080783e-01 7.743616001437872431e-02
3.679458795052415465e-01 -3.009998504953462772e-01 4.603058872099217644e-03 -2.477539956118638975e-01 4.862101421353590691e-01 3.944687156740642880e-02
4.892347135929897561e-01 -3.209376850127011044e-02 9.177508046073966363e-02 -4.483944374926150944e-01 2.609957204157765664e-01 -9.517444888028965544e-02
-2.029139768170949154e-01 -3.470562986610944423e-01 5.263315099456897933e-02 2.402507609462730953e-01 5.086739054755972100e-01 -2.144451763390078092e-01
3.524018893386110518e-01 2.476196408840467822e-01 2.902246695442651236e-01 -2.952965055081530066e-01 -2.384228112617401141e-01 -2.965031413059074361e-01
-1.658327850102160050e-01 -2.349385214715285844e-02 -4.747265684321193002e-01 2.686885197257982139e-01 8.508635282577807490e-02 4.193660301383800859e-01
2.266343828311799535e-01 -3.750743631772678333e-01 1.588763543345372842e-01 -2.071634201217290860e-01 4.093247047976399378e-01 -2.844492238958701291e-01
-3.080487725553302525e-01 1.502064652624039431e-01 -3.094639629420362081e-01 4.942824889123412779e-01 -6.370235314881680933e-02 2.477680930971065121e-01
3.441790003886335825e-01 -5.212902481290616202e-02 3.374166368538591976e-01 -2.391241890222458588e-01 1.643531503825269580e-01 -4.454581021981486866e-01
-8.571686511120761576e-02 1.492648727506859785e-01 -4.945055843356949143e-01 2.265977958911002399e-01 -1.294780058150003799e-01 4.136584758274061135e-01
-7.645059945173517113e-02 3.554862747378734200e-01 3.128547841308300659e-01 2.360994047205137725e-01 -3.026614420950864970e-01 -3.720934458249010590e-01
-5.732447676229938255e-02 5.239286764667969720e-01 2.106402492616753653e-03 2.953567064734500813e-01 -4.112534243033268977e-01 -3.030380254545212565e-02
-4.876657723892206114e-02 -4.084090031369194684e-01 -1.951666811831288262e-01 1.957841583420581455e-01 4.526937223883983896e-01 2.505877734437100823e-01
5.410862620469991668e-01 2.023901546095014173e-02 -2.650524925977054344e-02 -4.389128786352849421e-01 2.092861277987748125e-01 -8.865726916833469029e-02
-3.828174152725919988e-01 -2.088419834175696613e-02 -2.603343819705623008e-01 4.864551434340244618e-01 1.798973631969746079e-01 1.913867523874845378e-01
1.546715809673842312e-01 -2.112857158958859061e-01 -4.059751815751644344e-01 -2.529271012735723190e-02 2.576828519118875560e-01 4.587105048676568542e-01
4.809845153159673647e-01 2.291297310712187840e-01 1.707285334336841875e-01 -3.988536965056067030e-01 -2.915281355389262585e-02 -2.282386934917768062e-01
1.397186742600156906e-01 2.528081702530770025e-01 4.076995835796655698e-01 -4.172207317213552646e-02 -2.423368312486333109e-01 -4.419536884431835566e-01
-5.094784239931047370e-02 -3.874992935752728102e-02 4.365314866391627469e-01 1.696147960783263298e-01 1.132136757320344467e-01 -5.269305962867648629e-01
-1.232024311153532975e-01 4.777627972309936855e-01 -1.370515330218721184e-01 3.499081271110801583e-01 -3.700634953806184457e-01 1.024416344195424600e-01
5.052671291330266268e-01 -1.046588105466077778e-01 -5.827142135030385917e-02 -3.676298145318415145e-01 3.832256340343255241e-01 -6.270926727891124042e-02
3.502495280849655598e-03 9.419316528604614047e-02 -5.069105645238506375e-01 1.629518264910257974e-01 -1.208421868331018695e-01 4.565912300337005014e-01
