# rod_radius=0.0005
# rod_length=1.0
1.815777719020843506e-01 -1.367889940738677979e-01 4.946389794349670410e-01 4.861222207546234131e-02 9.804826974868774414e-02 -4.682585597038269043e-01
-1.850620657205581665e-01 -4.607121348381042480e-01 -5.058782547712326050e-02 4.044434428215026855e-01 3.354943394660949707e-01 8.556836098432540894e-02
-1.816200651228427887e-02 -4.867050349712371826e-01 -1.156157106161117554e-01 2.637123465538024902e-01 4.344036877155303955e-01 1.529088765382766724e-01
1.022623199969530106e-02 -4.435919523239135742e-01 1.253551244735717773e-01 2.042869776487350464e-01 4.992597103118896484e-01 -1.455160081386566162e-01
5.372046828269958496e-01 8.242379873991012573e-02 1.638648062944412231e-01 -3.972615599632263184e-01 -1.160835400223731995e-01 -1.317155212163925171e-01
-1.869079843163490295e-02 4.819656312465667725e-01 8.888151496648788452e-02 1.715725809335708618e-01 -4.877377450466156006e-01 -6.433447450399398804e-02
1.776159852743148804e-01 -3.167724311351776123e-01 3.400742411613464355e-01 2.370521426200866699e-03 3.410191237926483154e-01 -3.924551010131835938e-01
-6.676915287971496582e-02 -3.267514109611511230e-01 3.469849824905395508e-01 2.961199581623077393e-01 2.868030667304992676e-01 -3.543440699577331543e-01
2.066886126995086670e-01 3.054839074611663818e-01 -3.399264812469482422e-01 2.069221436977386475e-02 -3.613056838512420654e-01 3.817362189292907715e-01
3.337606787681579590e-01 -2.869796156883239746e-01 -3.596362471580505371e-01 -1.284534335136413574e-01 1.923542618751525879e-01 3.864181041717529297e-01
-2.021284960210323334e-02 2.780442312359809875e-02 -4.757383465766906738e-01 1.889421492815017700e-01 -6.459707021713256836e-02 4.977688193321228027e-01
3.969950079917907715e-01 2.121023684740066528e-01 1.209341138601303101e-01 -4.043326377868652344e-01 -3.201002478599548340e-01 -1.522589474916458130e-01
1.919611245393753052e-01 2.693810686469078064e-02 4.745469391345977783e-01 -5.575001239776611328e-03 -1.083160787820816040e-01 -4.963731467723846436e-01
6.383318454027175903e-02 4.397500157356262207e-01 -8.597619831562042236e-02 1.190166473388671875e-01 -5.332103967666625977e-01 1.383066624402999878e-01
4.215055406093597412e-01 -8.509994298219680786e-02 4.950959682464599609e-01 -1.009746491909027100e-01 -7.322780787944793701e-03 -3.540006875991821289e-01
-3.127856552600860596e-01 -3.037631809711456299e-01 -2.112701088190078735e-01 4.267587363719940186e-01 1.829857528209686279e-01 2.536487579345703125e-01
2.550222575664520264e-01 3.372959494590759277e-01 -1.187743917107582092e-01 -8.976557850837707520e-02 -5.375358462333679199e-01 2.215058505535125732e-01
4.397481977939605713e-01 -8.019816875457763672e-02 3.990555703639984131e-01 -2.000772058963775635e-01 4.859553277492523193e-02 -3.585958182811737061e-01
1.529034320265054703e-02 1.038531884551048279e-01 -4.025183022022247314e-01 2.483666837215423584e-01 -2.274132370948791504e-01 5.117781162261962891e-01
-1.447105258703231812e-01 -9.706605225801467896e-02 -3.487507700920104980e-01 4.034927487373352051e-01 6.371038407087326050e-02 4.719952940940856934e-01
-1.814265996217727661e-01 -2.933900654315948486e-01 -3.039777278900146484e-01 3.875613808631896973e-01 2.391141951084136963e-01 3.226736783981323242e-01
2.504178583621978760e-01 -3.841048479080200195e-01 -1.865543723106384277e-01 -9.762454032897949219e-02 4.255266189575195312e-01 2.860589623451232910e-01
3.140628337860107422e-01 -4.327560961246490479e-01 1.440590918064117432e-01 -1.268229782581329346e-01 4.242183268070220947e-01 -1.228013932704925537e-01
-2.141977995634078979e-01 2.570368349552154541e-01 1.406415849924087524e-01 5.355754494667053223e-01 -3.338090479373931885e-01 -1.572528928518295288e-01
-4.189855419099330902e-03 -2.646437883377075195e-01 -3.359532356262207031e-01 2.495415806770324707e-01 3.041090369224548340e-01 4.464408755302429199e-01
3.197078108787536621e-01 1.372285466641187668e-02 -3.942068219184875488e-01 -1.104780435562133789e-01 -8.672349154949188232e-02 5.029278993606567383e-01
-3.756497502326965332e-01 8.752508461475372314e-02 1.498654484748840332e-01 5.735696554183959961e-01 -1.056458652019500732e-01 -9.846408665180206299e-02
-2.923243343830108643e-01 -2.957629859447479248e-01 1.645985692739486694e-01 5.234082937240600586e-01 2.237702906131744385e-01 -8.969546854496002197e-02
4.565207660198211670e-01 -3.745581805706024170e-01 1.732999086380004883e-01 -2.255471646785736084e-01 2.858092486858367920e-01 -1.408626437187194824e-01
2.791474163532257080e-01 4.178656637668609619e-01 4.058017954230308533e-02 -9.513619542121887207e-02 -5.093786716461181641e-01 2.918778918683528900e-02
4.791807234287261963e-01 -2.811338305473327637e-01 2.758468873798847198e-02 -3.579727709293365479e-01 2.655006647109985352e-01 4.668212309479713440e-02
1.277797669172286987e-01 4.576971530914306641e-01 -1.147556900978088379e-01 6.022791564464569092e-02 -4.890618324279785156e-01 2.000207901000976562e-01
3.788687884807586670e-01 -2.666491270065307617e-01 -2.486073225736618042e-01 -2.494092285633087158e-01 2.417358756065368652e-01 3.402996063232421875e-01
2.523095011711120605e-01 -3.060948252677917480e-01 -3.001523315906524658e-01 -9.257265925407409668e-02 3.111678361892700195e-01 4.069848954677581787e-01
3.658390939235687256e-01 3.553893268108367920e-01 1.730800867080688477e-01 -1.971016228199005127e-01 -4.131647050380706787e-01 -1.309305131435394287e-01
-2.245598435401916504e-01 8.788094855844974518e-03 -3.175905346870422363e-01 4.963029623031616211e-01 -8.876340091228485107e-02 3.685877323150634766e-01
-4.088084772229194641e-02 3.336085677146911621e-01 3.312432765960693359e-01 2.805578708648681641e-01 -3.794590234756469727e-01 -2.918230891227722168e-01
7.494194433093070984e-03 -4.079060629010200500e-02 -4.594189822673797607e-01 2.580414414405822754e-01 -9.852062910795211792e-03 5.081908702850341797e-01
4.682286083698272705e-02 -3.278251588344573975e-01 -3.843253254890441895e-01 1.652375906705856323e-01 2.371912300586700439e-01 4.322127103805541992e-01
-2.584608793258666992e-01 -2.649624049663543701e-01 -2.506875991821289062e-01 4.676059484481811523e-01 1.438496708869934082e-01 3.022134900093078613e-01
1.865333914756774902e-01 -2.499686032533645630e-01 -4.030998349189758301e-01 3.769516944885253906e-03 2.098551243543624878e-01 4.658992886543273926e-01
5.261842608451843262e-01 1.071914285421371460e-01 -2.069179713726043701e-01 -3.020842075347900391e-01 -1.554300934076309204e-01 2.880581319332122803e-01
-3.022531569004058838e-01 -2.760716378688812256e-01 1.703725010156631470e-02 5.442969799041748047e-01 2.562116682529449463e-01 2.226641774177551270e-02
-9.591437131166458130e-02 4.014869332313537598e-01 -2.328998297452926636e-01 2.983487248420715332e-01 -3.760940432548522949e-01 2.569209337234497070e-01
-4.064888693392276764e-03 1.080877929925918579e-01 4.182967245578765869e-01 2.623593807220458984e-01 -2.235742360353469849e-01 -4.866996705532073975e-01
-1.148686632513999939e-01 3.841926455497741699e-01 -3.768843784928321838e-02 3.289662599563598633e-01 -5.060625672340393066e-01 6.456770002841949463e-02
4.774346351623535156e-01 2.072549164295196533e-01 -2.157928794622421265e-01 -2.928370237350463867e-01 -2.232771813869476318e-01 2.546576261520385742e-01
2.993546724319458008e-01 -2.831312119960784912e-01 3.654979467391967773e-01 -1.095446348190307617e-01 2.627303898334503174e-01 -3.658271431922912598e-01
1.533106118440628052e-01 3.519463166594505310e-02 -4.453730881214141846e-01 8.964602649211883545e-02 -4.352914914488792419e-02 5.494884252548217773e-01
1.104284152388572693e-01 -1.395849883556365967e-01 4.879656434059143066e-01 9.698706865310668945e-02 1.189337670803070068e-01 -4.779470562934875488e-01
2.452811449766159058e-01 1.894957572221755981e-01 -4.104212820529937744e-01 -6.268261373043060303e-02 -2.349340766668319702e-01 4.410583674907684326e-01
4.217502474784851074e-01 -1.762134139426052570e-03 3.174798488616943359e-01 -3.336372375488281250e-01 -2.084516361355781555e-02 -3.375205993652343750e-01
4.554108679294586182e-01 -3.317905664443969727e-01 -2.492209896445274353e-02 -2.959398329257965088e-01 3.223890066146850586e-01 6.180308386683464050e-02
4.596109688282012939e-01 1.568559929728507996e-02 1.711650639772415161e-01 -4.349694550037384033e-01 -7.415778934955596924e-02 -2.666179537773132324e-01
4.959663152694702148e-01 5.430085211992263794e-02 2.591976821422576904e-01 -3.410876989364624023e-01 -1.635960042476654053e-01 -2.426603138446807861e-01
-2.932482063770294189e-01 -4.547797143459320068e-01 5.917637050151824951e-02 3.487022221088409424e-01 3.096940815448760986e-01 1.885220408439636230e-04
-8.694236725568771362e-02 7.432081550359725952e-02 -4.548348784446716309e-01 2.746211588382720947e-01 -1.038601621985435486e-01 4.603281617164611816e-01
-3.784797489643096924e-01 1.265341881662607193e-02 1.629303246736526489e-01 5.545607805252075195e-01 -9.478912502527236938e-02 -1.804232746362686157e-01
4.694238901138305664e-01 2.634528279304504395e-01 -1.858381927013397217e-02 -3.432163000106811523e-01 -3.119056820869445801e-01 7.403672486543655396e-02
1.115750521421432495e-01 -1.961999684572219849e-01 4.351892769336700439e-01 9.759898483753204346e-02 2.132588177919387817e-01 -4.770322740077972412e-01
-3.464528918266296387e-01 -1.902589648962020874e-01 -2.238972671329975128e-02 5.955758690834045410e-01 1.434086710214614868e-01 1.293329335749149323e-02
4.174637794494628906e-01 3.762899711728096008e-02 -3.559583127498626709e-01 -2.028511166572570801e-01 -9.048469364643096924e-02 4.178609549999237061e-01
1.408468037843704224e-01 -1.635702997446060181e-01 4.782573282718658447e-01 8.110621571540832520e-02 1.491711884737014771e-01 -4.697003662586212158e-01
-4.280623048543930054e-02 -3.789585530757904053e-01 -1.815837770700454712e-01 2.658642828464508057e-01 4.609452188014984131e-01 2.648286223411560059e-01
5.499888658523559570e-01 -2.018553614616394043e-01 9.199010580778121948e-02 -3.533927798271179199e-01 1.962931156158447266e-01 -6.731916218996047974e-02
4.355367720127105713e-01 -2.567275762557983398e-01 -3.354537189006805420e-01 -1.494675576686859131e-01 1.896221041679382324e-01 3.417035639286041260e-01
8.827058225870132446e-02 3.538988232612609863e-01 3.057681024074554443e-01 1.481950581073760986e-01 -4.515175819396972656e-01 -2.839042246341705322e-01
4.990534484386444092e-01 1.571882218122482300e-01 1.140496581792831421e-01 -3.718294203281402588e-01 -2.951444387435913086e-01 -7.819545269012451172e-02
2.436767369508743286e-01 -4.717304706573486328e-01 8.568511158227920532e-02 -6.463108956813812256e-02 4.726501703262329102e-01 -2.873288094997406006e-02
4.331650733947753906e-01 2.342577129602432251e-01 2.152894139289855957e-01 -2.525526881217956543e-01 -3.374813199043273926e-01 -2.351610362529754639e-01
4.745377600193023682e-02 2.462104558944702148e-01 4.104063212871551514e-01 1.873182803392410278e-01 -3.321662545204162598e-01 -3.932840526103973389e-01
-3.354931771755218506e-01 -2.005098313093185425e-01 -1.585314422845840454e-01 5.117743015289306641e-01 1.658596843481063843e-01 2.260607928037643433e-01
1.939236968755722046e-01 -2.363708913326263428e-01 4.511824846267700195e-01 5.257785320281982422e-03 1.863436400890350342e-01 -4.352246522903442383e-01
2.905322909355163574e-01 4.176892805844545364e-03 -4.307979941368103027e-01 -2.894791960716247559e-02 -8.363289386034011841e-02 5.127176642417907715e-01
-1.274808943271636963e-01 2.285459041595458984e-01 -4.496197998523712158e-01 2.651172578334808350e-01 -1.944969892501831055e-01 3.670205175876617432e-01
4.620428979396820068e-01 -3.628470301628112793e-01 -2.003143131732940674e-01 -2.453899681568145752e-01 2.120857238769531250e-01 2.107708454132080078e-01
-1.437683254480361938e-01 6.982138752937316895e-02 3.565493822097778320e-01 4.398114681243896484e-01 -1.485482454299926758e-01 -4.255946278572082520e-01
-3.157022893428802490e-01 1.486495435237884521e-01 -1.630036681890487671e-01 5.500513315200805664e-01 -2.239264845848083496e-01 1.711487621068954468e-01
3.955369889736175537e-01 -3.226302564144134521e-01 -1.226709783077239990e-01 -2.114885747432708740e-01 4.007032215595245361e-01 2.064317464828491211e-01
6.982154399156570435e-02 4.578748345375061035e-01 2.667110562324523926e-01 9.721086174249649048e-02 -4.416599273681640625e-01 -1.692786514759063721e-01
7.233364880084991455e-02 -2.442701011896133423e-01 4.341212213039398193e-01 1.499941647052764893e-01 1.821798235177993774e-01 -4.670498669147491455e-01
4.251901209354400635e-01 1.734944283962249756e-01 -3.880131542682647705e-01 -1.742455065250396729e-01 -2.018935680389404297e-01 3.189244568347930908e-01
-3.305215835571289062e-01 -2.101067751646041870e-01 1.548303067684173584e-01 5.669962763786315918e-01 1.336287111043930054e-01 -1.214079260826110840e-01
3.031440079212188721e-01 3.847817182540893555e-01 -1.577732525765895844e-02 -1.951912641525268555e-01 -4.805402755737304688e-01 3.788620233535766602e-02
2.535544037818908691e-01 2.377632446587085724e-02 -4.830043911933898926e-01 3.054240345954895020e-02 -5.071781575679779053e-02 4.889607429504394531e-01
1.913652122020721436e-01 -5.189554691314697266e-01 6.079952791333198547e-02 5.753630399703979492e-02 4.707903861999511719e-01 1.086894050240516663e-02
5.611099600791931152e-01 -1.235027518123388290e-02 -1.219287738204002380e-01 -3.835580945014953613e-01 -5.276123061776161194e-02 2.036002576351165771e-01
7.313792407512664795e-02 -4.127037823200225830e-01 -3.224505484104156494e-01 1.621113419532775879e-01 3.501238524913787842e-01 3.180007040500640869e-01
1.489185690879821777e-01 6.934290379285812378e-02 -4.553602337837219238e-01 1.581658422946929932e-02 -1.633558273315429688e-01 5.080375075340270996e-01
-3.538163900375366211e-01 1.613318920135498047e-01 1.148947328329086304e-01 5.774164795875549316e-01 -1.713505685329437256e-01 -3.385914862155914307e-02
-5.699702724814414978e-02 3.898166120052337646e-01 1.779089272022247314e-01 3.283675312995910645e-01 -4.793868362903594971e-01 -1.318965256214141846e-01
-2.765951752662658691e-01 5.843608826398849487e-02 2.977523505687713623e-01 5.222148895263671875e-01 -1.220333054661750793e-01 -2.761232554912567139e-01
-1.337404847145080566e-01 -2.376432269811630249e-01 3.795565068721771240e-01 3.727371692657470703e-01 2.319347709417343140e-01 -3.436149060726165771e-01
-2.673489451408386230e-01 3.371704518795013428e-01 -4.755335859954357147e-03 4.116406440734863281e-01 -3.938516080379486084e-01 6.291970610618591309e-02
-3.043269217014312744e-01 -1.054068803787231445e-01 1.949020624160766602e-01 5.969014167785644531e-01 3.695198893547058105e-02 -2.143918275833129883e-01
-2.046572417020797729e-01 -3.113074600696563721e-01 2.842049896717071533e-01 3.889546990394592285e-01 2.813493907451629639e-01 -2.602054774761199951e-01
-1.368338912725448608e-01 -3.819277286529541016e-01 1.816815584897994995e-01 4.234902858734130859e-01 3.801600337028503418e-01 -1.427548974752426147e-01
4.301175773143768311e-01 2.489527016878128052e-01 -9.473931044340133667e-02 -2.886340320110321045e-01 -4.024549722671508789e-01 1.482920348644256592e-01
-1.068323776125907898e-01 -4.566440582275390625e-01 -8.311374485492706299e-02 3.638302981853485107e-01 4.109981060028076172e-01 7.711650431156158447e-02
2.725631296634674072e-01 1.884187012910842896e-01 3.623048365116119385e-01 -1.108365058898925781e-01 -3.239870071411132812e-01 -4.060994088649749756e-01
3.859713971614837646e-01 8.945722877979278564e-02 -2.931614518165588379e-01 -2.737371027469635010e-01 -1.258875429630279541e-01 4.268463850021362305e-01
9.911793284118175507e-03 3.837104141712188721e-01 -2.225793451070785522e-01 2.468165606260299683e-01 -4.669077098369598389e-01 2.468084841966629028e-01
-1.019715368747711182e-01 -2.149021476507186890e-01 -4.223573207855224609e-01 2.967789769172668457e-01 1.312409788370132446e-01 4.268676042556762695e-01
-1.290886849164962769e-01 3.012562990188598633e-01 2.326575219631195068e-01 3.392664194107055664e-01 -4.340320825576782227e-01 -2.572347223758697510e-01
-1.740783452987670898e-01 -1.538283079862594604e-01 -2.848571240901947021e-01 4.650641679763793945e-01 1.485119909048080444e-01 4.223113358020782471e-01
-2.314749807119369507e-01 -8.857291936874389648e-02 -3.123300075531005859e-01 4.941184520721435547e-01 6.841324269771575928e-02 3.576472401618957520e-01
3.093524277210235596e-01 -3.317117094993591309e-01 3.056034743785858154e-01 -1.074247062206268311e-01 3.292511701583862305e-01 -3.184356391429901123e-01
1.433394551277160645e-01 3.656780719757080078e-01 -3.259002864360809326e-01 8.162643015384674072e-02 -4.018698930740356445e-01 3.121135532855987549e-01
1.388461440801620483e-01 4.563237726688385010e-01 7.654513418674468994e-02 4.738933593034744263e-02 -5.344803333282470703e-01 -2.316890656948089600e-02
-2.926175296306610107e-01 1.084647476673126221e-01 2.269099652767181396e-01 5.504099130630493164e-01 -1.891437172889709473e-01 -2.211233079433441162e-01
2.118359208106994629e-01 2.018133550882339478e-01 4.479005932807922363e-01 3.084655106067657471e-02 -2.476569563150405884e-01 -4.268675446510314941e-01
3.053770363330841064e-01 -1.869153976440429688e-01 -4.251094758510589600e-01 -6.437429785728454590e-02 1.300407350063323975e-01 4.482877552509307861e-01
-2.900534868240356445e-01 -7.624571770429611206e-02 3.194983303546905518e-01 5.094074606895446777e-01 5.617395788431167603e-02 -2.664429247379302979e-01
1.739808619022369385e-01 2.321778982877731323e-01 -4.045300185680389404e-01 3.542181849479675293e-02 -2.716146707534790039e-01 4.481096565723419189e-01
-1.374734938144683838e-01 1.856351830065250397e-02 4.008462131023406982e-01 3.769749104976654053e-01 -8.736714720726013184e-02 -4.501070678234100342e-01
3.001526296138763428e-01 6.161862611770629883e-02 -3.604588508605957031e-01 -1.546586751937866211e-01 -1.523241102695465088e-01 5.040497779846191406e-01
2.071103602647781372e-01 -1.107326224446296692e-01 -4.345459938049316406e-01 -3.069432079792022705e-02 5.525998026132583618e-02 5.224782228469848633e-01
3.479332327842712402e-01 -4.499326646327972412e-02 4.545712471008300781e-01 -1.111479401588439941e-01 -2.566894888877868652e-02 -4.336128830909729004e-01
3.310306072235107422e-01 -2.040375620126724243e-01 -3.398222029209136963e-01 -1.428303718566894531e-01 1.567796021699905396e-01 4.634627997875213623e-01
-2.999055981636047363e-01 -2.030448615550994873e-01 -2.672710120677947998e-01 4.955388307571411133e-01 1.045931279659271240e-01 2.548660337924957275e-01
4.634993672370910645e-01 -3.251333236694335938e-01 8.007294684648513794e-02 -2.632423639297485352e-01 3.455482721328735352e-01 -6.836099177598953247e-02
9.710998833179473877e-02 -1.144059225916862488e-01 5.086876749992370605e-01 1.062178164720535278e-01 9.599909186363220215e-03 -4.835520386695861816e-01
2.176587283611297607e-01 -9.483563713729381561e-03 -4.985436201095581055e-01 5.228734016418457031e-02 -1.924582011997699738e-02 4.876394271850585938e-01
4.289178922772407532e-02 7.760079205036163330e-02 -4.850302040576934814e-01 1.531206071376800537e-01 -7.923550903797149658e-02 4.964238107204437256e-01
8.690521866083145142e-02 2.886515557765960693e-01 3.760571479797363281e-01 1.207241415977478027e-01 -3.513301908969879150e-01 -3.915883898735046387e-01
-3.610668778419494629e-01 -8.620522916316986084e-02 2.326159179210662842e-02 6.327244043350219727e-01 1.666662096977233887e-02 6.564396619796752930e-02
2.407437264919281006e-01 -2.896814048290252686e-01 -3.583911359310150146e-01 -3.345739841461181641e-02 2.817651927471160889e-01 4.150831997394561768e-01
-3.284506201744079590e-01 -1.273727267980575562e-01 -1.678158044815063477e-01 5.488440990447998047e-01 1.418657153844833374e-01 2.295060455799102783e-01
-4.155368208885192871e-01 -2.451903710607439280e-04 3.613896295428276062e-02 5.837737917900085449e-01 -3.817735705524682999e-04 -9.857639670372009277e-04
9.821652621030807495e-02 1.141917929053306580e-01 4.717850983142852783e-01 1.328206658363342285e-01 -1.392299234867095947e-01 -4.949516952037811279e-01
1.468703732825815678e-03 7.420285046100616455e-02 -4.120894670486450195e-01 2.319206297397613525e-01 -1.770436316728591919e-01 5.279994010925292969e-01
2.562738955020904541e-02 -1.929233521223068237e-01 4.955208599567413330e-01 1.908216178417205811e-01 8.734868466854095459e-02 -4.500786364078521729e-01
4.468591883778572083e-02 8.158290758728981018e-03 -4.629934430122375488e-01 1.295746713876724243e-01 -5.020017176866531372e-02 5.316864848136901855e-01
-2.982546687126159668e-01 1.546396315097808838e-02 2.297223061323165894e-01 5.609144568443298340e-01 -5.170591920614242554e-02 -2.775415778160095215e-01
4.090562164783477783e-01 2.068942338228225708e-01 -2.740698754787445068e-01 -1.910674870014190674e-01 -2.979072332382202148e-01 3.464356362819671631e-01
1.372637450695037842e-01 -1.028735190629959106e-01 4.978430271148681641e-01 8.673068881034851074e-02 1.350065320730209351e-02 -4.940760731697082520e-01
3.160395324230194092e-01 -4.257913827896118164e-01 -5.335327982902526855e-02 -2.070703804492950439e-01 4.132115244865417480e-01 9.641328454017639160e-02
-3.136162757873535156e-01 -3.516721427440643311e-01 -7.076244801282882690e-02 5.018253922462463379e-01 2.030644714832305908e-01 9.453167766332626343e-02
-7.091761380434036255e-02 -1.728311628103256226e-01 4.813459515571594238e-01 3.036389648914337158e-01 1.476342529058456421e-01 -3.887168169021606445e-01
3.390863537788391113e-01 -3.278921842575073242e-01 -2.122763246297836304e-01 -1.847136020660400391e-01 3.276333212852478027e-01 3.317089080810546875e-01
2.911677360534667969e-01 2.112052738666534424e-01 -3.838801085948944092e-01 -8.037602901458740234e-02 -2.724471986293792725e-01 4.086067974567413330e-01
-6.733473390340805054e-02 1.805969029664993286e-01 4.075117111206054688e-01 3.052656352519989014e-01 -2.395601421594619751e-01 -4.199162125587463379e-01
-1.237402185797691345e-01 3.785942494869232178e-01 1.641248464584350586e-01 3.924784362316131592e-01 -4.274726212024688721e-01 -1.253133118152618408e-01
2.352973967790603638e-01 6.420729309320449829e-02 -3.854613304138183594e-01 -5.122904479503631592e-02 -1.239893808960914612e-01 5.539451837539672852e-01
7.385750114917755127e-02 1.716595143079757690e-01 4.162781834602355957e-01 1.485797464847564697e-01 -2.509952783584594727e-01 -4.869269132614135742e-01
-1.835502982139587402e-01 -3.428746759891510010e-01 2.007471323013305664e-01 4.466375708580017090e-01 3.311896622180938721e-01 -1.846104860305786133e-01
1.468073483556509018e-02 7.175213098526000977e-02 4.236389100551605225e-01 2.614242136478424072e-01 -1.911359429359436035e-01 -5.091030597686767578e-01
-4.161793366074562073e-02 -1.875433325767517090e-02 4.507411420345306396e-01 2.239933013916015625e-01 -3.863252699375152588e-02 -5.131341218948364258e-01
1.287619918584823608e-01 -6.609018146991729736e-02 -4.664124548435211182e-01 7.025384902954101562e-02 5.286367982625961304e-02 5.247620344161987305e-01
-3.269890248775482178e-01 -6.505151093006134033e-02 -2.692628800868988037e-01 5.242875814437866211e-01 -1.992440223693847656e-02 2.535102665424346924e-01
2.030914425849914551e-01 7.213685661554336548e-02 4.754671752452850342e-01 -3.909811377525329590e-02 -1.234894618391990662e-01 -4.748351871967315674e-01
1.767492890357971191e-01 3.304397165775299072e-01 4.038695096969604492e-01 2.494663000106811523e-02 -3.547455966472625732e-01 -3.085047006607055664e-01
1.416759341955184937e-01 3.767800331115722656e-01 2.469172179698944092e-01 7.131161540746688843e-02 -4.756898880004882812e-01 -2.711020410060882568e-01
4.808465242385864258e-01 -2.648623585700988770e-01 1.845047920942306519e-01 -3.419939279556274414e-01 2.020891308784484863e-01 -1.393622606992721558e-01
2.450991123914718628e-01 -3.938291370868682861e-01 2.852434515953063965e-01 -9.232868254184722900e-02 3.618726432323455811e-01 -2.760561704635620117e-01
1.160044297575950623e-01 -2.327630482614040375e-02 -4.530856907367706299e-01 1.479211747646331787e-01 -4.134559631347656250e-02 5.462415218353271484e-01
-1.779288649559020996e-01 2.571849226951599121e-01 2.405934482812881470e-01 4.420802593231201172e-01 -3.499199748039245605e-01 -2.564099431037902832e-01
-8.702103048563003540e-03 4.364917576313018799e-01 4.579297266900539398e-03 2.540943026542663574e-01 -5.283581018447875977e-01 2.926298417150974274e-03
6.577126681804656982e-02 -3.056215308606624603e-02 -4.519375562667846680e-01 2.063109129667282104e-01 -2.432298287749290466e-02 5.381178259849548340e-01
2.476503551006317139e-01 1.028998643159866333e-01 4.282423853874206543e-01 -8.996418118476867676e-02 -1.706716567277908325e-01 -4.724102020263671875e-01
2.390988916158676147e-01 -1.637364774942398071e-01 4.210250973701477051e-01 -6.904424726963043213e-02 1.728894859552383423e-01 -4.687674641609191895e-01
1.423344910144805908e-01 3.858113884925842285e-01 -1.974596232175827026e-01 9.481227397918701172e-02 -5.026830434799194336e-01 2.589603662490844727e-01
-1.362805813550949097e-01 2.645505368709564209e-01 3.309662342071533203e-01 3.758544921875000000e-01 -2.953031361103057861e-01 -3.204026818275451660e-01
-7.432994991540908813e-02 7.002518326044082642e-02 4.636819660663604736e-01 2.721472382545471191e-01 -1.134208217263221741e-01 -4.562642872333526611e-01
-1.417447328567504883e-01 4.435362219810485840e-01 4.622781276702880859e-02 3.776913285255432129e-01 -4.103173017501831055e-01 1.275433227419853210e-02
5.171058773994445801e-01 -1.434133052825927734e-01 2.519332766532897949e-01 -3.448572754859924316e-01 9.938400983810424805e-02 -1.931161880493164062e-01
-2.394560426473617554e-01 1.934067159891128540e-01 -1.874017715454101562e-01 5.308809876441955566e-01 -2.595772147178649902e-01 2.613591849803924561e-01
5.186833143234252930e-01 -2.286186665296554565e-01 -1.354657560586929321e-01 -3.191612362861633301e-01 2.045580595731735229e-01 1.967607289552688599e-01
6.617862731218338013e-03 -1.928415447473526001e-01 4.343886971473693848e-01 2.130555957555770874e-01 1.576474756002426147e-01 -4.791433811187744141e-01
4.165563881397247314e-01 -3.798666000366210938e-01 -4.358925390988588333e-03 -2.055582702159881592e-01 4.021292924880981445e-01 3.379459679126739502e-02
6.282396614551544189e-02 -7.864260673522949219e-02 -4.795282185077667236e-01 1.126530766487121582e-01 -1.154825091361999512e-02 5.169733762741088867e-01
1.003261879086494446e-01 -5.027518868446350098e-01 6.235627084970474243e-02 1.547292172908782959e-01 4.911898970603942871e-01 -3.314273059368133545e-02
3.906600475311279297e-01 2.433031052350997925e-02 -4.007157385349273682e-01 -1.427405476570129395e-01 -8.601397275924682617e-02 4.379188120365142822e-01
3.135833144187927246e-01 -1.201604753732681274e-01 4.137799739837646484e-01 -1.465238630771636963e-01 8.618043363094329834e-02 -4.497736096382141113e-01
2.660384774208068848e-01 3.304607868194580078e-01 -2.228216081857681274e-01 -1.043757796287536621e-01 -4.342056512832641602e-01 3.045099377632141113e-01
-5.155972763895988464e-02 -3.047880344092845917e-02 -4.290451407432556152e-01 3.182304203510284424e-01 -1.015748456120491028e-02 4.998478889465332031e-01
-3.982801735401153564e-01 1.841112226247787476e-01 4.847055301070213318e-02 5.087565183639526367e-01 -2.292531877756118774e-01 -3.161771222949028015e-02
1.693547368049621582e-01 -4.387554228305816650e-01 2.370549142360687256e-01 6.651487946510314941e-02 4.515451490879058838e-01 -2.065540850162506104e-01
-1.882800459861755371e-01 1.371432095766067505e-01 -3.245258033275604248e-01 4.137736558914184570e-01 -1.888079494237899780e-01 4.043687283992767334e-01
4.134037792682647705e-01 -2.468888461589813232e-01 2.568231821060180664e-01 -2.657648026943206787e-01 2.420749962329864502e-01 -2.905746698379516602e-01
-2.324356585741043091e-01 -1.746838986873626709e-01 3.718166947364807129e-01 4.583969116210937500e-01 1.016762554645538330e-01 -2.962966561317443848e-01
1.979185342788696289e-01 -3.747386634349822998e-01 3.196651339530944824e-01 2.796098589897155762e-02 3.654903471469879150e-01 -3.308542370796203613e-01
-3.280428051948547363e-01 3.329671919345855713e-02 -1.530946046113967896e-01 5.898851156234741211e-01 -1.147324293851852417e-01 2.150028795003890991e-01
5.560426712036132812e-01 8.545441925525665283e-02 7.400783896446228027e-02 -4.105643630027770996e-01 -1.533367484807968140e-01 -1.899546384811401367e-02
3.294079303741455078e-01 1.548097282648086548e-01 3.592422902584075928e-01 -1.842961311340332031e-01 -2.410738617181777954e-01 -4.019307196140289307e-01
-3.154695928096771240e-01 -2.391526699066162109e-01 -1.839388161897659302e-01 4.901271760463714600e-01 2.291851341724395752e-01 1.789296120405197144e-01
2.757690846920013428e-01 -4.299078881740570068e-01 3.915339708328247070e-01 9.962022304534912109e-04 3.030394017696380615e-01 -2.307908535003662109e-01
4.228792786598205566e-01 -1.901048719882965088e-01 3.320209681987762451e-01 -2.684375047683715820e-01 1.226937174797058105e-01 -3.193146884441375732e-01
1.846476942300796509e-01 -4.285814762115478516e-01 1.450960487127304077e-01 -3.445395827293395996e-02 4.991670250892639160e-01 -1.570250838994979858e-01
5.800050497055053711e-01 -6.679972261190414429e-02 4.250064119696617126e-02 -4.159745573997497559e-01 -2.295039966702461243e-02 -3.561436012387275696e-02
3.551473319530487061e-01 -3.616922497749328613e-01 2.170165032148361206e-01 -1.790262758731842041e-01 3.635380268096923828e-01 -2.173791378736495972e-01
2.431682199239730835e-01 5.461131408810615540e-02 4.572318792343139648e-01 -4.713134467601776123e-02 -1.867417693138122559e-01 -4.687675237655639648e-01
-2.360553592443466187e-01 -3.558054566383361816e-01 -1.505097746849060059e-01 4.204965233802795410e-01 3.137928843498229980e-01 1.967332661151885986e-01
3.717742562294006348e-01 -4.152886867523193359e-01 5.812576785683631897e-02 -2.214734554290771484e-01 3.854683041572570801e-01 -2.461061999201774597e-02
-1.586590111255645752e-01 -3.672570884227752686e-01 -2.180189937353134155e-01 3.936347067356109619e-01 3.133044540882110596e-01 2.634450197219848633e-01
4.712861180305480957e-01 -5.706183146685361862e-03 2.869338393211364746e-01 -3.198811411857604980e-01 -1.118368059396743774e-01 -3.153872489929199219e-01
2.085212171077728271e-01 4.311372041702270508e-01 -5.074108764529228210e-02 2.412913739681243896e-02 -5.445380806922912598e-01 6.782203912734985352e-02
1.414980292320251465e-01 -1.774199753999710083e-01 -4.446166455745697021e-01 5.613398551940917969e-02 1.454474478960037231e-01 4.979700148105621338e-01
-1.337038427591323853e-01 -4.049010872840881348e-01 1.122767329216003418e-01 3.967016339302062988e-01 4.096021652221679688e-01 -1.227859258651733398e-01
5.483297165483236313e-03 -4.116409420967102051e-01 -2.025925368070602417e-01 2.562878131866455078e-01 4.047955870628356934e-01 3.175309896469116211e-01
