2.890414995139400367e-01
-5.425552347604184478e-02
-3.452488935623230226e-01
7.075433524160816834e-01
3.471919187114030247e+00
2.371066230290933552e-01
-2.966064921852528125e-01
4.103832235108269555e-01
2.544534352379539399e+00
2.415372756147522448e+00
-3.926986035860546148e-02
-6.041501458469513697e-01
-1.610878775234579063e-01
1.051098696952564637e+00
1.290630968301153203e+00
2.465538247474888534e-01
-3.845228406942161614e-01
-3.854803786083030870e-01
8.434752120111924656e-01
2.396896942511840045e+00
4.025817967744327874e-01
-1.656597892895366464e-01
3.392732414813446895e-01
2.247450345009601946e+00
2.923873831902260356e+00
1.363708516323507980e-01
-5.611516370278474275e-01
-2.343818933050934583e-01
8.961599362686808457e-01
1.664780564475561997e+00
-3.402093148157134261e-01
-3.606881743189438994e-01
-1.376872900840274139e-01
1.128594640621002565e+00
6.761027561017723952e-01
4.359720774060334425e-01
-3.248612470964684640e-01
-1.296427687490199765e-01
1.382240949785321860e+00
2.485945470425218407e+00
2.823536443428457596e-02
4.367335841484574210e-01
-8.788374548769257305e-03
1.475575527636142636e+00
5.079095814774350792e+00
4.352012434798460117e-01
9.885787094692041754e-02
7.711233652623310231e-02
1.817318928565468950e+00
3.509464078997147407e+00
-1.128644256732710682e-01
2.589254900635314938e-01
2.125821102071749347e-01
1.916400608223768121e+00
4.972947438600792580e+00
1.576934204560464237e-01
-2.247988358193920844e-01
-4.416849036763409453e-01
5.982338721169894180e-01
3.009282706141835906e+00
-1.143601349435028891e-01
-6.089934737805657253e-04
-4.425197526441008167e-01
1.763967347969800370e-01
4.582892293845317155e+00
4.763603964437582161e-01
-4.108169326359044082e-01
1.402593836029966956e-01
1.873646822540786516e+00
2.887013980156229564e+00
-4.344691950324521268e-01
-1.169468639060904647e-01
-6.247978524222410485e-02
1.295149111439970468e+00
6.098428668305749589e+00
-4.845857072702342699e-02
-3.433995206395047406e-01
3.959379593382457707e-01
2.783816444621837416e+00
1.140433165423614170e+00
2.565771298088880825e-01
1.458044526041320788e-01
2.939701548714080404e-01
2.148352961838195796e+00
4.002769461914466476e+00
-4.400663211647088957e-01
-3.389693002368096009e-01
-1.767337906272782588e-01
1.085890939462829996e+00
1.909369100259238061e-01
3.964292538702096635e-01
3.306540361994119576e-02
1.401283086894376528e-01
1.767984413747919037e+00
3.388935500965943426e+00
1.091320906499802929e-01
-4.511043258166323455e-01
4.460299944339482514e-01
2.684836403236729119e+00
1.399588444087328076e+00
-2.088304145726873617e-01
1.789671569330363032e-01
3.539343843525930011e-01
2.195388079133428594e+00
5.500738148893950630e+00
-2.867854976513540752e-02
2.256756393477534206e-01
3.666749351804046153e-01
2.405945350920537074e+00
4.718841599578700752e+00
3.917999332125590706e-02
-5.690485620409261314e-01
-3.114738461651904433e-02
1.589746725234598257e+00
2.017697461524301517e+00
7.964628018154319700e-02
-8.609817564089390640e-02
-4.605478902930748020e-01
2.777797262745508866e-01
4.494838202999510202e+00
2.311788072192764443e-01
-1.500133362211831523e-01
4.325839959278364177e-01
2.621933011978537120e+00
2.862003652994097980e+00
-3.182286689619326925e-01
-3.046395784414444030e-01
2.470204099270376652e-01
1.998473128583235781e+00
2.957432872913937638e-01
-4.395233334244916246e-01
2.989856581946542802e-02
-2.027787889655783271e-01
1.261357151233501783e+00
6.304757840481099329e+00
3.531198752501597538e-01
-5.179847242902625437e-01
3.112648698728484598e-02
1.946625941521463510e+00
2.259701720004740899e+00
2.860103528352782587e-01
-4.483534671436485985e-01
2.898532132698153352e-01
1.897074453695905882e+00
2.425142014893685083e+00
-3.383991247036383099e-01
-4.453794583170458954e-01
-7.306702155093967865e-02
1.236200478295030658e+00
5.425096691221171774e-01
4.672514916114915429e-01
-3.948902187386584273e-01
9.106584874343053027e-02
1.618634910705833985e+00
2.309652528012047679e+00
3.803807498115918118e-01
2.258741058990419714e-01
-5.950519292898927282e-02
1.641037225478515049e+00
4.111314311773032415e+00
-1.105897422513840295e-01
1.405941850674597704e-01
-3.906598190457734598e-01
6.788720027773889054e-01
5.284264469325998803e+00
-1.926741873506038483e-01
-3.508905535856206570e-01
4.379627723731744360e-01
2.679479000363042207e+00
7.517648846161930631e-01
1.950886403059628738e-01
-1.140857302514036720e-02
-4.069630811675113424e-01
3.887500801157863228e-01
3.344224215881524298e+00
2.510418764991594887e-01
-6.269982612787342591e-01
1.945403606318592826e-01
2.003422290831800900e+00
2.303944510419756675e+00
2.793206766618235304e-01
-2.358554089854686953e-01
-4.292394002929571517e-01
6.996372349307072858e-01
2.444866395612150356e+00
2.447862605886137188e-01
2.606819790495371048e-01
6.308365893394125845e-02
1.571722416130103328e+00
4.464270361458295255e+00
-9.499507383554076090e-02
-3.277983995211489199e-01
-4.580201832911034443e-01
6.836347842296726096e-01
7.267166716058609532e-01
-1.290216154924419233e-02
-2.829300019648261499e-01
-4.189065583370714663e-01
-4.922702048815756903e-01
4.715281596143365839e+00
4.369128858576179497e-01
1.701201649830064722e-01
1.790280654590560225e-02
1.738152142032193481e+00
3.932539808898656286e+00
-4.004274719158009144e-01
-9.952929062052624787e-02
2.764679113912252850e-01
1.977507153396835360e+00
6.898655257886360248e-02
-3.039928711313910625e-01
2.661010212068303238e-01
5.410785379930549421e-02
1.551413849161354497e+00
5.146281892883383335e+00
2.776085762804382795e-01
-6.265225191384474757e-01
-9.765149653346455461e-02
1.284891126811632311e+00
2.460805092605397704e+00
4.718800010285055802e-01
1.047907199302791359e-01
3.147230944450439827e-01
2.239402145936437272e+00
3.373651542888605359e+00
3.129590747096035880e-02
7.933427520584349080e-02
-3.761612670398847835e-01
4.357366321823649691e-01
4.589470522261108520e+00
4.239091077344762232e-02
-5.765903075631856334e-01
1.039454217543274855e-01
1.553257365517308752e+00
1.730179607552466248e+00
3.316265496102931420e-01
5.122541890953431071e-02
3.718661858070229642e-01
2.330305543797722478e+00
3.648534827606585207e+00
4.352052503889455859e-01
8.661060847049414924e-02
-2.951100824407315582e-01
1.181052823817652531e+00
3.689985371278928117e+00
5.202654313107590855e-01
-1.373134330857068708e-01
-5.305786353263620969e-02
1.521983588513941443e+00
3.432508673411928335e+00
-3.909460125104969319e-01
-2.003689836439350724e-01
-2.567436074916986666e-01
9.857033028756949644e-01
5.814883255122023087e-01
-2.281387670221329822e-01
-4.982238233833060082e-01
1.389053038419284236e-01
1.876640973417699199e+00
7.630501086355431228e-01
-1.768851940358251995e-01
2.812262966641839723e-01
-1.739672711160537011e-01
1.251477358279091234e+00
4.894157734224653389e+00
1.963040352217007845e-01
-1.191047947308038479e-01
-4.645396651193640647e-01
4.645188173240339946e-01
3.231283601456226062e+00
-9.530372113844927037e-03
-6.228494392837062577e-02
5.189584641084352690e-01
2.949476604709520444e+00
4.331743771802777365e-01
2.710716405615824498e-01
-1.457609510427275157e-01
-3.541216744466319510e-01
5.842730124229664757e-01
3.394480715622262057e+00
2.850371707303165358e-01
2.624723567351345266e-01
1.564050945292275521e-02
1.540959208249638168e+00
4.277002476771339268e+00
-2.462715639212945395e-01
-1.110218616943516451e-01
-3.286768937771602506e-01
7.291850843190694764e-01
6.105795638723765961e+00
2.028054826866196314e-02
-1.096097654975186492e-01
-4.625245765760703232e-01
3.226662904342779692e-01
5.711198396261919719e+00
-3.026140181076837354e-01
-3.754025842444415062e-01
-3.809253216842459211e-01
6.092556729711662289e-01
3.755754011791988534e-01
-4.318035088298499691e-01
-2.218779199114073453e-01
1.289000399915597728e-01
1.821761643510082740e+00
-7.127502611888693329e-02
-4.257424207551583489e-02
-4.621926439507207524e-02
-4.161445302587415407e-01
4.622358793467475357e-01
5.224387085311072987e+00
-1.486018756540920527e-01
1.972697693900651861e-01
2.912000281973345928e-01
2.308352860119711192e+00
5.131212529663585542e+00
5.852434616251400018e-02
-1.774338535663056438e-01
-4.748315376423024037e-01
1.253727977425255768e-01
5.819423792779637061e+00
-4.179949910107905731e-01
1.325973903676158361e-01
-1.240644018008980332e-01
1.547866018990760262e+00
5.583906168412462456e+00
-4.593525922534319461e-01
-5.175027332265597427e-03
8.439727571710373133e-02
1.501512506029071714e+00
5.883429224103752908e+00
1.244700622948087393e-01
-4.755059075759994203e-01
3.927254700253456354e-01
2.636331084159571958e+00
1.825578767416687009e+00
2.549722933324299889e-01
3.077498343699149874e-01
-8.467753064725282164e-02
1.257054047840229227e+00
4.180501661890116516e+00
4.057089991743556001e-01
-3.259003298040568652e-01
3.537583197650366884e-01
2.117052687935247590e+00
2.731320811037639018e+00
-3.333814172830142919e-01
-3.761704692304930764e-01
-1.783694052949771347e-01
1.180893738786741531e+00
2.968001375388487073e-01
1.278320851885416942e-01
2.469197964639180121e-01
-9.667317023887371519e-02
1.365902780535626304e+00
4.892247551788918791e+00
-1.917321665783487949e-01
-4.723840545622397524e-01
-2.268971355823511393e-01
1.152214136989627935e+00
9.747166328022675019e-01
-3.420309107825877937e-01
-4.969301447789614135e-01
1.655510396824443342e-01
1.750033275866366811e+00
4.918769533353724577e-01
4.322986487615919082e-01
-8.138570010281621914e-02
-2.126674152009934426e-01
1.066817492575593551e+00
3.094600899277886619e+00
2.592368889138751964e-01
-4.443582184507363642e-01
2.857708319293762456e-01
2.204403323077014143e+00
2.202291106858814018e+00
-3.601184446125801353e-01
2.285210976681404937e-01
-6.520203085307886559e-02
1.323227855263134245e+00
5.209420237290744993e+00
1.070866083449998479e-01
4.348408939716163178e-03
4.538815499151597210e-01
3.301209241657200977e+00
1.431165277878284847e+00
4.763523979791297464e-02
-1.076902586235328335e-01
5.168588785190785240e-01
3.436523728945851452e+00
2.577638298633209285e-02
3.541590158172225333e-02
-6.775521479795949126e-03
5.051077316623481250e-01
3.004304017415712291e+00
1.754060433584392120e+00
1.078221369802871282e-01
-4.588557350871468321e-01
-2.928534859911415267e-01
6.928241047278490550e-01
1.837211200665270772e+00
-1.132129179186625451e-01
-5.334959747100770366e-01
-1.421955359451269330e-01
1.417981903842150393e+00
1.450439303031832550e+00
-2.042302218052364227e-01
-5.330245778303321219e-02
4.010436246564362262e-01
2.469385509986053329e+00
6.031774885075258830e+00
1.844482669200124547e-01
-3.848479803526257403e-01
-4.032246807079815087e-01
5.103711919988580537e-01
2.454984954887794668e+00
4.499611534593901396e-01
-1.706539359279180823e-01
3.075589192833468877e-01
2.038214107266619113e+00
3.114291810679752359e+00
-3.867525229732458603e-01
4.281237235697845159e-03
2.211352142638893514e-01
1.883937860211245985e+00
5.619848295701159735e+00
2.861743923842138826e-02
-4.944861443525285782e-01
-3.174816116056630166e-01
8.331417552390583126e-01
1.691293855226594367e+00
-2.095922608436265044e-01
4.195156904427891492e-02
-3.323195395916374584e-01
5.855658280492600509e-01
5.992011851232613928e+00
5.002222346670414099e-01
-3.735626237943269479e-02
1.218593878093530425e-01
1.992632723397776751e+00
3.282425688220945048e+00
-4.476683727394066385e-03
3.091008032672844519e-01
1.138478220555704662e-01
1.785745890719883322e+00
4.356339842024343767e+00
-2.397094336267198700e-01
2.128396471024664727e-01
-4.888383240340814923e-02
1.336189307323554454e+00
5.460942451987326862e+00
-1.529547816197403265e-01
-5.256646431170353823e-02
-3.731946043850097317e-01
6.175170267496631338e-01
5.793512297407668932e+00
-1.377378758448381292e-02
-3.393229912528115122e-01
4.021452317883040806e-01
2.485806458035421329e+00
1.687742347564830991e+00
1.432141900155773362e-01
-1.459384861087224816e-01
5.122472878033289545e-01
2.744616152916953045e+00
3.009079268843481536e+00
-4.430289354422278780e-02
2.453786767614918318e-01
-2.387942684684108419e-01
9.464313056094569854e-01
4.903129168385844672e+00
3.185622428117406146e-01
-9.940452288049157759e-02
3.543280041024343685e-01
2.388359699771280820e+00
3.754163608289913689e+00
-3.202176388365878812e-01
3.659953196098520989e-01
2.376967247449029430e-01
2.039353801800267263e+00
5.666524443706196124e+00
1.026832986353812954e-02
-2.066437508703428405e-01
-4.761322706096139945e-01
2.364867867423359471e-01
5.632776919116399661e+00
4.643545905683973407e-01
-2.126794069971338075e-01
2.533924908483097260e-01
2.149757084286711084e+00
3.031663046262863759e+00
-1.169334001445948221e-02
-5.210085193090467914e-01
2.021422502548915201e-01
2.077412906699198203e+00
1.390655445625226472e+00
3.655499992503712797e-02
1.823733562365044136e-01
-3.581881556286033996e-01
5.333052473917971881e-01
4.419173698860169530e+00
-3.349615734882979701e-01
-1.672995632185736714e-01
2.750263214925495747e-01
2.188886909444956341e+00
6.232099691851865408e+00
-4.074270237050967025e-01
-2.096342636079366606e-01
1.448366836377365796e-01
2.060004117984014282e+00
2.531768090420304373e-01
1.410980722363150142e-01
-1.673734260415797315e-01
5.085833033769361355e-01
3.006981254073696874e+00
2.364965254486865176e-01
-3.965578266261130524e-01
7.121644595572990122e-02
-6.782676240523045907e-02
1.483398507604644978e+00
-1.186025402249566985e-01
-2.014912766274866776e-02
-1.047696552167472067e-01
5.660561319368611066e-01
2.749911399645238230e+00
5.235797009943291336e+00
-6.452565260075578124e-02
-5.227639362835946324e-01
5.864517939398138091e-02
1.915852288760986566e+00
1.774670243211094789e+00
3.523220260951277077e-02
2.968256349936330141e-01
-1.452159020369457876e-01
1.239914661379545313e+00
4.502959390750683077e+00
-2.723520000686764642e-02
-5.283695939098800309e-01
2.909082577693259397e-01
2.245837138673332234e+00
1.586101673704889858e+00
-1.318684964624463607e-01
-4.845472839907550844e-01
-2.468173196595026819e-01
1.247228964290714837e+00
1.174440858800389620e+00
1.446687404609016681e-01
-1.544754948076289269e-01
-4.738897796192895751e-01
-1.069868205976407805e-01
1.462722009482228636e+00
-3.210740641022853947e-01
-4.378032412106473981e-01
8.856526170601118630e-02
1.426342784047608614e+00
8.703138481482805000e-01
4.819357809587744290e-01
1.453270805051565251e-01
1.434770702069530224e-01
1.855532033158989513e+00
4.039948233887984408e+00
-2.234291949806477551e-01
-4.115245090453477639e-01
3.602919002775060164e-01
2.399699960747492700e+00
9.389842981493260465e-01
-3.289630689660906770e-01
1.571651408078846290e-01
3.006154184654713513e-01
2.021159798695701060e+00
5.195219410951454009e+00
-1.073157425095458938e-02
1.947121167918718920e-01
-3.468177204321279405e-01
5.223384112104973998e-01
4.840219488074279042e+00
1.395724496694172867e-01
1.228742976688718819e-01
3.665228668526768208e-01
2.362895328410778539e+00
4.115188580508663208e+00
2.887035008196192631e-01
-5.713453017006974166e-01
-1.199749543183137312e-01
1.520137928016065842e+00
1.883922022707211541e+00
2.092493554368131115e-01
-4.394222824623161272e-01
-2.795189153917412295e-01
7.875902090942934475e-01
2.103929052300965274e+00
2.120770208296968440e-01
-4.894153046092978299e-01
-2.194795723109399521e-01
9.515987840949575727e-01
1.847889773305588790e+00
-2.631935972791858980e-01
3.370611630787819640e-02
3.162930859630582181e-01
2.371693531413143319e+00
5.746154853296020271e+00
7.157976857561458572e-02
1.059515807335821014e-01
4.326701635356975384e-01
2.842065020901818784e+00
4.449508396220525519e+00
-6.478458842832662823e-02
-2.589503046415831955e-01
-4.816429946150826424e-01
4.650810578080263324e-01
6.763281346501954783e-01
1.369949931833781831e-01
1.575180356875810761e-01
-3.868214035167773512e-01
4.630475496667012525e-01
4.093835831720606500e+00
9.680216059294093067e-02
-5.255802365185301417e-01
-1.971844829034395397e-01
1.246578034452882289e+00
1.970156519179560695e+00
-4.898994257699450239e-02
1.180863228569429407e-01
4.608379229468648752e-01
3.537357636655859228e+00
1.544907098260840383e+00
5.026307268593358524e-01
-1.796968868312409651e-01
-2.558993048981459198e-02
1.501395704918212504e+00
3.273858637181253695e+00
-7.191604020886607773e-02
-4.750023998636159206e-01
3.008583879538189731e-01
2.092883810640865150e+00
1.162893257792531276e+00
-8.520875169753984457e-02
-2.614198919642807262e-01
-4.362896818973064916e-01
1.091223719568129441e-01
5.203256807237951476e-01
4.089209620718404770e-01
-4.469880203473666214e-01
2.399284428776886705e-02
1.728160631469329189e+00
2.032677026142893695e+00
-6.697181028186049989e-02
3.100035109702472536e-01
3.076893384308653778e-01
1.924435006302862350e+00
5.173981293735081088e+00
-2.113381824011564269e-01
-4.877855741671512924e-01
2.990551834692719013e-01
2.197129641838793113e+00
1.156428426752893035e+00
4.587419215943975281e-01
-6.296515975995839454e-02
3.167143535849888392e-01
2.380262940452984921e+00
3.281040321515961811e+00
5.160510618705772545e-01
-4.223706958676744921e-02
-2.364688396503172862e-02
1.602719267792956481e+00
3.608278100525322607e+00
-6.732195420797895680e-02
2.787129711578339997e-01
2.059789698883597864e-01
2.078381762841409852e+00
4.655510187168007796e+00
-1.234651624510060969e-01
-6.391831344735667830e-01
1.620944646915953649e-02
1.366171021545877329e+00
1.590678112833657565e+00
2.078483179504780343e-01
-3.541785684373637833e-01
-3.154253539647721705e-01
5.764632015948282229e-01
2.282025844867165976e+00
1.751619767826153307e-01
-1.353335729729382986e-01
5.039472239949582821e-01
2.787212778843828787e+00
3.468282118384060642e+00
-1.943369683171842222e-01
-2.437194649231361754e-01
-4.162219207854692682e-01
5.741125811875413820e-01
5.337092998354010520e-01
3.315390498363964267e-01
-3.836379010719140337e-01
-2.515068540905048278e-01
1.187407843118230222e+00
2.217844775149220293e+00
-3.921372271141292942e-01
-1.915725751109462749e-01
1.693184685502032993e-01
1.794060529896376543e+00
6.600188265402383792e+00
1.102905783434459802e-01
2.068616154508100269e-01
-3.496749893460096015e-01
7.043080617979918800e-01
4.738846208415500527e+00
5.933953471103651373e-02
-1.438393663402866007e-01
5.239066600506928628e-01
2.890062215850815353e+00
6.517475419516645108e-01
-6.639934830583042735e-02
3.295611122542336235e-01
2.344585606792430055e-01
2.181974701720856391e+00
5.186881199838989431e+00
3.401437183391237684e-01
-1.003092327686780916e-01
3.859653685255834410e-01
2.690406241095318229e+00
3.288023384950676142e+00
2.206942364363158049e-01
-5.615071726441349664e-01
1.626376808132817264e-01
1.756974816756464719e+00
1.773706899326877862e+00
-3.839482669156074057e-01
-3.763305966684392656e-01
2.675983859922984390e-02
1.653360459621204370e+00
6.075240369323813283e-01
1.436883525984528065e-01
1.743158717195483634e-03
4.953686745083356602e-01
2.548445268277616194e+00
4.129230470581683576e+00
8.828666010089167293e-02
-2.701760876947902346e-01
-4.507187893676735113e-01
3.023848370394669471e-01
1.667969030098525485e+00
2.499315723173540227e-01
2.111507057347262462e-01
2.277470812219196949e-01
2.224615870863000389e+00
4.243178073774672932e+00
1.213539476680882273e-01
-5.454482447350046392e-01
2.193771503436063308e-01
2.014189883417632387e+00
1.539502062909668956e+00
-6.005728611215694901e-01
-1.536656602515203418e-01
1.376894474110830213e-01
1.941755544894405938e+00
-1.866992588635781325e-01
-3.357211706804539841e-01
8.260152395251249557e-02
-1.566735331548962940e-01
1.145301845240822569e+00
-2.795691785234717952e-01
2.780588614370314571e-01
2.940725075213111994e-01
-1.740645497786302842e-01
1.133534762174131183e+00
3.894629553165742664e+00
-7.309499736815072701e-02
-3.081326328981289636e-02
-4.277161674343760711e-01
5.245022843537509027e-01
5.821637837913836933e+00
3.250757617773393504e-02
-2.571142575418862153e-01
4.783077462779463107e-01
2.615231346211873920e+00
1.584850037858352545e+00
3.085483992761205996e-01
-3.933136939963882139e-01
3.412044827084284582e-01
2.382484325218419130e+00
2.836936803271630669e+00
-2.046191657911983486e-01
-1.688041843739297165e-01
4.827801575368109721e-01
2.425981556195606625e+00
8.559892335414562292e-02
1.714920908568850488e-01
-7.196596444181502239e-02
4.735498421329687457e-01
2.536774947473598552e+00
3.444564753940024371e+00
4.386097870469979898e-01
-2.302727943965381628e-03
1.214504393128887777e-01
1.616624787043423161e+00
3.189493461940224872e+00
7.210105220374651847e-02
-5.623439987482171665e-01
2.276286367523110976e-01
1.914444187451769253e+00
1.940510235649044235e+00
2.172199995204462941e-01
1.323643995966182207e-01
3.422965848903763986e-01
2.222935622427465674e+00
4.383926712456402086e+00
-3.136953714003068439e-02
-4.926024098216948977e-01
3.554404775754561041e-01
2.462247543119834514e+00
1.330885360421620200e+00
2.298174261737484791e-01
1.804187292424841715e-01
-3.497550342666534973e-01
6.624977827941389563e-01
4.283102657422370285e+00
-2.985158417529801822e-01
-6.192694023224298155e-02
3.072400302857470900e-01
2.270099355104921557e+00
5.967193007652356052e+00
1.313364164795924327e-01
-1.660400558082480715e-01
-4.690973409646943537e-01
-3.043412218644002687e-01
2.679474132223836347e-01
-1.094987570773753166e-01
-1.503452492039165644e-01
-4.230024676820087759e-01
3.829607838932518327e-01
5.400478581488791008e+00
1.005391537670515395e-01
1.637915123413184737e-01
4.155300148979929609e-01
2.546678452094567557e+00
4.674748292594737897e+00
-2.595312142187273796e-01
-2.537144884322520277e-01
-2.991986153518683134e-01
8.076592652713578957e-01
3.330112446053267172e-01
-3.731331821498493628e-01
5.730287842716488833e-02
1.358907093314864201e-01
1.857808455712354201e+00
5.859240413448785212e+00
-9.963565706408429590e-02
-2.000870591697014589e-01
5.278863988106469174e-01
3.667545056951180715e+00
3.454162290946421798e+00
3.909275919019163936e-01
1.157937663364969755e-01
-2.342294076462410335e-01
1.350162547193966445e+00
3.531727664874480421e+00
2.148504908033661009e-01
1.349386298309372401e-01
4.230699087877188846e-01
2.587178982921179760e+00
3.852719217452883704e+00
-2.472915363431739955e-01
3.511289773932684682e-02
3.701069833207842330e-01
2.560339084576609192e+00
5.753937552411374057e+00
-8.513098463633010649e-02
-1.333035202636698169e-01
-4.308446306332666120e-01
2.938337760204755011e-01
4.928860668570760883e-01
5.822516142170394010e-02
-2.541948277166896086e-01
4.875192118853772794e-01
2.849167407953753894e+00
1.617551819264542390e+00
3.338709864628575108e-01
-1.642284154905140348e-01
-4.112687650752112622e-01
2.806492031933650599e-01
3.002356425074826252e+00
6.227524397859932059e-02
-5.725613538949854142e-01
-1.793762378380572564e-01
1.216678962278343823e+00
1.525968770490699900e+00
1.140910229558738942e-01
2.913016780238613657e-01
2.737729461824199295e-01
2.208896655536324083e+00
4.610823717907123864e+00
-5.611630127494014741e-02
-3.394197059514812986e-01
-3.465900929361427907e-01
8.077978964415148955e-01
1.393899926379922327e+00
-1.680270428555250273e-01
-5.332413033142227032e-01
6.519164476459976543e-02
1.697123703148776253e+00
1.310906866152440786e+00
-1.378046582559328825e-01
1.066755214968278243e-01
-3.705698162123512440e-01
5.071769018268006413e-01
5.479562947991350796e+00
9.305138086988941348e-02
-2.153810214078958618e-01
-4.811696529647679910e-01
4.523680888987262061e-01
2.851662403720131245e+00
-6.838384298899249925e-02
-4.262760082388521443e-01
3.675342171429989979e-01
3.787895109651024494e+00
4.065319919631544821e+00
-3.526075399092661322e-01
1.407958463626463319e-01
3.749373936907129251e-02
1.616448616130052196e+00
5.756851578029293925e+00
9.075002712681283501e-02
-1.351118074751401499e-01
-4.758960333687742295e-01
-9.462144706442308928e-02
4.239114365437157694e+00
4.993260167422064466e-01
-3.698904975802443929e-01
4.127502383667969177e-02
1.501252832671408743e+00
2.909750896467839798e+00
1.471951591338371279e-01
5.344915482165547155e-02
-3.681370463919365066e-01
2.619180475257731899e-01
3.907271918924795973e+00
2.965504183446306952e-01
1.576270734078626112e-01
-2.579482911343198848e-01
8.953686800908485788e-01
3.895198818842850130e+00
6.287609587335257766e-02
-4.046308872226138109e-01
-3.435605197996035587e-01
5.107756934761300549e-01
1.867162934572794697e+00
-2.781137814020744892e-01
-3.979505111723075084e-01
-2.812923366959337867e-01
1.050489470921664559e+00
5.756817530457231102e-01
-2.277784171496669285e-01
1.950477333650308398e-01
-2.624479188801945861e-01
1.098311411743442711e+00
5.818366768916716225e+00
-4.318703202267079044e-01
-2.547759152252935810e-01
-1.631277306484806011e-01
1.344838085114015813e+00
6.212341048442549862e+00
-8.880745223247990539e-02
-2.392518310756617250e-01
4.620067407541231796e-01
2.814989735305225338e+00
1.425793194887870818e+00
-3.930871119625733989e-01
5.581177204962753380e-02
-6.691974500116416869e-02
1.236345518622344208e+00
5.716105365557247353e+00
6.703055970147309139e-02
-5.881699628258140189e-01
-8.852874017143159968e-02
1.212121884407615147e+00
1.366071605066252248e+00
-1.954059000696127535e-02
-3.484668131762228699e-02
-4.526192922111290096e-01
-3.735447306858516708e-03
5.126531021250979592e+00
-2.949088645634012629e-01
-2.896792220711025267e-01
2.858499601087143849e-01
2.218657657208336964e+00
5.209602378919446775e-01
-2.999129125893140735e-01
-7.034912769151292072e-03
-2.664261429149153426e-01
9.243817898999047156e-01
5.803981236218612061e+00
5.378683002015440806e-01
-1.914166315519149064e-01
-6.041750971615374166e-02
1.391848302071656107e+00
2.846144970489162596e+00
-1.317161188468395916e-01
-3.299537791499860262e-01
3.719555995401266912e-01
2.464432610074886565e+00
6.963229714663081715e-01
