9.373990959037024895e-02
1.666947965560475475e-01
4.783708481369191023e-01
3.519865768349928814e+00
1.234873900955789638e+00
-1.777014629864811512e-01
3.180094284649677139e-01
2.811354672226214491e-01
2.072914876157352815e+00
5.054921692299650715e+00
4.099869046006438533e-01
1.207318814438097521e-01
-1.547899443238804629e-01
1.161780341549260465e+00
3.220868329672767594e+00
2.671481736436528420e-01
6.005611053154909229e-02
-3.563023707475179158e-01
5.315700368726282710e-01
3.291539001017156796e+00
-1.679957440606310581e-01
-5.207594888661235683e-02
4.655730282478471316e-01
2.651266198599478319e+00
3.283284452042743440e-01
-4.462306131537925324e-01
-3.681608032098172834e-02
2.757113717967796251e-01
1.879122958313862668e+00
1.954123650217007846e-01
8.093585968798849839e-02
4.476103036603809593e-01
-1.027593264351396862e-01
1.243203251528654851e+00
4.421447495516686033e+00
2.854989755733677304e-01
4.007697771020922728e-01
1.439190816642453297e-01
1.908054463275893120e+00
3.977026683114693650e+00
-1.685856567798121042e-01
1.749896996903483881e-01
5.027839329039349714e-01
2.532860086170521718e+00
5.549591556566349837e+00
-3.451261931804782135e-01
3.027507167113449027e-01
-7.191612815268452752e-02
1.396960705565935212e+00
5.343301032054518451e+00
2.284116438245797076e-01
6.875507418616799704e-02
4.219478866112141846e-01
3.462234325257593781e+00
4.557598806069514952e-01
-3.894756785397824883e-01
2.882845106646522715e-01
-5.915979516910072067e-02
1.342093174749962703e+00
5.425617084494185782e+00
5.315479195430726500e-02
-4.758978600325490804e-01
5.467283572012958393e-02
1.594909412021601858e+00
1.829920181549086422e+00
4.098939695000083927e-01
1.847125740437027819e-01
-1.078078600536679921e-01
1.169465062140132794e+00
3.439685259774165171e+00
-1.371640677848725565e-01
-4.658719660166615872e-01
1.613196813174760935e-01
1.852125297835856665e+00
1.433336178029755548e+00
-4.578040978188704924e-01
3.203607873659738287e-02
-1.823434540555894101e-01
1.222533291920337994e+00
6.024169403428744296e+00
1.025494563851902241e-01
-4.013400195051720076e-01
1.981613342194115390e-01
1.979780265433664921e+00
1.928536280170366046e+00
-2.041419430525315271e-01
2.017087948832882449e-01
-3.832379023538504126e-01
6.582582030585735211e-01
5.465618884411000522e+00
-4.693291118667617945e-01
5.282446018086850437e-02
1.237532274345315431e-01
1.683126110610244197e+00
6.505414050713148377e+00
-1.259960241271802506e-01
-2.506672740409943700e-01
-2.852922728138232999e-01
7.385136967915806316e-01
1.116259752090289714e+00
-3.073114498991320886e-02
7.958548783666144488e-02
5.281331767325554427e-01
3.469838657763028689e+00
2.063095392539684880e+00
4.524346548999153561e-01
6.262183086456428460e-02
-9.367442997032730811e-02
1.212237580710443074e+00
3.107318305312028794e+00
3.894576190915858410e-02
-9.874487673272820676e-02
-4.518925893641498326e-01
-3.246915137437783594e-01
4.645177666654933368e+00
-2.627038270826540511e-01
-3.169426815620686733e-01
-2.501750017436055740e-01
1.030857874500611171e+00
1.005862242439550469e+00
2.136010332344663587e-02
1.443887113919918030e-01
-4.392562399660027705e-01
-3.155274560409592755e-01
1.588777399389021738e+00
3.627537200562138686e-01
1.185736118865191903e-02
3.645531846423500921e-01
2.454945607233008253e+00
3.141375234213759082e+00
4.343258031417489007e-01
-1.684692309235055474e-01
-2.314376668238267432e-01
1.007742538988254388e+00
2.541930452605772661e+00
3.603403923454297497e-01
3.351815200078187007e-01
-2.267213614835084448e-02
1.379122065811984488e+00
3.777187758127925843e+00
-4.148739713046843969e-01
-2.730271003127687779e-01
-1.229956356953290642e-01
1.513207378417526616e+00
4.338826906822907392e-01
-2.738184297879464046e-01
-3.870554733605722775e-01
-1.065723303413710632e-01
1.332267165255237140e+00
1.170249123869873120e+00
-3.833949379994858880e-02
-3.218126979937907528e-01
-3.451103393521489648e-01
6.901960064688941188e-01
1.471098892400691582e+00
7.076131614013891902e-02
1.302832852973448141e-01
4.928493275556800057e-01
3.000376331607137459e+00
4.512853176915602837e+00
-4.855538977320960625e-01
6.985652574171857809e-02
-7.897128136445379087e-03
1.569557201923549306e+00
5.908002449323354277e+00
1.621217080651133347e-01
3.841867944448492667e-01
-1.587878364459672231e-01
1.166894757179055109e+00
4.145177102610036357e+00
-8.471312311198393730e-02
-4.528287934771006440e-01
-1.002974656443289675e-01
1.304314785708492019e+00
1.680484360698113910e+00
3.821019656236230300e-01
-2.389123373504222769e-01
-1.171608539238876423e-01
1.073141671359981286e+00
2.732458922379438437e+00
2.317350812145504979e-01
3.957828174405650379e-01
-2.497234083560479628e-02
1.537065148089190147e+00
3.931663068483432166e+00
7.574211206154915499e-02
2.320322315832942239e-01
-3.899704563410930080e-01
5.196126389739168516e-01
4.461521208477933875e+00
-4.347555064109485112e-01
-1.636407000767505782e-01
-1.498692863843040513e-01
1.379071332320891408e+00
4.984974400052880616e-01
3.076176252870262418e-01
2.707967155740081955e-01
2.252287413328291354e-01
2.107079487752624658e+00
3.771226732685948324e+00
3.755582777582466142e-02
3.795343420852004823e-01
3.670875758827379931e-01
2.332555200255598926e+00
4.507196239969012197e+00
1.569736670167102555e-01
-4.195631750126077031e-01
3.091883972498881694e-01
2.185219915196121132e+00
2.010224744341549741e+00
-2.587726023829479693e-01
4.086197411299331006e-01
-3.391730897133445142e-03
1.545385262626955969e+00
5.099349911045899297e+00
-3.707520636228816002e-01
-2.312091213464849693e-01
-2.063503895119312148e-01
1.154308519851995118e+00
6.997734250427379843e-01
1.890652006729273693e-01
3.156634285537039397e-01
-1.655887933633622688e-01
1.053831451119850771e+00
4.056378213189369752e+00
-1.590906875599841785e-01
-4.567603852180232016e-01
6.624855140510738094e-02
1.623278634056078973e+00
1.500703511084204633e+00
8.821119357439943798e-02
2.806144872189587636e-01
3.779967671467084900e-01
2.434505927374921441e+00
4.410651289363520355e+00
-4.075519408618753503e-01
3.510814205417905898e-01
9.197458817828770006e-02
1.813943058563732613e+00
5.335854473448653934e+00
-2.334464115611827595e-01
1.886910968628929541e-01
-3.743441001173491434e-01
6.952727335172541601e-01
5.545031734822876146e+00
1.604823240725594680e-01
1.240112735625760326e-01
-3.905965203388339635e-01
3.546649872125603453e-01
3.870722895405423358e+00
-6.080440123477302838e-02
-3.240554439637086670e-01
4.027234800260122705e-01
2.436106854423262025e+00
1.472535760413730133e+00
4.596722388516740754e-01
-1.810650697686536637e-01
7.689175450015432386e-03
1.249451487234346514e+00
2.706880247148875984e+00
-2.271115603314443621e-01
-2.068920343024436073e-02
-4.039211245318641286e-01
5.937690741206512746e-01
6.303595462270353167e+00
2.761651388985723043e-01
2.124387684161620771e-01
3.368578400444375842e-01
2.381906416941547366e+00
3.867128252133956945e+00
2.728690341013286780e-01
3.283599613666439154e-01
-1.294821817104561679e-01
1.164336958020755874e+00
3.903602479081881960e+00
-1.397805141175810506e-01
-9.579403277386972990e-03
5.137738441714843063e-01
2.700743726568025416e+00
1.244656832610734898e-01
-1.470213851333892763e-01
-3.232386522807700890e-01
-2.817750528352122030e-01
9.084895563173546185e-01
1.267628757833598740e+00
1.539526347407842721e-01
4.954574987991265667e-02
4.692593130710143168e-01
2.981543637901264088e+00
3.824598395994970979e+00
-1.749047989063881314e-01
-4.132002160928992529e-01
-1.295496948813482652e-01
1.243907607568091267e+00
1.274683476386817116e+00
1.708640977511463321e-01
1.035385665448080098e-02
-3.919287701689774250e-01
-1.201170060656424482e-01
1.516750419444482245e-01
-5.226385230956688555e-02
4.586324847270239480e-01
7.488594429444411782e-02
1.601787368272976630e+00
4.540402643849312803e+00
3.851361858609210764e-01
3.016151526885486045e-01
-9.521289764195901839e-02
1.258637679511301233e+00
3.675446113256003677e+00
-3.833496435314374673e-01
-3.020417624367972564e-01
-5.961593139592978596e-02
1.573538462611974387e+00
8.069060780996130111e-01
1.397750480816783714e-01
4.602651241653283321e-01
1.708009964723279928e-01
1.952339957840254270e+00
4.310934008269621032e+00
-1.504012074067701821e-01
4.582421935864874341e-01
1.695545494416971291e-02
1.532365434004067550e+00
4.836991818965907797e+00
-2.552791631067255484e-01
3.833131982094733492e-01
1.475290360174048576e-01
1.829017686711601920e+00
5.065437933996046915e+00
4.412364509528640122e-01
1.396850354746172196e-01
1.420768967140123573e-01
1.997469641749644476e+00
3.324437446448034628e+00
9.832146547044050278e-02
-4.318025057166888780e-01
1.688147974267633633e-01
1.926246423050349543e+00
1.971726057905681007e+00
-1.134352643517424902e-01
3.225177981405623617e-01
-3.098490587831229104e-01
8.248337050432024142e-01
4.956771343567755395e+00
-2.029932465877824499e-01
-3.021875885516815408e-01
-3.228711034634602628e-01
8.218708262051964697e-01
9.882788200495340458e-01
3.249545622050641902e-01
3.344598406715508510e-02
3.988836078292476439e-01
2.587298694785614472e+00
3.328951317713926716e+00
2.854683472331613348e-01
4.005424442087079373e-01
-6.423216289254672640e-02
1.331669560157570320e+00
3.901649150531357524e+00
-4.361738356865404315e-02
2.091205335081078587e-01
-3.992082847661735379e-01
4.862635872287253136e-01
4.928648566673361486e+00
-4.018778941348070122e-01
1.703616240237313118e-01
-1.281191708028784071e-01
1.300667360162040875e+00
5.713087440216100710e+00
-8.028194584818441892e-02
4.533805117677027208e-01
1.338562841156140659e-01
1.728509826665290516e+00
4.675140932046939923e+00
2.395916250583206286e-02
2.704357116974389075e-01
-3.594223729241267651e-01
6.289894620271295755e-01
4.535796158895355035e+00
-1.000705245463957838e-01
4.615371839086629402e-01
2.208485547321239681e-02
1.771876532281315031e+00
4.753285212246054492e+00
1.639950162856518845e-01
-4.174314274217102994e-01
-1.803667894920753800e-01
1.035778619904140552e+00
2.091645771991169855e+00
2.503628543846793120e-01
-3.982560165682144659e-01
-8.320002607093124336e-02
1.347097588507384147e+00
2.435953119846014037e+00
1.233759992215595208e-01
4.544306491361493894e-01
5.241672564698982711e-02
1.686514827146841755e+00
4.266770577342966497e+00
-4.224714034483469383e-01
-5.739325359695529594e-02
3.474366391893565220e-01
2.133432615494544660e+00
1.861619758273958813e-01
2.656758564331067607e-01
-2.868899103500078263e-01
3.030809592091004978e-01
2.277373347207165111e+00
2.381968893577147917e+00
2.256881402798921465e-01
1.185771050786935399e-01
-3.318343238436151088e-01
4.731728910807331268e-01
3.588579165874755006e+00
3.952877825115971300e-01
3.140828299683799674e-02
-2.160479453639558567e-01
9.127944318287730674e-01
3.145627901160364281e+00
1.285652688951426093e-01
3.059396414026434585e-01
-2.420841631007952244e-01
8.547811580448514412e-01
4.242984026631473782e+00
-9.362220694138004284e-02
-2.681671516462706961e-01
4.412102138059813550e-01
2.560163695993320498e+00
1.303121249133974535e+00
1.612386660716101372e-01
3.628343609575211959e-01
-2.346592098164673179e-01
9.711725200010457026e-01
4.197169912089300681e+00
4.195122070684104143e-02
-4.066019891895665539e-03
5.166324380751023959e-01
3.286912525362372328e+00
1.796573826365511106e+00
-2.595166651770708932e-01
-3.400752882778259045e-01
-1.865729619666148809e-01
1.186050887163863976e+00
1.036409329108644028e+00
-3.342316783002950431e-01
3.265885496578461167e-01
2.077350973640818693e-02
1.585400492213642432e+00
5.304342735397601594e+00
-1.754953894956621518e-01
3.241205199923968272e-01
3.235371983912597171e-01
2.189019769481742816e+00
5.185036028442866041e+00
-4.775771595941972758e-01
-4.843339732158977867e-02
-1.126598537602878092e-01
1.456732670534715224e+00
6.209072526492661837e+00
1.930173746718805983e-01
-2.692430667323327254e-01
-3.488847278037273680e-01
6.671433643583072337e-01
2.270508130976184091e+00
9.596923459391072664e-02
-3.961593949707697959e-01
-2.130252639355915134e-01
1.140469072015792396e+00
2.051247874820973038e+00
2.023390810554594188e-02
2.616862918179391553e-02
5.659267398842331431e-01
2.905758820920493424e+00
5.411734818739588171e+00
-2.737642358818520583e-01
-2.308922444277587954e-03
-3.894345315346768865e-01
8.589812176340781980e-01
-3.158917358287743199e-02
1.593682856252540414e-01
-4.168387308998819374e-01
1.727476265060595428e-01
1.920308717210683858e+00
2.055739289427697791e+00
4.906716351804141230e-01
-1.091548966771319490e-01
-2.859056859199520656e-02
1.612185356163419625e+00
3.137377592130072390e+00
2.997649314500005491e-01
-6.294815178911450371e-02
-2.927575654954723827e-01
6.249384347582612742e-01
2.988770080579751465e+00
-2.039343703244488049e-01
4.551125708308158546e-01
-1.650720908738987844e-02
1.409241505480665069e+00
4.930172259041767369e+00
3.970081620284163781e-01
-1.432109552218441550e-01
1.948466026675160501e-01
2.085298468372353664e+00
2.782635300256860678e+00
-2.771519622783411574e-01
-1.275724029545548532e-01
-2.921702880775937650e-01
9.291943866325838020e-01
2.632229070030661089e-01
-2.435360853420093924e-02
2.709315086035399625e-02
-4.701878364840554325e-01
3.016484618227836534e-01
5.800628629029285221e+00
-5.247820182593340710e-02
2.555315420755703282e-01
-3.930764611038667922e-01
5.836226503075725436e-01
4.832893746324163686e+00
-9.522996908343836497e-03
2.104358860991717428e-01
-3.988218256685071017e-01
3.536244202404311698e-01
5.074574140793207455e+00
-1.469776724527894485e-01
-3.640373081722868553e-01
3.308984271714796588e-01
2.216570143826076755e+00
1.255457452072420210e+00
-2.382945584919380910e-01
6.500259591325732722e-03
-3.928529711578382932e-01
6.330151175737924740e-01
6.218306213351952216e+00
2.437736470434613278e-01
-4.057097943935567552e-01
9.732598034963363398e-02
1.707069194813309876e+00
2.359903210197154877e+00
2.556096022870759099e-01
-2.001753839300412785e-01
-3.234479894672883660e-01
6.406182149839734219e-01
2.443520637492937908e+00
-2.103528219562105783e-01
-4.393779216838336610e-01
7.332230608523176985e-02
1.617607634953612150e+00
1.326318309920659022e+00
-3.668151608803867925e-01
-2.166787128918040428e-01
-1.683438271869373559e-01
1.269950200391280148e+00
7.079543808700817786e-01
-4.786566265018400435e-01
5.592927598011716850e-02
-5.402370943407047016e-02
1.478723158952950589e+00
5.913520189636579438e+00
2.953479528020964140e-01
1.073341643594839384e-01
-2.535752174934234326e-01
7.320290378919348528e-01
3.454374130863456127e+00
-2.751829716061116038e-01
-2.179162672029319181e-01
3.744592042418897204e-01
2.311680560429573372e+00
7.209821584141121731e-01
-4.289970291913394185e-01
-1.938351068820301504e-01
1.579116485404781223e-01
1.747989314417812690e+00
5.752835197199563932e-01
9.614787470810957568e-03
-1.158157148279749388e-01
-4.326394933036480928e-01
3.021290905910664626e-01
9.869201474531368312e-01
1.872289816599055079e-01
3.473665699075864643e-01
-2.771552807311749023e-01
8.789281232451139347e-01
4.151365975128553210e+00
-4.760979814411297334e-02
5.510954199094601248e-03
5.323840605829434081e-01
2.768844845387647524e+00
6.090553532380810431e+00
-2.965877079801554905e-01
1.277801217020813895e-01
3.530392129454030803e-01
2.168256801526295519e+00
6.070492179129149513e+00
1.147598970964806286e-01
-5.138448719518050600e-01
1.370204858077790459e-02
1.530711488046935465e+00
2.044567902792766567e+00
3.270881793449907371e-01
1.008222490598364995e-01
3.094569335425255696e-01
2.390447240396434303e+00
3.454362684478708534e+00
3.686518227635958156e-01
1.845709363744457987e-01
-1.525862689826936458e-01
1.022697052881733626e+00
3.594832270585653244e+00
-1.870584193293622077e-01
-2.156149085631479667e-01
4.511386430612194798e-01
2.548684129310163637e+00
9.099047536958876359e-01
-1.831492283376409125e-01
1.144156404152733841e-01
4.684264701114260743e-01
2.597157588821256358e+00
5.733331595957785964e+00
2.300795233770390469e-01
-4.279754188399787496e-01
1.297654506038085354e-01
1.831719949115516277e+00
2.208233402944959067e+00
-5.076688285535897738e-02
1.311146260424157217e-01
5.030655603726656988e-01
2.689590134118281295e+00
5.237734305845832772e+00
-2.204635995544241070e-02
3.544774968063670317e-01
-2.943509295538456749e-01
8.572008065226844886e-01
4.686437667253475325e+00
2.352480927497197782e-01
4.525482663864009991e-01
2.901466286972028547e-02
1.509633476240048289e+00
4.028772737024264750e+00
2.096058375978631649e-01
2.871608970528156668e-01
-2.933718604438154132e-01
8.118229371064006328e-01
4.057661743416184130e+00
-4.004552487143943074e-01
1.373167069832891343e-02
-2.717297872103547896e-01
1.044833972106095743e+00
6.131607134407071058e+00
-3.577755963680802620e-01
3.140731395927525149e-01
6.296032021287879810e-02
1.690208980417148066e+00
5.358628518238893079e+00
1.424774509103059472e-01
4.651498947796618433e-01
1.167365357383767233e-01
1.750109430068596428e+00
4.192242515515249401e+00
1.226067901951935074e-01
-4.422299417173884417e-01
1.230730358099011157e-01
1.788124054233216631e+00
2.004090519879055510e+00
-2.689006752771018749e-01
2.645018112766400198e-01
2.719886785875674784e-01
2.027376035537636234e+00
5.628289947985308572e+00
1.727053680846050154e-01
-1.410120589674164759e-01
-3.887713208808288301e-01
-3.979820748163407362e-01
5.395143132592566282e+00
-8.724023714774531424e-02
-3.883071108977397268e-01
-2.516509035387171633e-01
1.009405402462306034e+00
1.446445463741008020e+00
1.471604755038344592e-01
-2.295691077348165354e-01
4.222507529704581652e-01
2.581757543238193175e+00
2.155513850666458620e+00
-4.930424637398671539e-01
1.436330586179754114e-02
-2.492957268247009139e-02
1.632429670394193399e+00
-2.443699751194982894e-01
-1.224781440231969692e-01
-2.397421999603136233e-01
3.566223107984538010e-01
2.448672362625756715e+00
1.136233050497228225e+00
-2.974855432095367958e-01
5.459345820637207664e-02
4.473931390237848027e-01
2.224467171655100550e+00
-1.823448409858997310e-01
-1.698899403972278788e-01
4.094760905759243230e-01
-2.011136252870414920e-01
1.108750584159797992e+00
4.958530698039988138e+00
-4.276492661263107675e-01
-2.642455263982516622e-01
-1.904442701174826821e-02
1.501126294448776211e+00
8.064422993207484014e-01
8.030837210632746359e-02
-3.544495820954385867e-01
2.509553010028562903e-01
2.137144610081427754e+00
1.903734095784851643e+00
1.294829500854567939e-01
-3.337319160177272259e-01
3.771039423196120843e-01
2.392529898837617797e+00
2.023396408207513542e+00
4.113907318641877864e-01
2.700228885404314383e-01
-1.118052244795944387e-02
1.510556233184697117e+00
3.340836792345168949e+00
-2.600635262285660998e-01
8.030846205919378589e-02
4.648907470743349202e-01
2.357049940336627625e+00
-2.999820280123302596e-01
-4.852015308363440416e-01
-9.578014739106788245e-02
1.517990196572881201e-01
1.714979215058305417e+00
2.430190972902694646e-03
3.197692260501140415e-01
2.745098331602643937e-01
-2.200082955906831061e-01
9.825578292279103509e-01
3.738832469741551368e+00
4.091130218934497798e-01
1.038441581635287242e-01
-1.865583202334467339e-01
1.066370921901327762e+00
3.218077647411129671e+00
-1.193095238758447030e-01
4.142086200231920867e-01
-1.839954376615504095e-01
1.141107366856889849e+00
4.860095093172347447e+00
-4.222816554942607215e-02
3.827835028743586387e-01
3.286376608752497042e-01
2.151213354079759110e+00
4.714392942589618052e+00
2.045136597686331992e-01
2.953040668740805619e-02
-3.943205055853910013e-01
-2.367652978705101219e-01
2.941112445455766888e-01
-2.714139679679840600e-01
-3.368938648323884233e-01
1.770227760810266504e-01
1.812548478281681419e+00
1.095647413653235924e+00
2.888845152916330334e-03
2.428462179186292869e-01
-3.758148041592688227e-01
5.634352760827593398e-01
4.607083911876935112e+00
4.020168234572467636e-01
5.544789585089247158e-02
1.951454220280455509e-01
2.211597693963685884e+00
3.245301251763257788e+00
2.308598781453775062e-01
-3.659940978610866091e-01
2.279645834952050698e-01
2.044998315726974436e+00
2.251521268021996924e+00
-1.033731147003736500e-01
-4.355196502211672871e-01
-1.727098508295612789e-01
1.104409298340021328e+00
1.547501091284231522e+00
-8.020686902080868819e-02
5.153836854597298490e-03
-4.486416455640464540e-01
3.101879046807462514e-01
6.281419571520635792e+00
-2.992514875022793674e-01
-1.463820356348058960e-01
3.731701008485777682e-01
2.320911348010778141e+00
5.443869123761816420e-01
-1.732394765151578087e-01
3.871069268101776095e-01
1.694950670341708876e-01
1.786740791446115750e+00
4.868863917074810921e+00
-2.676418739995986562e-01
1.450410756200638529e-01
-2.921163438095571996e-01
8.641022133052079779e-01
5.732077584764771139e+00
-4.229132426359829000e-01
1.397339187189528265e-01
-1.251091231399285020e-01
1.301767803049575845e+00
5.818282655319543473e+00
7.250984354007428134e-02
6.370942577807431340e-02
5.310893992509169159e-01
3.395881481477861730e+00
1.691627623912818734e+00
1.244088018469310941e-02
1.446980807471001107e-01
-4.276938319206593508e-01
1.867597474546479897e-01
5.013902983605250441e+00
1.358049145979424166e-01
-1.603656701824586472e-01
-3.695062347469550423e-01
2.937194057780410095e-01
2.244428842949176772e+00
9.999743224431560662e-02
-2.257247250806215799e-01
4.417866025664847762e-01
2.637097027898668955e+00
1.974646807904928636e+00
2.030661575056670609e-01
2.455829662052858853e-01
-2.958807981888183503e-01
7.534154739537454182e-01
3.972454444323185285e+00
1.775045276190591881e-01
-2.547786846007286110e-01
-3.186867070287641157e-01
6.206411787788951306e-01
2.250607805651509974e+00
-3.460641932687682498e-01
2.394551129513011190e-01
-9.216838087305358196e-02
1.360773715701462550e+00
5.535165988019334016e+00
3.820922493143409371e-01
1.064175525450882093e-01
1.656651149234263098e-01
2.124068591373999837e+00
3.411453008615776383e+00
-4.024762318264433203e-01
6.758457587002641986e-02
2.863324570788111645e-01
1.926885016466754363e+00
6.219653579298996426e+00
2.371689582064596957e-01
-4.238259065725976660e-01
4.025078240339947239e-02
1.643863407116024300e+00
2.274651498917230175e+00
3.038088154083516332e-02
-3.889693606698820805e-01
-2.768873657455571680e-01
8.334982862899829037e-01
1.776504052557095870e+00
1.817090841784267108e-01
1.780021663765629092e-01
3.801824104042786923e-01
2.680267441617850022e+00
3.957430334368886360e+00
-2.878213780649434006e-01
-2.381216878291337602e-01
2.845144512642128198e-01
2.139479665525787055e+00
8.187783971219450008e-01
-2.153671357160049926e-01
-4.111479622958029434e-02
4.816616797010349060e-01
2.520212657597609152e+00
6.310941683082129217e+00
2.997056508058624780e-01
3.159987249533199871e-01
-1.971594025003923223e-01
1.059289440982477126e+00
3.833019612193280690e+00
-4.004421221446609613e-01
-1.468358942863891015e-01
2.566395606363524040e-01
2.003875073694392661e+00
4.872525583388246373e-01
-9.665407794078900716e-02
-2.098291444203786993e-01
-3.725694329676748073e-01
5.839119452602604676e-01
1.104491487178940190e+00
-1.129554743349229645e-01
3.948025620898722998e-01
2.449602683879552323e-01
2.050351711315089531e+00
4.829087767563549960e+00
1.680161293207447226e-01
-3.459270790280936647e-01
2.690361810898958539e-01
2.155708020458043883e+00
2.134178485368082523e+00
-4.218622980318719184e-01
2.451390420755491517e-01
-1.780181132140456687e-02
1.522741873036602911e+00
5.526634095007571190e+00
-2.155775267740764334e-01
-4.402947253325521781e-02
-4.221906595286606945e-01
6.241975333778906343e-01
1.111795230833722697e-01
3.118357656127279109e-01
-2.000712498874069878e-01
-2.432493619729343692e-01
7.864122251263314656e-01
2.744123205742845961e+00
-8.819103961536069181e-02
1.404116991086641793e-02
-4.663616121282398441e-01
3.130709894595067877e-01
5.926872111052828629e+00
-1.526794208011230669e-01
-4.537653358358816891e-01
-3.496951529704700468e-02
1.450034992033293113e+00
1.457950145754987492e+00
-2.540276154428005029e-01
-3.436984808674373726e-01
2.946018245600413588e-01
2.113696598301907592e+00
1.007328107464812161e+00
-4.104132460878626154e-01
2.063767180189807759e-01
-9.865831247101575219e-02
1.354660941440728017e+00
5.649423447473908233e+00
-3.189769128945795784e-01
1.369741517817173737e-01
-2.975032445509658285e-01
9.284187015747648042e-01
5.759535644688788203e+00
7.402202537774707491e-02
-1.877020019462856404e-01
-4.171032415823688333e-01
2.882202730100362764e-01
1.796609287761302465e+00
1.688248557049938647e-01
-2.022507116457618603e-01
3.913336831747857292e-01
2.564693609453687184e+00
2.322416900120683803e+00
4.539541376613664414e-01
-6.135403555639496603e-02
1.755422738321487375e-01
2.073194438061896960e+00
3.150735777299095819e+00
4.650089954123817204e-01
3.465205128018300344e-04
2.166646552274460458e-01
1.694771986604522551e+00
3.286280504195400187e+00
-4.565349200422291753e-01
-1.569265163087670556e-01
-2.902463744154575725e-02
1.578105961286205616e+00
6.393138819746281953e+00
4.463124877108728406e-01
-9.783848691100423267e-02
1.852698017284099274e-01
2.054554498401458762e+00
3.055910939890960965e+00
1.656528938872287582e-01
-3.759586397108007350e-01
2.837738621119681448e-01
2.217686825054410615e+00
2.074026245750653974e+00
1.187698562611172182e-01
1.286139381695169392e-01
-3.857781960498797291e-01
1.991879116694272589e-01
4.201781524059668982e+00
-5.727791664774650737e-01
3.570130414237338012e-02
1.190807522637400417e-01
1.874955237249467999e+00
6.003991479773391760e+00
3.923142790421799836e-02
1.641467032529100589e-01
-4.234843087574589604e-01
3.630415768603649229e-01
4.603722807174745135e+00
1.866667744575753463e-02
-4.905546627730656417e-01
1.857005452475377072e-02
1.479919345349410165e+00
1.760309820408547221e+00
2.683302792794941549e-01
-4.032027054938687183e-01
-9.791346849837689187e-03
1.501663570223001898e+00
2.402712694548042371e+00
2.705358147230686461e-01
2.887500464998172811e-01
-2.800722390964593411e-01
8.589203766459343470e-01
3.912468070626129002e+00
-4.310614394338834199e-01
-1.656052336856525253e-01
2.383940714093379376e-01
1.920182752136726956e+00
4.629440165592015322e-01
2.481713683792336755e-01
-2.202565788776515154e-01
-2.329262963486239957e-01
-5.112948541626840537e-01
5.539897335667370193e+00
-1.487140729650555104e-01
2.534308806429394489e-01
3.836041151810188343e-01
2.372822272179506253e+00
5.165035747916300934e+00
-6.546158662781369209e-02
3.348445408492576325e-01
3.777252982088848965e-01
2.300210869965536364e+00
4.773437301561067159e+00
-8.928632172328494765e-02
-4.307331986682821218e-02
-4.562800783014035466e-01
3.665059470271390674e-01
2.773334240635413339e-01
1.542270179657368734e-01
-1.110475744134930241e-02
-4.265664489345656341e-01
1.589020902755276243e-01
3.299368534867458180e+00
-3.075252876496352150e-01
-2.973283596996462719e-01
-1.346358422914636921e-01
1.329734738602319277e+00
9.157639691227107415e-01
-2.260526895852194851e-01
3.363406000143487895e-01
-1.808530529895178984e-01
1.123776513240835051e+00
5.187210456074875964e+00
4.039591528954291078e-01
-2.583556051173051538e-01
1.300858758250941216e-01
1.881176649185421157e+00
2.773465975683536922e+00
-9.865111722316194376e-02
-4.506002469358378892e-01
-1.409989386005020828e-01
1.203566058745024092e+00
1.573834635993258679e+00
-1.380918026628846496e-01
-1.264639565195961046e-01
-4.765073533035418807e-01
5.673049632875067916e-01
5.768162245583811076e-01
-3.175506798210304127e-01
-2.207990452866228914e-01
-3.106433608109361311e-01
9.863615534990489708e-01
6.284219592641273611e-01
-2.579025100266886250e-01
1.179009693671601577e-01
4.264861326873266578e-01
2.393541213910307608e+00
5.701181611370196300e+00
-1.240954189788018858e-01
-3.912130951519079414e-01
3.023873836246247504e-01
2.158992134981640998e+00
1.391768942726807845e+00
3.697538519473589358e-01
-1.278673330909850248e-01
2.555342791462667518e-01
2.218138294282049561e+00
2.898889116396248244e+00
2.036244342368510180e-02
-2.561144882863169436e-01
-4.029600993669723574e-01
4.664550380995576839e-01
1.518709158019543981e+00
-2.483108643253623127e-01
4.327303832523605731e-01
7.115029216508757248e-02
1.700412328836831133e+00
4.969190447112768361e+00
-3.721557876385315211e-01
-1.659112519293826360e-01
-1.954436692451132496e-01
1.327349303119829571e+00
2.603521379702001814e-01
9.150396494608258047e-02
4.199501710346259520e-01
2.372904752470793299e-01
2.028387001160600889e+00
4.340602320815643012e+00
-1.682998588703567555e-01
-2.632484843709949063e-01
-3.786056017049076461e-01
7.310389805876618130e-01
9.882720991687470313e-01
-2.996428410427235366e-03
1.451161109645085490e-01
5.024408594011465778e-01
2.747043942443500253e+00
4.743527249499460474e+00
1.707509355277135876e-01
1.537640849411838206e-01
-3.885386032234389719e-01
4.696001722921045451e-01
3.929322854157400347e+00
-1.644873613378683985e-01
-3.798510018756736661e-01
-1.659176827227413220e-01
1.123515696034367961e+00
1.324189170029506091e+00
1.995111647772729035e-01
-3.409267069979620146e-01
-2.833714868517686059e-01
7.618199098313963580e-01
2.176480049178056042e+00
1.175603596389636768e-01
-4.730172603716597535e-01
-2.889863806678127575e-02
1.441271535066741771e+00
2.018257481362180084e+00
-1.663747592047650492e-01
-3.037648783637645900e-01
-2.761908530747885226e-01
9.306276403373592299e-01
1.003420270877562359e+00
-3.100433455805367555e-01
2.855885907179235850e-01
-1.760970150911598808e-01
1.168991435342045415e+00
5.412219147928240659e+00
3.895434519899501624e-01
-1.364771263944720807e-02
-2.071300359860144547e-01
7.926809809385456651e-01
3.188542366498937852e+00
2.422427392763210618e-01
2.208587995247142943e-01
3.680068225765218970e-01
2.401738210514803740e+00
3.981117189392116007e+00
-1.215328774821995556e-01
-3.913810930496949836e-01
2.414724567565203761e-01
2.018999422400421739e+00
1.388850188275513764e+00
2.896057659644857840e-01
2.118941397687595374e-01
3.052194641674502162e-01
2.355160411377984264e+00
3.734437115981342092e+00
4.052185629979194736e-01
-1.741155754458285632e-01
1.616377835210691116e-01
2.042004413754061165e+00
2.848273938930193871e+00
-4.159692453540973500e-01
-2.023184504672790041e-01
2.265436112660976775e-01
1.923449103333217947e+00
5.790707677587938473e-01
-3.041690780586353560e-01
1.913219282026203394e-01
-3.050978979363644372e-01
9.306259798298177621e-01
5.632540801951296139e+00
-3.738115851955182700e-01
-2.683095100804435140e-01
2.062786139875512625e-01
1.865548267810591687e+00
7.372065911377102543e-01
-2.856472137018786772e-01
2.932549178687665625e-01
3.179159626300437913e-01
2.084753525307058819e+00
5.300404605588237672e+00
2.748449635684750425e-01
4.077458034158407685e-01
5.705117987680727309e-02
1.766935224669641702e+00
3.981183930218310518e+00
4.454572433901432538e-01
-1.701270694982603415e-01
5.144364013016716058e-02
1.731933785176629215e+00
2.945853033273107879e+00
-3.787469404958927477e-01
-1.309674936468031015e-01
-2.209258328431443763e-01
1.149361022051647918e+00
4.665846193764412453e-01
-3.194565943183844681e-01
-2.983308224614043547e-01
-3.740998329153973068e-02
1.446965333197122616e+00
1.016905998565713620e+00
4.828584470829581643e-01
-4.464646507580446316e-02
6.896640459424827063e-02
1.845070929642063762e+00
3.179338185287057250e+00
-4.707022685070182122e-02
6.394436838773556731e-02
-4.437427354105932253e-01
3.427503638654277873e-01
5.616049243284397363e+00
3.047385409460069694e-02
-2.258496176793372834e-01
4.792921424650308238e-01
2.702343869095156670e+00
1.613873419272215726e+00
1.208815230204064312e-01
-1.831031013674360719e-01
4.585224201384317522e-01
2.859299266764996794e+00
2.067330334500295574e+00
1.187593583841105166e-01
9.772056268680532135e-03
4.975996015837074182e-01
3.130896761486594571e+00
3.400383649391527374e+00
-3.159661057741189882e-01
1.155091594640816760e-01
-3.447992308057451494e-01
8.419915039897880593e-01
5.854465746622584454e+00
2.254092533803442600e-01
1.155242575016317136e-01
-3.823087174606236704e-01
4.682644005673151089e-01
3.634154101357018884e+00
2.933759462082814740e-02
-6.512958023993349957e-04
5.018720318202720687e-01
3.259318764621659703e+00
4.435917106992956604e+00
-2.245630654351156996e-01
2.769803518224863703e-01
-3.133886917011508011e-01
8.775699307624944545e-01
5.288832892963947430e+00
2.038537406894207482e-01
-2.695488494359414844e-01
-2.686853726510632923e-01
7.142837719165110455e-01
2.307507645711130095e+00
-3.727190891777184545e-01
2.146559973248259867e-01
-1.261479628646048068e-01
1.279499805295098325e+00
5.618093489572678401e+00
8.929926067733509609e-02
-1.724603779535213155e-01
4.580476491521707771e-01
2.820445095803397972e+00
2.057174279448148901e+00
-2.281524090736942734e-01
-3.371363817299001253e-01
-2.061929527882554736e-01
1.113446808717504233e+00
1.085872102792609706e+00
4.174197747295557148e-01
-2.885884192277097249e-01
-1.031579821960222632e-01
1.233912776088593510e+00
2.669394704316488731e+00
-3.166441855245985537e-01
2.278710654827920956e-01
-2.074035069335688763e-01
1.067641103583977902e+00
5.512462301994365710e+00
1.242076044857883532e-01
3.992123180951697159e-01
1.438009482718344278e-02
1.552963939725601872e+00
4.106930199112798441e+00
-4.388840595261015581e-02
3.203146093304276021e-01
4.158024928389680852e-01
2.411891051869145208e+00
4.820171228064483948e+00
2.874895787852620455e-01
6.928839118347682180e-02
-3.207655331989499037e-01
5.737490223631910302e-01
3.496943135500841127e+00
-3.175133470728649376e-01
-9.278247033641164043e-02
-2.907170451258114796e-01
9.346070918867930288e-01
1.640927333392402931e-01
-7.211141598414784470e-02
-4.742951571221932228e-01
7.888872718795623962e-02
1.711149586591295790e+00
1.564637810481305458e+00
-2.561101367555975727e-01
-3.184804350555660579e-01
1.496378567594054965e-01
1.690344555570481910e+00
9.812561472146967834e-01
2.648195703817113889e-01
-2.258847442057008159e-01
3.578162569851864871e-01
2.402394409555601573e+00
2.514839953478951173e+00
-1.115484205717109101e-01
4.613643947734109019e-01
4.937152759568588095e-02
1.625486450006260686e+00
4.775527070359148141e+00
-3.089272211801739609e-01
1.918084167518704919e-01
3.561235326226877551e-01
2.175864018218376827e+00
5.600844865311398912e+00
1.550821111231252651e-02
-2.185499281359081641e-02
-4.479980812205800467e-01
-1.682314858652450007e-01
2.902410041083630876e+00
-1.473983893388482441e-03
4.617582937337514348e-01
1.656435192022982228e-01
1.849703554604967604e+00
4.489527405305395291e+00
3.444363782426393961e-01
2.067329223401370986e-01
-1.926730524752483520e-01
9.359742484622349812e-01
3.546185614600136482e+00
3.979285664632785102e-01
-1.150614301345739970e-01
-1.162813545365740664e-01
1.428945756029508463e+00
3.084493462305768041e+00
2.605290024730335663e-01
-7.792991066355191287e-02
4.359427016278356048e-01
2.664968938896220774e+00
2.956310742653988743e+00
-9.474573772364504320e-02
4.434941980089777691e-01
-2.319954738617621970e-01
1.060556499829167221e+00
4.834359361498433927e+00
-4.064202474239369534e-01
-1.376034094216695980e-01
3.225547952109952266e-01
2.028987437340770583e+00
6.646451237924796196e+00
1.169273456791178473e-01
-1.093104531885443070e-01
4.489883568658781243e-01
3.231612058591794678e+00
5.538214202607179892e+00
1.787031777139521382e-01
-1.532543720995895586e-01
4.668587625295863575e-01
2.763785667234237131e+00
2.390046978342434958e+00
4.227086712148447334e-01
-1.109602079939972230e-01
-2.298074903809539105e-01
1.008236189727531595e+00
2.641530646882508382e+00
8.712182149494664130e-02
-4.768628299226275735e-01
-1.262035840646646284e-02
1.544864304323271043e+00
1.955194684359605972e+00
1.949533466297773410e-01
-4.391646009178706844e-01
9.229224458245301188e-02
1.738198003831041172e+00
2.181123773301862023e+00
4.318322085355238982e-01
1.521602566356021480e-01
2.856476158504744345e-01
2.227462388857600395e+00
3.660194998560737822e+00
2.287343682551689628e-01
4.241450814019224191e-01
-1.204432881953250295e-01
1.290571350159394504e+00
3.968759511037116106e+00
-4.490905851851039188e-01
1.105127880146748592e-01
-7.771183667994965849e-02
1.436488078091015863e+00
5.854835698474983197e+00
-3.368486218286604467e-02
-1.168618123005560894e-01
5.124407106964458114e-01
3.466368091348678071e+00
4.045158692174514847e+00
1.566333201599943992e-01
3.976347300129431384e-01
-2.377439034332272105e-01
9.828635026394612062e-01
4.273547551836990976e+00
-7.228570560775891829e-02
2.370925941001128801e-01
-4.124843804233702671e-01
5.427400368929737873e-01
5.007987374222994781e+00
-3.688361780406130830e-01
-2.181192556017361728e-01
-1.455357302286801324e-01
1.230543550741625136e+00
7.897235061510055054e-01
3.156620235773999888e-02
-3.153117486292592586e-01
3.775146812606973157e-01
2.441260202424528458e+00
1.749249885598157972e+00
-2.264097070053194272e-01
4.443412564805589993e-01
1.429889725406411627e-01
1.859152233855632774e+00
4.952839283230469292e+00
3.143472297497369727e-02
-2.844805408814024550e-01
-3.685027251290884931e-01
4.855178491711624189e-01
1.571045930846789007e+00
2.892773863227429132e-01
-3.511266866386713592e-01
-1.245250214878967643e-01
1.204059937324489571e+00
2.429454646352235070e+00
-2.994870569799177110e-02
4.668764632558936034e-01
-3.060291152361584513e-02
1.396116557231967370e+00
4.610499800138413207e+00
3.547707842014619084e-01
3.159997262420337072e-01
7.595820081712936767e-02
1.731292474786161995e+00
3.688496700542998052e+00
1.000999908060689891e-01
-4.552346019759366813e-01
7.728585711581961726e-02
1.695567901998060956e+00
1.963033200553179425e+00
-4.652525629308371102e-02
-2.645821553881049226e-01
-3.969392915899865315e-01
-6.099129138599040933e-01
4.499040906271870810e+00
-3.861222007581157634e-01
-1.767237129303869392e-01
1.524279379283478286e-01
1.826945521178551690e+00
6.567798233465738100e-01
2.822253922359316269e-01
8.614876507889339396e-02
3.931358649572753716e-01
2.556818248724119780e+00
3.510619070877730508e+00
-1.078459239515036638e-02
2.779575856999335071e-01
-3.640199553040435743e-01
6.383024189623960343e-01
4.682578268311542224e+00
1.223432668955829056e-01
3.880029838039826817e-01
2.926213149715783390e-01
2.121112822957395228e+00
4.318587643462849179e+00
4.930633864051011533e-02
2.829856246076948301e-01
-2.857965743119603164e-01
7.370478283982830892e-01
4.454071117000608204e+00
-9.343475056568517623e-02
-3.278082853800317054e-01
-3.212693855733813053e-01
7.654834339690371747e-01
1.302333466848033083e+00
5.300106811778483584e-02
3.992577869734157958e-01
1.059734479206696084e-01
1.720076388728315919e+00
4.437666407891358133e+00
4.118609107846358253e-01
1.202482159535925299e-01
-1.422643469919578074e-01
1.088740960881064312e+00
3.251709838793390706e+00
-4.119437787981513471e-02
-2.852421059202488521e-02
-4.475636023088336302e-01
-2.681046201636639870e-01
3.065200347753274546e+00
-2.769021540687598426e-01
4.389290735219140288e-02
-3.848953845726964529e-01
7.745958729536166487e-01
6.131169160694266651e+00
-5.954016365647211290e-02
-2.316324613770903151e-01
-4.134058991220755375e-01
5.300457638586978382e-01
1.281001869332345056e+00
-1.257368332516682619e-01
-2.271498667856062526e-01
4.375840314059741276e-01
2.593265892222035074e+00
1.113371687165767732e+00
5.945525316189390064e-02
-9.041778734122127986e-03
-4.694886548485947553e-01
1.914528186957411005e-01
5.059809971046529853e+00
1.195814879090547483e-01
9.039225677204977549e-02
-4.172688668486422281e-01
1.271937033849906695e-01
4.171496437303338745e+00
-3.494055668650028479e-01
-3.060876492975374633e-02
-3.566614651525181756e-01
8.963354343803725532e-01
9.638719523657166000e-02
-2.209023728360923200e-01
-1.271149425509570940e-01
4.568535284915207217e-01
2.500538419667154511e+00
4.023083285197378012e-01
-3.111970145510640218e-01
-3.436949639475052609e-01
1.281592830239167147e-01
1.648848881609767725e+00
5.549332032762800404e-01
4.535755707790183888e-01
-5.619371364734546126e-02
-9.988165391349849986e-02
1.093023942341084354e+00
2.962398091391345023e+00
5.687336051943259196e-02
-3.971972535702516516e-01
1.881289595618141075e-01
1.966527158806624875e+00
1.821154403771964025e+00
1.187922846891542733e-01
1.854251633664709686e-01
4.569059966743874157e-01
2.737287679951277752e+00
4.364433209137783543e+00
2.107883257849849923e-01
1.862850430784897260e-02
-4.069323334538112458e-01
3.441602161790532355e-01
3.444869116038580703e+00
-5.082317281186363722e-01
5.864080886018245564e-02
3.779403709981730974e-02
1.848746394731926035e+00
6.074477351194597752e+00
3.693862533219260391e-01
1.516383487447759415e-01
2.327471559787076261e-01
2.174643422098736067e+00
3.504207732862861580e+00
2.640954646879534184e-01
1.064020800379927717e-01
-3.375890661822938399e-01
5.139161578712722056e-01
3.441121059780236635e+00
1.012300352504036105e-01
-4.898164281692373168e-01
-1.167196884361198644e-01
1.189146230207333232e+00
1.972884097626956157e+00
-4.351807113243551517e-01
1.734205017500116408e-01
-2.239072273435903024e-02
1.553754901854438319e+00
5.703725953920655733e+00
-1.978084544888573243e-03
4.591727966854260434e-01
-2.382985907404880019e-02
1.402326247609804621e+00
4.542587400105531970e+00
-4.417397909289197400e-01
-5.028606798229059288e-02
-9.955848408150230755e-02
1.439060422787670213e+00
2.922602026136210118e-01
2.168253905190530295e-01
-1.449889794513159191e-01
-3.699143085791681829e-01
4.180508230685579529e-01
2.488861953865211696e+00
-2.332274114547197227e-02
-5.383988598979395912e-02
-4.446248991634687564e-01
2.824831771336031028e-01
5.091464464395277778e-01
-1.587944266961588968e-01
-3.745637281688251607e-01
-2.449710109467390651e-01
1.036076121007098783e+00
1.269445401191552802e+00
-3.853442850660543373e-02
-4.028371131923008663e-01
-2.105498215691171404e-01
9.788685804980903349e-01
1.697171836173922976e+00
1.034687116991957201e-01
-3.627714881921185186e-01
3.347368927926525073e-01
2.318727418901175064e+00
1.923288048957632057e+00
2.024959682991186727e-01
-8.464789632822448950e-02
-3.929560376578971614e-01
2.442171671326406890e-01
2.782584327957234649e+00
-2.963379464346233561e-01
2.842436744961444606e-01
1.608063134746560430e-01
1.784610149503141452e+00
5.263508593484735876e+00
1.757979026110425280e-01
-2.921387102541304626e-01
3.421310896436206561e-01
2.390659212659481891e+00
2.245542439601841966e+00
-2.602411870567241658e-01
2.870792127465238153e-01
2.334062514037954505e-01
1.847525096510693077e+00
5.166362050830232810e+00
-2.703779245587728877e-02
-4.587222289227629868e-01
2.180416123923475391e-01
1.976760712568291112e+00
1.635397323181856377e+00
4.715465299601398486e-02
-8.866043266072673110e-03
-4.497152660970276106e-01
1.338917780666861179e-01
1.054840260186602707e+00
-4.170049667879052180e-01
-7.147228326600092718e-02
-2.113610066938961807e-01
1.282638084232847309e+00
5.634645043621637310e-03
-2.784231695990040945e-01
2.895733712074750610e-01
3.307982163492335648e-01
2.110923346214159668e+00
5.401271949679605555e+00
-2.690700177429808382e-01
-2.525850636892972290e-01
3.363771712575406303e-01
2.204556846798993330e+00
8.399983731392334230e-01
-2.201854889610970201e-01
-4.062583367380392940e-01
2.344211886044143822e-01
1.945779466946969682e+00
1.246625783350209016e+00
-3.174795157470325369e-01
1.327959244601648603e-01
3.914465139739199406e-01
2.174479328418748914e+00
5.704695319507580464e+00
1.699385644437709508e-01
3.953108816143338089e-01
2.602951862015319695e-01
2.124757520373822040e+00
4.195401266875186330e+00
1.184526540862227036e-02
4.902521397361540023e-01
9.305084912012095977e-03
1.488722900027883433e+00
4.460734872913531213e+00
-1.046800935151016299e-01
2.748518865335168870e-01
-3.664493912757265104e-01
6.762419997079952561e-01
4.983599182535895622e+00
2.503662654316745617e-01
4.064515952424970213e-01
6.954772416339571883e-02
1.437266661889561314e+00
4.229795202665224352e+00
3.998565227102177100e-01
-2.701341302393461818e-01
8.632085238805363436e-02
1.769210876136454669e+00
2.718451501378635449e+00
-1.941180012826442536e-01
-4.374654586454025940e-01
-9.206684114296873056e-02
1.297064717939300005e+00
1.302587730852055703e+00
4.255722964287641519e-01
-1.324800435429067669e-01
1.416885182003365384e-01
2.009811912427435399e+00
2.965325344943012364e+00
-1.592526985876792367e-01
5.675196548749845277e-02
-4.245208953251801698e-01
4.702434338879013520e-01
5.832129626027544589e+00
-4.279029747082465640e-01
1.081553068859005540e-01
-1.822240665222381040e-01
1.188981031647619702e+00
5.874878316014462420e+00
-1.899885928529866375e-01
-2.692167383639777478e-01
-3.804954585975539594e-01
7.609666531868776174e-01
9.492613884745346731e-01
-4.588178533874109032e-03
3.268621662369725067e-01
-3.045736842190137073e-01
7.835542448130943249e-01
4.627115749033112735e+00
2.780579964045173380e-01
-4.275545470020609695e-01
1.630812366009546516e-02
1.573592192215910845e+00
2.402106438645622344e+00
9.400170535985805445e-03
-4.239763737587791126e-01
-1.749067109545627552e-01
1.119118946936016323e+00
1.736615862803003507e+00
-1.565650245803362761e-02
-3.915356058653401972e-01
-2.752084112069608790e-01
8.788321047728979707e-01
1.523472882196843292e+00
3.664220629676241403e-01
-2.833862630962925011e-01
-3.803182661660807484e-02
1.413737586138485103e+00
2.700707281481648625e+00
-4.713380328203671810e-01
-3.201073083895980553e-02
-5.441586364303585555e-02
1.538466868831998680e+00
6.113753493246839810e+00
3.204697747272827746e-01
3.578423796959073755e-01
2.145020443292014467e-02
1.640207402379603385e+00
3.760922865909907653e+00
1.802656007951249084e-01
3.233744516202455288e-01
-2.303192525665558321e-01
9.316980227789128932e-01
4.097582631301950329e+00
-2.641850451765295205e-01
-3.438235529375207045e-01
-1.418411887370316371e-01
1.304507783973861468e+00
1.049854204972799687e+00
-4.151628422804254370e-01
-1.482752449162595687e-01
9.750104861778921550e-02
1.618491538904460292e+00
5.202442938550713158e-01
1.112693644822868588e-01
3.187998280821391917e-01
-2.898914819475469917e-01
7.991905385333906153e-01
4.303301555533227685e+00
8.462781012962747318e-02
4.411780405398132432e-01
-1.799793036707137972e-01
1.092424128946827055e+00
4.384006087785993877e+00
-5.709409531968460266e-02
1.518045118940288818e-01
-4.428240675785811153e-01
4.710581597324084435e-01
5.173645295098511454e+00
-1.726295305918569278e-01
-4.611867127807706690e-01
-7.334337800504110716e-02
1.367614282328694753e+00
1.405686380909295874e+00
1.786331238961631207e-01
-4.991850278078411862e-01
-1.611009816269237671e-01
1.169223452261622276e+00
2.140752888440418555e+00
-5.649377835879889481e-02
-1.957692722337222579e-01
4.761494723922081729e-01
3.580606088034079537e+00
4.320852241997608090e+00
1.915118971872429091e-02
5.302583758103969480e-02
-4.479272844748191651e-01
2.534237422471936618e-01
4.656722307068088540e+00
-2.094549655203112593e-01
-1.905547714019354896e-02
-4.331905165602162877e-01
5.830239910021610683e-01
6.156762836583115295e+00
1.177905207218453293e-01
-2.188156787393979730e-01
4.826894302644207380e-01
2.742074132157164446e+00
2.048467561923171143e+00
-4.468773385590053132e-02
-3.011338777925715582e-01
-3.498360961386469126e-01
6.595586779425515189e-01
1.437095310383876834e+00
2.709546120675098146e-01
3.508506934596463678e-01
-1.722109437466977366e-01
1.110271464392837970e+00
3.964186513392923494e+00
8.178489360245512485e-02
9.118922559681106807e-03
-4.465087924413897458e-01
1.576598301928132384e-02
9.639426234060057830e-01
4.097984735108211041e-01
-3.727099164941181930e-02
2.998855124667058059e-01
2.433839257088946439e+00
3.179736376407464871e+00
3.949437526951126709e-01
2.346340328971684985e-01
2.917402205853233607e-02
1.466377261696907741e+00
3.477040004344117197e+00
7.827055828016643568e-02
-4.397213158244969167e-01
1.603472980637866141e-01
1.870160430047977496e+00
1.910501400757779189e+00
3.371255383167504616e-01
2.864294343740266258e-01
-1.122477807455635190e-01
1.203615312064439280e+00
3.721208184412808428e+00
-1.078361563815099788e-01
1.165137372906738383e-01
-4.565613582057618247e-01
4.412414335671920318e-01
5.503052304856056232e+00
-4.161537485175488271e-01
1.516109538666501610e-01
-2.892961837679156600e-01
1.051435603376650318e+00
5.856909208438331405e+00
2.156771486095903911e-01
1.161223686811638650e-01
4.644530788210306516e-01
2.648131402472600815e+00
3.859400645928455997e+00
-3.409042318993130150e-01
4.657296496819355452e-02
-3.374964089876243412e-01
1.051565607763726096e+00
6.217597278742342581e+00
-2.159263933496828047e-01
6.859198338472149992e-02
-4.131879852594628200e-01
6.209703954504974810e-01
5.867832469629338910e+00
1.476302843110238461e-01
-4.285804039753806638e-01
2.456350089071959175e-01
2.044436747185059744e+00
2.003634458913016836e+00
1.632494846673556710e-01
-1.120014458441341426e-01
4.572921514526863684e-01
2.899578667269914867e+00
2.461314078662157012e+00
-1.096761331424640773e-01
3.552456865686635656e-01
-2.129957222177122911e-01
9.886508474704562843e-01
4.907585405085138852e+00
-8.061299940923455365e-02
-3.863067273733102880e-01
-2.683055123367314998e-01
9.637478031415825930e-01
1.456606735463094715e+00
2.580183754537929142e-01
-6.968058508035129828e-02
4.366392091360771777e-01
2.728308830290361087e+00
3.041379459816482278e+00
2.282239311408215954e-01
-1.570069698581473272e-01
4.006516763594565878e-01
2.560156599104065123e+00
2.552219605528044610e+00
3.888868021873638225e-01
1.598933491004934926e-01
-1.703510186326475107e-01
1.058800069911236985e+00
3.386294876827730338e+00
-3.114712573018048603e-01
2.214285415132985768e-01
3.373103603389213667e-01
2.149871925856412513e+00
5.446335319392750840e+00
-1.510034673784689807e-01
4.625647453031262457e-01
-7.023359941967788345e-02
1.303209953749710825e+00
4.856213815437872228e+00
2.994031120918595468e-01
1.209968998694762321e-01
-2.647593069644074704e-01
7.011709516695925348e-01
3.553764553318022656e+00
-2.445311811894071430e-02
1.986412038547981096e-01
4.869247120043225796e-01
2.681363586772921082e+00
5.034755109358171055e+00
-3.277457368414318784e-01
-3.278502612835803576e-01
1.707032993256449027e-01
1.868709445053091001e+00
9.663510986765470046e-01
3.653666339599919710e-01
-3.162185317172152565e-01
8.021469323324674494e-02
1.739985695203778659e+00
2.590768240314442306e+00
-4.899989041245354088e-02
-1.527644270136787330e-01
4.923904320751922858e-01
2.798826159021507998e+00
1.140671887272412643e+00
-1.756002930627017788e-01
2.232734261414979771e-01
-3.751539153689847916e-01
6.933296965118938004e-01
5.418312929754596219e+00
-8.042323014909068257e-02
-4.537992270912133974e-01
1.841369512497647021e-01
1.877992323724996693e+00
1.496959046350883504e+00
-1.759304848106399699e-01
2.317453940473667914e-02
4.899199355795827993e-01
2.598590796015423976e+00
6.071858128483676786e+00
3.782784368326854718e-01
2.395931306416777540e-01
2.220847705132543981e-01
2.069822916682656722e+00
3.523449563521724226e+00
1.793701836754707790e-01
-1.846824127214998224e-01
-3.807890675563752603e-01
4.597076281647816121e-01
2.233504860999432573e+00
2.835724731674045818e-01
-3.563045450395143088e-01
2.398063942738893062e-01
2.058364932042899831e+00
2.357191376073699107e+00
3.444789317509033832e-01
2.111152266612162653e-01
-2.803821827533589106e-01
8.563289112491060395e-01
3.610362820831870323e+00
-4.322766429080561745e-01
1.681412595780249486e-01
1.823734880725391971e-01
2.126835840139798872e+00
6.039873620165832513e+00
2.398266245899515481e-01
-4.172214096134179706e-01
2.084917053679766763e-01
1.962664736195504966e+00
2.201702492195523053e+00
1.098936228303332412e-03
-2.701666079761023131e-01
-3.502192369447126863e-01
5.772125929868874294e-01
1.581209340956913678e+00
1.634149098557989566e-01
-1.222723616707702687e-01
3.417257939955031243e-01
2.972487903669664533e+00
2.379754977589973564e+00
1.124974421043467704e-01
1.490557367154591584e-01
-4.019076368508121000e-01
3.957416346162628273e-01
4.124538847686671339e+00
2.728561034875566782e-01
2.975498831073898898e-01
2.608733971495877935e-01
2.168676836420959653e+00
3.886592664712751777e+00
1.161794828230534454e-01
-2.843541730450114269e-01
-3.465741877697189888e-01
6.146320218230039156e-01
2.021516873213015764e+00
-1.636744483992770647e-03
-8.107885885103609247e-02
-4.357077889377868885e-01
2.574013578928577295e-01
8.074258775342154637e-01
1.413580012169455835e-01
-3.680194246806227087e-01
3.682023077675899425e-01
2.316212418347193491e+00
2.020262972871856633e+00
-8.240021364639849022e-02
-5.954458228762519317e-02
5.125145486390678684e-01
3.469538795628523076e+00
3.288143343397727403e+00
1.384307586445340243e-01
4.567388273866143655e-01
-6.503660666614392849e-02
1.383023406562799762e+00
4.183989734568498875e+00
-2.370425723761329928e-01
-1.314550383001140965e-01
-3.710942481567937046e-01
6.969746299733328154e-01
4.702708022756709183e-01
-1.442072859155890951e-01
4.463462755258294501e-01
-4.917636370827747905e-02
1.367928495578680348e+00
4.792751862723322098e+00
-5.773843009071358973e-02
4.409524341513893497e-01
-1.540213647742228742e-01
1.177038407729119163e+00
4.663455656716512188e+00
3.119729107531072909e-01
-2.941533117939581499e-01
2.239207859384146071e-01
2.062286799861468456e+00
2.551211287016814211e+00
4.956073675197392170e-01
6.010432225298231734e-02
3.034369389596582381e-02
1.665471512804827414e+00
3.513724061628622053e+00
-3.677604541976080554e-01
1.394776831831560093e-01
-3.496181658020379723e-01
9.169476640025747693e-01
5.844532913025073384e+00
-3.140158950804040616e-01
3.516532567953181143e-01
7.070033474700748721e-02
1.623217209125631832e+00
5.201905513900215716e+00
-4.960066612314077417e-01
2.121950211004136055e-01
1.500801418845916502e-01
1.903615761993491473e+00
5.659993962817501334e+00
4.048134168631902494e-04
-3.519536691117562399e-01
3.775510860318819217e-01
2.373325367554278031e+00
1.648664793263998618e+00
-4.919287301895787223e-01
9.427875558567269665e-02
3.208281382666913761e-02
1.580114932825728902e+00
5.784951841567647080e+00
2.612214977832269525e-01
3.386926228284241058e-01
1.691478056180981682e-01
1.752845263281410215e+00
3.816725577547932957e+00
-3.582675444256926967e-01
1.799217458121539215e-01
-1.783864825974858792e-01
1.168836201305755607e+00
5.644729280486258105e+00
3.274215837151361885e-01
2.838795917304440253e-01
3.421142063200062200e-01
2.236519329666279976e+00
3.908155679576235553e+00
-8.149808519482205915e-02
2.614705928292047898e-02
-4.447819355721335799e-01
3.266847514455115120e-01
6.134598904148202969e+00
-4.954547693029850985e-02
-1.527756394588937194e-01
-4.393941480222481322e-01
3.911288466889458748e-01
9.723396097615779610e-01
2.825386976108230086e-01
-1.796538256760093002e-02
4.311871125338888056e-01
2.663614973859154578e+00
3.140775086761926627e+00
-4.427891841668463724e-01
-1.581942121595573125e-01
1.667346002250094661e-01
1.803585665485803124e+00
4.760856502453311712e-01
-3.024090086470104244e-01
2.265631417840030248e-01
-2.911247579773452721e-01
1.054269257495316525e+00
5.738553806624752340e+00
2.083638723130820380e-01
2.353713451862538830e-01
3.528453874497534115e-01
2.609743702987439740e+00
4.024292118427602816e+00
3.519407004513871451e-01
-2.966215430374326001e-01
-4.303254358574396671e-02
1.529171331519105115e+00
2.662669309330115919e+00
3.972598354912840746e-01
1.935383162948979552e-01
2.191158106029938990e-01
1.825959706761926427e+00
3.751597474417934119e+00
-2.580629168559319675e-01
-2.272144472632109113e-01
-3.367555103652772330e-01
8.844741953502683884e-01
7.267830755114595975e-01
3.196315074539452517e-01
1.191810089774902048e-01
-2.356812580380114042e-01
7.975947907949373361e-01
3.475080519631455811e+00
5.051266910705966284e-02
4.501927323166325379e-01
1.492629761902639907e-01
1.748343026574034731e+00
4.343605437248625911e+00
4.413904896171247372e-01
2.277042810333480827e-01
-5.050185274839338878e-02
1.279055057296770270e+00
3.439344277785837622e+00
1.647188422440323263e-01
-3.105086832767838811e-01
4.184935145425444092e-01
2.439512457227474673e+00
2.076721605606842491e+00
-4.149042298510101645e-01
2.387986127005462811e-01
8.781791946445012542e-02
1.721246864129478249e+00
5.498230726887299191e+00
4.130366051851835918e-01
-2.234518650941391682e-01
-3.650994034250485548e-02
1.234501328920077468e+00
2.806534962780894649e+00
-3.553729432523534126e-01
-1.908660987087104910e-01
-2.617245937054742955e-01
1.033365823687244500e+00
5.306412855179178933e-01
4.272568598762684355e-01
1.725167722012470317e-01
1.641625938404235874e-01
1.979884274638396224e+00
3.472845474929370901e+00
-2.861748715843449031e-01
1.601391117980386636e-01
4.129417858132206631e-01
2.290568201511173019e+00
5.650692812147225297e+00
3.482982845790896231e-01
3.132879353872127237e-01
1.175615354854062794e-01
1.589623975399897304e+00
3.661032209493812140e+00
-4.705086338554936159e-02
2.282541968326616266e-01
3.999030014597417249e-01
2.521238444373300691e+00
4.847959190496715642e+00
1.646049433194652079e-01
4.138512871460224840e-01
-1.909416733616748907e-01
1.134460310951905360e+00
4.179810285315890717e+00
2.398094246312377498e-01
-3.368438492873443990e-01
-1.229541913905025929e-01
1.256449806957839810e+00
2.401751220167411383e+00
-1.981553595835814918e-01
3.878096695058435572e-01
2.227905370104589500e-01
1.929892505658387769e+00
4.860607667161862544e+00
-3.325963923573140302e-01
-3.150915714480256313e-01
1.398891540506848330e-01
1.844829598565787210e+00
1.003753886902446268e+00
4.767716824637844089e-03
1.587170848593516537e-01
-4.216273527856424508e-01
-3.719965631255097716e-01
1.644695266957758806e+00
1.392356515012193596e-01
3.539849026180730274e-01
3.735534868263399866e-01
2.341106024774988192e+00
4.294824636156844733e+00
-1.325093717411462702e-01
-4.618447395595868810e-01
-9.993377454649884917e-02
1.181438756870816009e+00
1.422529436213519016e+00
1.676024405182045818e-01
2.462340981034530363e-01
4.093769601574669958e-01
2.546710420232404015e+00
4.110600109874348540e+00
-3.358913933778990279e-01
1.346763679259093960e-01
3.370223589630750860e-01
2.078713558308223686e+00
5.939444965297524526e+00
2.899774570565512577e-01
3.531369652902365264e-01
9.960040661428870568e-02
1.597508468316726882e+00
3.821223771656058421e+00
4.771103308148623157e-01
1.719779711430725611e-01
1.324905066482293392e-01
1.982901366400086296e+00
3.617932278572906668e+00
-4.190679822749553973e-01
-1.498117850996334710e-01
-1.428390329756027977e-01
1.343993159869943277e+00
9.674450372095441675e-02
-2.562827511997977092e-01
4.261903715278381188e-01
1.127827014626274493e-01
1.785736868385420673e+00
4.979937855662232238e+00
-1.638420149175915108e-01
-1.441612367329261069e-01
4.822068004870004865e-01
2.637728122530875741e+00
6.637557454989819750e-01
2.118439895813969687e-01
-3.772543293697727118e-01
2.550174454741174213e-01
2.086523828933802616e+00
2.189052108829919074e+00
-2.183571825187951010e-01
4.679927459036753445e-02
-3.979298417287747136e-01
6.340978044972613858e-01
6.091763048469426067e+00
3.336987210488125966e-01
-1.175981923153244096e-01
2.971822921605681289e-01
2.330697899105171889e+00
2.893246746861017904e+00
3.452964711048016333e-02
4.718744304960972302e-01
5.860470493805872150e-02
1.577975813373257097e+00
4.378649642945426912e+00
-3.754542281025713968e-01
-2.148700878040036011e-01
3.608064951387223163e-01
2.205969534582740810e+00
5.942252685359460385e-01
6.652783684330709768e-02
-2.425534232981389204e-01
-3.450945703709653589e-01
5.350139807510861933e-01
1.902848422875476508e+00
2.142253349291627362e-01
3.856678993377584685e-01
2.185160107209010993e-01
2.058647576266108725e+00
4.073511714497857206e+00
3.291088282894659711e-01
-3.582488572915479286e-01
1.680599145523596627e-01
1.896383227314079267e+00
2.438751320226928865e+00
1.520691507712387536e-01
-3.353596946144650759e-01
-2.426358582723530111e-01
8.778463730175590785e-01
2.036586115864262858e+00
3.229110597219732592e-01
3.156470481062432221e-01
-1.516734533018271880e-01
1.109349921197226863e+00
3.773904903846047265e+00
-3.039527437018140765e-01
-2.021353158216550872e-01
3.496369966368841897e-01
2.235095178155199314e+00
6.517789678408438814e-01
-7.804416328586459561e-02
-3.768302006959072248e-01
2.852347031291367352e-01
2.159124463028732954e+00
1.510582786202021799e+00
-2.076393791159316937e-01
-1.963623208654677599e-01
-4.138364114254498016e-01
6.889989418845324787e-01
6.806124963176656273e-01
-3.493807955391609044e-02
4.482764464059132981e-01
2.109531476114471227e-01
1.767456963487808563e+00
4.596722672237334884e+00
-2.515412687856602436e-01
-1.926406812990864026e-01
4.586326647557782965e-01
2.454741452969427584e+00
6.444861425680773470e-01
2.228657080798261969e-01
-1.799421143357979314e-01
4.039847538207912425e-01
2.545888970380874472e+00
2.491534248904455406e+00
7.846334577535399660e-03
-3.634724343294652438e-01
2.873461809835459735e-01
2.230877453138420119e+00
1.681824315455545005e+00
1.689586305508212205e-01
2.311897498138044404e-01
-3.057214531026130611e-01
6.802418681487925056e-01
4.017059441211813464e+00
1.092121049158942120e-01
-4.049376036008375812e-01
3.199167224598652437e-01
2.226205093493818676e+00
1.908196114629455487e+00
8.964091665122875252e-02
-7.814873563456724292e-02
5.071679553707377774e-01
2.837817793204677752e+00
1.809864424473939692e+00
1.203402292692745679e-01
1.959762668210588143e-01
-3.804104473709667977e-01
5.188329122839537844e-01
4.103984106878154847e+00
3.424663585713225711e-01
3.051102369089230826e-01
1.580342433662967894e-01
1.933896199350944478e+00
3.657201942422928731e+00
-2.352068745289857127e-02
-3.441488231427666800e-01
-3.066663824771652669e-01
7.847362444840825235e-01
1.506927359434509617e+00
1.003228281924456039e-01
3.898066158598459396e-01
-1.315230460264600887e-01
1.409239735958353279e+00
4.432198208767607284e+00
-3.141190117043748398e-01
-3.554103274671088220e-01
-1.219841948166996842e-01
1.160729561447675140e+00
9.492110766499157748e-01
-2.660889090817631364e-01
-5.030129976678376913e-02
4.685774158771850439e-01
2.456989237347286803e+00
1.279364974664359556e-01
3.850977311183263474e-01
-2.624589212407357763e-01
2.446118945848231030e-01
2.209176331436412788e+00
2.493447424247366317e+00
1.237565372359763632e-01
-2.510238821315436408e-01
-3.487489957102739568e-01
5.466163363914483542e-01
2.078559638728024517e+00
1.850749015987222523e-01
-4.312704271364473652e-01
1.492596542098548751e-01
1.870013153888492097e+00
2.104822793269697456e+00
1.743639561892088574e-01
2.709873542321699080e-01
-2.834798079521199110e-01
7.873870324935114962e-01
4.109462170278058935e+00
3.231928891229908229e-01
-3.545006536862214119e-01
2.296684803229808586e-02
1.694125421572666657e+00
2.481517313840560401e+00
1.688128172512061778e-02
-4.729383642257988796e-01
8.118633688200045662e-02
1.669182111527753865e+00
1.753632567571964174e+00
-2.186489789797137762e-01
8.124818674593188572e-02
-3.877836132256521906e-01
6.726850720093499048e-01
5.985575001606309620e+00
4.205895816060188919e-01
-7.690219920577980907e-03
-1.741276573711069420e-01
1.002748670118782437e+00
3.127304362275096228e+00
-3.415361748727516883e-02
-8.420595263268927655e-02
5.129452283269048118e-01
2.875112399749840897e+00
6.311951214270914434e-01
5.707164239487617224e-02
-4.213081683298610103e-01
-2.273921129364675220e-01
9.428015939144708257e-01
1.829860954011991225e+00
2.419035053967921178e-01
-2.813163598962414857e-01
-2.227332863048379630e-01
7.769468834984876171e-01
2.408527592225898850e+00
-1.811165869596304545e-01
-4.098887047904061776e-01
1.640469637446589080e-01
1.833085734065169392e+00
1.332587089176988204e+00
-4.187530656994166156e-01
2.259479952721838159e-01
-4.186657246209740668e-02
1.511504904396800075e+00
5.649973167598077772e+00
-2.737955998118679624e-01
3.150017511003777582e-01
-1.174794938835495156e-01
1.270730130935932012e+00
5.293630957117168023e+00
-2.941068026261943122e-02
-4.777631322510554612e-02
5.280327037078337282e-01
2.844492502476096973e+00
5.675328630149948372e-01
-2.153112480582234090e-01
-3.541344115550262156e-03
4.725091021727059748e-01
2.577979078023409087e+00
-1.185230222379835170e-02
4.503302376230191029e-01
7.132571869377181406e-02
-6.213797385036391036e-02
1.264480807761695136e+00
3.116410682075564154e+00
