2.959778578463975740e-01
-4.980424016041989227e-02
-3.358902109260781810e-01
6.954434734723502487e-01
3.458440764798091926e+00
2.282391990770714640e-01
-3.088002513502833835e-01
4.078848889823659674e-01
2.549508337832131932e+00
2.421843592226101460e+00
-7.759053613628244528e-02
-5.613261170703274239e-01
-2.005965208052752635e-01
1.070490792256279189e+00
1.288033287354048095e+00
2.820864030282083101e-01
-3.789150309926766491e-01
-3.587196814781521970e-01
8.205671875127353854e-01
2.408885556903229475e+00
3.989291995875589580e-01
-2.036798506692832356e-01
3.334392419826327503e-01
2.251781922247116263e+00
2.913130174938260541e+00
9.311535137569101894e-02
-5.376298794058389507e-01
-2.731995072526970936e-01
9.036168093247136657e-01
1.676551100408340877e+00
-3.080369688535443129e-01
-3.787989056541170574e-01
-1.606865518382546154e-01
1.143918526178538952e+00
6.769974250643859826e-01
4.064778617040549213e-01
-3.772938322047958981e-01
-9.120291407346506340e-02
1.375228672742155211e+00
2.515701614212307646e+00
-6.921317226215534246e-02
3.907479303151826233e-01
-2.298639839993747019e-02
1.480280667068401446e+00
5.026115264013021999e+00
4.365546835275537219e-01
8.325749452799800776e-02
1.125417494536277013e-01
1.795017032173385374e+00
3.547075726315063182e+00
-9.711290822361626218e-02
2.853683729264142599e-01
1.775871305000340517e-01
1.900204019231158892e+00
4.979395664212343142e+00
2.446644174318470810e-01
-1.881921808784438321e-01
-4.016723537462604243e-01
5.695613943648255573e-01
2.995607252863165204e+00
1.427562812054805792e-02
-4.760013744306128974e-02
-4.468698618164194669e-01
1.669662019715883461e-01
4.531814554610911649e+00
4.868992182182654282e-01
-3.265510137041272021e-01
1.596214721886082544e-01
1.880300431233277170e+00
2.882407611924470370e+00
-4.211468059835086208e-01
-8.259931966165690032e-02
-8.647559870767829171e-02
1.302896379652833003e+00
6.113261324113438810e+00
-3.613224553033326375e-02
-3.159350493669851323e-01
4.106805237668410546e-01
2.745974169546154808e+00
1.215737891767968870e+00
2.834386338451881371e-01
1.343419418378176966e-01
2.874043824918183221e-01
2.181149107193745440e+00
3.961003389774462757e+00
-4.355024668214282912e-01
-2.982943611956793695e-01
-2.118434510966077933e-01
1.102920544324354157e+00
2.350556060660307645e-01
4.286470634605746288e-01
-2.226462294877602430e-02
1.095256181634931270e-01
1.767631994331347212e+00
3.399923782148464468e+00
2.283441020181167444e-02
-3.982910662005699209e-01
4.586654251076747735e-01
2.637961833590733551e+00
1.401492015408002167e+00
-2.293252396517871106e-01
1.824330223729001832e-01
3.238573077466817551e-01
2.183375808868979639e+00
5.451007879500259889e+00
3.324314139288508940e-02
2.031925210973329898e-01
3.851310906635815323e-01
2.424830674310742840e+00
4.650051902783049584e+00
1.311757697516752197e-01
-5.271563378781730647e-01
3.216967697018699099e-03
1.594410266476959270e+00
1.944706298657999266e+00
6.223465155466893772e-02
-5.848187822691927606e-02
-4.539229598939067967e-01
2.505782152556533249e-01
4.496020449072767988e+00
2.291791502968578975e-01
-1.804189670751930319e-01
4.286369301603110693e-01
2.658623286213103398e+00
2.865474446442468626e+00
-3.663363959644471701e-01
-2.817485751562883167e-01
2.118871143732840578e-01
1.978537927035480148e+00
3.026029754914194569e-01
-4.540019535406357165e-01
-7.154823295830795016e-02
-1.652277016739910065e-01
1.215276781161308994e+00
6.252131955357317139e+00
3.454423239980999316e-01
-5.120597430732021227e-01
1.192607809701831251e-01
1.881546316353709836e+00
2.233196649516884236e+00
3.308011205689086465e-01
-4.365010726986808254e-01
2.059755153793176308e-01
1.925919421879236815e+00
2.417497276079032531e+00
-3.530193588769112156e-01
-4.044769743900593628e-01
-1.070577722001670312e-01
1.254688079590044358e+00
5.548111891244804639e-01
4.171507020026702928e-01
-4.694883730832264956e-01
6.053563797605778646e-02
1.631366853367086867e+00
2.321803541430534246e+00
3.266595520503426386e-01
2.575782410093759300e-01
-5.779480047731069131e-03
1.595611544305894469e+00
4.120066917185588373e+00
-1.210939806568966937e-01
1.443354133003375839e-01
-3.877182534536873226e-01
6.802360907404690904e-01
5.224521045160983590e+00
-1.895134313536573079e-01
-3.216767249079288682e-01
4.423161378647180730e-01
2.645407006048866361e+00
7.512136630135453075e-01
2.027201345261765986e-01
-5.830093289871049467e-02
-4.065523480951200863e-01
3.778535269520938988e-01
3.359657295117977949e+00
3.020039380022204734e-01
-5.292611309789987395e-01
2.090894118982389305e-01
1.985952626789539543e+00
2.286906610250472482e+00
2.749738434207819049e-01
-2.971546903489117319e-01
-4.017430172058013005e-01
6.690060435866814759e-01
2.459583223487182835e+00
1.909539988522539200e-01
2.753716944332700312e-01
4.159778254346321869e-02
1.603087186961012822e+00
4.440393518120736793e+00
-1.786808183111592563e-01
-3.348196800586282218e-01
-4.051183849330131093e-01
6.488902077258033030e-01
7.053650889768340315e-01
1.818187714422125553e-02
-3.331022497032156693e-01
-3.925131553011353969e-01
-4.772044922839661640e-01
4.718413908034604809e+00
3.996826224123249949e-01
1.946008278650437906e-01
6.709443091804952186e-02
1.728275013162885676e+00
3.924963565573500457e+00
-4.096292124797875078e-01
-1.349218664126558276e-01
2.416370979579989253e-01
1.966543111681555489e+00
6.528768812198836036e-02
-2.376625779274972317e-01
2.964670996107791057e-01
2.918577022774356336e-02
1.563298778304885950e+00
5.182831850130966700e+00
3.239145643271302832e-01
-4.891959519939059753e-01
-1.108550349451070671e-01
1.279255301621322616e+00
2.393051547184898542e+00
4.687294393436249318e-01
3.606163379181145240e-02
3.323050072628008222e-01
2.214322930598791483e+00
3.433287034623227374e+00
4.639262800248233204e-02
4.570899235395228799e-02
-3.896524270250648070e-01
3.970186191896463157e-01
4.580865576731842026e+00
8.662331105607899706e-02
-5.681202192169518828e-01
2.776270664056149431e-02
1.536034785381437340e+00
1.728639835984441708e+00
3.614022211103963267e-01
3.980303117744558861e-02
3.591057530900713113e-01
2.297258269506069706e+00
3.634950406100173392e+00
4.544339088448296482e-01
8.609239910649221783e-02
-1.988075975604678414e-01
1.195480068758664860e+00
3.643380910494476765e+00
5.043447282453882297e-01
-6.849301348126388134e-02
-3.277247096273253751e-02
1.497344485109989964e+00
3.378370082650160366e+00
-3.706937968888537882e-01
-2.867391012616175017e-01
-2.524442391144693931e-01
9.818480051850667634e-01
5.424266357398207505e-01
-2.408655095832343551e-01
-4.725461946162238802e-01
1.436392914280479605e-01
1.874505607011723418e+00
7.916566110342228013e-01
-1.029650257500431820e-01
3.100512585304291413e-01
-1.644377718013982081e-01
1.241457949163066843e+00
4.911373233491794998e+00
2.409685113704261306e-01
-1.124931897821041388e-01
-4.400961692113442569e-01
4.592755420321352200e-01
3.258486536121512511e+00
-2.829607190399307387e-02
-1.358771568568390153e-01
5.083440829540726291e-01
2.975861884485467623e+00
4.432660967845798994e-01
2.709118637553450393e-01
-1.119817399819005160e-01
-3.503549775051587600e-01
5.865712766105996012e-01
3.344243916012925144e+00
2.578643109765085262e-01
2.750889092608913011e-01
1.409305815180312768e-02
1.573446616026251244e+00
4.272014310168372297e+00
-2.479098156834046440e-01
-1.002062979548421079e-01
-3.272231075223241969e-01
7.119007205681083805e-01
6.128935161721960512e+00
-4.991744086299881866e-02
-8.275981858798593660e-02
-4.284366656555005926e-01
2.946335293581630599e-01
5.725697537336147391e+00
-2.967464826850114701e-01
-3.001934821122407837e-01
-4.125225088869414747e-01
6.450883605534365461e-01
4.214758263193073007e-01
-4.299422792520123382e-01
-1.597617650882776907e-01
1.295013742053600925e-01
1.830734365240795025e+00
7.046812965992131292e-03
-5.273290363503268380e-02
-9.557646973374488153e-03
-3.890207775580314942e-01
4.331685626864882899e-01
5.253931233103431353e+00
-1.311703306219090537e-01
1.887767421582594307e-01
3.091268037462132079e-01
2.297780562599771592e+00
5.132793304491215736e+00
-1.371077723957588165e-03
-1.421235029738046884e-01
-4.552973339422790033e-01
1.317028298903665240e-01
5.894214635325565332e+00
-3.894188014262183195e-01
1.706981883733520444e-01
-2.381378307921291210e-02
1.556277817796062557e+00
5.619357859987534454e+00
-4.187118880734959636e-01
4.666764374451903147e-02
2.668420463728466904e-02
1.519049142429105048e+00
5.871706031520149693e+00
9.938779194318660137e-02
-4.077782411467011370e-01
4.288222090703014966e-01
2.604212141564715921e+00
1.822494738923759128e+00
2.693588558372341235e-01
2.759957377597052619e-01
-1.252073347308675644e-01
1.229834574125526991e+00
4.162791086118476258e+00
4.253178396524698313e-01
-3.243323602077934908e-01
3.176587382776120405e-01
2.125208809419917078e+00
2.712315821302744734e+00
-3.460710359566350758e-01
-3.224566358722125159e-01
-1.902100223645504518e-01
1.137024428573822910e+00
3.561451192463176985e-01
2.118662585165526774e-02
2.446353895121370081e-01
-6.942079811729193195e-02
1.361780543971968349e+00
4.859528766591052040e+00
-2.035763450670464159e-01
-4.799873328776391723e-01
-1.837369465758022513e-01
1.160899239788099502e+00
9.839570771122322368e-01
-4.015243562955707612e-01
-4.359473932910176708e-01
1.439547289667142960e-01
1.772534333997419109e+00
5.040911791294194755e-01
4.339990333650610155e-01
-1.307041163611326329e-01
-2.046960088555037638e-01
1.073086887024145897e+00
3.083126851330842744e+00
2.594215421077222250e-01
-4.572159459574819396e-01
2.716004499007458883e-01
2.160467606249734107e+00
2.184304574796831933e+00
-2.582921152353004901e-01
2.540492644184710880e-01
-9.466491016049174978e-02
1.298325573769977703e+00
5.247388846646692251e+00
5.906830202842411337e-02
-4.102175283340209894e-02
4.620956241600276959e-01
3.313880696166461526e+00
1.449245214196777987e+00
1.166147016152797866e-01
-1.220408042837318602e-01
4.974027010191274800e-01
3.407091821022224298e+00
2.896495796428769087e-02
3.633828365224393842e-02
-1.215180044900605050e-01
4.950772188556620268e-01
3.056449572076817223e+00
1.753918216639966721e+00
1.122864396190785125e-01
-4.282941685862364789e-01
-3.187566829287443726e-01
6.951669745664221800e-01
1.841893109027694875e+00
-7.269094410945706186e-02
-5.598471488205633007e-01
-9.257526206596958240e-02
1.411254175315855397e+00
1.421184857932750401e+00
-2.182313365529794658e-01
-4.713638566552329212e-02
3.846888965652475734e-01
2.471539069540287237e+00
6.020718415708940618e+00
2.080654614931914115e-01
-3.071719590939850364e-01
-4.133545790939259779e-01
4.976536886329095410e-01
2.448783985364751725e+00
4.548395606138501135e-01
-1.371208616767049804e-01
3.004338356042710600e-01
2.090890325066824929e+00
3.132686112252508703e+00
-3.550013253965536575e-01
9.344657780053125529e-02
2.051799851548718467e-01
1.913904253575363423e+00
5.653677464247557793e+00
6.748516018667638505e-02
-4.809370252126863310e-01
-3.221187545146854125e-01
8.029374266604767385e-01
1.734989193195739077e+00
-2.064185477886794906e-01
-4.837214696023831029e-02
-3.526923864611011816e-01
5.758182652165978466e-01
5.980558539991049471e+00
4.941500105628228723e-01
-6.371914968615821628e-02
1.529775741880319839e-01
1.938908090418042462e+00
3.285493382256051920e+00
1.308736759281755591e-01
2.774502549227113590e-01
1.049528361615446048e-01
1.788607609686190481e+00
4.393121672273194278e+00
-2.688052007679430089e-01
1.639051880632771963e-01
-5.671177823634800108e-02
1.383122661036758849e+00
5.527680285453455689e+00
-1.674046469155351380e-01
-2.010540775785450707e-02
-3.492328928516845177e-01
6.105559801907336492e-01
5.747248204420917439e+00
3.059463187548455004e-02
-3.726124778375192181e-01
3.684453881237703676e-01
2.480080311500294510e+00
1.692193021098525652e+00
1.763505185317668089e-01
-1.585650086995985808e-01
4.966060454509393929e-01
2.762966679945525250e+00
2.989760591451377181e+00
-3.804512167290836216e-02
2.478471661553884597e-01
-2.409857716963033636e-01
9.797923020601855271e-01
4.888468586449553399e+00
2.844467310178160901e-01
-7.846342282033905852e-03
3.423892136211925674e-01
2.402870561924187243e+00
3.718752512382569098e+00
-3.555385821453648787e-01
2.373080822727135220e-01
2.418051974806262883e-01
2.020858316400240717e+00
5.613637680591540224e+00
-2.120221939819962390e-02
-1.261746135410978520e-01
-4.691603088460029047e-01
2.138500463924107031e-01
5.640806917505853946e+00
4.515244630764118083e-01
-1.983498900992164693e-01
2.778550692954726564e-01
2.124322203010060583e+00
3.018979247380566555e+00
-2.908439322122174583e-02
-5.077084299838729997e-01
2.062588210832607127e-01
2.075706553438476210e+00
1.393810135118825455e+00
7.493653302784765435e-02
1.282089075396320166e-01
-3.770662051154174410e-01
5.557858673828729446e-01
4.454299331946800500e+00
-3.302275310512732820e-01
-1.502844594402133194e-01
2.803375556572881844e-01
2.207535792781106565e+00
6.277686758279375390e+00
-3.810506893809817441e-01
-2.203891352672663895e-01
1.945939465912552013e-01
2.044659083603472816e+00
2.303145835860355151e-01
4.158900813813874026e-02
-1.545850988042589969e-01
4.989315707391906995e-01
3.040124381030164358e+00
2.663286243477841486e-01
-4.314966030556240395e-01
-2.949629223511723852e-02
-4.989803615781886886e-02
1.473699580256063291e+00
-1.716259149705408882e-01
-4.972408770124055882e-02
-1.217831658114970454e-02
5.283100399508703360e-01
2.772551340497963146e+00
5.231267012972622865e+00
1.331010611021619244e-02
-4.897364937483425495e-01
1.195279892189470006e-01
1.908080088043785150e+00
1.631118413760879848e+00
8.777761127424005272e-02
2.885096501203175401e-01
-1.411831379338180925e-01
1.228762488426097921e+00
4.512854919117230246e+00
-7.824845565783743184e-03
-5.176710762167178181e-01
3.041123623905769846e-01
2.229500006593470030e+00
1.571078185034922248e+00
-1.289331952123026204e-01
-5.156177050414109120e-01
-1.647793458287848123e-01
1.230265583434324350e+00
1.182526392302012397e+00
8.188172672350921277e-02
-9.294760909441375507e-02
-4.681582587816665586e-01
-1.194279349129795248e-01
1.463195997632199985e+00
-2.758524570603478332e-01
-4.610429089819253479e-01
7.197314693301552248e-03
1.475376918785648694e+00
8.970607953170690596e-01
4.047109512444549972e-01
1.764393729297978330e-01
1.492339899221218624e-01
1.843789487989579090e+00
4.010522035872531532e+00
-1.826584983038364307e-01
-4.214743442872661006e-01
3.749765881299652603e-01
2.388279353312334763e+00
9.549433925921131383e-01
-2.369032525701149361e-01
2.333876801783243971e-01
2.783036715178933140e-01
2.057047014616533609e+00
5.215435989113292869e+00
4.428039641712150988e-05
1.466629050672362544e-01
-3.769545371939917455e-01
5.503580121817928106e-01
4.824854732291374404e+00
1.809501349656391644e-01
1.235000207667950461e-01
3.427105247449007686e-01
2.367412860942497588e+00
4.136711277130750375e+00
2.223175352760439760e-01
-6.012311164711047207e-01
-3.909511275497135757e-02
1.518075676953383413e+00
1.893206926766292097e+00
2.053994716490792627e-01
-4.142609199120911301e-01
-2.985305587589652254e-01
7.723461162055748064e-01
2.136960387551826823e+00
1.614496735396493132e-01
-4.874445645168429264e-01
-2.365046894392871524e-01
9.636845444449244624e-01
1.866761991598257397e+00
-2.477911570904378913e-01
2.872228052445710209e-02
3.346149262454681805e-01
2.365989974176451405e+00
5.736281818520015285e+00
7.279061862373567560e-02
6.378254110895877071e-02
4.430306168947166223e-01
2.820498937633716174e+00
4.462708910818147245e+00
-1.190576452536739327e-01
-2.653192236786906522e-01
-4.391251363619358972e-01
4.672701356891160729e-01
6.344183161424126194e-01
1.565908336441840798e-01
8.642189701468995511e-02
-3.988806797436911245e-01
4.790816037545540529e-01
4.116736442367930238e+00
1.385323609122600941e-01
-5.232202006644074421e-01
-1.482242606161740806e-01
1.237550906631082581e+00
1.960020805129117250e+00
6.903108553650243303e-04
6.497006031442160989e-02
4.813788472857996048e-01
3.532908041500576690e+00
1.537654670858489503e+00
4.960623548103783031e-01
-1.396359561022736118e-01
-2.040300482269530313e-02
1.511839116591895182e+00
3.225910821778132931e+00
-1.089892141664284553e-01
-4.806543840110528709e-01
2.506618252982837358e-01
2.095984261213823530e+00
1.164008229571566799e+00
-4.572674314045820088e-02
-1.975482589785228782e-01
-4.569641834164309691e-01
1.218083424580334584e-01
6.097404523471393611e-01
2.750422532086626570e-01
-4.836296208283124010e-01
4.534697025825134425e-02
1.725593193054961061e+00
2.089920415458442982e+00
-1.552676389653943889e-01
3.011751135847860472e-01
2.505968066471871980e-01
1.967067189792624848e+00
5.164199543020362881e+00
-1.828605391925434420e-01
-4.944370551719511897e-01
3.227840360162436140e-01
2.240461801557950494e+00
1.098057443601957228e+00
4.082485461428951301e-01
-6.896866362527218075e-02
3.718955853967416680e-01
2.370405665496212677e+00
3.292525063921931228e+00
4.749560855710607821e-01
3.555916753814918063e-02
9.256765886228139617e-03
1.581966508745919153e+00
3.606453013712849209e+00
1.730776661485633472e-02
2.659624527712081687e-01
2.211406230538048301e-01
2.068462703919745849e+00
4.639645743935420619e+00
-3.784633092327178289e-02
-6.109450438270467298e-01
-1.813232702486066231e-02
1.388977059601639974e+00
1.525420319163484750e+00
2.013079204348447726e-01
-3.356614312651753917e-01
-3.346891157723816401e-01
5.985925024836614705e-01
2.292424879140675387e+00
1.841879757346147062e-01
-1.122605923259508698e-01
4.906638909315996222e-01
2.765552079153830611e+00
3.463478456030776087e+00
-2.049431970887984067e-01
-2.414104588150165487e-01
-4.097124503441287868e-01
5.928773148179697916e-01
5.338819971954246180e-01
3.220428213228786474e-01
-4.640928521139784935e-01
-2.073746820097726040e-01
1.173219586134951697e+00
2.244534777602517739e+00
-3.858660417505044293e-01
-2.417943246320811146e-01
1.302262976951047979e-01
1.793431143545545003e+00
6.576009325366367619e+00
5.090848883874946051e-02
2.038880676732412189e-01
-3.507468524267209897e-01
7.193761959179870713e-01
4.727750533630167951e+00
-2.592016290095978601e-02
-1.832677187476190461e-01
4.923572801411526534e-01
2.909242796621740901e+00
6.511008404369342806e-01
-1.100624215031900804e-01
2.701688223663398225e-01
2.604060191278791958e-01
2.143636080238852326e+00
5.169222946894479698e+00
2.936398904404005084e-01
-1.049300148101632024e-01
4.117579720507213992e-01
2.637774797805440219e+00
3.271970443802143969e+00
2.041492209946953185e-01
-5.891942514342304316e-01
1.353952104747471463e-01
1.791135294864107275e+00
1.803559546449482465e+00
-3.586452807770296736e-01
-4.055514607760733470e-01
4.624412210969471027e-02
1.647774974268719106e+00
6.280660353050766531e-01
1.652618695842977270e-01
6.446119515409838574e-02
4.383517773676687823e-01
2.572760101579355307e+00
4.116742244525370076e+00
6.183992464971468234e-02
-2.818721888472196513e-01
-4.472441196739374014e-01
3.090321693839527262e-01
1.663468136428577937e+00
2.148217596573343269e-01
2.060105547917996383e-01
2.744309269845225385e-01
2.198208438189520830e+00
4.247554772259713118e+00
8.840447094169705256e-02
-5.448949417240652737e-01
2.206527489403537490e-01
2.016823832621792434e+00
1.581517612469505174e+00
-5.332532996072891773e-01
-9.800167569362139286e-02
2.062076792804899139e-01
1.941919571259754784e+00
-1.653072420978593804e-01
-3.559988787002142385e-01
1.276666663390025117e-02
-1.535017750075311493e-01
1.156117351451370290e+00
-2.883874752132874475e-01
3.217519131044652703e-01
2.213784277966579506e-01
-1.948831708784360683e-01
1.114822567188074265e+00
3.928732177923604851e+00
-1.312637080125097222e-01
-3.285319713976741357e-02
-4.028456529439729539e-01
4.765961182895950832e-01
5.779211576371007908e+00
4.166193327033850674e-02
-3.112832739697269924e-01
4.501171500360334754e-01
2.656898142818874931e+00
1.600017410280430763e+00
3.158185242384375369e-01
-2.547498593697344327e-01
3.511012385310360862e-01
2.408887810693380871e+00
2.841904063061511110e+00
-2.644392368876387067e-01
-1.676925225580357670e-01
4.354438413695798094e-01
2.438082905937583700e+00
8.302988905101621464e-02
2.398577851804751526e-01
-6.308354584621345129e-02
4.324294726944847844e-01
2.580853888220889125e+00
3.451062053742435687e+00
4.882176866718139219e-01
-5.413291990391046193e-02
7.055833736447691962e-02
1.638272624750900519e+00
3.186444094086831047e+00
1.326585962521735496e-01
-5.523583696894974748e-01
2.022348649740188797e-01
1.938126966084728675e+00
1.921544075964870757e+00
1.812853158242091756e-01
1.921635944491365822e-01
3.244977200273333473e-01
2.226134762558041658e+00
4.377288629104967299e+00
-4.504927257540679297e-02
-4.654018038526743228e-01
3.699887408065887229e-01
2.432160916804274819e+00
1.337051123951122911e+00
1.864077839358418975e-01
1.780675463653965396e-01
-3.653400175920853421e-01
6.930570300576786025e-01
4.308874968577501186e+00
-2.857218474376164163e-01
-3.491776761013350855e-02
3.133318371375118927e-01
2.281601804466160122e+00
5.935875604954392593e+00
1.488509353958084591e-01
-1.359011484742049247e-01
-4.540801488770125349e-01
-2.961267483607804563e-01
2.580090161731530829e-01
-8.637254510163507037e-02
-3.493454491421935093e-02
-4.089398873810285995e-01
3.791100810966349655e-01
5.416991882815785253e+00
5.493017281964000104e-02
1.521998293355324994e-01
4.246434486532352781e-01
2.543017980111998089e+00
4.671759310090286554e+00
-2.589490786743653405e-01
-2.416010412238768224e-01
-3.037996625155799379e-01
7.734846224449650753e-01
3.355466661388123439e-01
-3.710260112643895547e-01
5.493085954278138783e-02
1.450612953507273151e-01
1.858940405879219604e+00
5.848184496372362595e+00
-1.602389687484220837e-01
-2.128879540125885594e-01
4.826525428243788052e-01
3.641259737720243805e+00
3.474829509720135601e+00
4.409410127266151225e-01
7.546797740577208813e-02
-1.441705325616539080e-01
1.321520061082288588e+00
3.568409000254677554e+00
2.354432669626149999e-01
6.714087679016740584e-02
4.314163879577072591e-01
2.582193511922703522e+00
3.856887660488211633e+00
-2.223348306654807927e-01
1.188317355271747977e-02
4.011322141892413318e-01
2.529083416123062200e+00
5.772169834962063817e+00
-7.584406024103433619e-02
-1.784147222153046330e-01
-4.274524374568540175e-01
2.718058403477454088e-01
5.043570188978339086e-01
4.486677264486681888e-02
-2.576984943814773499e-01
4.866663648578141155e-01
2.871323414359982618e+00
1.632902223667781039e+00
2.545533300283968625e-01
-1.596452597963881059e-01
-4.370716546134744696e-01
2.972927472491385670e-01
2.995061939365880832e+00
3.464391853498866025e-02
-5.784892062866532347e-01
-1.584003246977339352e-01
1.217769345045287999e+00
1.555796352307824648e+00
8.352121238229592848e-02
2.827160103399336544e-01
2.917855478608739062e-01
2.190633030507680434e+00
4.622760590137304781e+00
-3.792965446522342937e-02
-4.077689560408773728e-01
-3.144840435149723890e-01
7.740166495431640703e-01
1.373988705359574070e+00
-1.313079786246003633e-01
-5.408557676055160135e-01
8.444429882080342620e-02
1.729907530593572274e+00
1.254694783091083732e+00
-1.250413461604026055e-01
4.695569432563703738e-02
-4.005971080050760857e-01
4.768705979824700014e-01
5.477230930024544087e+00
1.649698316132252596e-01
-2.081142409342813249e-01
-4.511850416511511419e-01
4.306953244776080547e-01
2.802884895691591716e+00
-1.260077295685256282e-01
-3.769462384777277908e-01
3.704974573116674996e-01
3.814080691914097709e+00
4.044547135415809791e+00
-3.636170891130268146e-01
1.173610273578611501e-01
4.977583853689306753e-02
1.634616856854985478e+00
5.759546823965629336e+00
3.816363580503563668e-02
-1.583044266682207823e-01
-4.650300997086925792e-01
-9.325731850860116690e-02
4.259961668499472331e+00
5.080701091763600852e-01
-3.207525840088124025e-01
3.802683864596389986e-03
1.520148379958388363e+00
2.895672044105495946e+00
1.330930380606114849e-01
1.045698747070302262e-02
-3.831228147829356390e-01
2.886397133225503397e-01
3.919808573282300479e+00
3.137273106673152401e-01
1.386066184607353258e-01
-2.572515608283474919e-01
9.533598905960298797e-01
3.896454154977162077e+00
8.734538063310619271e-02
-3.357905335237925115e-01
-3.710808755806292436e-01
4.680498701265939920e-01
1.873780220451046752e+00
-3.069060880667037750e-01
-3.885036569641542314e-01
-2.501404487342309135e-01
1.045794376107976431e+00
5.961662180935674016e-01
-3.600153628027640829e-01
1.079007682055120321e-01
-2.484807924861667239e-01
1.101043567499407905e+00
5.800011583725561692e+00
-4.381052059149018185e-01
-1.744454376045501132e-01
-1.193237943133528822e-01
1.329074450473801239e+00
6.246378867664242662e+00
-1.452606748119637109e-02
-2.707412936978890183e-01
4.539910151761025747e-01
2.810142728106556742e+00
1.492430859923931985e+00
-3.558761080675407196e-01
6.693106040454331607e-02
-1.015168173944442642e-01
1.260801683799188000e+00
5.744306111486524813e+00
1.233124260022165804e-02
-5.514512382349215924e-01
-1.083143807574869499e-01
1.238461872216233495e+00
1.408934569386506075e+00
2.373978831317427249e-02
-1.215010254790468147e-01
-4.481863858329408479e-01
-2.658889450068006866e-02
5.099808399019790883e+00
-2.795538803701533292e-01
-3.069924586097722563e-01
2.849321202354158089e-01
2.203542160156633400e+00
5.231022287381985603e-01
-2.939957067118938450e-01
2.982617121571119398e-02
-2.624965137127691639e-01
9.375593323812415614e-01
5.760693205126476535e+00
5.152007289496881581e-01
-2.500377535130318685e-01
-5.978971176508531687e-02
1.399242647320675825e+00
2.839442722509878170e+00
-1.568303170953878334e-01
-3.186198569416330284e-01
3.622143208831912764e-01
2.466340878429876593e+00
7.208001328192217283e-01
