-4.708064796588637413e-01
3.269250542337507476e-02
-5.346059073424637258e-03
1.704387804327495815e+00
6.638717163728757420e+00
-2.408317569178676162e-02
1.782600910943434591e-01
4.219577186781269806e-01
2.616612114763293473e+00
5.076542270916791111e+00
5.693624725457838709e-01
-5.328706723993989654e-03
-1.856491557506972367e-01
1.262250024303059437e+00
2.824923800791397710e+00
-2.650358658518105481e-01
-1.731267125620974436e-03
3.812838945398148716e-01
2.493647960318760681e+00
2.328619520370314722e-01
-6.986918952698394081e-02
4.388252570102978145e-02
-5.070102449050473137e-01
4.048170141048434978e-01
5.941557131339552100e+00
1.439077092945687253e-01
-4.617873282029824056e-01
-4.075786509244089251e-02
1.312006790527288747e+00
1.941690361337305104e+00
2.978030323996478379e-01
-4.202944041354127191e-02
3.877407493288761997e-01
2.624860302962395586e+00
2.752972389326904690e+00
3.237262867524295373e-01
3.874743659833726483e-02
3.955337480036913989e-01
2.534367315088120076e+00
2.984100623233307825e+00
5.206421878766194222e-01
1.588351646483781576e-01
4.817712273067854128e-02
1.817981813099543542e+00
3.082803573633697169e+00
4.404428024285972354e-01
4.393921218282948460e-01
-2.147924187975252738e-02
1.642588160813541975e+00
3.504472018855328219e+00
4.353226893026695410e-01
7.281561434629568730e-02
-3.159343890935717991e-01
9.519442896085928973e-01
3.092813059896805772e+00
-3.903427995988302812e-01
-1.174976508895139715e-01
6.433531316694043878e-02
1.647641621698787695e+00
7.176806140639778731e-01
4.459213883821086521e-01
4.245270545000881871e-03
2.131422204392299236e-01
1.825078996558020084e+00
2.806249051699083896e+00
-3.365168232246812385e-01
-1.855290708882385287e-01
-2.424631212867912611e-01
1.074728270154227339e+00
5.513977678349645251e-01
4.437152656642417980e-01
4.053753848207926336e-02
-3.332378575698357048e-01
9.074895368288137254e-01
3.013575691036708637e+00
3.162529418804568837e-01
4.282770455002662957e-01
1.273283869637362453e-01
1.793813536521696728e+00
3.842064460450996588e+00
4.364567610138878409e-03
4.473413231178042793e-01
3.153257334892741182e-01
1.952969465797798065e+00
4.958001067652150873e+00
-4.232083782056660914e-01
1.820220323583437994e-01
2.646024994057180266e-02
1.623534342642147132e+00
6.296480524973800286e+00
3.144530793724722995e-01
-3.360570800306431072e-01
5.253501122054895361e-02
1.606947332635027426e+00
1.854831865759901444e+00
1.789149134533458974e-01
3.194526940259235781e-01
3.893646862297074351e-01
2.392888334982862464e+00
4.277582430023318949e+00
1.729997157013149142e-02
-1.714152544572583592e-01
-4.772970791897418463e-01
2.373813874018895209e-01
1.127814107797335152e+00
2.295946275434254114e-01
1.770608681301780729e-01
3.796083452809635994e-01
2.559129755088652480e+00
3.941425187159248278e+00
-4.608040857814608149e-01
-8.327937462207543606e-02
-7.068736249773745900e-03
1.761815856810372116e+00
4.522132323884034966e-01
-8.649688092515671334e-02
-1.866600733974360105e-01
-4.201374204571854398e-01
-4.413339492831781508e-01
3.990202541995188312e+00
-3.910848811987793217e-01
6.860997353514748653e-02
1.335036188726730355e-01
1.954127932288080904e+00
1.581577270309933447e-01
-1.535066139782918261e-02
4.727752119052983648e-01
2.190182625239013581e-01
1.881424168368685201e+00
4.699428511044669854e+00
1.168431060069818755e-01
-1.627033036173007656e-05
4.594528825566270847e-01
3.240066283042262185e+00
2.842539600356045248e+00
2.933526286524803517e-01
-7.785771953430264958e-02
3.826826771027227458e-01
2.711127500055128703e+00
2.785289603222666166e+00
-2.542420491839467722e-01
-7.501210343868462693e-02
3.126679914794002202e-01
2.431765733211223690e+00
5.042881587663280429e-01
-6.553622521359188380e-02
-1.289837570359889662e-01
-4.708634047693036617e-01
4.349221285727866704e-01
5.537942240565977281e-01
-3.199541868546936785e-01
3.482106209176996647e-01
3.297142471986796997e-02
1.632191875985323781e+00
5.919922298678921280e+00
3.979696569156686986e-02
-1.923494301622538927e-01
-4.771901712883304669e-01
-1.758513619590851840e-01
4.502012035652676047e+00
-4.852508114961259778e-01
-8.427506788997828069e-02
5.747994574332056239e-02
1.832530202139417863e+00
5.722241761732800303e-01
-3.518841127697746596e-01
2.603827394768861575e-02
2.403660405887724227e-01
2.198498338249826656e+00
6.335469469484894312e+00
-9.208141139694837884e-02
6.561964068716674703e-02
4.289235282241525282e-01
2.976274157934444275e+00
5.881772498736408394e+00
4.188360142495650175e-03
5.124566789849761550e-01
-1.072039037349216128e-01
1.396307667546087039e+00
5.083922807911582353e+00
1.653632693308473151e-02
-5.083457820962012930e-01
-7.594187886962038003e-02
1.237776511605122254e+00
1.689031283592094423e+00
2.175371071009101209e-01
4.701388654587251859e-02
-4.897500522796761069e-01
3.629162109388562873e-01
3.657171309008273585e+00
-1.528957105574251796e-01
3.928280923182010387e-01
-3.364477900778777286e-01
8.126532620196439405e-01
4.980831570197208791e+00
3.879692254707384769e-01
-2.360156547124176718e-01
1.491446966792200346e-01
1.830354777846425307e+00
2.121847057620039223e+00
-6.531595393473027880e-03
2.911124107921449489e-01
3.865652436035181827e-01
2.446618587772033671e+00
4.802078860527622339e+00
-8.691518180324657450e-02
-1.044446049314032149e-01
-4.837260097329398878e-01
3.548418366588547146e-01
5.995317824187003097e-01
-8.036459257528277833e-02
-4.234745951870556580e-01
4.183102509188580537e-02
1.521063404000557728e+00
1.577981138678084649e+00
2.213974516185519131e-02
5.010406576351122965e-01
-1.978624335163444437e-01
1.398145169441958213e+00
4.359444855662930607e+00
7.878024674630541846e-02
-3.174724101371186324e-01
2.129837707182644091e-01
2.147691022724897980e+00
1.821300094423201399e+00
4.094607962340016116e-02
-4.310960917423106165e-01
8.920134593381177923e-02
1.913384899983102905e+00
1.442838959899902074e+00
2.075747798608910955e-01
-1.693059440796435833e-01
-4.487278077654677788e-01
-2.622092347130352552e-01
5.517063467601865057e+00
-4.719497830262772697e-02
-4.431462473699800397e-01
-1.430813241555772275e-01
1.145936895210687423e+00
1.204480323444464318e+00
2.343918401962093723e-01
2.810682674970026440e-01
3.020457519238372024e-01
2.296801005890785508e+00
3.790133708688411041e+00
-2.690429869546661634e-01
4.243367492113369610e-01
4.186445080689126658e-02
1.594001340137849665e+00
5.625581029034471214e+00
-2.439563285767533951e-01
1.104910497784536948e-02
-4.474638437774246524e-01
3.437504201435993001e-01
6.125993283558873514e+00
-1.299702558574884204e-01
-2.306312659129419462e-01
-4.039610576598455793e-01
6.364374512056260036e-01
9.326541552741675067e-01
9.212727211578346231e-02
-4.632439849677705279e-01
5.145274673236410745e-02
1.406664801260373743e+00
1.495081292545450635e+00
5.657460054763564505e-01
8.337786560853134576e-02
3.840848648163044249e-02
1.802013152788433104e+00
2.965033530491191893e+00
-6.971534540585204442e-02
2.395098533233770699e-01
4.101494635353815643e-01
2.564449983113504139e+00
5.359616422264098290e+00
-3.296141615685869719e-01
6.508313560409435816e-02
-3.215974661122796840e-01
9.876208200325458098e-01
1.462419886620365539e-01
-3.398216671005077072e-01
-1.735774747004037721e-01
1.442388299473063018e-01
2.022962982692700251e+00
7.506276553118935713e-01
-2.262539945301381417e-01
-1.003856203507573625e-01
3.459314063537624606e-01
2.687132164818045510e+00
6.100911900857621806e-01
-2.518338506997579163e-02
4.094284186948525250e-01
-4.019140601198072926e-01
9.692374640456465906e-01
5.126537808127317852e+00
1.529070681131025622e-01
4.070258660422557684e-01
-4.215179258360238213e-01
1.043406874045712307e+00
4.810605970048078106e+00
2.792764675923266049e-01
-1.886649663866643289e-01
-4.012055613945650911e-01
6.407504841696315401e-01
2.284243400024101867e+00
4.465331538693890351e-02
1.295568089318205052e-01
-5.282363340196160051e-01
3.748394971606981985e-01
4.980250063188077725e+00
1.887928122709653031e-02
-1.264762347916994767e-01
-4.880060530691004983e-01
1.228375013384089831e-01
1.287759624776099399e+00
-3.585675704674166631e-01
2.369988471361713506e-02
-2.296949461345247911e-01
1.261829915525932488e+00
6.662899030999993144e+00
4.389628694124247943e-01
4.668609478640579208e-02
-2.711344780454302827e-01
1.008727740067865586e+00
3.014863787106462745e+00
-4.356413342687827095e-01
7.164900531998949496e-02
-1.190183562980769248e-03
1.628818769473241002e+00
2.819837545109686872e-01
1.779795749195916266e-01
-2.947284793341798936e-01
2.342865486401514152e-01
3.811038041426195289e+00
5.142106121168481536e+00
5.103021604566724267e-01
2.434779244185638625e-01
3.196562353826931657e-02
1.649878824531359145e+00
3.193770140795803680e+00
4.706629879876639833e-01
3.223858376672817383e-01
-3.888935183235780330e-02
1.549796064296360187e+00
3.382309964727787666e+00
3.541590957717628552e-01
2.429398817151937062e-01
2.594977414501427604e-01
2.143533637546397141e+00
3.558707328097545641e+00
-7.059015237456185698e-02
3.248516621761183831e-01
-2.957926020775255016e-01
1.240813883064716183e+00
4.821485272940537747e+00
3.665789890842365284e-01
-3.159731519167187086e-01
-2.212078034176290509e-01
1.159147020452010013e+00
1.842564433966919379e+00
6.787766303559011893e-02
4.350221467879044068e-01
-3.815659448908925722e-01
1.024107934453943436e+00
4.407408206052596533e+00
5.623355589369610774e-01
3.590323291158264984e-02
-3.943335107656127658e-02
1.764241449203981071e+00
2.918103066066626283e+00
1.990243381088926400e-01
-4.205549014028334698e-01
-1.319903540057425495e-01
1.026876268306402773e+00
1.601486909884191734e+00
6.053563274657317722e-02
1.600185196972121748e-01
4.537151324687080378e-01
2.691222335749811734e+00
4.753542576570120914e+00
6.548980899747794404e-02
3.757548541009838594e-01
2.981938793355161654e-01
2.166131386743447518e+00
4.808690033936676933e+00
2.237148048901572706e-01
5.571353924580899619e-01
-4.854040965496749654e-02
1.632151273293545701e+00
3.983228637748563283e+00
-3.908271984050822323e-01
6.865447846194031034e-02
-2.226221132328245200e-01
1.191707592180738962e+00
6.387690509424924556e+00
2.083645616372271914e-01
3.318257180534499584e-01
3.640634175856373167e-01
2.272475677890750667e+00
4.154433476358946109e+00
4.338281158558370820e-01
2.710286987784674695e-01
-2.584514813971137692e-01
1.125880715181921454e+00
3.492191773007581546e+00
-1.941275572911212444e-01
-6.043536995890795571e-02
3.859652652651799354e-01
2.623734396792940515e+00
5.088176655459401010e-01
-4.063973255855362621e-01
1.042379979729970985e-01
1.666780243939469386e-01
2.027912697117247642e+00
6.403868588709131338e+00
-4.161124579249839694e-01
-6.963136879079909539e-03
9.209225865992744231e-02
1.919751511958639467e+00
3.507818853704784967e-01
-9.760303582494131436e-02
2.448151720952721766e-01
3.773474145937715241e-01
2.363709005473277447e+00
6.082017273358806264e+00
4.047055045860514094e-03
8.984024937681420186e-02
-5.259915857239962911e-01
-3.213466885468889145e-01
2.037915745699601544e+00
1.051505919145415552e-01
-2.953438643919594764e-01
1.679963828363316147e-01
2.149018584112421415e+00
1.678344340914072363e+00
2.031275039874286814e-01
3.538762784547622164e-01
2.834958319940091287e-01
2.220049277589485559e+00
4.179875831751482806e+00
6.155866460244453081e-02
4.849401231628300279e-01
1.105333132066019936e-01
1.767537494834072298e+00
4.368120374455621402e+00
5.366207670157728815e-01
-2.231832540893381178e-01
-2.499277527340531754e-02
1.423040489739748171e+00
2.312400022779633968e+00
-1.748397144262794356e-01
5.236070198264590747e-01
-1.413617011311439076e-01
1.077340227712546117e+00
5.490275486257271353e+00
-1.654120334851003904e-01
2.167867091924620959e-01
-4.627409284477396190e-01
6.633387944240167755e-01
5.772361911366874487e+00
-1.377357294230926454e-01
2.466119101169488015e-01
2.859743052768123350e-01
2.088092802519556201e+00
4.998172619417829310e+00
-3.869512094262919089e-01
2.020971388890407949e-01
-2.120065233825326190e-01
1.282937180847224523e+00
6.275431622645612606e+00
8.453246369643262204e-02
5.250642145858351872e-01
1.404522186647897963e-01
1.894233246636911172e+00
5.070493967669323254e+00
-5.457983413000323629e-03
5.087783154790023188e-01
1.268086067066256095e-01
1.684157025575415911e+00
5.054834644481879913e+00
5.478857769484248713e-02
9.419269025620477173e-03
4.806866592760412060e-01
2.872925170950285434e+00
5.303213309982031554e+00
1.023877643885604122e-01
1.932851758694334732e-01
-4.944466076959753709e-01
4.765663588054314115e-01
4.290378683851531427e+00
3.578905419124721043e-01
-1.878399590500121896e-01
-3.022415274693175946e-01
8.569963989348915456e-01
2.285332154483850076e+00
-4.029428129674860193e-01
7.988013862894405293e-02
6.957365515678962109e-02
1.806227141196203423e+00
6.438494162038677082e+00
3.705770469207915196e-01
-7.074075400585341789e-02
3.706816260334635516e-01
2.528068092485658891e+00
2.673863845325880284e+00
-1.355205874133182664e-01
1.866961425101171246e-01
3.871589160667775475e-01
2.545419575575011528e+00
5.615892941103338920e+00
4.937118353275220597e-03
-3.498594599540814643e-01
-3.100945087373950249e-01
6.922449550734696144e-01
1.479278475713797114e+00
8.878471319534735062e-02
-1.509374414660815365e-02
4.755304108384642570e-01
2.895773680740553857e+00
4.128417221699521633e+00
-6.006229318477521867e-02
3.081785082335079529e-01
-4.422093906563753785e-01
8.187372305195392830e-01
5.085528658503051247e+00
-2.241167419833538232e-03
-3.247920269044405894e-01
-3.641089755325624400e-01
6.476236279837476184e-01
1.483496629530795197e+00
5.982969230273687405e-02
-4.324894023596925763e-02
4.752233901707567099e-01
2.894531769223819495e+00
6.237032895456626314e+00
1.288211481597179575e-01
-4.482223774880062517e-01
7.382969417410895074e-02
2.028278679596687173e+00
1.555096465963060393e+00
-2.667212889818912913e-01
2.516389856222842059e-01
2.330291410425378851e-01
2.170178301250845099e+00
5.864011509199610117e+00
2.758795077413699337e-01
1.395437977338119528e-01
3.806985615190119354e-01
3.734597444318338511e+00
5.627121772328458338e-01
4.531248664967947870e-01
2.235209167229694482e-01
-1.868608154953489975e-01
1.280585444921590543e+00
3.352994232123994500e+00
1.061760488519501167e-01
-2.769479347033121375e-01
-4.026810352707542173e-01
4.485905283107149977e-01
1.768420691609557949e+00
2.357543049023153592e-01
-1.267174792743212819e-01
4.090316447489751317e-01
2.761462302338663743e+00
2.660006539417657301e+00
3.076769838580355881e-02
6.543349436361941551e-01
4.634227350302168313e-02
1.528730372231722479e+00
4.378289702982970155e+00
4.003712200417007816e-01
-1.799020108339997037e-01
-2.543669086997391582e-01
1.019017369692000186e+00
2.359189491015708295e+00
4.756644553075273785e-01
-4.732398196719246608e-02
2.106195857536126426e-01
2.260126844297065674e+00
2.967747927299117183e+00
-3.405728505441299458e-01
-9.829317378728612276e-02
-2.247329306881655497e-01
1.128002361883770455e+00
5.428653617636756135e-01
-2.163671185783156425e-01
1.597087697428276609e-01
3.922134816362616849e-01
2.557458962128029256e+00
5.833681040476936808e+00
-2.485892892214524030e-01
2.799929560151153685e-01
1.493832448359180831e-01
1.907609027765292176e+00
5.847485251727591482e+00
3.055442339380127770e-01
-4.220370624722128428e-01
-4.694558485933067460e-02
1.845241591536375569e+00
1.704385942381504204e+00
1.717064213279141660e-01
-3.223778420186680371e-01
-3.519627172166499007e-01
7.107871685336194512e-01
1.829830857672969158e+00
-1.144748665652162156e-02
2.850977200595949945e-01
4.108996961763088374e-01
2.545808735049752691e+00
5.158374767007377848e+00
-4.411014278200396377e-01
1.432617881114073288e-01
-5.417980524191288311e-02
1.393943793942219012e+00
1.423048296494435483e-01
4.652542737531845107e-02
3.757477675254858873e-01
-4.140437184375675983e-01
9.135329297343549593e-01
4.753807863387365273e+00
3.466529910280761236e-03
-1.050999705536825035e-01
-5.011268432293853881e-01
2.664517727985822315e-01
8.012614175350816215e-01
-2.423516955604908263e-01
-1.883077232998679740e-01
3.130562817734289238e-01
2.443004648863870809e+00
6.790213308155074179e-01
-3.146315775452223629e-01
-3.612163338768930032e-01
-4.758545792415231485e-02
1.299563516655743323e+00
1.170858091761698416e+00
2.549653172648425614e-01
-1.650241554512736630e-01
-4.307120747968451457e-01
5.581107940967475756e-01
2.308452782027026640e+00
-3.366388780826973792e-01
5.594446258127958559e-03
-3.135517583970484634e-01
9.395893608954257736e-01
1.225576275149849181e-01
-1.462446972737749540e-01
2.679681431314736573e-01
3.375160966430694742e-01
2.422487323920897495e+00
5.495025563611907415e+00
4.737696780807375552e-01
2.808143275015960172e-01
2.139752646189034546e-02
1.745953852726620514e+00
3.390855798982874258e+00
5.174284624556663159e-01
-1.322304555640334556e-01
1.187048515465890935e-01
1.990810392335814472e+00
2.339332689652736441e+00
4.664618081000894700e-01
-5.772651392474412863e-02
2.364261289894591112e-01
2.283921677628274249e+00
3.147066087550938640e+00
2.328811618883148693e-01
5.201120121731813706e-01
-8.577165171333453464e-02
1.537174393548063733e+00
4.781473074262780898e+00
-2.141244517324205066e-01
-2.129664453001560986e-01
2.738078531686340966e-01
2.432962467947500595e+00
8.207597877181337376e-01
2.224105036130334390e-01
9.763550106059674938e-02
-4.732141605726127298e-01
-4.317258979714203582e-01
3.754516595321905625e-01
1.203629794145898296e-01
-4.855045313471482299e-02
-5.303603084736855378e-01
8.728308068855669677e-02
5.424512064768444830e+00
4.145775953520277612e-01
-2.269906214248139653e-01
1.208402359363330569e-01
1.657298461620499985e+00
2.197448878254560256e+00
1.319658000620783228e-02
3.488797615558879572e-01
-4.973042431873847535e-01
9.409779663604770361e-01
4.967219408567024708e+00
1.683964262120356617e-02
5.623868517952127499e-01
-1.197186353215019990e-02
1.538246393318194238e+00
5.228989779744798838e+00
2.467205583223125442e-01
4.358307677002852543e-02
-4.876851482565523477e-01
4.198353569974203059e-01
3.182365632706430691e+00
1.557572118644033610e-01
-1.736755908347067112e-01
-4.388133617162677247e-01
3.572835941534920901e-01
1.995057196207264516e+00
6.126944786029740048e-02
-5.033974029549183049e-01
-9.178715299557382856e-02
1.150864704364208180e+00
1.724217592516261721e+00
4.249708087118346800e-01
-1.949541675547188102e-02
-2.102960963376671322e-01
1.077956144139210704e+00
2.812864968178577563e+00
-3.006484321666606091e-02
-3.484873106244771312e-01
2.203660599866571201e-01
2.292493208008246963e+00
1.323029044486377481e+00
4.557848470576588151e-01
-2.400191182795595179e-01
-7.715127617167988339e-02
1.455498123349938888e+00
2.159663485497693269e+00
4.605480791448927080e-01
-8.875875067258383322e-02
-2.537419036957770380e-01
1.033489918675412511e+00
2.669438112061925494e+00
-2.261665587822679346e-01
-1.193808119216027003e-01
3.243745546763059928e-01
2.522159227148148553e+00
5.302250929739750207e-01
-2.407487112689538356e-01
4.630512696467553591e-02
3.863836178807994459e-01
2.590166339300450371e+00
6.974375596870772964e-02
-4.080753246626580011e-01
-1.827544593465281822e-02
1.255361139667016679e-01
1.922615606029706381e+00
4.508306981329973651e-01
-4.197975872882181436e-01
7.486310814150820558e-02
4.031675072578602692e-02
1.726534810916397378e+00
1.764472103834033023e-01
-5.128068714797040517e-02
-3.594097406843369535e-01
2.554979644543445838e-01
2.004342592743833862e+00
1.672256060369315289e+00
-1.712217660288611887e-01
3.568934269449148267e-01
-3.121969207894009224e-01
1.210841463002435558e+00
5.099399238626347142e+00
-1.446121575019503891e-01
3.575051222444090571e-01
3.327114809753252689e-01
2.253904200174048800e+00
5.351370183431385819e+00
7.779252277417519901e-02
1.041782210044777113e-01
4.873128082950446416e-01
2.643480543608575761e+00
4.582549981476538470e+00
-2.481386485949977350e-01
-1.486095867088964295e-01
2.456128580778162152e-01
2.337434831648749878e+00
6.974227233728163000e-01
4.135926058049633203e-01
3.835812784308055279e-01
-8.896971691464934662e-02
1.543760843029147400e+00
3.522292018328764041e+00
-8.368757805687720985e-02
1.052650052027663263e-01
-5.008560465766059844e-01
4.939161759814433283e-01
5.717851850451726392e+00
3.663368358371791866e-01
-2.957080116330630948e-01
-6.196064635714756963e-02
2.130461641088544855e+00
2.341255065090432463e+00
3.879386104519624290e-01
-2.963737095258738852e-01
-9.474613052085277543e-02
1.394988430099259880e+00
2.019468593478091378e+00
2.250040565398662429e-01
5.164298477845442603e-01
-9.701540932575095089e-02
1.533686489170505762e+00
3.886323171614236571e+00
3.326827263499002041e-01
-1.471821940061977807e-01
-4.059284210270762139e-01
7.242431631296067929e-01
2.523990668024256312e+00
5.282092033515359830e-01
-2.348119982093789873e-02
-2.769577388739851154e-01
8.218285849063537984e-01
3.378747230223032805e+00
3.708938544370563029e-01
3.435059541409591910e-01
2.258696955328925449e-01
2.150661469530836811e+00
3.738794762629114921e+00
8.720773652358335126e-02
3.518729390453813610e-01
-4.369993686355693185e-01
8.152289819043072594e-01
4.618321840005421564e+00
7.840077169676974711e-03
-4.165675688262542864e-01
1.147728750924547902e-01
1.586717648790181512e+00
1.127475864817259810e+00
-2.934377910373862086e-01
4.987063621656838697e-01
-9.581069996997534921e-02
1.439254256071786697e+00
4.783454507576277770e+00
6.939935361611009046e-02
-3.955427672543284090e-01
-2.453587822871125257e-01
8.739702853143428429e-01
1.491073651203753458e+00
-1.475216072907682696e-01
-1.823230982540809952e-01
-3.731477772791917391e-01
6.736847361159720160e-01
7.376153176558880586e-01
-3.978470345528200003e-01
-6.013744167456518824e-02
8.559325478752780048e-02
1.740200521371676912e+00
7.232909784165669764e-01
2.707508681088455771e-01
1.387787078305152966e-01
-4.678024648659257489e-01
5.744825014972275712e-01
3.528973048792420020e+00
3.560675032470780321e-01
1.160353518719218768e-01
4.230257230796220513e-01
2.835614577396248670e+00
3.746532787522751207e+00
-3.437375182832234088e-01
1.855625518025821319e-01
2.087842874222953227e-01
2.072373199461780224e+00
6.092745407624524212e+00
-3.420759010294365798e-01
-9.444295273630805287e-02
1.957200572453078324e-01
2.149183040377024234e+00
5.694211742485334460e-01
2.443607633835566395e-01
2.876354516849147780e-01
4.399115554302254205e-01
2.325714108038607897e+00
4.014684478749213525e+00
7.290484585959033925e-02
-1.551900098564398291e-02
-5.380023347141305035e-01
3.241878158904496487e-01
3.382688528929058691e+00
8.124787854167973833e-02
5.462108399694245442e-01
3.547625997806802545e-02
1.752487835910241154e+00
4.955417232631184277e+00
-1.304584366181150458e-02
5.384471659550257305e-01
-1.436644861575455956e-01
1.335320858628883833e+00
4.508641026369319960e+00
-1.403772846790647122e-01
2.254460893007296796e-01
4.055812001597629002e-01
2.491719054205655315e+00
5.727320900634621736e+00
3.253188458478237788e-01
2.945226874119727944e-01
-2.299071920519266121e-01
1.131108048370863539e+00
3.648851024445428415e+00
3.051078634051495042e-01
-3.880749120583197320e-01
6.537616567767856601e-02
2.153810764912907683e+00
2.277902720860013108e+00
1.267920897530794011e-01
3.957379194668262379e-01
-3.910347856279381418e-01
1.041867791035333557e+00
4.795360179475105511e+00
1.913710227636000460e-01
4.967087297141805635e-01
-1.127186133996403716e-01
1.400497073846869389e+00
4.105227151671587471e+00
4.432923088085200525e-01
4.124959777556698737e-01
1.193924185049027586e-01
1.935528933546110109e+00
3.646783149990842077e+00
9.518235679413619699e-02
-1.704864120632814117e-01
4.093725403455463763e-01
3.469575075945741105e+00
4.809262982708331080e+00
-1.585341504879506647e-01
-1.577122637250754356e-01
3.235084113865737687e-01
2.593142200282656962e+00
8.475596678718946286e-01
-3.334798515526688489e-01
9.494595225699027641e-02
2.161285858445427532e-01
2.146586612178992048e+00
-1.182556248371797146e-02
-1.651193320761924210e-01
-4.081852882286271522e-01
-3.632314005775277854e-02
1.582338788591083789e+00
1.534019985046325640e+00
4.698313594946871286e-01
1.030174474436044941e-03
1.326033366215692566e-01
1.940618239192202221e+00
2.814090631263047815e+00
-3.769622759210343177e-01
2.127640461429707308e-01
-1.147387551615678958e-01
1.468909917824370082e+00
6.201778143444749425e+00
-3.673025503697899263e-01
-1.986673051363438691e-01
-1.357059797096558384e-01
1.191428170534047037e+00
7.060625885179014904e-01
-1.513130971067533637e-01
4.202186118123497627e-01
1.838702511209580892e-01
1.895598226268228936e+00
5.487576405811025460e+00
-3.912606915439809097e-01
-1.504451295785782794e-01
6.372214705610833828e-03
1.546132493915672645e+00
6.817195690274857611e-01
-2.823715303710793156e-01
-2.838648272618687907e-01
1.092990145394463763e-01
2.008135627056550909e+00
1.018323442365345111e+00
-2.913867467686778734e-01
2.890146927980261626e-01
-2.306030517109349809e-01
1.317878600042559079e+00
5.911070120432651898e+00
5.776897507962678452e-02
1.403984737316376491e-02
-5.829235645998860349e-01
2.395948856869622445e-01
4.078522875611710674e+00
-2.256637735890962282e-01
4.177461899160790915e-01
1.419668793955208563e-01
1.800524511902558356e+00
5.597977484712481910e+00
3.620870354259514978e-01
3.714194028768868505e-01
-2.761837298908495497e-01
1.240929162283017639e+00
3.803691901422195265e+00
-2.619006185238176299e-01
6.353154042072210739e-02
3.594107391397701190e-01
2.217985595635503238e+00
6.164294659035114421e+00
-2.375382142391278262e-01
-3.221858162998377795e-01
1.499537452617899225e-01
1.920008625027339821e+00
1.165912627683767688e+00
-3.575569072379743418e-01
2.874069349904910808e-01
4.606894127087178548e-02
1.700832344178396349e+00
6.003968524340091761e+00
1.048788414622684739e-01
4.793124590614915581e-01
2.363515159178002090e-01
1.864746515325754750e+00
4.428912280288879622e+00
-4.150797808032832825e-01
1.861083980770351087e-01
-1.061624653651741619e-03
1.595498911082214422e+00
6.397532107132573920e+00
-3.361428130416204141e-01
4.218241103037473905e-01
-1.237187719154340393e-01
1.207763698222583892e+00
5.811069912317018193e+00
1.890403771650648046e-01
3.164338631632858112e-01
-4.272663016374286249e-01
8.834742433052683586e-01
4.282689174763420148e+00
4.813845323575097757e-01
1.783016344205094195e-01
2.142695291101360533e-01
2.130172997332022700e+00
3.280252328720168808e+00
-3.301384485866494245e-01
2.262217561800422827e-01
1.841697269505061796e-01
1.969091327055530138e+00
5.976510029484133568e+00
2.278619823030067770e-01
-3.918332110265766444e-01
-6.260171454966839688e-02
1.997512098862228358e+00
2.072662999118936700e+00
-9.262280199591819974e-03
-3.198951722547218601e-01
2.967322897603467680e-01
2.443071588588531018e+00
1.530682167267550353e+00
4.713303993967236649e-01
1.734846544612186625e-01
-2.671522996489372748e-01
1.094168147454510409e+00
3.246241317610093713e+00
-3.231855124053498174e-01
-1.170017256063371341e-01
2.039786055389225250e-01
2.176915611122586025e+00
4.878260195273652622e-01
4.714009474862578264e-01
-8.094034953784237651e-02
-2.337018062414377984e-01
1.087671367823857649e+00
2.725420841041798603e+00
5.450862868092352931e-02
-1.846423567531304544e-01
-4.545128917125089152e-01
2.806580955331638427e-01
1.534070245655256848e+00
8.397965343387267523e-02
5.484688715637586753e-01
-5.697695149422659505e-02
1.560170934153915390e+00
4.304406665710251545e+00
-1.936265221500400036e-01
-3.232915995676143295e-01
2.051310556208403302e-01
2.214034093846930062e+00
1.149291233768202414e+00
-1.491720072670874309e-01
4.025984771038930154e-01
-2.028525292200224206e-01
1.317991402188143590e+00
4.926388049203708874e+00
-1.116496178324371535e-01
5.122620891509253038e-01
-1.153153666406189354e-01
1.497564452730338003e+00
5.578787760301746168e+00
-2.443968765955788214e-01
-5.445440201242844613e-02
3.385172974960290460e-01
2.449184551088905870e+00
4.542133118644542389e-01
3.471502392764254652e-01
2.516514733794439351e-01
-4.057870363940851988e-01
8.308185289497386217e-01
3.647220543488223221e+00
-3.946507271212733592e-01
1.224386113269658807e-02
2.131963579830267741e-01
2.099408796713517322e+00
6.543042881405739308e+00
3.735044445917020117e-01
-3.196758336685376900e-01
-1.596748839739777215e-01
1.205670005129193090e+00
2.099951568157823800e+00
3.316692166999687386e-01
-2.945382717068242839e-01
1.602415987051229729e-01
2.198842841179385221e+00
2.118761645901214852e+00
-6.819746627183960463e-02
4.884767691320279770e-02
4.493955902284328952e-01
2.747911422349159860e+00
5.460370115903021571e+00
1.437968325729065688e-01
-2.708266279856447745e-01
-3.747406585458405992e-01
5.774704522203041313e-01
1.744267086169246639e+00
-1.854650989386109061e-01
1.500223753499702883e-01
3.862142333249571902e-01
2.613619549614033311e+00
5.896029313103672287e+00
2.957112325892549132e-01
-2.283086157158181473e-01
-2.567240301604589714e-01
9.761921648603909540e-01
2.189965157901211157e+00
-3.534044505927590868e-02
-4.536197501213566907e-01
-4.690975736244374500e-02
1.841980073044554134e+00
1.620511710886332724e+00
-6.567139511684397246e-02
9.229250122929137656e-02
4.988847813769964890e-01
2.689218561026093024e+00
5.304676179827998439e+00
1.278283725240140500e-01
1.375541386076763462e-01
-5.001650818173384305e-01
4.341329335237811282e-01
4.268069399599629499e+00
5.581243796851411698e-01
-9.300000670953685600e-02
9.953694711586426325e-02
1.998801384981176321e+00
2.648276208974063461e+00
4.305403576475766991e-01
2.320175674486337214e-01
-2.453878958214583961e-01
1.167310375372142994e+00
3.346340684260054932e+00
3.500634383173967246e-01
-2.486511820920186133e-01
1.965862890287997100e-01
2.174994824963102591e+00
2.231039646293485834e+00
4.347127623091263104e-01
3.488161177878022767e-02
2.748413793709924557e-01
2.291206296601174142e+00
3.253414715129333334e+00
-1.016710661929654119e-01
2.611562430733452289e-01
3.888602042424026961e-01
2.492997255271149015e+00
5.416381068617408090e+00
1.512601052441249483e-01
4.797396884989858501e-01
1.772501021311192193e-01
1.801796122608743111e+00
4.149085820491082544e+00
-2.733586028241881682e-01
3.934792578747656755e-01
1.296435240643233344e-01
1.930449481353121222e+00
5.710077148061850849e+00
-4.942812237449703550e-02
4.742065895280934140e-01
2.148732620967753748e-01
1.880934018222408577e+00
5.132865438302778749e+00
3.256119475106983296e-02
4.621120268840992473e-01
2.830997717880480713e-01
2.026278284001021834e+00
5.141762809128565870e+00
4.133851084055840674e-01
2.362589467099455443e-01
-2.766166696958061166e-01
1.052167490040279541e+00
3.395603542432278132e+00
-1.178566549678252973e-01
2.492632217212371049e-01
-4.432417948873734748e-01
7.022364254015941443e-01
5.603106601835905032e+00
2.762176749545386945e-01
-2.439684527284434468e-01
2.036242289932831406e-01
2.449619030892352001e+00
2.208274363485090763e+00
-2.335355019051876535e-01
2.408519982701509965e-01
-3.748150655490304350e-01
9.501219660686404112e-01
5.827319003934062103e+00
2.527632312922727387e-01
-2.388172188416193831e-01
3.100832156701783249e-01
3.624066251221365498e+00
5.323799009284827299e+00
-1.493912192293003205e-01
2.468174900944575603e-02
4.153540068081507108e-01
2.913893066224690909e+00
5.873000246486593134e+00
1.304514773590295940e-01
4.176650547112347733e-01
-3.429434227980835415e-01
1.104815504466569065e+00
4.278648717699069515e+00
2.546472231577200096e-02
-1.859102341866392463e-02
4.960998696643456607e-01
2.904240462313095072e+00
3.663176969209642753e+00
2.679383708863961600e-01
-3.280446894005873415e-01
-1.130070155865625370e-01
1.494590076581510107e+00
1.768748731519321327e+00
2.575218678496368208e-01
3.280133554684329100e-01
3.206023378379186939e-01
2.048588793045818868e+00
4.323634703831294779e+00
-4.699739432020262897e-01
-7.680142099468956554e-03
5.055857966993929781e-02
1.781923000758199427e+00
3.741927832809799348e-01
4.895648372830493367e-01
1.216186656760718798e-01
-2.160058959168490444e-01
1.194745612701889392e+00
3.058356861203415544e+00
-2.555368791065339429e-01
-2.003518826394662389e-01
-3.261027700286014963e-01
8.982112126265101582e-01
5.113540857498379832e-01
-4.141704379990490126e-01
-1.019288968697507486e-01
-1.734252905648016041e-01
1.184089542799354078e+00
3.956330124299153317e-01
4.775784502024300604e-01
-1.598541276806617617e-01
3.943994716254912297e-02
1.564358170335445442e+00
2.433468333680409046e+00
1.083045610244225271e-01
3.406535599575174350e-02
5.015448277959241308e-01
2.783386339743604498e+00
3.361077660876419237e+00
2.656866903234625932e-01
-1.035543853347499071e-01
-4.430783714421374642e-01
5.099031201181786210e-01
2.556342975294334074e+00
1.064425890565850186e-01
-6.326956037650592612e-02
-5.090458388415787239e-01
-8.826523826996329758e-02
2.843128447928541913e+00
2.476659568582159354e-01
2.384867790126317943e-01
3.982427727437661824e-01
3.804260987080156031e+00
8.575911175407199272e-01
1.783838435627908281e-01
-2.342262365929656531e-01
3.460887944395109606e-01
3.547405365839351621e+00
5.038462535919358665e+00
-7.611028238127394430e-02
-4.058216555796488323e-01
9.201108043169582695e-02
2.034218930733219466e+00
1.427422122836690788e+00
4.363880265650779688e-02
4.076787194284440807e-01
3.360257260780619704e-01
2.220098012339334126e+00
4.867945989914142402e+00
4.549702815310359139e-01
-2.630664705428175099e-01
-6.178779644221480544e-02
1.348986008957397953e+00
2.284199206071646060e+00
1.864228705495048488e-01
3.574749239549168123e-01
2.876005326012441854e-01
1.995204993336159305e+00
4.224985240479957938e+00
-3.553618409521381860e-01
1.346108218800273204e-01
-2.752091065516051871e-01
1.203872530271939523e+00
6.266094082496452167e+00
-4.124097487252541550e-01
9.233595543447058879e-03
1.448449020770328222e-01
2.000550147467260231e+00
2.660194252021483852e-01
-4.052922910034106874e-01
-2.084706764768517323e-02
-1.554062786617220193e-01
1.375750612044112309e+00
5.105903090803920463e-01
2.140460517684571462e-01
9.133969743900016702e-02
-4.891440071468072248e-01
3.945569936918827958e-01
3.464697655863556935e+00
-2.945628494308589196e-01
1.002998518687203133e-01
-3.130940515895471732e-01
9.633875163998080193e-01
2.554402847471499288e-02
-4.121021172471586724e-01
1.197660298441043797e-01
1.213623554796570830e-01
1.817671999789831627e+00
6.983835884305712727e-02
-1.998574025331193160e-01
1.124044628519591839e-02
-4.062544185869322866e-01
6.430434526013306673e-01
2.024980565665384924e-01
-4.485311830730859262e-02
3.949392071558429640e-01
2.725976128952639077e-01
2.156058013926264394e+00
5.142698812420928078e+00
1.764686811571069269e-01
3.308257067556101272e-01
-4.875446010627583204e-01
7.805831145708479468e-01
4.241556307557045713e+00
3.473199790114992469e-01
-3.000400287260315824e-01
-8.266339846675063718e-02
1.431863917308349388e+00
1.965185360719161167e+00
2.748977174018262248e-01
3.360711336468883426e-01
2.386478176583111954e-01
2.107835881416946666e+00
3.863256314085762977e+00
-3.984320457749872535e-01
-1.706843301089770448e-01
-3.567786639880630301e-02
1.472341414208329313e+00
7.203564478436189633e-01
2.790277257183085280e-01
7.185117070242437454e-02
-4.743459251632575757e-01
4.775911571699423264e-01
3.295287847932288017e+00
8.160888123280903017e-02
5.202356301418422646e-01
1.576291939661942920e-01
1.660849244470689712e+00
4.863711374413367317e+00
-3.815473174747660567e-01
7.552098769789296687e-03
-1.820461254205976154e-01
1.238935582296612603e+00
2.507226272795269328e-01
-3.104999600495718728e-02
3.988620947482724999e-01
3.066024239621137348e-01
2.085840266899852136e+00
4.798562230247692462e+00
1.947250517845527662e-01
-1.771292172127652276e-01
3.672592119210665862e-01
3.472771258370228598e+00
5.237116377807413237e+00
9.198886869480005224e-02
4.844765751010038923e-01
1.958210483597521701e-01
1.806166036018221677e+00
4.309036737682720108e+00
-2.666862566515335597e-01
3.691414549390069633e-01
-1.722422606205142037e-01
1.383153040618013030e+00
5.835963991997841660e+00
-1.545712736569857249e-01
9.696219783933272829e-02
-4.223508788272945513e-01
5.381726830018609409e-01
6.106921204790413782e+00
-3.768764052824916111e-01
2.994582211278605244e-01
7.667231175296349011e-02
1.798962845296326440e+00
5.999379927453888151e+00
-3.683339790099568467e-01
1.663046128925419753e-01
-2.896052744421999670e-01
1.139510028606539160e+00
-1.121531740003604838e-01
2.302512142879814538e-01
2.410211239767144076e-01
3.815221695524836920e-01
2.458869361089861094e+00
4.052140478414823832e+00
5.282908845844954682e-01
-1.219252859406201595e-01
-8.672982158599545910e-02
1.627456421460499403e+00
2.449868438313942409e+00
2.037381501178036902e-01
4.321408340016160698e-01
-2.196890765019837988e-01
1.261867447010394550e+00
3.957073257960764590e+00
4.851219827258653750e-01
1.323672744799019585e-01
1.769872773243613695e-01
2.083869560537683796e+00
3.184953631758795645e+00
5.186366387228480423e-01
1.939255438695632050e-01
7.699512581822463841e-03
1.617106664939208072e+00
3.093780548419605925e+00
-1.318836858178282778e-01
-2.828826167456852114e-01
-2.036290592251487896e-01
9.680555980868751353e-01
1.172239313019477036e+00
-2.502059074833875019e-01
7.515329266416577447e-02
3.699049867214410092e-01
2.481514960357207311e+00
9.017393056529784956e-02
5.095113913145136175e-01
3.278158762698104439e-02
-1.476720582527042691e-01
1.299174685027556508e+00
2.894823795914181375e+00
-4.498686304566570371e-01
-1.748514803328881165e-02
-1.072458435699739365e-01
1.621041238984593624e+00
4.400340361437251047e-01
4.122869896546739743e-01
-1.935554286767310894e-01
1.335444613941965952e-01
1.784227391301793419e+00
2.202392421736269146e+00
-3.322742136940867730e-02
4.789104348056852922e-01
1.898825740932296446e-01
1.810245780438233032e+00
5.116215453561601123e+00
-4.609548475226232789e-02
-2.735115698745035351e-01
2.743756791251326099e-01
3.730778412012788259e+00
4.535666169660366620e+00
3.585587606490250323e-01
1.965766292010165950e-01
-3.831233017322301926e-01
7.864754527750559276e-01
3.510856306694975171e+00
1.583207138669531777e-01
9.868883020439656040e-02
4.591024139494881973e-01
2.685736640857915969e+00
4.226799442949429775e+00
-3.833273270053145776e-01
-8.922059322831596417e-02
1.986043881202776140e-01
2.103493397076013238e+00
5.125894160850489323e-01
7.602474986811417861e-03
-3.844241580402370240e-02
4.700325536917544511e-01
2.801877025647058428e+00
-3.221571834560353620e-02
2.276006831131565378e-01
-4.203481664696500641e-01
-1.025073743992771930e-01
1.369277674471688133e+00
1.524051546703497184e+00
4.426587939532673488e-01
-9.279541964948563593e-02
-3.562912188745929742e-01
8.694542198574010117e-01
2.617656604979329504e+00
4.514502430155891144e-01
-2.850996210449911472e-01
-1.463159087782268941e-01
1.297275507467929634e+00
2.065671608077919164e+00
-6.315482352150303402e-02
3.960955196824317848e-01
-3.160989556203752104e-01
1.080017932575108031e+00
5.303904429623436556e+00
-3.334020018544158748e-01
1.786144520990518292e-01
2.520884632892431698e-01
2.172292990350917385e+00
6.065857155927171895e+00
-2.729608681387691305e-01
-1.646672942949143903e-01
3.051615509399987491e-01
3.909131937830216064e+00
3.853955336103985552e+00
-3.390419070012269387e-01
1.989509011306038744e-01
-2.783212264961844040e-01
1.200406390107089827e+00
6.110228278668676793e+00
-2.982897796888372421e-01
2.034002303592138960e-01
2.297265374661546233e-01
2.140875361585750092e+00
5.993920621478575406e+00
-8.799173348751601620e-02
4.056213036701651897e-01
2.547464609220876364e-01
2.023893610418344480e+00
5.274238760126708669e+00
1.582670036069306896e-01
2.430686830436610824e-01
4.203210519081625463e-01
2.448283233641061596e+00
4.296627780176708100e+00
-1.890891134177376809e-01
2.610182714277293689e-02
3.892771153973333953e-01
2.618380431853156054e+00
3.814451575834325054e-03
2.683069712089856673e-01
-1.610884569982388714e-01
3.476111365971372713e-01
2.687242267622722114e+00
2.389670563676097537e+00
3.956633433470069239e-01
-2.285312278160833432e-01
1.102875169043697895e-01
1.736638412498610062e+00
2.117938915674734357e+00
-3.097517774242468658e-01
3.427143559871861922e-01
-1.281272109192924946e-01
1.518473051712622590e+00
5.821507061396671290e+00
-1.873208703096129468e-01
-3.920790869815400370e-01
1.066138048880189287e-01
1.861195602699639240e+00
1.384991644932562549e+00
-3.930716585699801646e-01
3.771584234715516515e-02
-2.442680876240796162e-01
6.948618924921485807e-01
6.169743910762822914e+00
-1.704456694839714126e-01
1.974232106950978838e-01
-4.279045003288224347e-01
7.183029327967932476e-01
5.805260492081280255e+00
-5.144864792499052181e-02
-8.270183371469320976e-03
4.597114553456113084e-01
3.576389752111926335e+00
3.041945667689686328e+00
-9.638934249836300650e-02
2.074079575241083995e-01
-4.596602987176046096e-01
6.135021043808029928e-01
5.649463790976274602e+00
4.661658446790826749e-01
-1.493940300786834041e-01
1.031577689427672778e-01
1.679157666375416635e+00
2.378597128921274173e+00
-6.551106046793274233e-03
2.850716008258553091e-01
-4.591816471442350944e-01
5.697868995069355069e-01
4.786060611857026359e+00
-3.862454197417914403e-01
-2.326920313362710602e-01
7.175604123140028046e-03
1.805098662352718542e+00
8.075462641203227099e-01
-2.541771666603114821e-01
-3.422227234868231438e-01
4.303524489552676413e-02
1.704938324534130745e+00
1.257399641490217990e+00
-1.845175419734506606e-01
3.378230281719877270e-01
2.903193380586828187e-01
2.230686230918781376e+00
5.636277684309472846e+00
1.352531585753419807e-01
-1.452906599873545201e-01
4.323791188490502813e-01
2.819090237314010761e+00
2.599589960337412187e+00
3.877674600053762077e-01
3.174582842858674203e-01
2.825396944929526311e-01
1.988885330996088552e+00
3.888400154721274760e+00
-2.098380353861881431e-01
2.831844914734564789e-01
-3.802214588187214916e-01
9.667144086025105665e-01
5.710910062432987822e+00
3.934800606243386845e-02
-1.894622656613214814e-02
-5.468073548941664308e-01
-2.363972377391690416e-01
3.513050030501673748e-01
-4.747854801346145653e-02
-4.286157522112389873e-01
-1.767989365076507238e-02
1.268710136940377486e+00
1.437094078687302767e+00
1.530162775277888187e-01
-1.375165656092891715e-02
4.622747758931340378e-01
2.713736870637170728e+00
3.076034807763641687e+00
7.225041593911990523e-02
-3.656506402226686880e-01
2.437034001998414634e-01
2.036350222261496867e+00
1.867273257454741264e+00
6.164055462852954248e-01
4.607401785077427925e-02
5.007391599540313848e-02
1.907562208859879815e+00
2.919266678209802457e+00
4.625060697660536291e-01
3.980661875220013052e-02
-2.486511114338032236e-01
1.063987578502949782e+00
2.979523568415276547e+00
-4.026957790379849245e-01
-2.753776087349693036e-01
-7.527964472153715614e-02
1.345814164247738365e+00
9.898944252328222282e-01
2.555093220247739993e-01
3.541782360784199724e-01
3.670851121269628758e-01
2.164198787016718750e+00
4.096843633998711987e+00
4.495132003940651572e-02
-2.960805165713493725e-01
2.542119406608567833e-01
2.250577197099207005e+00
1.699933208481588132e+00
-4.221500307727052426e-01
-1.104728572945062187e-01
-3.188787096371718116e-03
1.603750973566427929e+00
6.529007839614090480e-01
2.253494332648805776e-01
-1.462294618356863030e-01
3.390295763858320877e-01
2.936318843478303631e+00
2.544259304585410497e+00
4.183918620005699918e-01
9.639087284276540157e-02
3.173642510208123935e-01
2.299160000759786104e+00
3.386915093774035324e+00
1.277157937445658198e-01
-4.320985941235594430e-01
-9.915441803668791076e-02
1.478003668813817395e+00
1.319261384960365602e+00
-2.865451341151412090e-01
2.018448260774085845e-01
-3.124682262575763647e-01
1.071773315653728353e+00
6.060260121875024275e+00
3.074649804280087384e-01
4.281160882897296349e-01
1.593834106996029898e-01
1.842202789388421413e+00
3.777651879019976899e+00
-2.625693076936431725e-01
-2.206005772246525942e-01
1.196963747318350035e-01
1.746701707394818781e+00
1.164341397221304586e+00
-3.126741080651146421e-01
3.147994968389792869e-01
8.707195791945640528e-02
1.744017938816731395e+00
5.854749778025687412e+00
1.487238028345262975e-01
1.929077060559134249e-01
-5.076181500132870283e-01
4.683509850143737774e-01
3.960648481001245447e+00
-1.317599918528660763e-01
-5.087927433810752742e-01
-2.305172543671503427e-01
9.651706421411765380e-01
9.825329805542172279e-01
-2.866619681632799344e-01
-3.205349882048884047e-01
5.966069685173257600e-04
1.489393022986097215e+00
1.110691177730257273e+00
3.490315505521113248e-01
-3.867448022463610552e-02
3.732027376548671116e-01
2.591516891292016123e+00
2.796325758649524040e+00
-2.286879724054500795e-01
3.631189441617005964e-01
1.632272407162477512e-01
1.939480156451295345e+00
5.623577028848804282e+00
1.382947953754015136e-01
1.936372204925524976e-01
4.440104843675923285e-01
3.639319432227262396e+00
1.106096576582870750e+00
-7.373895377784879523e-02
1.765731850884036669e-01
-5.360440412801404930e-01
5.572936163213836336e-01
5.450909568769835012e+00
-4.163117344418175714e-01
3.085142650980415152e-02
7.208237549813061029e-02
1.820061974352894296e+00
3.622765234655844768e-01
-2.587982283372177172e-01
-1.335442728520132849e-01
2.499638045863485369e-01
2.340711423009564918e+00
6.874372318499761825e-01
-5.156099447290848903e-02
-3.765486816742023568e-01
-1.954964608783449631e-01
1.005402505635031751e+00
1.490563074302668323e+00
-1.076512695698950278e-01
-1.356025562166014997e-01
-4.219031152923796157e-01
3.408482013652811005e-01
8.475645119147500184e-01
-2.210247735870425057e-01
4.373297369954033953e-01
-1.912078037317516410e-01
1.213017763931391935e+00
4.935731979528590330e+00
-1.255791440521492608e-01
-3.615202354340134594e-01
1.521438319693282915e-01
2.127067112385836456e+00
1.329040346799223782e+00
-1.950621860027035651e-02
-1.890771955795101100e-01
3.912188672439950166e-01
2.898966124879090334e+00
9.592846469190792202e-01
2.056100181747574918e-01
-2.036741321198167198e-01
3.180484916197536260e-01
2.908940216699748671e+00
2.359658991043211529e+00
1.532927564942881127e-01
-1.026367593241196002e-01
-4.834215866926046545e-01
4.291973583246946888e-02
2.578937199862561425e+00
3.497690995526457347e-01
3.332075582257483237e-01
1.463353208761278557e-01
1.948945303146558672e+00
3.721289437471096306e+00
2.653467360319625712e-01
4.642449098863489221e-01
-1.166604037438919994e-01
1.432844034372684039e+00
3.948871898124247437e+00
-1.945415758813674734e-02
-5.143880914616280053e-01
2.395342050078280022e-02
1.983560230199518548e+00
1.322566242589392926e+00
1.753920875910079669e-01
-7.708786447339148473e-02
-4.785462596963354631e-01
3.717598519362340093e-01
2.619928930889510621e+00
-4.463571656113061170e-01
2.437855918953024670e-02
3.462812055318387205e-02
1.765450344950372896e+00
2.743237295251682029e-01
3.619329202516609334e-02
3.992851157053918798e-01
-4.375468984648384074e-01
9.600536864245260427e-01
5.040287975000287801e+00
4.003949077142566759e-01
-6.237099404150547172e-02
2.910628938706634194e-01
2.325711203273944871e+00
2.735476171026899106e+00
-2.631639979128095885e-01
-2.638979158874675268e-01
-1.727472726436252159e-01
1.236605580741005017e+00
7.247459256297271502e+00
-1.709981293225479038e-01
-9.907792346218092724e-03
-4.520623592603961183e-01
-5.602688493140406401e-01
3.191975621266224916e+00
3.573611036300780586e-01
1.357755072574594046e-01
3.963045280445758878e-01
2.521646965187337219e+00
3.587080526484375920e+00
1.380690463925764444e-01
-2.212299881337393415e-01
3.568847619245080205e-01
2.756383785841420853e+00
1.852258060560094233e+00
-3.471785060947992635e-02
-3.134844278263607120e-01
2.696775816041936391e-01
2.425407665571600369e+00
1.452133972805115913e+00
4.565418375561666742e-01
6.891825398651411916e-02
-3.232137921966959371e-01
9.567397120194881532e-01
3.077884786912779891e+00
-4.362598915570102542e-02
1.966509778508719331e-01
-5.619176521581971118e-01
5.405841240896669397e-01
5.348946149689370877e+00
-4.141524320365012612e-01
1.787953073572778329e-01
-8.148390484171069703e-02
1.448856697287871143e+00
3.580506086239131774e-02
8.323991918693782188e-02
-6.653238107206425056e-01
-3.953172218105147767e-02
1.727325491652060840e+00
1.409632307668113871e+00
4.178590529570332390e-01
1.798625533657152997e-01
2.587982094990904924e-01
2.143136466952758834e+00
3.390558929038805402e+00
5.311923181709824471e-01
1.379667884604403871e-01
-1.045781807519346185e-01
1.553469551310537655e+00
3.036173980283893403e+00
1.293760747525631305e-01
5.030534847222919437e-01
1.710491099673075999e-01
1.806845909084681345e+00
4.879846297992161297e+00
-4.050877036066004300e-02
-3.231156316066132739e-01
-2.902352579781580233e-01
7.525335061506875922e-01
1.328152706612342415e+00
1.978132731672529177e-01
1.978176224702610508e-01
-4.649436218737761917e-01
5.958711930682858426e-01
3.886596650393074004e+00
-2.135264058405812043e-02
-2.064963428546895963e-01
3.785940368470784856e-01
2.807231815316992840e+00
1.209511152929642952e+00
2.918353488417148034e-01
3.584428234297742377e-01
2.889642769096503194e-01
2.095982184133331483e+00
4.093397454778215483e+00
3.419699690013325855e-01
-1.900410477455071745e-01
2.326365715212543595e-01
2.351938820433509658e+00
2.314122055866707051e+00
2.872631954302689444e-02
1.155914550518143125e-01
4.722952984904771334e-01
2.718492482134015287e+00
4.848898025427741842e+00
1.725719154818465551e-01
-9.198779491627426946e-03
-5.138632581596275228e-01
3.511453706076070880e-01
3.549908826197941902e+00
3.084250891063624600e-01
3.851331637331007474e-01
-2.456364671992352922e-01
1.166813278026080702e+00
3.833550113412692806e+00
1.273329151431444942e-02
-4.376133067911325281e-01
-1.993932943200849295e-01
1.062369999952891497e+00
1.300954859443649969e+00
3.042449768652547015e-01
4.350990437502096908e-01
-1.945555550556721525e-01
1.161057400605442602e+00
3.891599340953488806e+00
1.729152866737880268e-01
4.035556971479937749e-01
-3.685446238601537416e-01
9.642746291580940321e-01
4.182075245786166739e+00
3.247005406277734263e-01
-1.475398482368999453e-01
3.569534057598908183e-01
2.582846009971343282e+00
2.354344072236957963e+00
5.270369265782827162e-01
5.151331289325529472e-02
4.511008634773503584e-02
1.633095122850507952e+00
2.784356219149221712e+00
-1.326991449570803783e-01
3.163152046385837579e-01
2.991336215495680739e-01
2.287619896279063259e+00
5.530984571175579845e+00
-3.584645608764048252e-01
-9.120333457339681316e-03
-1.326909883597261475e-01
1.325883886741573425e+00
2.867842077398276568e-01
5.236172140104767836e-01
1.248896186825445426e-01
6.326869175419326530e-02
1.903778586543036555e+00
3.127989621963024103e+00
2.830133380878243621e-01
2.604352464381459176e-01
3.937534666057964650e-01
2.375760679586852220e+00
3.795606448265913091e+00
3.249573471238303424e-01
-3.761105061927408899e-01
1.348290052409287926e-02
1.565753057774881496e+00
1.688991829414131285e+00
2.298826305557648830e-01
4.106836850303334230e-01
2.031824253215521181e-01
1.918361617828395316e+00
3.998462739736420080e+00
-2.215389382618908609e-01
2.480550414673405590e-01
3.106683724251182444e-01
2.313135865244985823e+00
5.868514219317744640e+00
2.420675729003253784e-01
-1.810740954677449721e-01
-3.590994713304583308e-01
6.078184252821468014e-01
2.186012560405290461e+00
3.337431756437677643e-01
3.342598100513571313e-01
2.722129067255745771e-01
1.993822879514148161e+00
3.747426846083998786e+00
-3.710322808030244029e-02
-4.453780813248501280e-01
7.038095601034330406e-02
1.476773598079013539e+00
1.211988462422281643e+00
1.796624639030481585e-01
3.373003517899075820e-01
-4.041672193303711413e-01
7.856680172597437783e-01
4.143641472775383860e+00
-4.115483844505378463e-02
4.421804472227177651e-01
2.377098931525044034e-01
1.973087480471580779e+00
5.244785508661645501e+00
2.421034343509017583e-01
-8.040132996100811391e-02
3.978789796357330433e-01
2.867419019218398812e+00
2.830043886443441625e+00
-1.031507045355355978e-01
-2.606335091989292474e-01
-3.220682570187199389e-01
7.286190522860089835e-01
1.077258535369492343e+00
-2.099359768761838718e-01
-2.144793321748746373e-01
-3.073306685308743180e-01
7.441557840903131327e-01
7.856671908168232354e-01
1.057913101690002300e-01
-2.908165697957468820e-01
-3.831273765281670851e-01
5.568840579555621728e-01
1.547238202026149922e+00
2.750807790373347439e-01
9.860390671118310357e-02
-4.721066064423207198e-01
5.404882053748705228e-01
3.373845203571101070e+00
-8.616539320779277589e-02
1.537176617672668666e-01
-5.234483161665696160e-01
5.466570413253516447e-01
5.554787698811845864e+00
4.879143497379275773e-01
8.815566549643003014e-02
1.667941532451280295e-01
2.081530367076315002e+00
3.068457503899107763e+00
-3.234839063610134291e-01
1.116968618610322678e-01
-3.076112349182843486e-01
1.018167182345643518e+00
6.287568933924962522e+00
6.851517626433198394e-02
4.743688176790120115e-01
2.049956762044695957e-01
1.887254732043217142e+00
4.534436875865823779e+00
1.229464769741727276e-01
-3.824210854660023418e-01
-2.619728608013305871e-01
8.196013054920164853e-01
1.608260259054955288e+00
-1.478752322500763994e-01
3.940868494000214772e-01
2.048715526681628707e-01
2.019011436653384894e+00
5.446065140775319335e+00
-4.102684555383128151e-01
1.190400805639499626e-01
6.321731627040352852e-02
1.745799148624324282e+00
6.373334170204921101e+00
-3.828705321014422847e-01
3.474642042823692933e-01
-1.596835400556142689e-02
1.617289550319868541e+00
-2.156940023766689141e-01
9.819612438422316292e-02
3.002913727216739992e-01
3.836252249490985089e-01
2.366433609392225357e+00
4.507601382868992701e+00
2.281009632358982353e-01
4.763400382664694233e-01
-1.309202860110229294e-01
1.342625938966837351e+00
4.023289555197392176e+00
1.511320610382196339e-01
3.789204170879416633e-01
3.662965255349212579e-01
2.280622809481276825e+00
4.293064156139521970e+00
-4.098572777591975025e-01
2.674798699834557425e-01
3.772199159411384478e-02
1.733454237339760784e+00
6.235319872911664341e+00
1.219429943842102182e-01
-2.605754123687245571e-01
-4.126378795475977856e-01
4.176049179027757075e-01
1.827880799207282747e+00
5.505113999207833508e-01
-5.719516018656668060e-02
-1.937256099498567419e-02
1.713508297601469499e+00
2.645142207995521133e+00
-1.157823038314766961e-01
-1.570650144443442031e-01
-4.325483159473685335e-01
5.202955019830319827e-01
7.881354300318876849e-01
-5.535429377640757598e-02
5.090046411230549905e-01
-1.642170464461928103e-01
1.454106960743015708e+00
4.628500153984457022e+00
1.153348664852645589e-01
2.031331020023448841e-01
4.440453388931927536e-01
2.657355856697663832e+00
4.381315521160592752e+00
4.960828680890698728e-01
-4.651825896661493376e-02
-1.665013602555286409e-01
1.431044140402029097e+00
2.512375783977803145e+00
7.661289877751414901e-02
-3.293934749738227641e-01
-3.296094657740401557e-01
7.554297860834269240e-01
1.658466419322399021e+00
-4.746820361424362172e-02
5.174914281790556903e-01
-2.144441966006113143e-01
1.024190634899400987e+00
4.617202262228012444e+00
3.149219293659760166e-01
-4.375066842814288870e-02
-4.468704267855848067e-01
3.418586610371833756e-01
2.980047828531039222e+00
-3.813815052902704839e-01
-2.965942313447178166e-02
-2.433185209780281411e-01
1.019657214102059672e+00
2.870169592450240170e-01
-1.019807819612894711e-01
-2.141867260924675276e-01
3.605102434356765584e-01
2.825364117494382654e+00
8.582538480761129351e-01
-1.434221930051007843e-01
4.959363849473148456e-01
1.051827368891816022e-01
1.861200878707679474e+00
5.358087918006870787e+00
-4.774317686524929827e-01
-9.585283449276342516e-02
-5.548588318079048648e-02
1.699627511270827895e+00
5.506108308008880181e-01
4.944905724437865246e-01
-1.948399441421034550e-01
-2.345772789555996274e-01
1.102190714738904509e+00
2.474620769124829867e+00
-3.809104328817095597e-01
-5.486715740392682922e-02
-1.955593946996430910e-01
1.079512579203070644e+00
6.616473574570116867e+00
3.786447962552889901e-02
-4.733974717219924799e-01
1.148248219265650266e-01
2.062060613120085595e+00
1.755233762152599075e+00
-4.903372969646094259e-02
-4.472142331504110890e-01
4.497960946193256537e-02
1.977546961499694778e+00
1.614834726976953405e+00
2.106123472849597347e-02
-2.502536189396487587e-01
-4.429777493194456683e-01
3.898027830641837554e-01
1.349944946718534933e+00
-4.225012694046386130e-01
6.111625756046709657e-02
-1.225448584958893777e-01
1.495522192380354998e+00
2.742054196987482317e-01
-2.544294538865115446e-02
-1.749054234081867665e-01
-4.559580235651704561e-01
-3.427925997493618260e-01
4.275851372345353951e+00
1.051499857504274715e-01
-2.013118167866757569e-01
-4.221314299784539315e-01
1.489781960470685229e-01
1.942609287234722037e+00
-1.995046782312807077e-01
4.899992736921402470e-01
1.087904395228433616e-02
1.487233219831718189e+00
5.488176020299593283e+00
1.902455464101208971e-01
-3.661250106390787074e-01
1.680124466549632878e-01
1.970248263266663580e+00
2.163186285553462262e+00
8.501158918119701424e-02
4.175028694710382626e-01
3.107447330154913256e-01
2.134872478092414649e+00
4.452780039400376921e+00
1.445761653735984364e-01
3.000131157369561596e-01
-4.750654909643134416e-01
7.396934683040076175e-01
4.267657790568049947e+00
4.963394431357858738e-01
-2.009435435246225143e-01
-4.902649737998464319e-02
1.386397386209587301e+00
2.431537576598258976e+00
2.303752242400272654e-01
-4.141570648973588176e-01
1.259380586892003551e-01
2.039283305736892427e+00
1.702719161651568669e+00
-3.208913200692359857e-01
-2.020719769359555773e-01
1.620954431984081012e-01
2.120050252657466938e+00
6.677959421400765372e-01
-4.021825963593277931e-01
9.849365971519195850e-02
-1.201666410109030192e-01
1.503010179070265684e+00
3.424786046764239922e-01
1.683980729110253968e-02
-2.172839009895929097e-01
3.760892156758427474e-01
2.823544607228924530e+00
1.387525817348948198e+00
3.331914030413324346e-01
4.334149204813962930e-01
8.056582122517487454e-02
1.733368156800297433e+00
3.799136554763847595e+00
4.354732575823896390e-01
3.243421989000195294e-01
1.111129719761938250e-01
1.847036315165448306e+00
3.635829071643367438e+00
-1.558385549944102111e-01
-2.685805387271032463e-01
2.675778489215505651e-01
2.461487880901560121e+00
9.887914412957329313e-01
1.889247388970504218e-02
-3.745679832207160498e-01
2.399388364044681421e-01
2.372333903494367124e+00
1.658705637502200458e+00
1.806907945368459167e-01
-2.171784934112381271e-01
-3.878384701070538565e-01
4.430414307670194618e-01
2.285403049416720123e+00
-3.889031433766503287e-01
1.482931016902732657e-01
1.486413312209076965e-01
1.959491073532411143e+00
6.338398874463559984e+00
-4.292798642933267628e-01
-1.323381784006131823e-01
7.352317113599952936e-02
1.799761962586400310e+00
7.579520862014993421e-01
1.040925507853938531e-01
2.305555292429900260e-01
4.116363302457232698e-01
2.598665687272247116e+00
4.536432334046950565e+00
8.455682672845751813e-02
-4.387324624599354128e-01
-1.827565935993253898e-01
1.042044113666116933e+00
1.466337415721783444e+00
-1.566640053153271414e-02
1.910090952400694542e-01
-5.046288904824582922e-01
5.557035833427698135e-01
4.912255634156761808e+00
9.543043961430446032e-02
3.058264920396495667e-01
4.398154584772832609e-01
2.436819357633219330e+00
4.504061472720072068e+00
-2.710265549847037936e-01
-2.893291664448336409e-01
1.502331185645855716e-01
2.147272451271313720e+00
9.699922696272378353e-01
-2.464543207104803180e-01
9.425463177391286973e-02
4.208316499290348234e-01
2.949545162113475172e+00
5.734622990174417900e+00
3.328408439020730941e-02
-1.820200912109935787e-01
4.026216693453118500e-01
2.701652724537455530e+00
1.689657688734477414e+00
2.747463217444781058e-01
-3.590863666812496025e-01
1.389645396832902557e-01
2.186267009760202829e+00
1.851028320642118752e+00
-2.525123134166279981e-01
8.949763564869481214e-02
3.890417074622709581e-01
2.718458156011640092e+00
5.850235732099212882e+00
-1.499388759128108817e-01
1.330667939847283154e-01
-5.132464221866581688e-01
1.673579836952623634e-01
4.798069788428266591e+00
2.261897395564408664e-01
-9.397022984387103095e-02
-4.573046448785258455e-01
4.296300705097589878e-01
2.455508100925071435e+00
-2.895949510864431198e-01
2.820055515014979752e-01
1.392263666154047730e-01
1.836585743765615675e+00
5.829300883563576008e+00
1.439375368121468268e-01
-5.887093617502315857e-01
1.351825958364378816e-03
1.929863463624511111e+00
2.029752870034364332e+00
2.929737569295144950e-01
-4.140407220097978569e-01
-8.432069447958315256e-02
1.666463937309020649e+00
1.670660290099018397e+00
2.463744376968087998e-02
-6.666271257082014012e-02
4.735780744339700421e-01
3.345503717685012646e+00
6.313060028049829242e+00
4.127620444870024052e-02
7.387710039658153260e-02
-5.565849300295454549e-01
-3.349832848913504302e-01
1.867144868265635749e+00
-4.356776817805811386e-01
-8.029269944299254058e-02
1.216600568767727542e-01
1.860831454393769624e+00
6.142426977379711328e-01
2.715082407921788898e-01
-5.144873118896960140e-02
3.877924005741881786e-01
2.910002045972868601e+00
2.704073746531443057e+00
-2.496554400200318991e-01
-2.189528930888587355e-01
2.554666059154681035e-01
2.267491163772111129e+00
8.129877531344840147e-01
1.724146769503053234e-01
2.128638306829524762e-01
4.218153888444862720e-01
2.556768934400280191e+00
4.182158307045089174e+00
5.161225961916627858e-01
1.893277019410390949e-01
-1.448440290419485965e-01
1.338452747243686902e+00
3.028455310212919915e+00
4.194081572969014515e-01
-2.700038381258320630e-01
2.656856647320924789e-02
1.517869900942324879e+00
2.208851749955865085e+00
4.928788771166048854e-01
4.573574677229772650e-02
1.168455159026713097e-01
1.754934360868909415e+00
2.832338384113770591e+00
-2.684569253233852759e-01
-3.373034324367947812e-01
2.080588387926591773e-02
1.843674257654175586e+00
1.116445791669966603e+00
3.417314282481110355e-01
1.886502223776563847e-01
3.725091242863406982e-01
2.213124026787286702e+00
3.769798551363090944e+00
-1.528416513219827411e-01
-3.585668411354949597e-02
-4.806061194296623595e-01
-4.579151658768943478e-01
3.364398713840542676e+00
1.623741020636981780e-01
-5.067959878022141318e-01
1.046699447970367569e-01
2.066822231587678971e+00
2.091588731015309843e+00
-1.972462960187418290e-01
2.206803824518724089e-01
-3.507983926915475559e-01
1.025517864478050045e+00
-2.172160259757713874e-01
3.670074192430436422e-01
-5.842064822952273973e-02
3.144828767475433828e-01
2.471485004738581015e+00
2.768250023440917751e+00
-6.094137932439611105e-02
1.232867501182087211e-01
-5.119154362964316585e-01
-4.497732319256157463e-01
2.420629086996005874e+00
-2.789562895747579874e-02
3.460509099861821536e-01
3.477139208909477142e-01
2.325419624903223070e+00
5.179147175451297436e+00
-1.305879130565056230e-02
5.405199250579254544e-01
7.521432057790959635e-02
1.581785147749421139e+00
5.124201280758513555e+00
2.953984984327138238e-03
-4.937152347162463428e-01
-1.317490854351726637e-01
1.125348543757251463e+00
1.285745206873194713e+00
6.246208785492904925e-01
1.330862971513040172e-01
-5.961288227054049177e-02
1.638568211723462120e+00
2.952745947013676098e+00
-3.818708687779240885e-01
1.330013838299998370e-02
-2.787852044627143755e-01
1.115230684886630907e+00
2.239646934034413284e-01
1.770589477376360577e-01
-2.479582158595773633e-01
-3.741529980339792227e-01
5.364076657388698877e-01
1.922294087471987600e+00
4.708012150115711836e-01
2.719456688310873393e-01
1.667782237662772671e-01
1.980616091898353748e+00
3.426137920416529425e+00
1.495396558063810388e-01
2.025391812377017320e-01
4.325233074060222949e-01
2.580383501166060078e+00
4.394064091319470400e+00
-3.778380598810751612e-02
-9.990313595848390738e-02
4.319853080095836240e-01
2.880185910098306046e+00
5.981078453604831147e-01
-9.557420158925353237e-02
5.167726902344305095e-01
-1.135976066873624485e-01
1.308980763975138739e+00
5.241797676303449727e+00
5.315415679838840779e-01
-7.200485042511682587e-02
-1.368256561807274785e-01
1.590246508946857151e+00
2.615907533290851461e+00
5.288429220818273435e-02
1.132104329255866244e-02
-6.569976008006108703e-01
3.178046999258885563e-01
5.344288426776071077e+00
