-1.510355532473705575e-01
4.939998341420463457e-01
5.603804881857026021e-02
1.519893864352824586e+00
5.094930664122081510e+00
-4.418397669136190364e-01
-1.167770129793778283e-01
4.362122886841805249e-03
1.466384542886043807e+00
3.627125867561158956e-01
4.108510333288795668e-01
-1.290557965829262042e-02
-1.363817262621168092e-01
1.128053080121526053e+00
3.265378828533905153e+00
-1.380261807715355560e-01
1.612451579363216314e-01
5.583649874323953766e-01
2.900060199242323833e+00
5.435324210738848194e+00
2.064199731715243846e-01
8.545138840927746227e-02
-3.268225602497268345e-01
5.154453424346325807e-01
3.558410485814830881e+00
3.642907335806808145e-01
2.554393099984796356e-01
2.256480139383291728e-01
1.828379709461845026e+00
3.730305280924584022e+00
2.918026034284184056e-01
-1.653807204885448523e-01
-2.115312613853777834e-01
8.265861214966123693e-01
2.545144684225312925e+00
1.008636514060994027e-01
3.611114134809702003e-01
-1.576134172638902486e-01
1.044914537297757740e+00
4.537209508215661380e+00
2.752272192977233134e-01
-2.823682715731547499e-01
1.224881013481735059e-01
1.659255899932637224e+00
2.181286635454838585e+00
1.457153454669339598e-01
4.143300934517381573e-01
-1.282535576340947669e-01
1.060699256835166304e+00
4.299731044020328241e+00
-3.810708786223426792e-02
3.289418864842622581e-01
4.119642191537838394e-01
2.309921210884484655e+00
4.800305119046396563e+00
-4.872432010377154010e-01
2.246138016415126504e-01
-3.613426302550340127e-03
1.367687617714033133e+00
5.784873739198858722e+00
-4.345286409625621626e-01
-1.448652728012862073e-02
-1.646943922842931951e-01
1.073009683804066139e+00
6.248006578774255360e+00
-1.012578363268433063e-01
-9.734728912175724669e-02
5.219356476922408783e-01
2.989021561488179657e+00
7.025502166744429511e-01
3.024045400374474890e-01
2.310852990518731387e-01
1.034942308903238350e-01
1.625608373588752098e+00
3.612145148992359722e+00
-8.999905753017810317e-02
-3.989476852585979727e-01
2.334050052201695480e-01
1.967137424030473758e+00
1.367915364822950508e+00
6.146316345164126033e-02
-9.483231377442249976e-02
5.643170222558213656e-01
3.461443817357088282e+00
5.159259145118666900e+00
6.139450048882121730e-02
-3.314604672128655394e-01
4.042498707819159320e-01
2.336779380345784585e+00
1.728428065483772036e+00
3.308340747599089471e-01
1.496183345333173265e-01
3.469397380798374120e-01
4.125915608202565643e+00
6.050937007368194509e-01
-1.377949576424871911e-02
4.519209202501590084e-01
2.204068286856455949e-01
1.849069794720394455e+00
4.970304934329694113e+00
-3.288923116693358017e-01
-3.107388874768735043e-01
-9.803185614082478294e-02
1.195647567287339452e+00
5.908659583256991032e-01
1.100715082622586577e-01
-5.787410373569426558e-02
-3.878091063230938440e-01
1.342787711015371588e-01
2.811020681789822007e+00
-9.138564247003007346e-02
-5.276137936347332635e-01
8.824800089459400310e-02
1.616461094028707857e+00
1.248959889173265614e+00
-1.822447928084573177e-01
-4.068380013148456542e-01
2.454171257064185485e-01
2.000235231205132358e+00
1.031324128736670787e+00
2.404429970149559725e-01
4.476524391380097556e-02
-3.476630717914760971e-01
4.115423538053464281e-01
3.360885305005600454e+00
-3.270677620345739389e-01
-3.018501722988652936e-01
4.299430530055824845e-02
1.547600064056763536e+00
8.763852205780594540e-01
7.833135605670062118e-02
3.262969063263925218e-01
3.928666052946013787e-01
2.350901764600210164e+00
4.538181042620337280e+00
1.155930719466522899e-01
-4.608357674394695236e-01
1.912968621356382071e-01
1.719058965811617545e+00
2.007569571913459416e+00
4.280706717330311495e-01
-1.128440111773019727e-01
1.183727354867207954e-01
1.854203890196640003e+00
2.826546523706705116e+00
-1.453212428331129014e-01
1.011232053228101058e-01
5.568732306447174984e-01
2.951697108481551091e+00
5.345226562653308200e+00
1.596114817018941257e-01
1.303535217990766659e-01
-3.129687748735767161e-01
4.489087777755982334e-01
3.637973330107060033e+00
4.258861604784376365e-01
1.886538289784650546e-01
-4.684545348597706632e-02
1.399632308071276476e+00
3.437803084255992569e+00
1.041956790215625844e-01
-2.190330566320711492e-01
4.326427647314882163e-01
2.532568351242112215e+00
2.182758014286542370e+00
2.446734649841645626e-01
-3.805489683521400268e-01
2.436988340049410784e-01
1.892434008742778895e+00
2.239554939787352872e+00
-2.245706292639505081e-02
2.389769775578198530e-01
4.147611215229073944e-01
2.507855857611224426e+00
4.724923258820146188e+00
-2.648367506170608010e-01
-3.073386431546774045e-01
2.438404031642836534e-01
1.900811597193858393e+00
1.003191481456062739e+00
-2.538274963483965752e-01
1.846332970334558510e-01
-2.704645696989111392e-01
7.217198649588768555e-01
5.543201511976814544e+00
4.250326736723321619e-01
2.686911444041842345e-01
-8.428669537304808723e-02
1.311496469636060258e+00
3.519737939251935899e+00
3.032726790813471476e-02
3.597396786655582823e-01
4.365480432615332917e-01
2.495082090302288336e+00
4.532528321054756226e+00
-3.147336330766384305e-01
3.312140341480541705e-01
1.622088417437016483e-01
1.885581739637620879e+00
5.547647381932514499e+00
1.730546803391453670e-01
-5.116138721903613386e-03
-3.667240519635376894e-01
4.530746460703944933e-01
3.104089414093834876e+00
3.684101290425898512e-01
5.409496514986807808e-02
-1.775353826628726650e-01
9.646843471115205126e-01
3.244916475678029322e+00
-3.816828000203220661e-01
-2.299862790022522696e-01
3.105716333018669617e-02
1.499904718801087888e+00
6.893298092833504143e-01
6.169943991841662229e-02
-4.183588452040626904e-01
-1.514996998499133496e-01
9.301187053546956518e-01
1.609790098268239156e+00
-3.579045007999393513e-01
3.910886684484717324e-01
4.636130147548646052e-01
3.965118357377643399e+00
2.389017791653984979e+00
4.906847499564882809e-02
4.346210856245109055e-01
3.661837639201310224e-01
2.037889674303955179e+00
4.486817255189747833e+00
6.643422442609157180e-03
5.171254807995723235e-01
-1.977486559304672820e-01
9.389748634654713211e-01
4.678411584171181303e+00
3.658169420974193009e-02
-4.803526345852980883e-01
8.567544170417377980e-02
1.655292912593704813e+00
1.653597477875822896e+00
3.909192584875625931e-01
1.130848846702037780e-01
2.726201554870403276e-01
1.913350920312819836e+00
3.411759889576051474e+00
1.103341448239869849e-01
-5.692613844220844460e-02
5.659824936495053693e-01
3.015310304681287246e+00
2.927946408576175941e+00
1.038369065339997815e-01
-3.775684027300948986e-01
-1.341837244376126170e-01
1.146168143325835720e+00
1.870141352773060817e+00
5.014566432478909652e-01
1.000107790786996242e-01
-8.856806129412840567e-02
1.342083834255482833e+00
3.256979480991827547e+00
-4.216543644365844945e-01
-1.927058206943859653e-01
-6.607716796199973597e-02
1.158461373575754294e+00
4.330929197143373877e-01
-1.943246286515524501e-01
-4.450038834533677767e-01
2.045562840580746056e-01
1.857826741231998646e+00
1.372493501492676904e+00
1.207173698594074945e-01
-3.517112366143415048e-01
3.495335174875507378e-01
2.086952624753505070e+00
1.948794024427253024e+00
2.552200330433917475e-01
-3.774703110970794029e-01
-1.633813231061899962e-01
1.131310466462335462e+00
2.352595638034213010e+00
-5.456009172936151508e-01
5.700356824207952755e-02
-1.240839947729091425e-01
1.082167476310413212e+00
6.016229890940324232e+00
-4.587328942234926710e-01
1.048168117181169229e-01
2.209874392821784272e-01
1.838032883047761246e+00
5.930425388807936571e+00
1.618634219134748864e-01
-1.460705387778449826e-01
4.675724479359750219e-01
2.692269892838536460e+00
2.532842307825467376e+00
2.629082438650514122e-02
-1.289071657863208875e-01
5.417532419188564319e-01
2.941196383720200203e+00
1.361308958423522952e+00
1.723819099605606586e-01
-2.671987185896558814e-01
4.381843256450754787e-01
2.359904921309651460e+00
2.214853465748261918e+00
-3.276496933623987973e-01
-2.182440868404326439e-01
1.216216755141390771e-01
1.953707417993940210e+00
6.029452794353455936e-01
-4.082158745443128511e-01
-2.305223809279118297e-01
2.523975828811776401e-01
1.937898900330155660e+00
3.215238034360269337e-01
-8.482682802883473316e-02
-2.514836943299545435e-01
-3.752976405244707880e-01
3.939203360316744229e-01
1.286193694530815446e+00
1.531054627139945279e-01
4.373016404298534776e-01
3.489731144147206199e-01
2.183391465780917695e+00
4.425542309553967435e+00
2.047332922637880581e-01
3.265170278916875168e-01
3.340893544880451094e-01
2.246089639873313448e+00
4.181742292619772705e+00
3.956425163776586817e-01
-3.711186836902327091e-01
2.655045581523032827e-02
1.450299310274848708e+00
2.280762786039693957e+00
-2.763366271038926736e-01
1.453091113718599503e-01
4.588712197334335885e-01
2.526722762795710953e+00
5.730004727232856254e+00
5.933276568830805203e-02
-3.296532560094697639e-01
-2.131280850788660197e-01
8.720294746992437451e-01
1.958616860704225582e+00
-3.943494124141360135e-01
9.844273551491293517e-02
3.230336604542293627e-02
1.471243858601858800e+00
5.902911309231164694e+00
-4.659306052070772419e-01
9.022986059750476295e-02
-5.927139436679665363e-02
1.244407483423572547e+00
6.125590208545219184e+00
-3.317768853055602651e-01
-5.983728315511602919e-02
-2.484858833564473901e-01
7.918108401861304602e-01
8.513553706173719593e-02
-8.908121637017578365e-02
3.641309791154444531e-01
3.864789403697113102e-01
2.374106181548671035e+00
4.950088374288263537e+00
4.006307426702895857e-01
-1.790097320855352780e-01
-1.386585059287155086e-01
1.249580519833669356e+00
2.634465004356176809e+00
-1.785635700171253051e-03
6.258183201377401361e-02
-4.277722947690819066e-01
1.466921097004228285e-02
8.667298752855366883e-01
-1.383418178448368452e-01
-8.032247883115500864e-02
-3.277373928746246112e-01
-3.125427619957791281e-01
3.620740652909394175e+00
2.029192068051349079e-02
8.166514949007590285e-02
-4.180077858725498863e-01
-7.368376556245777309e-02
1.516377433390095009e+00
2.692484524286137618e-02
4.517348947417448302e-01
2.358570088369540962e-02
1.390325825188044151e+00
4.641807281562492449e+00
3.938636550409840148e-02
2.986238773764453014e-01
-3.074610404134283104e-01
6.834403988465493907e-01
4.469310655207467953e+00
2.308128428490405504e-01
-3.910759366285791461e-01
2.883606972972092009e-01
2.106646649467876387e+00
2.255548195504639253e+00
3.332869620577444958e-01
6.867756243160985305e-03
-3.363474868085792324e-01
6.244780041426528649e-01
3.233423653435288259e+00
-1.131596557893702615e-01
2.744948033815032828e-01
5.174184399088108677e-01
2.696148997702372263e+00
4.986744895537380984e+00
3.396883172495566150e-01
2.133903560547259770e-01
5.342650351013102789e-02
1.511700478715800600e+00
3.835063350218355538e+00
-1.833726003603353971e-01
3.015093684650226868e-01
-1.910069536577499727e-01
9.251262233872085128e-01
5.252222935027484496e+00
-1.046979072243567344e-01
-1.219052618596227072e-01
-3.555233396414663738e-01
2.363144764041825996e-01
1.005177412616385269e+00
9.903612155764385250e-02
2.820231088203248859e-01
4.186572017388600631e-01
2.474409918228753114e+00
4.214907669572642845e+00
4.426966645982439164e-01
6.108112294476235327e-02
3.027343882810023534e-01
2.049163254561969794e+00
3.352129551373751237e+00
-2.337435887872419196e-02
-4.282983129039918957e-01
-9.484116710824784524e-02
1.217744154616205332e+00
1.383437209335811602e+00
-4.560315254651882144e-01
6.549205721780851017e-03
2.233389954257276322e-01
1.937572615706225188e+00
6.254728466637419437e+00
1.803696260740622059e-01
1.697968426872047132e-01
-4.193913391524855538e-01
5.549165320251558953e-01
3.900971979478703666e+00
-3.553331957062902391e-01
-1.217744503359371143e-02
-2.076504035643922108e-01
9.068233709955887401e-01
1.323937599298301571e-01
5.598686336649362494e-02
8.915901020661304299e-02
5.481871015031187788e-01
2.843885415797712479e+00
4.316622346453537595e+00
-4.473005477931704110e-01
3.193597685238648287e-01
-7.718797597807740274e-02
1.171602253813639694e+00
5.760276879119722970e+00
7.515498052684517483e-02
1.452841873378397375e-01
5.616680413569179464e-01
2.678769182243120550e+00
4.076227470545361165e+00
4.532795591819187564e-01
-5.698639561899498940e-02
9.729963423121104670e-04
1.521086386158731818e+00
3.043556683839175214e+00
-3.873666710065895580e-01
-1.699793773457996815e-01
-1.353011627766926017e-01
1.085291120601484804e+00
6.227216960573709326e-01
1.946006060346184008e-01
2.772013034947991561e-01
-2.173149768432391105e-01
9.388305276013764189e-01
4.062243578713658820e+00
-8.789692406339465192e-02
1.360527287739264901e-01
-3.895914450614297864e-01
1.858377624089768421e-01
5.087688031006914358e+00
4.363790061698781253e-01
2.873781826453025018e-02
2.088380015718350746e-01
1.953891199436504689e+00
3.215576441093137561e+00
-2.079491445471766953e-01
-3.017211920834846350e-01
-3.199219698204429085e-01
6.459694873357263445e-01
8.723843361134364649e-01
-2.833218993726840385e-01
3.435922975214983355e-01
-1.445912113167455437e-01
1.200943378276296603e+00
5.502432949265616990e+00
1.758529745715724235e-02
-4.952248214497980139e-01
-6.519402457969585007e-02
1.211017205045096912e+00
1.531642118035037248e+00
-1.308300271537199133e-01
6.538833799777005185e-02
-4.251805673333353686e-01
-4.013349673095746306e-01
2.561330482233564521e+00
-3.099759320363008608e-01
-3.107582673177635701e-01
-1.371126033435688396e-01
1.105698308566872345e+00
9.175366921548494537e-01
1.954021976100145663e-01
4.549180164139017823e-01
1.095581699527176101e-01
1.600453717089249439e+00
4.150565082116819404e+00
-1.256507503084237087e-01
3.362497934608255079e-01
-2.364553325261050665e-01
9.894285555448856240e-01
4.955179075122461363e+00
-3.228758704441943572e-01
1.959622816906328446e-01
-2.465270230767936110e-01
8.382635742908406407e-01
5.712272216346084619e+00
6.819562997668929261e-02
-3.713157140012997987e-02
5.648605960960503269e-01
3.145512459180543896e+00
7.385206423784627938e-02
-3.346512704599725052e-01
-2.349532991923627412e-01
4.479195988412422724e-01
2.414477794095180041e+00
7.759650095972465689e-01
3.126557649074837575e-01
3.120099992516012222e-01
-9.471869321512275952e-02
1.153815360776984988e+00
3.819735233147956155e+00
-1.149499967090897579e-01
-4.530115792010941389e-01
-4.908569394171698880e-02
1.309779059725973083e+00
1.150085459452327541e+00
3.257040230187738805e-01
-2.417610982695155564e-01
3.246517332257712884e-01
2.113699916572516546e+00
2.591466531962339559e+00
8.939930700995250834e-02
-1.800976483551728347e-01
4.743106551671776860e-01
2.681316588734833584e+00
1.932905429457845159e+00
-1.137896787200093629e-01
-5.508885942476751674e-02
-3.855382496539435655e-01
9.013090581396709933e-02
6.540689527408694026e-01
-2.121859618164875505e-01
-3.694120954287690717e-01
-5.368728596972503070e-02
1.332229481893315581e+00
9.664428925770488510e-01
-3.230872488799138575e-01
1.423335933146487597e-01
3.782928748272066377e-01
2.201635217027972935e+00
-4.897088243685868147e-01
-7.027641055313982310e-02
-3.769488064765746937e-01
-1.795876597370827665e-01
1.022710366755426259e+00
1.497105900572126336e+00
3.690476949843987577e-04
2.880397304437304351e-01
-3.328772906302875367e-01
5.311846028809098508e-01
4.687467635022867896e+00
7.822263565187786982e-02
1.971513660167078796e-01
-3.024993642198582355e-01
5.984620233200609318e-01
4.526365587255917866e+00
2.759112354534247746e-01
-2.381413806234231878e-01
-1.103584865275316906e-01
1.065564826516437913e+00
2.593562520730128274e+00
2.067994799165400258e-02
-3.780039390299834712e-01
3.280949583956826454e-01
2.137261859086480253e+00
1.728985905723996019e+00
2.076230698393338736e-01
3.464123298935278816e-01
-1.669622123501650901e-01
9.495850593976635778e-01
4.228271937643675038e+00
3.957020299397808610e-02
2.372883709529172713e-01
5.028714861338376974e-01
2.701443767185527811e+00
4.638388209986782584e+00
1.402987808994237695e-01
2.577985783602120828e-01
5.600974988401679067e-01
2.592326565354550638e+00
3.991064855095979969e+00
2.665188020735432817e-01
3.364969309838922520e-03
4.345566266862896376e-01
2.474656263531354927e+00
3.131442554475396545e+00
-2.714685177745203015e-01
-3.617565913863597937e-01
-4.593806945906814439e-03
1.334520242478992147e+00
8.230926201913162377e-01
-2.935061822875566495e-01
-2.689828249772046598e-01
3.500910523938071117e-01
2.198081314382079654e+00
7.132905986755209149e-01
-1.706698546944261097e-01
1.966093599570784001e-01
-3.796935923234578403e-01
-3.651016867876300531e-01
2.086265622748503468e+00
-4.543463304796857560e-01
-2.066666436739613144e-01
-2.897059878931542154e-01
8.126791634739326531e-01
6.669973871809461663e+00
-2.137188960442964469e-01
-1.723230908241706327e-01
-2.616451469051623846e-01
7.389048364246507683e-01
7.673995134572936250e-01
-2.129205273005918275e-01
-3.749619033626616083e-01
-1.995953746247562666e-01
9.470091486138942916e-01
8.608055630483628651e-01
1.178875990014622288e-01
6.434271227368314194e-02
-4.349762666086515184e-01
4.195134151610993567e-01
3.840380064138383620e+00
2.669181739400218190e-01
4.830070798497378831e-02
-1.824521137158607031e-01
9.049137288241883015e-01
3.569606431703260974e+00
1.070616985280586769e-01
-2.013524342057506078e-01
-4.067330100505199275e-01
3.616614880268898546e-01
2.350544822870128225e+00
-4.447714240055993251e-01
-9.954742190072951580e-02
2.388268775248908460e-01
1.795814984026514072e+00
2.429645709152735422e-01
2.758250806555623269e-01
-1.192147119351927714e-01
-2.570769545795863475e-01
7.578405757693004174e-01
2.696336570972806879e+00
2.403835684855474414e-02
1.904523066180483989e-02
5.689789912588294474e-01
3.345616760883013630e+00
3.806875246127876533e-01
2.646795919568141753e-01
-4.159908528649215453e-01
-5.386278966322422673e-02
1.187954221488965567e+00
2.202986473646302290e+00
3.649987920029578170e-01
1.537696699460584515e-01
-1.757302771902618244e-01
9.983915186773388850e-01
3.427377392925581745e+00
-2.109487702353575744e-01
6.503299453352993920e-02
5.052003166911861465e-01
2.616390216701864002e+00
5.953083183665617284e+00
2.166145436691076787e-01
1.328589187036461616e-01
-2.759312943898474257e-01
6.859430485544706357e-01
3.398307566827236226e+00
4.232830175654439531e-01
-9.408178576941163274e-02
-5.945629977147191825e-02
1.184749943127072713e+00
2.918995609475880215e+00
3.814106761935821127e-03
4.541032251586903934e-01
1.250372841243056199e-01
1.703004913231314088e+00
4.581664471571454733e+00
-2.017574265499121888e-01
1.021490261153961965e-01
4.402187297126252674e-01
2.753902635739044591e+00
5.671046997382181765e+00
-2.339742222633237057e-01
-7.193809998817823903e-02
-2.909621960124784690e-01
5.881381408798561639e-01
4.012195424094612828e-01
-1.839471860973638240e-01
4.531562657351304035e-01
-4.039047521480704922e-02
1.401975629886358377e+00
4.954890854117651955e+00
-1.001509186928398014e-02
-1.152151783338903890e-01
-3.952061181986603056e-01
3.313862149311052607e-01
1.452367664637209677e+00
3.027940974745988237e-02
1.830810630087600366e-01
-3.110673385942108182e-01
4.733563600777361824e-01
4.442682877198499192e+00
-4.320287473380164944e-01
6.258325263229036484e-02
-2.301723427129616362e-01
9.423720084188672574e-01
6.185529468345078996e+00
9.042110104952920391e-02
1.703599618695734452e-01
-3.772271589097097588e-01
2.867537210193182307e-01
4.138328005834785550e+00
-3.139098874764910119e-01
-2.930152562566202823e-01
-3.838904791148779749e-02
1.359275623681784007e+00
7.148498186934197918e-01
8.486411283465440658e-02
4.732798337348178008e-01
1.681721687225633255e-01
1.730128277353649047e+00
4.401423730756473418e+00
1.948916374908418181e-01
1.773469931877693084e-01
5.329582499168706855e-01
2.529260454393148283e+00
3.762694189367342457e+00
-3.374578975989975249e-01
2.331929284213482834e-01
-1.328430668867761066e-01
1.066270037785087554e+00
5.549477656556582872e+00
-2.964414417622303066e-01
-1.245010698446297331e-01
3.938924935069251232e-01
2.369950054506288595e+00
4.489336055890866262e-01
-1.212486407794279714e-01
1.348687415618147339e-02
-4.065602271580358029e-01
3.179917072473599782e-01
6.119341062819416699e+00
-8.115821477203016832e-02
1.201075359247048696e-01
5.523587021826216192e-01
3.036665458037999255e+00
5.022165528259645129e+00
-1.842066671380095388e-01
-4.281261250788621076e-01
1.124168553747253579e-01
1.671435885814914313e+00
1.070863265298501954e+00
1.017844947908364411e-01
-2.742626696568168931e-01
-3.524276324416785178e-01
6.663522632374133670e-01
1.938737132298149479e+00
-4.371771319703673386e-01
6.097637772336891859e-03
-5.076549281788534512e-02
1.353891679513587354e+00
1.107519916293904227e-01
3.926243433603601174e-01
1.833891866076952648e-01
-8.782826445081991229e-02
1.104550920664334024e+00
3.605091923607130155e+00
3.801044383033073681e-01
-2.537017120575218443e-01
-3.874873540221156210e-02
1.450318308895796715e+00
2.631054252832686569e+00
4.254178906832524754e-01
-1.209887139586864613e-01
-1.766466924356677182e-01
1.092152678881135985e+00
3.005322287889570454e+00
3.770960557501253363e-01
3.105502040717280643e-01
-3.342444650931337882e-03
1.319852806837694015e+00
3.936475215035065922e+00
-4.452010593900300184e-01
-1.230045828129135987e-01
1.070811141964706503e-01
1.668552488922227850e+00
1.476159761060033826e-01
-9.603631718686665708e-02
-1.318596275483611691e-01
-3.283637325140780217e-01
-4.146600253601540054e-01
3.917279992628166507e+00
1.905777494196982669e-01
-3.813598475125724030e-01
5.256368748337828661e-02
1.581123799530695706e+00
2.242195481654937872e+00
1.505859267390843859e-01
-4.342383994178018042e-02
-3.496910758785071738e-01
-5.060258275106256365e-01
6.144820753293477544e+00
-1.320790683758878981e-01
-3.921940849521259875e-01
3.402920053825532198e-01
2.220243408715462774e+00
1.320501226766327640e+00
1.882883743907726726e-01
-3.363201131959259738e-01
-2.345770312609957442e-01
1.006243868486740967e+00
2.075146347117731604e+00
2.346503050493490561e-01
1.944482285817250300e-01
4.657092342910721938e-01
2.415823038211458940e+00
3.716286991899714565e+00
2.434010120379175857e-01
1.683963537099792893e-02
-3.090645617521088906e-01
5.578132022258982525e-01
3.392706868745333448e+00
1.844678661065726755e-01
3.215801928300143775e-01
4.092331998512638846e-01
2.308473036968247349e+00
4.264335950546831455e+00
-2.182921266180856967e-01
2.054264466739151584e-01
4.261133724206291329e-01
2.430709066765615489e+00
5.476122897886789964e+00
-5.066420765459186404e-01
-3.986000006220559444e-02
-6.413970648098371585e-03
1.355170224290628722e+00
-6.035892315906985633e-02
7.476816157894947135e-02
5.459184427159108344e-02
5.762750547257395883e-01
2.980986281241833957e+00
4.119922763397124044e+00
2.256301036521015380e-01
3.754358852416501968e-02
5.058282112098547723e-01
2.716345750824300964e+00
3.252851666501460848e+00
-4.045458714313830972e-01
-2.983863169190678621e-01
1.344853756734629702e-01
1.623066314937744226e+00
4.352178425195348810e-01
2.610801629990433526e-01
2.454583005884772295e-01
-2.926055503500391564e-01
6.943974057619007878e-01
3.732646298298249565e+00
-5.325116916969934167e-01
1.415266275952670461e-01
1.277283185992040271e-01
1.594733178925626271e+00
6.099155048867220152e+00
3.444269201948518266e-01
-2.822618104932106409e-01
9.917672765614524155e-02
1.586761828969449173e+00
2.469235789371578171e+00
2.753841772457231787e-02
-2.449739963455319358e-01
-2.772821191303858623e-01
5.301463620312111269e-01
1.689362918061288354e+00
3.158271256956378115e-01
2.345063137944173592e-01
3.273006264679390598e-01
2.250336203415707725e+00
3.794663566545125377e+00
1.496278246548132240e-01
-7.681211673229235148e-02
4.950355458194962144e-01
2.711763333119878272e+00
2.886395464582740100e+00
4.406923399861044643e-01
1.445036480799869738e-01
2.016188439428145962e-01
1.818418317553067043e+00
3.560735114175023419e+00
3.979988827170743981e-01
-1.884590981543798546e-02
-4.057782951865473997e-02
1.336475630478201948e+00
2.987607673584935952e+00
2.384684329008364967e-01
-1.105221320433983218e-01
4.862089632465816380e-01
2.549511280747137398e+00
2.715830076900964674e+00
-3.784914252539891416e-02
-4.242712517128680583e-01
-1.205622064928495857e-01
1.071317486890685844e+00
1.691664314387848034e+00
-3.489848108201619725e-01
2.760668157514915566e-01
3.408795735009504391e-01
2.179911331977700151e+00
5.526770530874180132e+00
-4.186938365807354318e-02
3.104999806802218043e-02
-4.056721653712502262e-01
-1.078403663266820356e-01
4.445970410976195275e+00
-1.420822527589238604e-01
-1.276127521090457580e-02
5.732435885481546034e-01
2.832888410409507340e+00
2.338183979077295138e-01
3.866240326269002048e-01
-1.432491955171559250e-01
3.801738082686382386e-02
1.394281645544666048e+00
2.727054193074984756e+00
-1.732202545437068822e-02
1.026552186348652501e-01
-4.201495297609572632e-01
-3.063109414956574073e-01
1.475694191231432972e+00
1.560869646152358292e-01
2.572433182966524234e-01
4.559667302044266846e-01
2.356189490665663744e+00
4.065678062864789055e+00
-4.517189586141441837e-01
2.702799933122183029e-01
2.262380116153358267e-01
1.777649810246007878e+00
5.568552664654745854e+00
-7.117901818630396893e-02
-4.683981430037962961e-03
5.754657813102256325e-01
3.313259047784720579e+00
4.727825151804869286e+00
1.393633565517492512e-01
-3.340284653911823054e-01
2.413369310623825481e-01
1.988736770693847911e+00
2.096920134318700057e+00
-9.459472807360273794e-02
2.586384390456032412e-01
-3.051542860105620480e-01
6.011529257744732124e-01
4.965749583393526123e+00
1.917071285294718597e-01
1.369439399219428699e-01
3.510065065930795258e-01
2.224642151182359751e+00
3.947521249141785482e+00
-1.363260987044897232e-01
-2.456431392107439327e-01
4.935692669827614343e-01
2.484360489124984639e+00
1.127919956406918001e+00
