2.959778578463975740e-01 -4.980424016041989227e-02 -3.358902109260781810e-01 -3.128541873838305842e-01 -2.494372343942502790e-01 4.318794213947194649e-01
2.282391990770714640e-01 -3.088002513502833835e-01 4.078848889823659674e-01 -1.914297118792694374e-01 5.909159847765244056e-02 -4.218943539533068776e-01
-7.759053613628244528e-02 -5.613261170703274239e-01 -2.005965208052752635e-01 1.672229147256822368e-01 2.812653487896543680e-01 2.790971272003903714e-01
2.820864030282083101e-01 -3.789150309926766491e-01 -3.587196814781521970e-01 -2.617103917654717282e-01 1.103957882365112497e-01 3.230867193112369473e-01
3.989291995875589580e-01 -2.036798506692832356e-01 3.334392419826327503e-01 -3.578348864328860235e-01 -2.771545222344168335e-02 -2.961198486428887611e-01
9.311535137569101894e-02 -5.376298794058389507e-01 -2.731995072526970936e-01 1.019234252681890107e-02 2.435513033792026105e-01 3.455732573919770290e-01
-3.080369688535443129e-01 -3.787989056541170574e-01 -1.606865518382546154e-01 4.014739880115004156e-01 1.914402515005033112e-01 2.533442510448601359e-01
4.064778617040549213e-01 -3.772938322047958981e-01 -9.120291407346506340e-02 -3.885145665387104708e-01 1.973586327534483931e-01 1.031204853257977061e-01
-6.921317226215534246e-02 3.907479303151826233e-01 -2.298639839993747019e-02 2.381286518152183618e-01 -5.565483642165036660e-01 6.740571153964494688e-02
4.365546835275537219e-01 8.325749452799800776e-02 1.125417494536277013e-01 -4.593547656143968649e-01 -3.013308951004899927e-01 -1.098048932040321252e-01
-9.711290822361626218e-02 2.853683729264142599e-01 1.775871305000340517e-01 1.525465855891735834e-01 -6.273359216894306423e-01 -1.458954930501879521e-01
2.446644174318470810e-01 -1.881921808784438321e-01 -4.016723537462604243e-01 -2.888622021302287290e-01 -1.097470226238448227e-01 4.404652260856070090e-01
1.427562812054805792e-02 -4.760013744306128974e-02 -4.468698618164194669e-01 -1.557148443062291061e-02 -2.110894883355793616e-01 5.392236337594822349e-01
4.868992182182654282e-01 -3.265510137041272021e-01 1.596214721886082544e-01 -4.337717285138463774e-01 -8.243594095791700882e-02 -1.449648687748522347e-01
-4.211468059835086208e-01 -8.259931966165690032e-02 -8.647559870767829171e-02 5.292934879171362628e-01 -2.456745026784294406e-01 1.782312814713263860e-01
-3.613224553033326375e-02 -3.159350493669851323e-01 4.106805237668410546e-01 9.784288795802489891e-02 4.540636407686637899e-02 -5.120778663533335218e-01
2.834386338451881371e-01 1.343419418378176966e-01 2.874043824918183221e-01 -2.759576683507622419e-01 -4.644629609990224006e-01 -2.857521977094904519e-01
-4.355024668214282912e-01 -2.982943611956793695e-01 -2.118434510966077933e-01 4.324825524483691397e-01 -9.042714046384617288e-02 2.391479289412294373e-01
4.286470634605746288e-01 -2.226462294877602430e-02 1.095256181634931270e-01 -5.195016690546796490e-01 -2.727990444462529696e-01 -8.604146668117415575e-02
2.283441020181167444e-02 -3.982910662005699209e-01 4.586654251076747735e-01 1.041523611535024180e-01 7.741741957956932429e-02 -4.171706482586747256e-01
-2.293252396517871106e-01 1.824330223729001832e-01 3.238573077466817551e-01 3.215203021713657350e-01 -4.225193695401052718e-01 -2.511225115272565089e-01
3.324314139288508940e-02 2.031925210973329898e-01 3.851310906635815323e-01 -7.682488226751819915e-03 -4.524783305458914828e-01 -3.688057947225129585e-01
1.311757697516752197e-01 -5.271563378781730647e-01 3.216967697018699099e-03 -2.339804299288380518e-01 4.034904454536507590e-01 -2.039477745268104131e-02
6.223465155466893772e-02 -5.848187822691927606e-02 -4.539229598939067967e-01 9.000652089522248600e-03 -3.006643814326964148e-01 5.148462471115224925e-01
2.291791502968578975e-01 -1.804189670751930319e-01 4.286369301603110693e-01 -2.176403539155128686e-01 -5.380988038834969012e-02 -4.569828922373893598e-01
-3.663363959644471701e-01 -2.817485751562883167e-01 2.118871143732840578e-01 5.099712286358752955e-01 -8.173566999020331902e-03 -1.846499733992106318e-01
-4.540019535406357165e-01 -7.154823295830795016e-02 -1.652277016739910065e-01 4.830118518845037401e-01 -1.006550089134637116e-01 1.828497667668654014e-01
3.454423239980999316e-01 -5.120597430732021227e-01 1.192607809701831251e-01 -2.401127284569213316e-01 2.386920674085094562e-01 -1.865120098448752040e-01
3.308011205689086465e-01 -4.365010726986808254e-01 2.059755153793176308e-01 -3.715568724664725098e-01 1.846220540574834978e-01 -1.417302668963835721e-01
-3.530193588769112156e-01 -4.044769743900593628e-01 -1.070577722001670312e-01 4.548651385223791421e-01 9.620504355423931120e-02 2.038122259809391212e-01
4.171507020026702928e-01 -4.694883730832264956e-01 6.053563797605778646e-02 -2.639733169895842058e-01 2.601730323224435426e-01 2.141354259792282999e-06
3.266595520503426386e-01 2.575782410093759300e-01 -5.779480047731069131e-03 -2.314575789799933614e-01 -5.718128605953733956e-01 -3.059215078925017761e-02
-1.210939806568966937e-01 1.443354133003375839e-01 -3.877182534536873226e-01 1.871277446176907722e-01 -4.039445439799332904e-01 3.897059914174776929e-01
-1.895134313536573079e-01 -3.216767249079288682e-01 4.423161378647180730e-01 1.584309873426903159e-01 3.256735588118786495e-03 -4.370887334818785441e-01
2.027201345261765986e-01 -5.830093289871049467e-02 -4.065523480951200863e-01 -1.574692069602046107e-01 -1.381146266030931768e-01 5.229063183214506250e-01
3.020039380022204734e-01 -5.292611309789987395e-01 2.090894118982389305e-01 -2.986877176482779506e-01 1.610229117983346114e-01 -1.942435462378941380e-01
2.749738434207819049e-01 -2.971546903489117319e-01 -4.017430172058013005e-01 -2.064972716663915353e-01 9.379516175798841005e-02 3.826954943897900030e-01
1.909539988522539200e-01 2.753716944332700312e-01 4.159778254346321869e-02 -7.756002338631270976e-02 -6.873628913005855878e-01 9.312533696226692193e-03
-1.786808183111592563e-01 -3.348196800586282218e-01 -4.051183849330131093e-01 2.814199785500718365e-01 5.695681658877366216e-02 3.916365544318761716e-01
1.818187714422125553e-02 -3.331022497032156693e-01 -3.925131553011353969e-01 1.541465803224974576e-02 1.261871873750787243e-01 4.957692071752844987e-01
3.996826224123249949e-01 1.946008278650437906e-01 6.709443091804952186e-02 -3.000886127039861240e-01 -5.023389190594349518e-01 -8.973416233151014498e-02
-4.096292124797875078e-01 -1.349218664126558276e-01 2.416370979579989253e-01 5.111139087973861628e-01 -7.472312032683267602e-02 -1.438602633694978650e-01
-2.376625779274972317e-01 2.964670996107791057e-01 2.918577022774356336e-02 2.156057715089821913e-01 -5.948754783125863588e-01 3.668324847437784419e-02
3.239145643271302832e-01 -4.891959519939059753e-01 -1.108550349451070671e-01 -3.778502840111145344e-01 1.626559628255621615e-01 1.765735279761741494e-01
4.687294393436249318e-01 3.606163379181145240e-02 3.323050072628008222e-01 -2.974623001325381044e-01 -1.939943223717209841e-01 -2.677153885506867170e-01
4.639262800248233204e-02 4.570899235395228799e-02 -3.896524270250648070e-01 -4.317107859852321872e-03 -3.376220157264387955e-01 5.325654761479561294e-01
8.662331105607899706e-02 -5.681202192169518828e-01 2.776270664056149431e-02 -7.047061899744279378e-02 4.188517251743876235e-01 6.251724770669991882e-02
3.614022211103963267e-01 3.980303117744558861e-02 3.591057530900713113e-01 -2.969823210188892171e-01 -3.142162258802431718e-01 -3.051232438059788832e-01
4.544339088448296482e-01 8.609239910649221783e-02 -1.988075975604678414e-01 -3.612626933540614149e-01 -3.614205512021122502e-01 1.677591937167462466e-01
5.043447282453882297e-01 -6.849301348126388134e-02 -3.277247096273253751e-02 -4.651330729749890702e-01 -3.024317138875306510e-01 4.061334097070402188e-02
-3.706937968888537882e-01 -2.867391012616175017e-01 -2.524442391144693931e-01 3.414731722911462097e-01 1.425074320091140323e-01 3.030425939284315251e-01
-2.408655095832343551e-01 -4.725461946162238802e-01 1.436392914280479605e-01 4.296436035934183550e-01 2.064085778940041860e-01 -1.554224848534474790e-01
-1.029650257500431820e-01 3.100512585304291413e-01 -1.644377718013982081e-01 8.408503114038737292e-02 -6.175336151370547366e-01 1.589792629394524981e-01
2.409685113704261306e-01 -1.124931897821041388e-01 -4.400961692113442569e-01 -1.993051163771374368e-01 -1.641941821831988668e-01 4.562777148876637212e-01
-2.829607190399307387e-02 -1.358771568568390153e-01 5.083440829540726291e-01 1.207333432314302568e-01 -6.512146861725834346e-02 -4.779539784888853227e-01
2.709118637553450393e-01 -1.119817399819005160e-01 -3.503549775051587600e-01 -2.712700533906527989e-01 -2.233847978914553223e-01 4.824884215851448221e-01
2.578643109765085262e-01 2.750889092608913011e-01 1.409305815180312768e-02 -1.684126105907506887e-01 -6.294999266875613841e-01 1.144277202306725506e-02
-2.479098156834046440e-01 -1.002062979548421079e-01 -3.272231075223241969e-01 3.976078987132590781e-01 -2.005747909364952175e-01 4.298984454773900898e-01
-4.991744086299881866e-02 -8.275981858798593660e-02 -4.284366656555005926e-01 1.965030216839648847e-01 -2.363919692631937242e-01 5.284719600329976785e-01
-2.967464826850114701e-01 -3.001934821122407837e-01 -4.125225088869414747e-01 2.519032008998699501e-01 -5.420976465279445100e-02 3.865241327098058455e-01
-4.299422792520123382e-01 -1.597617650882776907e-01 1.295013742053600925e-01 5.364396315513231261e-01 -1.529517397856458294e-01 -1.275192981684236948e-01
-5.273290363503268380e-02 -9.557646973374488153e-03 -3.890207775580314942e-01 1.636300604936245517e-01 -3.692465953429837633e-01 5.186195301488407683e-01
-1.311703306219090537e-01 1.887767421582594307e-01 3.091268037462132079e-01 1.737768168218300213e-01 -4.933437574729999664e-01 -3.554925318502825671e-01
-1.371077723957588165e-03 -1.421235029738046884e-01 -4.552973339422790033e-01 1.201415409348911695e-01 -1.919257138833828646e-01 5.360423774055450563e-01
-3.894188014262183195e-01 1.706981883733520444e-01 -2.381378307921291210e-02 3.981379663014982251e-01 -4.453728832674992422e-01 -9.295784127413206366e-03
-4.187118880734959636e-01 4.666764374451903147e-02 2.668420463728466904e-02 4.965914232490836189e-01 -3.527625334975064142e-01 7.840829757592544802e-02
9.938779194318660137e-02 -4.077782411467011370e-01 4.288222090703014966e-01 -2.809738091729967191e-02 8.798008246189836790e-02 -4.302303011253925669e-01
2.693588558372341235e-01 2.759957377597052619e-01 -1.252073347308675644e-01 -2.229159866767633780e-01 -5.276499407436077149e-01 2.091862998538364937e-01
4.253178396524698313e-01 -3.243323602077934908e-01 3.176587382776120405e-01 -3.477499315922052414e-01 2.953635042705271552e-02 -2.087851397344911986e-01
-3.460710359566350758e-01 -3.224566358722125159e-01 -1.902100223645504518e-01 5.043753712523200150e-01 -6.083624507493945455e-03 2.300863327771520417e-01
2.118662585165526774e-02 2.446353895121370081e-01 -6.942079811729193195e-02 1.646051895830887291e-01 -7.230298551992594414e-01 1.380764060924177250e-01
-2.035763450670464159e-01 -4.799873328776391723e-01 -1.837369465758022513e-01 3.042853793430879139e-01 2.837287856525272378e-01 2.147779956489300202e-01
-4.015243562955707612e-01 -4.359473932910176708e-01 1.439547289667142960e-01 4.563318357405533043e-01 3.726889768840541128e-02 -5.641766368496506368e-02
4.339990333650610155e-01 -1.307041163611326329e-01 -2.046960088555037638e-01 -4.431780349279260123e-01 -7.936074050561986448e-02 2.727181180999934673e-01
2.594215421077222250e-01 -4.572159459574819396e-01 2.716004499007458883e-01 -2.190890631572796621e-01 2.223382525000504595e-01 -2.844873956845196949e-01
-2.582921152353004901e-01 2.540492644184710880e-01 -9.466491016049174978e-02 2.327402307941374704e-01 -5.744831984172309447e-01 1.744469498164186450e-01
5.906830202842411337e-02 -4.102175283340209894e-02 4.620956241600276959e-01 3.828122371076200792e-02 -2.111938129852510282e-01 -5.230994668339798981e-01
1.166147016152797866e-01 -1.220408042837318602e-01 4.974027010191274800e-01 -1.456662154046466651e-01 -1.296398852695125059e-01 -4.675589430555777137e-01
3.633828365224393842e-02 -1.215180044900605050e-01 4.950772188556620268e-01 2.085244214075634636e-02 -3.789963150152612925e-02 -5.013002981585625850e-01
1.122864396190785125e-01 -4.282941685862364789e-01 -3.187566829287443726e-01 -5.923564344478506050e-02 1.888265199441346853e-01 4.491900800758493739e-01
-7.269094410945706186e-02 -5.598471488205633007e-01 -9.257526206596958240e-02 7.447004195010217820e-02 4.164239088544439138e-01 6.629092731396388216e-02
-2.182313365529794658e-01 -4.713638566552329212e-02 3.846888965652475734e-01 3.815282103608081954e-01 -2.082706336766791955e-01 -3.990994932464715927e-01
2.080654614931914115e-01 -3.071719590939850364e-01 -4.133545790939259779e-01 -1.592456047572114175e-01 -2.278442535044389317e-03 4.653504477326622646e-01
4.548395606138501135e-01 -1.371208616767049804e-01 3.004338356042710600e-01 -4.128984909160657857e-01 -1.293921124849191640e-01 -1.965278735474457195e-01
-3.550013253965536575e-01 9.344657780053125529e-02 2.051799851548718467e-01 4.062021766880885010e-01 -4.609845243050131325e-01 -1.312355041319734350e-01
6.748516018667638505e-02 -4.809370252126863310e-01 -3.221187545146854125e-01 -5.010508380753578295e-02 2.287870063533153919e-01 3.724777712001231533e-01
-2.064185477886794906e-01 -4.837214696023831029e-02 -3.526923864611011816e-01 3.133580242552432837e-01 -2.106550815776558339e-01 4.860546339724904352e-01
4.941500105628228723e-01 -6.371914968615821628e-02 1.529775741880319839e-01 -4.292150468298475130e-01 -1.975168668869716482e-01 -2.068767597556927518e-01
1.308736759281755591e-01 2.774502549227113590e-01 1.049528361615446048e-01 -1.755813964966866370e-01 -6.495821307154805435e-01 -1.111403024686188901e-01
-2.688052007679430089e-01 1.639051880632771963e-01 -5.671177823634800108e-02 4.463384688496629948e-01 -5.097116954119904619e-01 1.298621376868914212e-01
-1.674046469155351380e-01 -2.010540775785450707e-02 -3.492328928516845177e-01 3.255330778391879454e-01 -3.128711043702681049e-01 4.700964953681480707e-01
3.059463187548455004e-02 -3.726124778375192181e-01 3.684453881237703676e-01 -4.379764288182150939e-02 2.371773692706327652e-01 -4.206186978795466436e-01
1.763505185317668089e-01 -1.585650086995985808e-01 4.966060454509393929e-01 -1.890410720883941575e-01 -1.026565696714349663e-01 -4.325673678307271897e-01
-3.804512167290836216e-02 2.478471661553884597e-01 -2.409857716963033636e-01 1.074137908863626034e-01 -5.696951301577520832e-01 3.162092556470060267e-01
2.844467310178160901e-01 -7.846342282033905852e-03 3.423892136211925674e-01 -2.798258593849903275e-01 -3.752536591843658176e-01 -3.969404200380677317e-01
-3.555385821453648787e-01 2.373080822727135220e-01 2.418051974806262883e-01 3.504831014459497962e-01 -3.215208771770373675e-01 -1.932161541553528150e-01
-2.120221939819962390e-02 -1.261746135410978520e-01 -4.691603088460029047e-01 1.487196821699269256e-01 -2.533182051184373895e-01 5.080607789781836914e-01
4.515244630764118083e-01 -1.983498900992164693e-01 2.778550692954726564e-01 -3.927652865798803017e-01 -9.430672812791301984e-02 -2.478348003732596672e-01
-2.908439322122174583e-02 -5.077084299838729997e-01 2.062588210832607127e-01 1.250096642081823806e-01 3.538375065757084492e-01 -2.774700499412183774e-01
7.493653302784765435e-02 1.282089075396320166e-01 -3.770662051154174410e-01 -5.972771278191356392e-02 -3.819273068572061058e-01 4.724198652008364530e-01
-3.302275310512732820e-01 -1.502844594402133194e-01 2.803375556572881844e-01 4.737989812252456079e-01 -1.547054830902570288e-01 -3.142394554239867355e-01
-3.810506893809817441e-01 -2.203891352672663895e-01 1.945939465912552013e-01 4.852657393326267332e-01 -1.725940278919749216e-02 -2.617328629699269271e-01
4.158900813813874026e-02 -1.545850988042589969e-01 4.989315707391906995e-01 1.393119906175616096e-01 -1.279253363869009563e-01 -4.959249393984151988e-01
-4.314966030556240395e-01 -2.949629223511723852e-02 -4.989803615781886886e-02 5.491707985522624735e-01 -1.994764666214044746e-01 4.704621451876086352e-02
-4.972408770124055882e-02 -1.217831658114970454e-02 5.283100399508703360e-01 1.291599044955258624e-01 -3.254202136602739603e-01 -4.043635531405276318e-01
1.331010611021619244e-02 -4.897364937483425495e-01 1.195279892189470006e-01 -4.357873914034926521e-02 4.522041760171053304e-01 -2.113971290901301148e-01
8.777761127424005272e-02 2.885096501203175401e-01 -1.411831379338180925e-01 -9.895347119298009142e-02 -6.348731447922362214e-01 1.942206737620255641e-01
-7.824845565783743184e-03 -5.176710762167178181e-01 3.041123623905769846e-01 -8.047735215419021468e-03 2.731152556378758645e-01 -3.079798918261876239e-01
-1.289331952123026204e-01 -5.156177050414109120e-01 -1.647793458287848123e-01 2.279150605232748150e-01 3.567994744436423504e-01 1.692080600981755445e-01
8.188172672350921277e-02 -9.294760909441375507e-02 -4.681582587816665586e-01 6.908649122007506915e-02 -2.114027949535857709e-01 5.247186977902345006e-01
-2.758524570603478332e-01 -4.610429089819253479e-01 7.197314693301552248e-03 3.452190293715702851e-01 3.168985699472053330e-01 1.024719918263394952e-01
4.047109512444549972e-01 1.764393729297978330e-01 1.492339899221218624e-01 -2.170241596268632778e-01 -5.589198764734712999e-01 -1.203809692824636401e-01
-1.826584983038364307e-01 -4.214743442872661006e-01 3.749765881299652603e-01 2.124917646019063022e-01 1.369103095730779818e-01 -3.544497947619522638e-01
-2.369032525701149361e-01 2.333876801783243971e-01 2.783036715178933140e-01 1.893147258493121654e-01 -5.411802269542753674e-01 -1.890107752011022102e-01
4.428039641712150988e-05 1.466629050672362544e-01 -3.769545371939917455e-01 5.873909813827787180e-02 -3.730254427531187744e-01 4.753828018390928722e-01
1.809501349656391644e-01 1.235000207667950461e-01 3.427105247449007686e-01 -1.996585338723412262e-01 -4.629465766882683853e-01 -3.722841812066603473e-01
2.223175352760439760e-01 -6.012311164711047207e-01 -3.909511275497135757e-02 -9.409609558095183290e-02 3.459254289212003730e-01 1.360111793003075664e-02
2.053994716490792627e-01 -4.142609199120911301e-01 -2.985305587589652254e-01 -1.689089282529252223e-01 1.746725711117824709e-01 4.177449224026016927e-01
1.614496735396493132e-01 -4.874445645168429264e-01 -2.365046894392871524e-01 -7.809344999020315092e-02 2.981452818809833261e-01 3.339930627089587878e-01
-2.477911570904378913e-01 2.872228052445710209e-02 3.346149262454681805e-01 3.502312446262753065e-01 -3.353853267060700749e-01 -3.793842736153119066e-01
7.279061862373567560e-02 6.378254110895877071e-02 4.430306168947166223e-01 -5.193364069383754611e-03 -2.420356085186816109e-01 -5.058601870451495675e-01
-1.190576452536739327e-01 -2.653192236786906522e-01 -4.391251363619358972e-01 2.437428595149077892e-01 1.667036871282057131e-03 4.536761463528709570e-01
1.565908336441840798e-01 8.642189701468995511e-02 -3.988806797436911245e-01 -1.020327795615759703e-01 -2.951563719614583858e-01 4.885379651683726676e-01
1.385323609122600941e-01 -5.232202006644074421e-01 -1.482242606161740806e-01 -2.200623235443383285e-01 3.510840023696868428e-01 1.788873607554763712e-01
6.903108553650243303e-04 6.497006031442160989e-02 4.813788472857996048e-01 -1.194775864529410217e-02 -3.162251972979106540e-01 -4.430293173109677296e-01
4.960623548103783031e-01 -1.396359561022736118e-01 -2.040300482269530313e-02 -4.986536737414208886e-01 -2.237079220404186164e-01 3.852005590425242737e-02
-1.089892141664284553e-01 -4.806543840110528709e-01 2.506618252982837358e-01 2.333489431761071875e-01 3.139694727433676169e-01 -2.507137946754516289e-01
-4.572674314045820088e-02 -1.975482589785228782e-01 -4.569641834164309691e-01 5.388457741597039996e-02 -1.279665043522440759e-01 5.356263485957037940e-01
2.750422532086626570e-01 -4.836296208283124010e-01 4.534697025825134425e-02 -2.151453924443719745e-01 3.742426222216457266e-01 -1.088324273718092594e-01
-1.552676389653943889e-01 3.011751135847860472e-01 2.505968066471871980e-01 2.474943345395654581e-01 -5.287655788941678647e-01 -1.353840732755681731e-01
-1.828605391925434420e-01 -4.944370551719511897e-01 3.227840360162436140e-01 1.741287923498537060e-01 2.036035243023014973e-01 -2.979397081503235567e-01
4.082485461428951301e-01 -6.896866362527218075e-02 3.718955853967416680e-01 -2.808145256385384259e-01 -1.737676192258690022e-01 -3.451882744217311116e-01
4.749560855710607821e-01 3.555916753814918063e-02 9.256765886228139617e-03 -4.188723233163305637e-01 -4.127108489590062268e-01 -1.913183776790295873e-03
1.730776661485633472e-02 2.659624527712081687e-01 2.211406230538048301e-01 -4.655528279369529343e-02 -6.104126896726034257e-01 -2.562356652417386305e-01
-3.784633092327178289e-02 -6.109450438270467298e-01 -1.813232702486066231e-02 6.766401886089436213e-03 3.715589708229797283e-01 1.626868236972384141e-01
2.013079204348447726e-01 -3.356614312651753917e-01 -3.346891157723816401e-01 -1.709317306102407230e-01 8.736060342510293397e-02 4.914404142386996077e-01
1.841879757346147062e-01 -1.122605923259508698e-01 4.906638909315996222e-01 -1.641913314959224102e-01 -2.284393833412003694e-01 -4.394620934446062388e-01
-2.049431970887984067e-01 -2.414104588150165487e-01 -4.097124503441287868e-01 2.760497395548885402e-01 4.292544158729755255e-02 4.196239654976497424e-01
3.220428213228786474e-01 -4.640928521139784935e-01 -2.073746820097726040e-01 -2.532051853321175550e-01 2.564467563545412276e-01 1.798105494589466447e-01
-3.858660417505044293e-01 -2.417943246320811146e-01 1.302262976951047979e-01 5.479361520543198916e-01 3.973852639227548611e-02 -9.057387585418097409e-02
5.090848883874946051e-02 2.038880676732412189e-01 -3.507468524267209897e-01 6.103005727515151829e-02 -4.549497535172117857e-01 4.014700572618367103e-01
-2.592016290095978601e-02 -1.832677187476190461e-01 4.923572801411526534e-01 1.572364518551506718e-01 -4.371283972475348278e-02 -4.807707125771716328e-01
-1.100624215031900804e-01 2.701688223663398225e-01 2.604060191278791958e-01 2.606301758773767463e-01 -4.840198817668751041e-01 -2.816146417376554911e-01
2.936398904404005084e-01 -1.049300148101632024e-01 4.117579720507213992e-01 -1.850352660856063314e-01 -1.676946597936202765e-01 -4.639878208965833029e-01
2.041492209946953185e-01 -5.891942514342304316e-01 1.353952104747471463e-01 -2.094114128937268893e-02 3.603138720667843353e-01 -8.316519813671360839e-02
-3.586452807770296736e-01 -4.055514607760733470e-01 4.624412210969471027e-02 4.481238439584609989e-01 1.802894413901698356e-01 -3.065852233490552747e-02
1.652618695842977270e-01 6.446119515409838574e-02 4.383517773676687823e-01 -1.369439351099425162e-01 -3.814246505500641926e-01 -4.041786162738843502e-01
6.183992464971468234e-02 -2.818721888472196513e-01 -4.472441196739374014e-01 3.369534235609127071e-02 2.095956848114438609e-02 5.053842492301868772e-01
2.148217596573343269e-01 2.060105547917996383e-01 2.744309269845225385e-01 -1.480786981874919472e-01 -5.176423706691660742e-01 -3.126207753107705933e-01
8.840447094169705256e-02 -5.448949417240652737e-01 2.206527489403537490e-01 7.873225655510338039e-02 3.572210995124304178e-01 -2.107323416836187624e-01
-5.332532996072891773e-01 -9.800167569362139286e-02 2.062076792804899139e-01 3.859631883338193736e-01 -2.513542316728711312e-01 -1.564547558735318311e-01
-3.559988787002142385e-01 1.276666663390025117e-02 -1.535017750075311493e-01 5.214505988532713854e-01 -2.475353098757503423e-01 2.493943597049832483e-01
3.217519131044652703e-01 2.213784277966579506e-01 -1.948831708784360683e-01 -3.120051688215793595e-01 -4.145897062552923451e-01 2.454536247440345653e-01
-1.312637080125097222e-01 -3.285319713976741357e-02 -4.028456529439729539e-01 2.704565229147021244e-01 -2.543912263399390472e-01 4.857159699510807394e-01
4.166193327033850674e-02 -3.112832739697269924e-01 4.501171500360334754e-01 2.804865528908963984e-02 1.544558935406752931e-01 -4.347001794220433091e-01
3.158185242384375369e-01 -2.547498593697344327e-01 3.511012385310360862e-01 -3.232511203541725275e-01 -5.728048689122633430e-02 -3.922666625066796864e-01
-2.644392368876387067e-01 -1.676925225580357670e-01 4.354438413695798094e-01 3.802303151444820228e-01 -1.140423370231063022e-01 -3.271325982578009439e-01
2.398577851804751526e-01 -6.308354584621345129e-02 4.324294726944847844e-01 -2.666906220441365161e-01 -2.250486302852605924e-01 -4.144329851821537125e-01
4.882176866718139219e-01 -5.413291990391046193e-02 7.055833736447691962e-02 -5.085032828468925015e-01 -9.886729184272641247e-02 3.133231588292595404e-03
1.326585962521735496e-01 -5.523583696894974748e-01 2.022348649740188797e-01 -1.880197271349828558e-01 3.241085945752912867e-01 -1.568905636189280028e-01
1.812853158242091756e-01 1.921635944491365822e-01 3.244977200273333473e-01 -7.945173727067458835e-02 -5.565781396350787391e-01 -2.849298841915418601e-01
-4.504927257540679297e-02 -4.654018038526743228e-01 3.699887408065887229e-01 1.058302494437680513e-01 1.682865020855655591e-01 -3.887434258717384905e-01
1.864077839358418975e-01 1.780675463653965396e-01 -3.653400175920853421e-01 -6.445476049854287348e-02 -4.095129821370131484e-01 4.039564833259516874e-01
-2.857218474376164163e-01 -3.491776761013350855e-02 3.133318371375118927e-01 4.268656934153955973e-01 -2.928621366828121353e-01 -3.391125659228214628e-01
1.488509353958084591e-01 -1.359011484742049247e-01 -4.540801488770125349e-01 -1.333076104354315450e-01 -2.103601891238666144e-01 5.023937955040835845e-01
-8.637254510163507037e-02 -3.493454491421935093e-02 -4.089398873810285995e-01 1.533488654942735674e-01 -3.168975390748606236e-01 5.200544695587075994e-01
5.493017281964000104e-02 1.521998293355324994e-01 4.246434486532352781e-01 3.204305232369261680e-02 -4.108006861143150279e-01 -4.014961275193446588e-01
-2.589490786743653405e-01 -2.416010412238768224e-01 -3.037996625155799379e-01 4.007211414114051351e-01 -1.155150954368319716e-02 4.116808848829603407e-01
-3.710260112643895547e-01 5.493085954278138783e-02 1.450612953507273151e-01 4.984561083756428590e-01 -3.491067305287011147e-01 -1.391120134513222362e-01
-1.602389687484220837e-01 -2.128879540125885594e-01 4.826525428243788052e-01 2.925365419900325392e-01 -5.616174433193807380e-02 -3.950895788005711062e-01
4.409410127266151225e-01 7.546797740577208813e-02 -1.441705325616539080e-01 -4.412114015762135244e-01 -3.257114285888609850e-01 1.025321268189936519e-01
2.354432669626149999e-01 6.714087679016740584e-02 4.314163879577072591e-01 -1.651647088834147514e-01 -2.808984185831563951e-01 -4.161577377472879813e-01
-2.223348306654807927e-01 1.188317355271747977e-02 4.011322141892413318e-01 2.791402239666088692e-01 -2.692902133551579036e-01 -4.170757643079723853e-01
-7.584406024103433619e-02 -1.784147222153046330e-01 -4.274524374568540175e-01 1.591987384618567258e-01 -4.867735430860051227e-02 5.358352133238215576e-01
4.486677264486681888e-02 -2.576984943814773499e-01 4.866663648578141155e-01 2.829572021513237709e-02 8.777672069252950848e-03 -4.770326820106020049e-01
2.545533300283968625e-01 -1.596452597963881059e-01 -4.370716546134744696e-01 -3.524026578242944741e-02 -1.168750481841561162e-01 5.190613804949650856e-01
3.464391853498866025e-02 -5.784892062866532347e-01 -1.584003246977339352e-01 4.871832377528009794e-02 3.597356993479974285e-01 1.873393715536262605e-01
8.352121238229592848e-02 2.827160103399336544e-01 2.917855478608739062e-01 1.066373194502165389e-02 -5.279900795074785602e-01 -2.891167015999555612e-01
-3.792965446522342937e-02 -4.077689560408773728e-01 -3.144840435149723890e-01 9.875509536867355109e-02 2.777503713175603073e-01 4.006247111376889380e-01
-1.313079786246003633e-01 -5.408557676055160135e-01 8.444429882080342620e-02 1.756289726842506504e-01 3.975930869000342538e-01 -7.399640112226202326e-02
-1.250413461604026055e-01 4.695569432563703738e-02 -4.005971080050760857e-01 1.927815993551627305e-01 -2.842098772709805710e-01 4.878385618624138109e-01
1.649698316132252596e-01 -2.081142409342813249e-01 -4.511850416511511419e-01 -2.288124053036861283e-01 -6.939121631728181749e-02 4.574906278425493467e-01
-1.260077295685256282e-01 -3.769462384777277908e-01 3.704974573116674996e-01 2.597710441224970745e-01 1.121568250692193680e-01 -4.117767471706493820e-01
-3.636170891130268146e-01 1.173610273578611501e-01 4.977583853689306753e-02 5.006254124133182604e-01 -3.816553706046186267e-01 -1.400137620346281891e-02
3.816363580503563668e-02 -1.583044266682207823e-01 -4.650300997086925792e-01 7.887199860341040369e-02 -7.455137484949218851e-02 5.306245871729216024e-01
5.080701091763600852e-01 -3.207525840088124025e-01 3.802683864596389986e-03 -4.605997527342939879e-01 -7.761542765668097421e-02 5.442897967017315541e-02
1.330930380606114849e-01 1.045698747070302262e-02 -3.831228147829356390e-01 -6.962424426780225439e-02 -1.893690806983973629e-01 5.755091510545593536e-01
3.137273106673152401e-01 1.386066184607353258e-01 -2.572515608283474919e-01 -2.801574175062417349e-01 -4.200717365458104258e-01 3.216952634045870396e-01
8.734538063310619271e-02 -3.357905335237925115e-01 -3.710808755806292436e-01 -4.726305420327371609e-02 9.480668028147498649e-02 5.213689038098083817e-01
-3.069060880667037750e-01 -3.885036569641542314e-01 -2.501404487342309135e-01 4.091436979356562476e-01 9.735284020224566071e-02 2.510742439147080063e-01
-3.600153628027640829e-01 1.079007682055120321e-01 -2.484807924861667239e-01 4.295896850863641370e-01 -3.063666647850096791e-01 2.041850470814453589e-01
-4.381052059149018185e-01 -1.744454376045501132e-01 -1.193237943133528822e-01 5.321644445604998275e-01 -2.101737441445547250e-01 1.200510027688068415e-01
-1.452606748119637109e-02 -2.707412936978890183e-01 4.539910151761025747e-01 1.094908905517951239e-02 5.367438708760785548e-02 -4.915804958477489328e-01
-3.558761080675407196e-01 6.693106040454331607e-02 -1.015168173944442642e-01 4.614983300632350960e-01 -4.217829344903826772e-01 2.035367173896013571e-01
1.233124260022165804e-02 -5.514512382349215924e-01 -1.083143807574869499e-01 1.646692307574989245e-01 3.814762292967074364e-01 2.179362555472021401e-01
2.373978831317427249e-02 -1.215010254790468147e-01 -4.481863858329408479e-01 1.369567827447512771e-02 -9.688561205303390655e-02 5.514601503364178203e-01
-2.795538803701533292e-01 -3.069924586097722563e-01 2.849321202354158089e-01 4.190149922967548179e-01 9.586410434468844999e-02 -3.064291228515858556e-01
-2.939957067118938450e-01 2.982617121571119398e-02 -2.624965137127691639e-01 4.045670444060947557e-01 -3.724591043935208678e-01 3.292607336264344875e-01
5.152007289496881581e-01 -2.500377535130318685e-01 -5.978971176508531687e-02 -4.254839139527586411e-01 4.316751319117778651e-02 1.109237153120179176e-01
-1.568303170953878334e-01 -3.186198569416330284e-01 3.622143208831912764e-01 3.127888807639758184e-01 9.393334233389100119e-02 -4.183352718842751061e-01
