5.417697332369258989e-01
-8.472379874510633790e-01
1.276258063435699031e-01
1.594492655682068882e+00
3.102081129294930850e+00
-6.191025705070575258e-01
1.044723123310695723e-01
7.124476390262068914e-02
1.742688786870641771e+00
7.107445912768887153e-01
-2.849048527945124420e-01
1.506260785174919070e-01
3.865636292497153237e-01
2.548287860168271024e+00
5.527546875133008131e-01
4.812452983591483102e-01
6.815430520501304656e-02
-2.671162520171908583e-01
1.013900787277596471e+00
3.884839271716337805e+00
-2.141496252296536951e-01
2.166427957813772398e-01
5.661765056551153474e-01
2.852029890333872331e+00
3.211803736810765031e+00
-2.335419325659576217e-01
-8.303728865816585314e-01
-5.092883222139965582e-02
1.495628670349085310e+00
2.392665812660651259e+00
-3.609552151724169655e-01
7.737233087755163163e-01
-1.909563237490558840e-01
1.468328373237563822e+00
1.979365237867065086e-01
1.803006129084529924e-02
4.208379877367047772e-01
6.207624956840241959e-01
2.729304661864013326e+00
2.028424129112525343e+00
3.830934297623493912e-01
-3.779679521954336097e-01
-6.307848313752346670e-01
-3.765740587945293760e-01
2.725316410699210046e+00
-1.465070334870351709e-01
5.463277930317916864e-01
6.453579639424802394e-01
3.433305843633273735e+00
5.566436928132331374e+00
6.018527832179103587e-01
-6.032421109099469492e-01
3.045549952726183118e-01
1.526057506258578611e+00
1.255418945571270983e+00
-7.870078040552699328e-01
8.340197708527514742e-01
3.505047101079653005e-02
1.242991709576386938e+00
3.881779501042168512e+00
3.927558604567006895e-01
-5.144172337539579809e-01
5.769720844559752537e-01
1.797040857861115004e+00
1.085923617611144421e+00
-1.025300281442190348e-01
-5.171611519659722322e-01
1.996626644531865058e-01
2.191690641621236502e+00
1.645720996601142128e+00
-1.817774003629229196e-01
-3.943048108758551162e-01
1.331290274612713098e-01
2.018612757164027993e+00
1.323142476893277353e+00
-6.818824599279355025e-02
-3.896743419697238919e-01
6.256492868984352418e-01
2.721601776493558500e+00
5.894291041824248012e+00
8.531094788917792382e-01
-2.131894247308457613e-01
-1.944361670358840943e-01
1.356626813809868271e+00
4.198249651435974172e+00
-2.637117523937507757e-01
3.349345936552974856e-01
-9.802392001216758688e-02
1.539547902584148753e+00
4.886037529873616947e+00
2.126518954589876886e-01
-8.287631496869060088e-01
-3.882555414959370510e-01
1.790832216964901580e-01
8.926922231211622538e-01
-6.877036812309976765e-01
-1.609726454230661907e-01
7.361291961383278903e-02
1.189475913259223860e+00
1.196403828744030395e+00
-2.048912007096472809e-01
-1.358451373897354708e-01
4.406795612209969404e-01
1.839840899290785536e+00
6.323254517641228922e+00
4.518134019045341732e-01
5.251788849059006031e-02
5.383401144477246714e-01
2.521661303120192432e+00
1.894862520912841575e+00
-3.869198965422828151e-01
2.753908684812493290e-01
2.534411318270697322e-01
2.548570109862939859e+00
5.996591805706748879e+00
-1.944826706051907550e-01
-9.733975816916843327e-01
2.849944805042679552e-01
2.127370940730703097e+00
7.198890009728149686e-02
-1.915641239936572426e-01
-1.621483173456785276e-01
5.101071820094417175e-01
2.346657101932169809e+00
6.058231962069059229e+00
5.212550341470182369e-01
-5.585806274650512160e-01
2.351666181424602597e-01
2.030882964532611634e+00
1.279808605000879895e+00
3.611230512008378746e-01
2.381253860867724725e-01
6.458945690327589917e-01
2.744168141152315776e+00
1.455925102142757055e+00
3.471343357208702685e-01
-1.155888821425353485e-01
5.127410333962859612e-01
2.098163106527243915e+00
1.752892962307003755e+00
-9.880726198915723568e-02
-3.558567915878351196e-01
-6.330628692493559528e-01
-5.617093040570740881e-01
6.135523248497800175e+00
3.980270756117159081e-01
3.285199616980192250e-01
3.165407544664798623e-02
1.830382997161956293e+00
3.463529247757378915e+00
3.246875606042189388e-01
6.624548204011254660e-01
3.875175793280278835e-01
3.038548714095526737e+00
1.311333310632424087e+00
1.079711573994372592e-01
8.277150256768120995e-01
-1.800261472017559150e-01
3.769507322868251853e-01
4.672902801018102181e+00
5.254899050935720739e-01
4.381262500095880474e-01
-1.314945148771145822e-01
1.407901979407299109e+00
4.895883827755560525e+00
-3.583415528374773729e-01
-7.659447655263083854e-02
-4.848252507461450755e-01
1.585453341748858769e+00
3.260203769349669933e-01
-3.091569383483979694e-01
-2.257521466851316327e-01
-1.642816662239627787e-03
2.394826264867886856e+00
2.170690172785463279e-01
-1.530913846664181677e-01
9.614909114988180738e-02
7.087930407157188029e-01
2.031847550661340041e+00
5.267796251948194453e+00
-4.488688208350522825e-03
2.928002587977310278e-01
-3.049712287819703604e-01
8.878504481675697502e-01
5.179791591352810087e+00
-6.092860396676182955e-01
-1.813160891167586372e-02
-1.654368377919087085e-01
-4.614738447986717618e-01
2.241075371639945857e+00
2.658630472025739766e-01
-2.610415609397597758e-01
-2.767970253767089162e-01
7.598737664852608376e-01
1.806849791488419843e+00
8.398702334835209116e-02
3.293779110118360554e-01
-1.684246826685270870e-01
7.665662406353741520e-01
3.972069081084630415e+00
3.598285395959797683e-01
-5.169082118639841683e-01
3.058374067107795247e-01
2.742853134016702832e+00
1.607887509050080155e+00
2.496537478711139194e-02
8.502259527203948064e-01
1.117488936141887990e-01
1.371350367284070337e+00
-2.776989307602789059e-01
1.146635699764700089e-01
5.873400419892578217e-01
-2.703789523742942125e-01
2.025919317899649741e+00
4.431194599896268294e+00
-1.841908174775413465e-01
-4.206109497881547199e-01
6.130198769685323290e-01
2.855954324933246191e+00
3.819718599623950439e+00
9.402100099958367041e-01
-3.903113697268373872e-01
2.416012904385228255e-01
2.129881794016603713e+00
3.970370911478105391e+00
8.884872741180998013e-01
-3.899893104172983960e-01
-1.541375792799264954e-01
1.451660934605365716e+00
1.633036827400084601e+00
-4.867909810917195879e-01
-1.533290558922545677e-01
3.156315793690639970e-01
1.349528240881083363e+00
7.356748851968162306e-01
4.032750406492507378e-01
3.838623423093618370e-01
5.966547212891393226e-01
2.205175888230681558e+00
2.865059301448855678e+00
6.360261674880268723e-01
-1.568624680894943058e-01
-2.111445610465177980e-01
5.198894498011429333e-01
2.397828279612561619e+00
-2.467412267653051050e-01
-1.515487028927028912e-01
-5.715942086929328703e-01
-3.230570256539625484e-01
2.713924701582191568e-01
3.252584081043501385e-01
-5.709760191604602575e-01
-5.383015511821312993e-01
2.380152979880344188e-01
4.740748099303406349e+00
-4.745406502187808351e-01
3.359882311769253893e-01
1.098122333639011960e-01
2.812471467667088554e+00
5.318906164353616184e+00
1.019283199735570716e-01
3.970221016815854709e-01
-5.238085937874884523e-01
1.312688598068261880e+00
3.975366999585988381e+00
-4.396214675340699984e-01
7.041957625737230164e-02
-4.911223513119769568e-01
1.799397787145974315e+00
6.315002792259309494e+00
-3.838605557918111089e-01
2.753614120066992799e-01
-5.683944198474193410e-01
1.893125930513426480e+00
5.886949075380881524e+00
6.318074293105865324e-01
-2.522927975163175018e-01
5.673696125780107735e-01
1.396006646616597680e+00
2.354937554784414466e+00
1.999969406677983008e-01
-1.604755731799435980e-01
8.243541521768641411e-01
2.404101161113215479e+00
5.738339001517375415e+00
7.834773193663943647e-02
6.503411252041687574e-01
5.188572423387152188e-01
1.228432246859676891e+00
5.341029903394279188e+00
6.596844338596920265e-02
5.279029638061959462e-01
-6.435680131282608407e-01
3.511829085323466826e-01
1.767790754276931775e+00
5.287088998561945141e-01
2.630669566331572118e-01
-2.260549537364510975e-01
1.725759294016876888e+00
4.181604205822919695e+00
1.610408914527914070e-01
-2.562208198640814061e-01
-6.458689345733864551e-01
5.200679175364850693e-01
4.854359897649596078e+00
-2.167865710890081454e-01
6.750822886262947131e-02
6.084064899400805082e-01
2.585349805819666447e+00
4.679834776029732524e+00
4.383515050430576432e-01
6.148313660083826182e-01
-1.091654224762017428e-01
6.508285725733200522e-01
4.723022349416476473e+00
-1.375817153043799035e-01
-6.855504942732840168e-02
-5.296649351587906507e-01
8.358372496321908596e-01
5.770060842678030877e-01
-1.838662375170304619e-01
4.218944867146608990e-01
1.540077732059966231e-01
1.004753011033656440e+00
4.799724913768036672e+00
-1.634809578758723292e-01
-2.305507899399862892e-01
-7.371948153651823876e-01
5.419673848459247711e-01
3.843668539381578153e+00
6.016943919900415993e-01
-1.344880003862997109e-01
-5.100198223325579372e-01
-2.885930472662637802e-01
2.971383385311886283e+00
5.556624152620203566e-02
-8.929220377375121642e-02
5.695463496812916970e-01
2.521545656160832483e+00
2.129501262273787443e+00
-5.779249903995709037e-01
-2.143707805834429714e-01
2.435611350494006899e-01
2.727711390224965005e+00
6.792029897436806518e-01
-4.825245231298709303e-01
2.058920817979067175e-01
3.171768209812794170e-01
1.583460313606168013e+00
2.899587675353317850e-01
2.591928093213362039e-01
3.947587764269237520e-01
-7.076725014952763848e-01
7.629831291753857991e-01
2.747582386646933994e+00
5.508774916051262238e-01
4.359571800063237745e-01
-1.977688589437665012e-01
1.408348860227235377e+00
3.118831550131350383e+00
-3.680959542175980537e-01
-2.983690349659974192e-02
1.995465413194003404e-02
1.091819250155472210e+00
6.330714306472204456e+00
5.019173342489509082e-01
-2.821889831960917028e-01
6.144181232584481345e-01
2.016311524485137063e+00
3.743208052909845929e+00
-4.562571443617506328e-01
5.733637446186309189e-02
1.659319858495753031e-01
1.759584929249260021e+00
6.535481198651816870e-01
-6.745772589190913715e-01
6.189158431816161460e-02
2.408677329928862187e-01
8.902609570956202534e-01
5.892039106212221711e+00
1.807502729701217781e-01
-6.344169871967034746e-01
1.435846987582082013e-01
9.714269925599503530e-01
1.654736064066449019e+00
-5.996960603492661884e-02
4.757113599923503688e-01
-2.405376973818031949e-01
1.483015807707586786e+00
4.385195696270813848e+00
9.743205706525064069e-02
2.066754592839702698e-01
-3.515360938807208235e-01
6.222912677745391363e-01
4.075632397831632225e+00
9.218104390631954859e-01
-2.243235001046463561e-01
1.880703893393596282e-01
2.833826158631598258e+00
2.871086837457274665e+00
-1.607719646740854991e-01
1.299709702599921024e-01
8.105903209006055654e-01
2.300304692725589017e+00
3.145757377034978486e+00
5.012465744378309385e-01
-1.342884981464852710e-02
-2.114549635144159501e-01
9.408506357951833543e-01
3.567445574928238106e+00
-2.733989220408165610e-01
5.540867040478415495e-01
-1.722417033016462040e-01
5.901908758021949808e-01
6.256807217212212890e+00
-1.189621166135399477e-01
-3.990812000467789389e-01
-2.974758849705189112e-01
6.036477818867093115e-01
6.554602979618966430e+00
3.282273417901159229e-01
1.163712921609920015e+00
1.278173756130716043e-01
1.421870044265967303e+00
3.296995060918464393e+00
-4.020807149089004051e-01
6.593432971886760141e-01
2.455612314335046120e-01
1.476808597261123568e+00
6.367041493564600252e+00
-6.652294579250812578e-01
-1.109761621089100092e-01
-7.513134341586562293e-02
5.479034877136633730e-01
3.733080880468401253e-01
6.634857612049963049e-02
6.512059085285665239e-01
3.955883590711717912e-01
2.742377586221465879e+00
3.944294835155759404e+00
-1.058476027075605924e-01
-6.084758651141760621e-01
-1.098109775238088372e-02
1.860843311361249697e+00
7.296058758155190560e-01
-4.465265658452765019e-01
-4.017625891936660865e-01
3.980653917678214637e-01
3.171841659848948503e+00
8.235588621245735208e-01
1.491685982165222302e-01
-6.407898758531463956e-01
-3.974321506586708103e-02
2.061062179211099465e+00
2.066934228221473102e+00
2.509247034977150209e-02
-3.056391652661536937e-02
-8.560915718151281828e-01
8.805512896329683592e-01
3.166801786463182555e+00
-4.533462354494149915e-01
2.658189290873035904e-01
1.786605651183022780e-01
2.064927855047889782e+00
2.182724671050114695e-01
-5.053935399490261382e-01
-2.212381147614791640e-02
5.806813152643477416e-01
2.524574095054219036e+00
2.353327891829823493e+00
4.040810213893814007e-01
2.741990754157426768e-01
6.310919843793301176e-01
2.648178085145599603e+00
6.208109502244075983e+00
-4.670198515018603863e-02
-5.574488552048257883e-01
1.786747379904740987e-02
1.172680668604214826e+00
1.659816805903352455e+00
5.801562092703443918e-01
-2.752025679657371104e-01
3.342811300171842914e-01
1.263304977637868642e+00
2.643685391169452004e+00
-5.340908041869254358e-02
-5.843964429622307000e-01
-3.865328976590935439e-01
4.103625429104024724e-01
2.570230466992787566e+00
-3.770757670978336275e-03
-3.018128253881145473e-01
-8.496182338705826620e-01
1.378920020275162361e+00
1.586234665544133393e-01
2.175249161058587788e-01
-4.126264331870171942e-01
-5.094557417311619263e-01
8.824103855462547275e-01
3.269371399554885649e+00
2.436982447092792270e-01
-5.414698417457280977e-01
4.399592635784879135e-01
2.565142926684863323e+00
8.890697494545027890e-01
-1.107883127118238498e-01
1.498269654854409161e-01
-3.868066520554964693e-01
9.335885515287803971e-01
5.255952433899699017e+00
4.032924117690738774e-01
-3.774676608112330634e-01
-3.163383180041287601e-01
1.102174884860197102e+00
1.303094406380228332e+00
4.830695631980962412e-01
3.929713179267324552e-01
-1.309637474383553435e-01
8.255869117866247997e-01
4.330898917617815869e+00
5.243864132593751837e-01
5.376167809794183405e-01
5.157700176060127373e-02
1.018434431850174127e+00
3.383243068565298550e+00
6.006181691826910640e-01
4.872578954487881697e-01
-1.568867584328663967e-01
9.536531046344821627e-01
4.827087391431755137e+00
-1.695630546044363252e-01
3.689400709131666067e-01
-6.755888762331487829e-01
1.221813757704771408e+00
6.356391061900949602e+00
2.515553359491633570e-02
-3.924816098402955089e-01
5.738985602496292637e-01
2.055410818344793888e+00
2.380836712742380623e+00
5.397752720219028966e-01
-3.836698006610022443e-02
-3.827472645744712798e-01
5.698295370102165469e-01
4.511681180347048681e+00
1.077140126261542930e-01
-5.679040168680389300e-01
-7.086603552114317806e-01
4.889780208391297234e-01
5.750416451797930151e+00
-4.364730850423012565e-01
4.623828300945738712e-01
-2.046063558150233441e-01
1.424451875467853457e+00
4.528803931963500951e+00
1.055460781577213930e-01
2.375120853389644515e-01
3.942994535830581793e-01
2.315534556191813920e+00
4.348976983264692286e+00
9.974330647214150330e-03
-1.572708287144098660e-01
-5.056772391201446171e-01
7.090455549016909664e-01
1.055940427812223303e+00
-8.864761170076579377e-02
2.475764764227734727e-01
-3.934725429681918962e-01
6.173574393467274879e-01
4.537156395902709249e+00
5.753847243208443096e-01
-5.748173033417097733e-01
-1.789323880779662701e-01
1.496552744374801458e+00
3.193392647940802576e+00
-1.113821217135675494e-02
2.689643216131905046e-01
-6.482841607119573801e-01
1.535711571458993285e+00
4.702472614487178681e+00
-6.880865536873527477e-02
6.607095466810607443e-01
3.225354142718732664e-01
1.997593169580537120e+00
3.665441077086318167e+00
-1.525209117179173179e-01
-3.959759139472365796e-01
-4.186470984447628330e-01
1.551002761964005883e+00
1.127255284786216283e+00
-4.218785847199812977e-01
-2.588554746423322728e-01
-3.155900255969474877e-01
8.220866197288288768e-02
-4.498123662877036993e-02
-4.587179200408755264e-01
-6.402203328578689456e-01
-2.267701354079761644e-01
1.103917935884848989e+00
-3.783881421992661420e-01
5.588060787394232287e-01
-5.061843981299819495e-01
5.044027781908038133e-01
3.242386062705900240e+00
2.646524030130389615e+00
-1.497558528239079784e-02
1.986869443252972933e-01
3.826369680332090684e-01
2.551481772629260902e+00
4.723899988696276253e+00
-2.181153713180904175e-01
-9.599473905679239971e-01
1.804066236548502733e-01
1.109188305912152783e+00
2.157657011422462467e+00
7.820593313610925135e-01
2.385380569705401743e-01
6.597301313046997073e-01
2.711513001867215777e+00
5.855599746341425771e+00
4.772457700233729838e-01
-3.364841853180510767e-01
-4.872270753421826806e-01
-1.260407346068224965e-01
2.016297074843754533e+00
-1.037312461924806556e-01
-4.215252036080198716e-01
3.203745055247116946e-01
2.183977982168809451e+00
1.890721508428743647e+00
7.945269422487529765e-01
-7.875163728895961945e-03
3.077374731140974234e-02
9.907814494972408959e-01
3.758248377474021851e+00
-5.958054551089757567e-01
-4.697097868850821367e-01
-1.337802022787087652e-01
1.523443425167118948e+00
1.684904685158064686e+00
-4.326606969263028374e-02
-2.588066816140420778e-01
5.064219361422693799e-01
3.631728138379260784e+00
2.556896089293506869e+00
-2.339557132798058825e-01
4.948767439254856404e-01
-4.593927483583256088e-01
-2.403074615515098447e-02
4.395610562414810296e+00
2.184529156727793575e-01
7.198326699654939986e-01
1.033219066570873479e-01
1.368879553128718563e+00
5.572608494404596158e+00
1.735359445958655766e-01
-1.841597042054277933e-01
-5.843397867404085400e-01
-4.892352038608727138e-01
1.029512046685549853e+00
3.380141474743489360e-02
5.631515359178893565e-01
-4.055728311439695810e-01
1.843099307363566419e+00
5.377528369611654036e+00
1.801244658761724238e-01
-3.673851307487919354e-02
-3.930097721659528420e-01
3.265416297859979333e-01
1.329112322552033376e+00
3.343839123093529375e-01
8.229211358818204758e-01
1.576805006407328569e-01
1.732777733961473166e+00
5.599408853251964580e+00
-6.595650441690997789e-01
1.700077786262697843e-01
-1.524636588864449194e-01
2.238459677072579979e+00
5.416708653975388366e+00
-3.064163374330256540e-01
-2.191611632439014468e-01
-7.987904806227497101e-01
1.393441226388731247e+00
-3.233341706994271592e-01
-4.021410776146209787e-01
3.289864615712714269e-01
-3.429665744452830567e-01
6.003011708279740871e-02
2.417060010316080643e+00
-8.826773765348520928e-02
4.631301832224021253e-01
3.618263188119282270e-01
2.981459610036556018e+00
5.249867805749435234e+00
1.779495999993215560e-01
4.183460177271142166e-01
-2.522217355516964687e-01
1.142123629284009123e+00
5.459809080221484479e+00
-4.410426994112588428e-01
-7.161194839299837855e-02
1.703961209694350165e-01
1.250934151909703029e+00
6.280618448491827266e+00
8.276817557627050986e-03
-6.635893220931740055e-01
4.492738097232196887e-02
2.084589015132100709e+00
9.377692333136110614e-01
-1.431101152813692989e-01
-8.663439914866394309e-01
-3.205230027601067844e-02
1.485020492919679969e+00
6.367138401652922219e+00
-4.779338025179066252e-01
3.974204962424041088e-01
-3.700397963822528724e-01
1.206506905262378693e+00
6.724762979217636660e-01
-4.876483015507273588e-01
4.814081714052246830e-01
-1.632847787198504763e-01
1.638987450682253266e+00
4.547020304731838714e+00
-4.374394997834443188e-01
-2.931887542903169330e-01
-4.301665645824284123e-01
1.678628085677145387e+00
2.131164385010973772e-02
2.792613283100423560e-01
-7.424253725156387818e-01
-2.835483755574218501e-01
9.958483387694547218e-02
1.658778340373121107e+00
3.017374970460733885e-01
4.751892302104069876e-01
1.209851131428087319e-02
7.332007573872401096e-01
4.255714893344694438e+00
1.580936555594914805e-01
-7.085288995627405662e-01
-3.252641949104893015e-01
1.186130137296584230e+00
6.687768379263724361e-01
2.466796136663669259e-01
1.752281568804741896e-01
4.114859142056495611e-01
2.396296906276043526e+00
4.022245110663864587e+00
3.027755836846885984e-01
7.367992453338899350e-02
-3.124260244089731020e-01
8.482676881094067811e-01
4.025352210162615130e+00
-4.802750908711188593e-01
-1.029431905173415068e-01
1.821394847696001240e-01
2.420027087194799531e+00
5.486588947148912432e+00
-4.367631491094613461e-01
1.448604655661069607e-01
-3.810112129256588293e-02
9.979023790135020944e-01
5.110751770190524290e+00
1.142170321825632384e-01
-9.103529568752108947e-01
1.266188924845895181e-01
1.836809313900910290e+00
2.848879358674801132e+00
5.424648169294574718e-01
-1.820923001223418713e-01
-8.705478894174105420e-02
7.503931971178620097e-01
3.172474181359177248e+00
3.146724897467233495e-01
1.707345361263069849e-01
-5.897180616098124384e-01
1.161054369130724462e+00
4.589498955978926098e+00
3.566484903417536656e-01
-3.774103481008871941e-01
2.442164835966821601e-01
2.601861641193099040e+00
2.767976367431257856e+00
2.423936282294112399e-01
-5.847711059439203440e-01
-2.100115301411078217e-01
1.351452818154185165e+00
2.829000570444840879e+00
3.828114337535755696e-01
2.846577403117797056e-01
3.231944766783634293e-01
1.950282927569683800e+00
4.059372503690152456e+00
-3.250115125256755610e-01
2.670620041108419662e-01
-5.343818665497108711e-01
1.866408446474993266e+00
5.359914161410316069e+00
3.776061262962386866e-01
-7.026045246313856740e-01
-4.658318736881931349e-02
1.020881970424421636e+00
1.440279343080445029e+00
6.237164748586973007e-01
-8.362144412989631626e-01
-1.152522062597146832e-02
1.637180043334719448e+00
9.623680989012107778e-01
-4.104739776244089033e-01
-1.846427849786974051e-01
3.036198293622466293e-01
1.815956410598434490e+00
9.253308489544502802e-01
2.972774895290521413e-01
-2.166782643643319906e-01
3.636076212390060292e-01
2.415577216896851898e+00
2.213205534430917165e+00
7.599721673485712037e-01
-2.383292600407045381e-01
8.641566013486826070e-02
1.824866032233406488e+00
3.856133255397268922e+00
-3.658763420360072738e-01
-2.108544644018333636e-01
8.900256017684290977e-02
2.424297121586266535e+00
6.836341621622558096e-01
6.243742368652018815e-01
-7.787129785128144022e-02
-1.130484564827980154e-01
1.129337071739981546e+00
2.552775930728160336e+00
5.903002565629977827e-01
-1.255595273730380490e-01
-6.023236608131590231e-01
1.445120896704992663e+00
3.923744463752262490e+00
2.235367062428567642e-01
-1.902992676912656500e-01
-4.911497993222675440e-01
9.523328141782917422e-01
1.520583569269275737e+00
-4.910079868740834241e-01
1.009114243855779025e-01
-5.690616393034071407e-01
-3.086722344056537781e-01
5.693137641151056805e+00
-3.541392555107797380e-01
-1.334316339767868120e-01
-1.801102126865553876e-01
8.668103220192644454e-01
6.580129889127969145e-01
-3.622168567942310458e-01
1.753535658333433833e-01
7.963486672758746110e-01
2.485815550739235213e+00
2.269311722280797472e+00
-4.459642470074898224e-01
-3.572821384079674645e-01
-5.613014384156352898e-01
1.210339307868064207e+00
1.928469037841965328e+00
5.738920893847003768e-01
-1.003826300632123109e-01
1.001858268035174387e-01
2.394183240023668446e+00
3.330375436554292801e+00
3.787834860870299414e-01
8.769093502963976050e-02
-3.382980504179236014e-01
-1.804428905428284435e-01
2.343787462125672127e-01
5.262035019173807449e-01
4.078289958241785862e-01
2.350812326507548400e-01
2.681984794474439937e+00
3.518897907044026940e+00
-1.245171330770723922e-01
1.347464097367395142e-01
-3.199260710289822951e-01
1.036563577220267485e+00
5.875720883202630418e+00
9.286849757091625301e-01
-5.038742359892002531e-02
5.215195985165858861e-02
1.355537705066900189e+00
2.140101866570504274e+00
6.502004022984267939e-01
8.751982522568892142e-02
3.096545658391136602e-01
2.554914431355771232e+00
2.292690057434525031e+00
3.124532381443632101e-01
1.887584344651074830e-01
6.949586342641207448e-01
2.778834610607274769e+00
1.295108945445544890e+00
5.484028617998050470e-02
-7.987530677260946677e-01
-1.847927256479058866e-01
1.761944772151023075e+00
2.583151903674995697e+00
-1.457079371482810359e-01
7.492643853895167849e-01
-9.186811254484697487e-02
5.102947011316982806e-01
4.686052141945791227e+00
-4.965067685927662677e-01
-3.815561249153213152e-01
-4.251474045782902000e-01
-4.433695785117613281e-02
9.167258164350708949e-01
5.199078188316237359e-01
5.811302650943468429e-01
1.205565410708244883e-01
1.959937051849492518e+00
5.214393447336155063e+00
-6.716814208386769902e-01
-2.954697895390955287e-01
1.869375050321963883e-01
1.495280213168601824e+00
1.451905747303371852e+00
2.194099536076178081e-01
-2.519250002357870111e-01
7.367238692464889160e-01
2.517643859666419459e+00
4.137669544973150870e+00
5.088155258421211968e-01
5.864273995929091265e-01
5.060318251482273100e-01
1.336341458548788275e+00
3.101161754177714780e+00
1.282399450458789614e-01
4.906640140763495750e-01
1.328109490396451320e-01
2.134961094158553063e+00
5.628166683861691055e+00
6.089891660526512984e-01
-7.324990447286525708e-01
2.005407906065660439e-01
1.640688083627453109e+00
3.373388927790443859e+00
5.553047083514093402e-03
-6.047351583025497579e-01
-6.844253034203048869e-02
6.035779348861362026e-01
1.256423038223327682e+00
1.830116355906348802e-01
2.189717672452088648e-01
-4.700871885209961243e-01
4.852268346134645527e-01
5.883537771457101329e+00
-3.123966032060582210e-01
-3.323614484595160956e-01
2.974041011299948245e-01
2.916991045597689514e+00
9.675006051988604971e-01
-1.879788410978485910e-02
2.971592197365310328e-01
4.074685698055199312e-01
2.574872964945684295e+00
5.663889176340750176e+00
3.162615864637183805e-01
-3.928286358685265656e-01
-1.678997148029508224e-01
7.307400912666708326e-01
2.149274683522495621e+00
6.579045471681478352e-01
-5.573038096772060107e-02
4.077785415345586695e-01
1.570855692136538639e+00
4.086607832290974684e+00
-3.977850125905433853e-01
2.513846675333041361e-04
5.760700637996745144e-01
1.450901440665441244e+00
-3.818835653876696545e-01
7.636413517220923541e-01
-3.933049881886687693e-01
-2.947763881004346054e-01
1.649839504099017695e+00
3.514843427080209803e+00
-7.051049266750504252e-01
-3.603190656170286443e-01
5.542984825695321804e-01
3.309967839844480952e+00
1.565280471691705422e-01
6.553472745382196152e-01
7.055239983439753892e-01
5.615974045617572880e-02
1.717060348767178057e+00
5.035295508088019290e+00
6.705818716994115247e-01
1.566127661135630622e-01
-1.286122055093363303e-01
5.561409414025477727e-01
3.200342367177415159e+00
