4.673925733717575470e-01
-8.603752150666511556e-01
8.353033049180448311e-01
1.314648049764913784e+00
3.979864679817666229e+00
-8.836448694439191787e-01
3.370641063206927246e-01
-4.343997074050800350e-02
1.486589605625404875e+00
8.237572056977550128e-01
-3.090589917688263411e-01
3.192466127885519311e-01
2.500456241684662628e-01
2.558003978117219912e+00
3.945477795408164345e-01
5.667464461017813759e-01
-5.970278625720902045e-03
-2.937358351395116807e-01
1.060775720440400693e+00
4.057336061491888302e+00
-3.925480927709562584e-01
2.203079455316367119e-01
6.475794570260098304e-01
2.817545524552813596e+00
3.282356818271670029e+00
-3.068679559518684430e-01
-1.182836032760921308e+00
2.112920956743968293e-01
1.513344861976721578e+00
2.439030145695259222e+00
-3.194913471927896542e-01
9.557968294936265430e-01
-4.537931327739991305e-01
1.563001597668033149e+00
8.621973865578153040e-01
3.834234139119810023e-03
6.974345432710949977e-01
7.513166537598319206e-01
2.385395910499093386e+00
2.004358319979964165e+00
5.568035535241087075e-01
-5.936998959919675967e-01
-7.258602432665151039e-01
-6.449953726888486560e-01
2.726326488758081368e+00
-7.089974065616037047e-01
5.839871456452614407e-01
7.740328956877015054e-01
3.808739933972982605e+00
5.645086683925442550e+00
7.257161531235751806e-01
-5.952397004675884506e-01
6.355592820523120468e-01
1.399652188300376521e+00
1.117327849761001302e+00
-1.875255729850154429e+00
1.285539499773520333e+00
6.784193874266071511e-02
1.320573294785791107e+00
3.315697916016223878e+00
7.802978873973869245e-01
-7.828221650268792908e-01
3.767200057503803934e-01
1.767022489380119188e+00
8.705896594967195146e-01
-3.416797668292894108e-01
-4.622196448408951164e-01
1.486437314133332577e-01
2.372960780865064567e+00
1.724551089650736113e+00
-4.857506934549026822e-01
-2.831903656739668818e-01
5.219920775594844714e-02
2.031388149041043700e+00
1.117266514620204765e+00
-5.518583583056932418e-02
-5.753076849571484574e-01
6.548687308752455527e-01
2.526729423372864325e+00
5.696996309094815913e+00
1.244968727895878535e+00
-1.644668812371329336e-01
-2.797491450570156468e-01
1.425521458640955252e+00
4.413766333568431399e+00
-3.207592431893654394e-01
3.280677623345191196e-01
-2.778110192858371241e-01
1.809790995950226300e+00
4.849210372930129687e+00
3.458648292276684244e-01
-1.034230112349464825e+00
-3.434176223408516027e-01
1.191431900634608576e-01
8.534481546753921455e-01
-9.712882051200584232e-01
2.218828258903000113e-03
3.287765479357932646e-02
1.203035859829806542e+00
1.311351044417766731e+00
-4.847125030915114957e-02
-1.480190033423393892e-01
4.399771159975948698e-01
1.596578973836161319e+00
6.261760650431291708e+00
5.847198213179981563e-01
3.349568953359158274e-01
7.224311703295213105e-01
2.790833465458954166e+00
1.798159205464564536e+00
-5.405666552146831672e-01
2.979736865907027799e-01
1.462876359885588728e-01
2.846953751128699750e+00
5.933796403540712916e+00
-1.108985726033381719e-01
-1.299498788313633080e+00
2.417357434843828978e-01
2.181042148730225172e+00
4.322076753987784403e-02
-1.275916130340745969e-01
-4.123055408048315051e-01
5.833406494729062031e-01
2.394754653575241754e+00
6.141478149591671709e+00
6.635500038050469174e-01
-5.739758819493862019e-01
3.081237867848956036e-01
2.361170214205383644e+00
1.074105945746960611e+00
4.714580509510175044e-01
2.951397977977258669e-01
5.610832026552249330e-01
2.806493832812438693e+00
1.425138103282726165e+00
2.899863543426278722e-01
-1.856450418904471711e-01
8.125909222114581221e-01
2.118777289165941546e+00
1.710038523725358139e+00
-2.435725027484391958e-01
-2.997092036326355902e-01
-7.335332568446492063e-01
-6.914500654090088849e-01
6.231034499097842350e+00
3.697308952781632185e-01
3.855491565625614458e-01
2.065365187579925044e-01
1.987441575734337773e+00
3.407763364718945809e+00
6.805698715742465321e-01
6.505845818460849195e-01
4.122306294487694811e-01
2.949114811332788300e+00
1.309850931637681404e+00
3.189362779432334261e-01
6.211805453703113100e-01
-1.800201273006808156e-01
2.635747075278045970e-01
4.602186789124366406e+00
7.186578595586913254e-01
3.506546016913182906e-01
-4.007966136310472383e-01
1.461321932536403523e+00
4.961799536232709862e+00
-3.564785221877306287e-01
2.632666873568767496e-02
-6.483458575593227247e-01
1.770313458047828803e+00
4.003918297148830741e-01
-1.481484317000155426e-01
-4.815599549875619334e-01
-1.602312817959946831e-02
2.478338218369823931e+00
2.273696825987256975e-01
-1.858675051397756517e-01
-8.546575387593821627e-02
9.024016955889683222e-01
2.044111444500979591e+00
5.235530582799786892e+00
-4.491835263815955465e-02
3.259031119842589197e-01
-2.689416298960533580e-01
1.044940892249914599e+00
5.357090733524846549e+00
-7.260491128033570440e-01
-2.815045624312929526e-02
-7.560811925139865330e-02
-4.306276802166892903e-01
2.270665509521725411e+00
4.096890420075226524e-01
-2.254331299839944514e-01
-3.396091026691078762e-01
7.876153881675896917e-01
1.990405528072296093e+00
-2.782043828207447778e-01
5.646410490367002044e-01
-1.325221859207493247e-01
7.145780907965304518e-01
3.920154908218943302e+00
7.112808422249169427e-01
-6.330587919039287748e-01
2.362772063957206958e-01
2.651811351537942230e+00
1.730198866619386822e+00
4.434184700953049812e-03
9.753809399358065457e-01
3.360374208873701529e-01
1.317664307191004580e+00
-1.801053038926513084e-01
1.857467894472564496e-01
4.058861495141977138e-01
-7.104589300951344444e-02
2.404129930588422059e+00
4.606601222161149423e+00
-5.622323195647492833e-01
-3.551216401769609066e-01
5.735083372624789622e-01
2.946572678454534966e+00
3.747222497300335409e+00
1.276880895650087444e+00
-5.890799230823335897e-01
1.025640504310078860e-01
2.163536542626426140e+00
4.277020183332683523e+00
1.147068044185084679e+00
-4.754744499379645606e-01
-2.166496649881361272e-02
1.428182621081596881e+00
1.400413785538136002e+00
-5.980091094638539939e-01
-1.523343262265726417e-01
5.463666947750502878e-01
1.279144995135152119e+00
7.653000624603314428e-01
4.924237857940157448e-01
5.827709901288334882e-01
5.327791908582660829e-01
1.979088997797955329e+00
2.782535355623275475e+00
7.825025622492710609e-01
-1.281371830522818889e-01
-1.787386378185542857e-01
5.135386851762550053e-01
2.301391191259457791e+00
-2.405515242811707977e-01
-4.150613980159038596e-01
-6.495998945513656864e-01
-5.768554019427382107e-01
2.991926588147422184e-01
4.664288400227878384e-01
-1.145479811862668784e+00
-6.649715107927228752e-01
5.085087323000805348e-01
4.716855431120027475e+00
-9.741449883782374863e-01
3.865241105183059855e-01
-3.066531126319135825e-02
2.971929016773193766e+00
5.334094304288236721e+00
-3.133637634291673857e-01
5.271799820791198687e-01
-4.818060883248488357e-01
1.195081729751768185e+00
4.074781510113925087e+00
-4.710505308732978458e-01
-2.435124461385627243e-02
-7.133148602972935182e-01
1.879989925523406047e+00
6.113161732805765247e+00
-4.744726072803553962e-01
1.714452819113569948e-01
-7.972095595690962266e-01
2.095225346099902186e+00
5.912509381229566152e+00
6.719162710998701771e-01
-2.070021900735461440e-01
6.890841271676003688e-01
1.275247448494009284e+00
2.177688359269303930e+00
6.358926917605645102e-01
2.307087908808208299e-01
9.369473841271019898e-01
2.167858467879623330e+00
5.846114662384135130e+00
1.689768915916168082e-02
6.276450142790271913e-01
1.898117703737822959e+00
5.441488905306552937e-01
5.250699257845053758e+00
-1.150716626838672457e-01
7.046935456606220338e-01
-6.531733841593297951e-01
5.696583182217244135e-01
1.602379443573063167e+00
7.019998510924899682e-01
1.927816431213921766e-01
-7.719413699678542296e-01
1.887457300729039611e+00
4.228854270612648847e+00
2.203710719762135284e-01
-4.396823254024851413e-01
-6.377082463625016739e-01
6.423045213398796971e-01
4.763145907306054916e+00
-3.698185187215098368e-01
4.516444228366058716e-02
8.407112776305378787e-01
2.474378060828322123e+00
4.398188833566837097e+00
9.540585353277040159e-01
6.023308547349868203e-01
-1.019114560868137620e-01
4.133252089719236522e-01
4.851061842430846482e+00
-1.375688701049734008e-01
-1.505266576801439493e-01
-5.798002211036391573e-01
8.734177264462348322e-01
4.730013711366915508e-01
-3.963781991962724849e-01
4.936978007913284117e-01
2.485400901290593934e-01
1.002997356067574231e+00
4.843414444983785927e+00
-3.140779877809515286e-01
-3.755614155120162723e-01
-7.529048344411382043e-01
5.916888186113938852e-01
3.814978179994231056e+00
9.365775840945229636e-01
-1.006795579853516642e-01
-5.632693510227474443e-01
-5.855614049849314773e-01
2.984754858106331010e+00
-1.014229603702364590e-01
-1.562969580254747540e-02
6.111793905464709686e-01
2.624987658877950825e+00
2.016167201985040514e+00
-6.661737268646618082e-01
-2.333721998357196625e-01
2.293968976694013839e-01
2.967046877337077504e+00
6.757828476304351684e-01
-5.282728143237861440e-01
3.862070408491701246e-01
5.355726979236061780e-01
1.512614866593949836e+00
5.494788868006529325e-01
4.792290038301229571e-01
8.369189279957411909e-01
-5.218009113206607541e-01
8.684656748018116934e-01
2.458253661475538365e+00
5.036667632952411822e-01
7.465850133735628669e-01
-4.415980810738583395e-01
1.381558954067375611e+00
3.061354895578711321e+00
-5.294645821766810201e-01
1.082581346291309476e-01
7.213775578532066746e-02
1.402696056808076630e+00
6.314247819268731021e+00
4.460085378435671433e-01
-6.919116593234803103e-01
6.840485434779234319e-01
1.903901738020455037e+00
3.750484837801118854e+00
-7.873169173628117301e-01
1.011307958390408879e-01
9.397629068566588917e-02
1.726405458453825759e+00
9.127957523920574578e-01
-7.712401777240104339e-01
8.411390801031382036e-02
2.454938457939849217e-01
5.174662719144765832e-01
5.894964843684272537e+00
7.879087800459656787e-02
-8.652582167239850630e-01
4.495869260830894776e-01
7.502505845127802608e-01
1.609289941466904850e+00
-4.159555273779101947e-01
5.021592757142265828e-01
-5.290608079784338003e-01
1.587280243879329866e+00
4.257498114661830257e+00
6.879550183966412491e-02
1.402401062806202248e-01
-4.771543053517450228e-01
5.085064982095520714e-01
4.214111825480322260e+00
1.062389715435967608e+00
-4.119283756119753170e-01
7.404184446640216244e-02
3.074041059616867688e+00
2.975537978010206253e+00
-4.142526025101904708e-01
2.234003430254330735e-01
9.348756037207878178e-01
2.196902151891795718e+00
3.133002488416035014e+00
6.717446467275289823e-01
3.929968381118167930e-02
-1.294375650399716138e-01
7.967479905464973644e-01
3.758018490194525718e+00
-2.617668136260374312e-01
7.236728130765806011e-01
-2.290837568557596016e-01
6.802464513102065569e-01
6.444397557521499564e+00
-9.741748299487069940e-02
-6.533304045067075405e-01
-3.576010430349498836e-01
7.157342705644453851e-01
6.476011870114384728e+00
2.584521743715829101e-01
1.174313589559963455e+00
2.735707474185595234e-01
1.352135954947833563e+00
3.182543993851532971e+00
-3.732432103557720149e-01
2.112280493075366028e+00
2.910522750726203256e-01
1.440660257756605001e+00
7.116432041977432732e+00
-6.845320707885431677e-01
3.079391081943578384e-02
1.438633789045180023e-01
4.680892721058417250e-01
3.964406488678980933e-01
1.577907337634155416e-01
7.736593174385137939e-01
1.342625416088495394e-01
2.825315693524308447e+00
3.751898153291697291e+00
1.237429196332096581e-01
-1.009877902178802689e+00
-2.214820349158014845e-01
1.956372155477625885e+00
7.039540282284021400e-01
-2.235263113586086203e-01
-8.823029419860497491e-01
3.321197073707631842e-01
3.167547321845080699e+00
8.092846671301403561e-01
-7.144640200858048962e-02
-7.187522542042691365e-01
5.563821884605513191e-02
2.296769417678018232e+00
2.116853324290070226e+00
-1.103953326839757665e+00
1.757789416006351815e-02
-1.663714711472830787e+00
1.744729678567747300e+00
3.250686900069236440e+00
-3.843685724115463165e-01
7.586310798249941145e-01
4.367018235887514255e-01
2.074517764046604373e+00
6.028476296378268984e-01
-5.027561062223340205e-01
1.802070949958763380e-01
7.529026801427390891e-01
2.566286265248041154e+00
2.321567463158425326e+00
5.224247331407059214e-01
5.174285568085457143e-01
6.530626118594257123e-01
2.659819579374290921e+00
6.235706035826797056e+00
-2.300357960182318195e-01
-5.538574386821090156e-01
1.733264493096675074e-01
1.199923252269527119e+00
1.602776580677940377e+00
6.123994563561535598e-01
-1.797668872325828004e-01
6.076845321884625228e-01
1.242572488696850552e+00
2.411872163105659439e+00
-9.327840126746625438e-02
-8.530479688997819609e-01
-4.010941704735042079e-01
6.399190242954010399e-01
2.541819403995485782e+00
6.953367830744510147e-01
-8.643856498272933786e-01
-1.717693584499406567e+00
1.914346400953943705e+00
-1.119917667357256397e-01
1.889930297631426948e-01
-7.058718206759121427e-01
-6.274385111220036615e-01
1.056570459516889882e+00
3.330881954704888237e+00
3.260798580091641696e-01
-8.179495860908634342e-01
3.639574173952261349e-01
2.302733517027327981e+00
1.018219256179919929e+00
-7.672760941514847333e-02
6.403404013459876309e-02
-6.320761480548611200e-01
1.136690789287996051e+00
5.412566049005569369e+00
5.136150386684232849e-01
-3.342255569101811874e-01
-5.999325345365402740e-01
1.399496938035303284e+00
1.372921133776352054e+00
5.920087104008996404e-01
2.387480519000947099e-01
-1.340201130369758631e-01
7.698420893428946643e-01
4.601099007603368207e+00
4.848226687540687085e-01
8.969117506522038541e-01
-1.431330246634563742e-02
9.923941588129491231e-01
3.175328097815749206e+00
8.058462631415480582e-01
7.017659617314383480e-01
1.437626587698164204e-01
1.044466178276434176e+00
4.955249289014536096e+00
-1.895844037360083500e-01
6.745397264332811949e-01
-8.069060256056106439e-01
1.314792133935408058e+00
6.590027193676257333e+00
-3.442221769621203742e-02
-3.567400635581727264e-01
9.476551382628477516e-01
1.930167672703801074e+00
2.702973574589628836e+00
7.536886536643673251e-01
-2.878763871263451679e-01
-6.016479579267786093e-01
7.904766263697892148e-01
4.619681610050096587e+00
3.034123206044476162e-01
-8.764220090964703891e-01
-8.239939840928620640e-01
7.405529176190893681e-01
5.661372355965867520e+00
-6.348700894787324689e-01
4.481422393609064692e-01
-4.776592692062375245e-01
1.404580903938244196e+00
4.337234815014449296e+00
-4.068230160294999259e-02
2.339395601018467441e-01
3.394931357214593937e-01
2.122479254981443297e+00
4.325906397376871659e+00
1.354708814541846218e-01
4.697092543783325941e-02
-6.635850243044559837e-01
6.108747258817707193e-01
1.044329796441872515e+00
-1.571940719976640255e-01
2.091058750445548842e-01
-3.975962778669364095e-01
8.026482986038019352e-01
4.322627188875806326e+00
4.761348157874582543e-01
-5.979475264430377246e-01
-5.489841367625284407e-01
1.678115124085813425e+00
3.194620979988957554e+00
1.686344139549208337e-02
1.597442338299947251e-01
-9.988445223172470744e-01
1.510401954553104886e+00
4.762129869359696954e+00
-2.929388294676709692e-01
9.218203417201423777e-01
2.798086423740748230e-01
1.932172774158180006e+00
3.531639884103649152e+00
5.767373459201746710e-02
-4.877735862156468150e-01
-6.934937616946267314e-01
1.540192232401403460e+00
8.179702973943636657e-01
-7.325092287105993138e-01
-3.374478447916073875e-01
2.772454398874524273e-02
1.275225207446446796e-01
-2.179175499655647275e-02
-4.307729114772324563e-01
-9.359482798466388642e-01
-3.155616752452218843e-01
1.191196398682538238e+00
-3.055368269451951835e-01
8.699088089470465857e-01
-4.213059247689552311e-01
5.140267215472081874e-01
3.386470268803864592e+00
2.618782805209168618e+00
-9.070723492051677161e-02
3.661839578695655351e-01
3.095873962997798268e-01
2.509617141180693345e+00
4.603816295354024035e+00
-1.453697656230221291e+00
-8.444498198523388011e-01
9.960165016281957717e-01
7.123730331259073845e-01
2.691105118757328718e+00
7.190981860950080851e-01
3.304061221775503321e-01
5.802596106100925688e-01
2.725821204908745354e+00
5.810301114849999671e+00
8.290101455024407873e-01
-5.323101955111464445e-01
-5.237475434891242232e-01
-3.151217170263675982e-02
1.971529206763223296e+00
-2.983925515779324300e-01
-4.197100334957032941e-01
3.593163822517798089e-01
2.191771559765244071e+00
1.946115019792354461e+00
6.910041503816674036e-01
4.610457507640271929e-02
4.177835740287372812e-01
1.297030951590201209e+00
3.596933958513809593e+00
-8.837162027040005308e-01
-4.639026622935529809e-01
-4.196925162779424623e-01
1.721039506172520106e+00
1.750670517677247240e+00
1.237789291647086176e-01
-4.451026265047990371e-01
7.517476871380007752e-01
3.615729846666629221e+00
2.305103733751243222e+00
-4.502735242024646922e-01
8.900568699197016764e-01
-4.539112735731518633e-01
-1.794753422826983469e-01
4.481840778231706679e+00
5.189295422003732394e-01
9.445208019666203603e-01
2.361122024487668780e-01
1.285748694144384752e+00
5.595686902349386038e+00
3.637689443604029127e-01
-4.709165966408684345e-01
-4.937999112161707838e-01
-5.846876400779665861e-01
9.351508015576325272e-01
1.070360043934912297e-01
1.233632279561996281e+00
-1.619085153613874395e+00
2.053756292904599601e+00
5.367807968150022369e+00
2.553281554458224356e-01
1.343012231509777554e-01
-3.297050639144262774e-01
2.697268406454214618e-01
1.049669944919183973e+00
5.672114913042545226e-01
9.203758366362161381e-01
3.896787244983400678e-01
1.461005394845622529e+00
5.759518537610848199e+00
-1.625124413287347025e+00
-1.091457457921187271e-02
-1.211916864713911135e+00
2.798366438590103478e+00
5.089276276247102437e+00
-3.481817306072991225e-01
-5.468451552162477691e-01
-7.525622894599341972e-01
1.508360217869592512e+00
-3.662407522183578901e-01
-6.215208085000271110e-01
4.577309078413405175e-01
-1.977897328439157110e-01
5.743321987963311004e-02
2.413493655571239405e+00
7.183145174119665022e-02
6.338578073247412847e-01
3.577222337648750528e-01
3.084390267538037911e+00
5.586741460080809851e+00
4.091761374358607317e-01
4.984114290364206057e-01
-4.654112956201350570e-01
1.132309820077790130e+00
5.649016060123657645e+00
-5.884141248053115225e-01
-6.912120157733307735e-02
3.395596919442949169e-01
9.988120645538708375e-01
6.081973627533511895e+00
2.616853063596115692e-01
-7.059711943033629700e-01
3.188559858915911149e-02
2.188286845172859874e+00
9.774586731821754970e-01
-1.662617121643323453e-02
-9.222542702642457790e-01
9.228003509525684045e-02
1.366633025237407706e+00
6.370953895294694469e+00
-6.435397129823720030e-01
8.437853196691816882e-01
-3.743230450175878965e-01
1.229561825180067958e+00
8.407453244481080112e-01
-1.017164123649302310e+00
5.063411528911397896e-01
-1.523579260959996851e-01
1.658479849689369567e+00
4.353697575572089029e+00
-6.121516569831366716e-01
-5.034341640469138790e-01
-1.718843264345389699e+00
2.515235631540233996e+00
-9.151449599913560884e-02
6.056541923339191502e-01
-8.149965987091968289e-01
-1.883265577215762487e-01
1.173853050390557679e-01
1.589940535150481615e+00
3.492783717810004629e-01
6.633417578608444831e-01
1.376149766382862571e-01
4.272408274438499465e-01
4.077805869761821356e+00
1.793053111794731813e-01
-7.698628779746620188e-01
-4.517460490613682822e-01
1.264055745676477605e+00
5.004839198270325529e-01
3.009857577725931210e-01
8.046068448346400948e-02
3.322565084136458458e-01
2.507129650036155954e+00
3.883996758230934709e+00
2.530217341562883693e-01
-3.400613603375632343e-02
-4.759909940754411539e-01
7.526366743381314173e-01
4.064355486153703012e+00
-3.794547089356839487e-01
-5.410155388888515660e-01
2.255675937704408052e-01
2.369550783156229912e+00
5.518168282360110588e+00
-5.260358262259401396e-01
5.650291326996898650e-02
2.472097110686805044e-01
1.182389992272903756e+00
5.238558317799722808e+00
1.557017440244367890e-01
-1.092930514679187892e+00
3.016904662842980617e-02
1.904029577637798454e+00
2.940585543087063325e+00
6.130896120679958372e-01
-2.009193859149977501e-01
4.796556840501676328e-02
6.083439195212658746e-01
3.358237087282252453e+00
5.310953625991847726e-01
1.168607119771476466e-01
-8.017039782199000264e-01
1.363376176028231690e+00
4.648182115818373816e+00
2.360843344455215431e-01
-3.543682113954370605e-01
2.873085497546107314e-01
2.962189317235232711e+00
2.830851177327027290e+00
1.455292329540222862e-01
-8.692623473032633497e-01
-1.128498500731581200e-01
1.181374106960130677e+00
2.921142989019751557e+00
2.992353235264703093e-01
1.464269361634368272e-01
5.150119249744317118e-01
2.048754052885122690e+00
4.026566128481457341e+00
-3.368875363977545945e-01
2.857486672716880172e-01
-2.042486289982874847e+00
2.493202285437684296e+00
5.316618350433344631e+00
4.831930729746399811e-01
-8.350119348049451773e-01
5.077363640205385942e-02
9.570823016119699433e-01
1.273103803571491888e+00
2.265288477656087984e+00
-1.401311716213687886e+00
2.106067945047722101e-01
1.620870016558978000e+00
1.367545906367041431e-01
-4.204870389321904156e-01
1.955449775807809043e-01
1.549707015023784606e-01
2.049175504951608495e+00
9.780938550095421569e-01
1.393229619929240992e-01
-2.653921238113379766e-01
3.133005303908633077e-01
2.399128538017921919e+00
2.004237024933493760e+00
9.228213576866770573e-01
-7.172959461748921184e-01
-5.250919615936598672e-02
1.869236979563254186e+00
3.955240142905750211e+00
-5.653311789466094472e-01
-2.806941952751806357e-01
-5.107393938125477650e-02
2.528878878014558129e+00
6.308213967473230710e-01
6.268985813181755518e-01
6.798583471434821446e-02
-2.562370039128136767e-01
1.057015381650616703e+00
2.473412442089770735e+00
7.440037128111413045e-01
-2.024632622303298712e-01
-7.633123753575425940e-01
1.652487099545946636e+00
3.910737741842568838e+00
4.471930902485067860e-01
-1.654737843116611817e-01
-5.994444647944664473e-01
1.164117808226464712e+00
1.615598798167592998e+00
-8.290400580156694899e-01
1.448558077123496268e-01
-5.243967689458355341e-01
-3.470935686744211490e-01
5.661826481903207586e+00
-5.819688548369414960e-01
-5.320961997982090463e-02
7.758773166649703124e-02
1.056484741297351482e+00
7.509850084499818390e-01
-1.340804546855560497e+00
3.144858216206372625e-01
1.166122249311665859e+00
2.492851679002647813e+00
2.241205437008908063e+00
-6.093960336872331629e-01
-4.927843586696658562e-01
-5.203669636639565166e-01
1.190671889090108015e+00
1.851300413609349160e+00
7.895831184966396465e-01
-2.180756480354732463e-01
5.323142144884391441e-02
2.495743030249971461e+00
2.949242799168088514e+00
4.605044709945863013e-01
1.476933091146921326e-02
-1.583183288755564966e-01
-3.321187888425786161e-01
3.447695947871869948e-01
6.448113659794750818e-01
5.224217344616411962e-01
2.041534528057412368e-01
3.021799835814537705e+00
3.430548877553676768e+00
-1.724751077416124823e-01
2.334863749231453484e-02
-4.357119473917852592e-01
9.354409986384798481e-01
5.831926971856970177e+00
1.120929097322655554e+00
3.544237256819041115e-01
1.964113951295835270e-01
1.341829004105710155e+00
1.934067929480385972e+00
7.773671397165283770e-01
2.680038673450772790e-02
1.466766568071186105e-01
2.609669437560100391e+00
2.288194942028908052e+00
3.430755805018916860e-01
5.095243301496849009e-01
8.356821303079191576e-01
2.546952257212514947e+00
1.377311948962098853e+00
6.732022733375351599e-03
-1.108485020080014483e+00
-3.174879010592041029e-01
1.779085560578878900e+00
2.737424798667818848e+00
2.307392230418265494e-02
4.902806742353671976e-01
-1.263218742667968908e-01
3.274704242527627929e-01
4.830393939716526752e+00
-7.957698935931302175e-01
-4.902629546225651946e-01
-2.844033313631570969e-01
6.580893339558135935e-02
9.165310907289950793e-01
9.757032651187267369e-01
7.074244686681225858e-01
9.091233928776168427e-02
2.020445717557157295e+00
5.302215605953180422e+00
-8.305828718712210401e-01
-2.698295840332516349e-01
3.253634516332494231e-01
1.478181919365332719e+00
1.556155090074941238e+00
1.837181712927393185e-01
-6.702971512958286748e-01
8.739446038864837618e-01
2.425238391256180126e+00
3.952261173785335480e+00
4.623853169548917674e-01
1.820499829874519637e+00
5.191108974523515052e-01
1.494648448160971865e+00
2.427610748523835849e+00
2.303658686404805311e-01
9.449862089287927036e-01
2.556429444437760545e-02
2.029554434044954725e+00
5.734969117014474982e+00
5.609080891482506326e-01
-1.044122133915093453e+00
2.728805313881789152e-01
1.748347272286474796e+00
3.393484906702643578e+00
-1.156313268112151797e-03
-6.730970202205761588e-01
-6.820963432680648975e-02
6.653615617072166089e-01
1.506645868037661096e+00
1.577087758502080383e-01
4.172170839731494940e-01
-5.423957344257864799e-01
6.975628344848527895e-01
5.959813196069049468e+00
-5.136173420242032828e-01
-4.053198990279512359e-01
7.886035470374765100e-02
3.099172657196624048e+00
1.077338729061108724e+00
-1.934073223228490457e-01
4.201545691425020990e-01
2.889946295344243965e-01
2.640584727177684776e+00
5.981372863164923892e+00
2.954845739331427024e-01
-3.029410861085251594e-01
6.444282041690617413e-02
9.933015528985907894e-01
2.127692485931549804e+00
8.404446417634916511e-01
-1.443661133808249175e-01
5.215524543368053045e-01
1.524351087554511652e+00
4.120072543115356645e+00
-3.609941648607024600e-01
2.358671819729606448e-02
1.776932836005831406e+00
8.989802893068807865e-01
-3.038203573399158586e-01
8.041534933315649392e-01
-8.091089297054625540e-01
-3.478241325275490681e-01
1.620284899057752304e+00
3.848174686576521175e+00
-8.308571066257599558e-01
-1.477880632119288329e-01
5.555023992752462503e-01
4.110405548114014707e+00
1.390643783029467395e-01
7.118459684054103676e-01
5.902929874933072751e-01
3.220718885456377856e-02
1.598672629446596716e+00
4.949442920999526763e+00
7.694963630390103670e-01
3.227220389869568939e-01
1.852288718413995783e-01
4.127272010025164750e-01
3.513614867567488975e+00
