-6.556579143356496830e-01
-3.874150404166230577e-01
3.641127266877652313e-01
8.894123001900461345e-01
2.367293812880833792e-01
-2.379434423845203650e-01
-2.184259104664659779e-02
9.726633180243033916e-01
2.404706242265198579e+00
2.316310459780169140e+00
-1.183875496477734685e-01
-3.866837450392902054e-01
6.661343915329648313e-01
2.452781365483422071e+00
2.948452831009823250e+00
7.231333887284692279e-03
-4.814217081689605160e-01
-2.650836168929832648e-01
6.742912903299047578e-01
1.493038770108478408e+00
-8.112957715625107591e-01
-1.705597241443430334e-01
-2.480114676733337076e-01
2.289443883952035019e+00
6.884218839574185456e-01
-8.369905455771263769e-01
-1.967783044339408149e-01
4.709798215978277525e-01
3.524644445036136275e+00
6.145748260116870032e-01
1.030836487509362021e-01
-5.115229791603835841e-01
1.328654271625674121e-01
2.032900927067236463e+00
1.208629334657272736e+00
2.570729827065613704e-01
-4.244585066117261274e-01
-7.360645055150462357e-02
1.033995297528492285e+00
1.615542341434762275e+00
3.970856560086230003e-01
5.032541513797514909e-01
4.236745521038432494e-01
1.898887581688434967e+00
2.664858653267718758e+00
-5.485323938140189703e-01
-6.623131987321226877e-01
-4.385232309255172045e-01
-1.118581339189625989e-01
1.214550297565138104e+00
-4.868740722111977726e-03
-1.298601674888624213e-01
4.875883846907483332e-01
2.462034487397521065e+00
2.090886097043274550e+00
7.762971225559899269e-01
4.844478913239379236e-02
3.497999176880468575e-01
1.600112078158629325e+00
1.929566820600732591e+00
6.200145885916621413e-01
4.244590244780166444e-01
7.842957117818391555e-02
2.302495295528733887e+00
5.015223275746327758e+00
9.796890567274009198e-01
5.214452685596839832e-01
5.687552099706103675e-02
1.885512624819152938e+00
4.953852966129503876e+00
-9.889870294154234909e-01
2.099690614351183426e-01
1.057314064605915649e-01
2.883344065882119001e+00
6.197136559408417789e+00
-1.538680739208982406e-01
2.005782428627757019e-01
-4.711039173932521362e-01
5.393401303471655472e-01
4.785117654555974376e+00
3.155898964635279746e-01
-5.271051501532328376e-02
-5.970388093874594571e-01
9.886698284548327553e-01
2.025531776427743402e+00
-1.741277312470079219e-01
-5.350636817184126759e-01
3.477624684911633790e-01
2.780012543864983865e+00
1.546423824255811486e+00
5.108443471530074165e-01
-7.339148283366628833e-01
8.402242939094807517e-02
1.624923117194446709e+00
9.393097332611316519e-01
-1.697457986568241123e-02
-1.027089162623610274e+00
6.668850856760139001e-02
1.573223117720744968e+00
4.301993882199324215e-01
-2.525355425132614906e-01
-6.538746560309949274e-01
2.017895785291625235e-02
7.677264420844880366e-01
6.919572037560417499e-01
-8.579542280910995578e-01
-5.051632791699396385e-01
2.289960397773668777e-01
1.012305360248833441e+00
-2.517993753767249765e-01
-1.784595161307457323e-01
1.499937890501232829e-01
5.519339095721872424e-01
3.743020040025951900e+00
7.480926536185806830e-01
5.486262489900095574e-01
-1.637497717646164141e-01
3.968509648730129125e-01
1.805695259010926534e+00
3.907433072626400161e+00
-3.251626689078790378e-01
-1.578266036843816167e-01
-4.862639532069204518e-01
5.537076893098487052e-01
1.629201548489654261e+00
-2.122487798969870890e-03
4.340911501511962589e-02
6.140386118821116179e-01
2.384811317451466461e+00
2.867129174413767689e+00
-7.014465245971364116e-01
-3.292774759303502274e-01
1.002957979633068569e-01
7.703537013640983089e-01
6.445208112816636081e-01
5.021884864431153117e-01
-4.666133183135238172e-01
-4.401101255548612867e-01
1.102556981196273433e+00
1.248656103836714770e+00
8.707990834748502440e-01
1.427940229276095652e-01
-3.783006892669948940e-01
1.523605452010003303e+00
4.716291478301847917e+00
5.277973175829714370e-01
-2.472045252568482177e-01
-6.974121286788513840e-01
1.491912009371213266e+00
3.634996685896341173e+00
-4.173595300754300852e-01
7.363832492777464545e-01
7.182191425768736336e-03
9.201886808094730252e-01
6.150284744255331226e+00
4.908964504848711136e-02
1.659075622977948805e-01
5.789710642223436787e-01
2.238299151521944808e+00
3.761330323881895144e+00
-7.996336305740570083e-01
4.895359590037435815e-01
-8.419949431921783245e-02
1.794918174877250250e-01
6.000344872254290252e+00
-5.853052503015234720e-01
-2.396857121596562279e-01
5.640979218235680354e-02
9.272761890254868078e-01
4.488728364139391580e-01
6.794348634892182215e-01
-2.499732920350802023e-01
3.228367568697833034e-01
1.613893271779472505e+00
1.835722226895120768e+00
-5.659245970609522169e-02
1.397742508225365277e-01
-6.038956926951183357e-01
6.534698286613194185e-01
4.357989614279929924e+00
1.184776060815126153e-01
1.255897477250593475e-01
5.467191363536330062e-01
2.356284868581193681e+00
4.339268527104086282e+00
3.354589359518354574e-01
1.460316483487023032e-01
-7.166813162619453115e-01
1.243888515875159806e+00
2.753956803385642527e+00
2.635294263554617267e-01
2.434495046275594043e-01
-5.635471383664389933e-01
8.957331640202137457e-01
2.210045516648805108e+00
4.988603623180102309e-01
-4.758459152903728451e-01
2.619815937095221203e-01
1.810199317009196118e+00
1.358108359357220740e+00
3.000564723785121846e-01
4.243049958157478485e-02
-4.772972171348355275e-01
8.113096617653815512e-01
4.193860706206379518e+00
-6.310522251845845920e-02
8.876650417802403048e-01
2.636696376712699755e-02
1.992101171059104781e+00
5.681708193848163724e+00
-6.859253016494541999e-01
-2.765635434432209272e-01
-1.905334831298053366e-01
2.768177290720895911e+00
4.019708041401791609e-01
-6.216121850106053337e-01
1.947611637539825927e-02
6.811587062749587806e-01
2.507306072880159942e+00
3.607175280893990976e+00
4.034983233335694419e-01
-4.834888824894173487e-01
2.442136262750163878e-01
2.038414586022016639e+00
1.417713958298165933e+00
-7.587689834020241442e-01
3.648765393452225170e-01
-3.102537520900110549e-02
3.130499115919327835e+00
5.613282202872680315e+00
-8.082004295121256177e-02
5.822536252394620027e-01
1.509665595925037407e-01
2.404260954490526903e+00
4.841561264636356832e+00
-2.664584490341681891e-02
-9.323435693218373732e-01
-1.000068012423324659e-01
2.010401113421693697e+00
8.492718648370886081e-01
1.046648502534868082e-02
9.060382168226746025e-01
-2.762563796008643546e-01
1.533774392167998046e+00
5.981505928004544614e+00
-7.215237109870840104e-01
-1.770765863558293740e-01
2.707099368482631663e-01
8.814879091609778561e-01
6.228470589081900460e-02
4.426012542018106788e-01
2.200140196574067453e-01
5.663731105137783661e-01
1.928072709334377910e+00
2.702898074217606972e+00
-6.629905391135364479e-01
3.037789355786187362e-01
-6.933925632847864895e-01
4.972891735971156080e-01
1.771782295248262029e+00
2.235788441176945196e-01
-3.338389163207775012e-01
-4.839567033914463634e-01
1.614418581070777403e+00
2.630021185160489772e+00
-1.955800392705058233e-01
5.526138510765170597e-01
3.393171867784573054e-02
2.376245120689656432e+00
5.279329420270884476e+00
-6.106900491943065834e-01
-1.873224951814345951e-01
4.168118623766434855e-02
3.540456056265858908e+00
3.933067251196776581e+00
-7.288081301595798756e-02
1.251796750856936091e-01
6.522781235548752443e-01
2.184533909807492069e+00
3.834438484442671768e+00
-2.670252455396499580e-01
2.019986610517273129e-01
-3.775687096093292561e-01
7.290983680175557868e-01
4.621658857826512978e+00
5.576533144271741405e-01
-3.480613351537896749e-01
-4.813594639693931088e-01
1.426970684932234112e+00
3.921525342381035006e+00
-1.964385528721838692e-01
9.427964583028620726e-01
-3.502714218301367088e-02
1.917348681149292133e+00
5.927975434794934273e+00
-8.132696027743980816e-01
-1.461061986507861676e-01
-4.960729163874594977e-02
4.759661699503173748e-01
1.267313111743788023e-01
7.980360859438050403e-01
-4.739902322479478403e-01
-3.169227726584659677e-01
1.667618411622264762e+00
3.827011416492962947e+00
4.496229696662747410e-01
-5.010175420719340522e-01
-7.001495978957742450e-01
1.437722861997379642e+00
3.727157359650944191e+00
-8.662343319523361229e-01
9.464649101271171983e-01
-4.171163905694057483e-01
1.669893435209204968e+00
6.045970762647926433e-01
1.645107947062816323e-01
-7.044937753594021634e-01
5.216562614035821083e-02
2.098854214039217680e+00
9.827168003996306078e-01
-7.335350525237983588e-01
-1.537653211710421908e-01
-8.038790513661931980e-01
-4.093777410409733530e-01
3.473293770902098343e-01
-5.720658101518778793e-02
-7.167348686791332746e-01
-7.195327322406029624e-02
1.895487221844343262e+00
5.316634680214151754e-01
1.707826024902980577e-01
-1.710275695749230718e-01
-6.410910946431838120e-01
8.795868357997738141e-01
1.938519518445573464e+00
-4.503900743994653233e-01
4.911231057522315591e-01
1.241605302713588155e-01
3.720968537839181689e+00
2.813788667030316493e+00
-8.700008164994347259e-01
3.696504401988000565e-01
4.072130540922948572e-01
3.352609803704531544e+00
5.515159461742759284e+00
-4.943798699600556734e-01
7.162541897929868007e-02
8.704804164135617750e-01
2.485597628048724417e+00
2.949745736711038013e+00
7.981059494803943721e-02
2.726070232430510831e-01
2.996832368404744873e-01
2.335901385853968559e+00
4.380869816987924104e+00
-5.031954146205832590e-01
-2.472917628045023103e-02
1.211269707847369759e+00
8.997290802791062525e-01
-2.577225995405873493e-01
-3.176639128144749802e-01
8.438967948681590503e-01
-3.171272145738871506e-01
2.056759116620706429e+00
5.913134934615430716e+00
-1.714451541080525832e-01
2.090076752955119521e-01
-3.956689224451150899e-01
4.384255833083663956e-01
4.895621848401799703e+00
-4.500105440876989160e-01
-1.094791007647507863e-01
-9.876142107125167602e-01
6.140452072204947154e-01
3.663028556082901233e+00
6.372563830629374149e-01
-8.459176434672722733e-01
7.744954135082889046e-02
1.374838282193593386e+00
9.863807907609404291e-01
5.585145092678319712e-01
5.592067267940115105e-01
2.131382510036660682e-01
2.119237484365813273e+00
4.931321269365620985e+00
2.279913135332961582e-01
-3.476563502722113813e-02
-7.509785227071301694e-01
8.501318478717850846e-01
2.146429587169779385e+00
8.509379146967549490e-01
-1.292409207979755004e-01
-1.216960318894137610e-01
1.513349246246207924e+00
1.777917090359891095e+00
3.138889224400660538e-01
-2.177636723059865054e-01
3.131858271944805150e-01
2.148378267459370772e+00
1.619048686640112367e+00
-3.137041133996827935e-01
-3.721480660098794302e-01
-3.116499552826128006e-01
3.966670124613805859e-01
2.215670504619574599e-01
-3.478909420419136200e-01
9.697475752072491906e-01
-3.665106222556592797e-01
1.726715229369582438e+00
6.217802221425879239e+00
-5.951532919311738334e-01
-2.654061826077276920e-01
1.359567352938598761e-01
9.047993103648208635e-01
7.244899520043802665e-01
-3.777424685954872685e-01
4.156530461896913997e-01
-1.271743181017888358e-01
2.844248119098251038e-01
5.866186832608845769e+00
-1.100360086632751061e-01
-6.257425558146383349e-01
1.114355008349713072e-01
2.287978687569063307e+00
8.828149337256069318e-01
3.489367048245381464e-01
7.947810176880985011e-01
-1.323153288270038086e+00
1.695322091798468600e+00
2.918359522572590237e+00
-5.020878823502389343e-01
-5.796825019530669199e-01
2.371411012031822071e-02
2.873917191535628302e+00
5.114079321329777494e-01
7.826631994806154680e-01
4.395237883074429863e-01
1.220433420867797353e-01
1.506865406223109938e+00
2.432604158491958213e+00
-7.774149948465033618e-05
4.625280666061027945e-01
5.587018562493187984e-02
1.917869998539348364e+00
4.812873334196605235e+00
-3.353139591697589794e-01
-6.087816321816112985e-01
-2.984586537694002839e-01
9.420104563417844301e-02
1.237796781454433281e+00
1.158611602182969325e+00
-4.787631362212235037e-02
-7.562446457594557137e-02
1.814248257004502873e+00
4.495446782856554968e+00
2.358054036992388303e-01
-9.419231932420728537e-01
1.074583318142425109e-01
1.168217626474911119e+00
9.286100567487286517e-01
1.192882910607672847e-01
8.045074789556354578e-01
-2.260783113766653626e-02
1.186292175743045130e+00
5.214503255519142400e+00
2.605856510596804565e-01
6.657098292076387702e-01
7.361873317349511585e-04
1.983497463563062890e+00
5.260666673703976670e+00
-3.813577186676547770e-01
3.223312145410296425e-01
3.913968511783602056e-01
2.685400390524977698e+00
4.636468183410106469e+00
-1.372086594813969884e-01
-4.127336634469763177e-01
-8.983487575720935370e-01
9.707270923474784485e-01
2.805805432120292764e+00
-1.608610482004416420e-01
1.490995638938815704e-01
-5.787500904071075647e-01
5.638314533252822836e-01
4.681623402020240299e+00
-9.602858771320722520e-01
-6.393969732801527139e-02
-8.772082342190076765e-02
2.538233355141540137e+00
5.916584502463235751e+00
-5.142925469634123115e-01
-4.397867495581215813e-01
-4.238208084283005550e-01
2.065140834220172472e+00
5.784635445641269497e-02
6.800012437092809447e-01
-4.867846939917538363e-01
3.656191407132932114e-01
1.467385731136006344e+00
3.581555505945519080e+00
7.030393108762819643e-02
-3.712182390773843266e-01
-3.828514295706769710e-01
1.072433530436373461e+00
1.474666243195218662e+00
-3.267281091177403063e-01
-7.338131677231708450e-01
-2.951115140301387996e-01
1.646214799474546298e-01
1.183824879069487190e+00
-5.511919757998618996e-01
2.629718458496652644e-01
7.943197685709474376e-02
9.487759075683330767e-01
5.374459569630221090e+00
2.981585839748563949e-01
-5.095867541954851587e-01
1.406718657235648040e+00
1.067082150177800504e+00
2.921560159162630566e+00
-6.851090208423026295e-01
3.211470035073791807e-01
-4.435811614875728726e-02
8.941712350525062858e-01
5.359125177221749636e-01
-6.332377753568410039e-01
2.830775086440588950e-01
-1.171422406653119391e-01
2.845362556637472284e+00
6.265653637370354190e+00
2.549225279787297183e-01
8.896829858693166004e-01
-8.908541126281342010e-04
2.015478330066243551e+00
5.086775772992972122e+00
7.887073513527267377e-01
4.122925721687342171e-01
2.406633886486282403e-01
1.651992639217564340e+00
2.261441971234422255e+00
6.736318114531815171e-01
1.562473790738178048e-01
9.944127799111026136e-03
1.841708950706205883e+00
4.291121255486768149e+00
7.836848896732728775e-01
-6.297166003935041889e-01
-1.073779727657832861e-01
1.489330697241498580e+00
1.141827992078069176e+00
1.015023310658142330e+00
-9.127503076443946317e-02
1.611086990854253831e-01
1.330705199155488350e+00
1.956733364378694606e+00
3.512501677379586407e-01
8.657309858562051152e-02
-4.613317017519653063e-01
9.171105184745824701e-01
2.057922302860450081e+00
-4.519781459500868959e-01
1.238921162921817087e+00
1.254919243373357474e-01
1.288094705465610890e+00
3.344268605500643199e-01
-6.107871747543950312e-03
4.336384644139443800e-01
-2.875703536342414379e-01
7.926668083121322095e-01
5.055093917312402318e+00
8.685139851449361625e-01
5.681445915279603742e-02
7.353191135485920293e-02
1.558258149788305458e+00
1.943062413258503263e+00
4.808676554639190748e-01
-6.600667497493762914e-01
3.323313630945300412e-01
1.849192856301396848e+00
3.649905062818807888e+00
-1.995839891033870661e-01
1.758840047845788845e-01
7.554684254182307823e-01
2.582517029149518528e+00
2.003067681462486149e+00
-7.997037351081212053e-01
5.208368724585902415e-02
-1.503536911083206418e-01
3.862320753915716720e-01
5.962735752678168133e+00
-2.247805357627832568e-01
4.074100778938427592e-01
2.184827976610937972e-01
2.500035270764346951e+00
5.119074385811993366e+00
-7.519463603682430275e-01
-2.048548141349949003e-01
1.871990823633661594e-01
2.907933147106119165e+00
7.919163355311242825e-01
5.168133142270218139e-01
5.629631861989717878e-01
9.233163488375709105e-02
1.393500706704379866e+00
4.867891034942980255e+00
-5.538894323160328259e-01
4.315316341517301257e-01
6.411131519476588325e-01
1.507130148217729504e+00
6.523910332118239452e+00
-5.724775889479145619e-01
-2.896931915470474794e-01
2.597127624621569097e-01
8.086487373740689488e-01
6.200771532913363915e-01
-5.013599780099918524e-02
-4.063311955919869933e-01
-5.523991394631242446e-01
1.043445509697568552e+00
1.224303525209300414e+00
9.641985890882581733e-02
-7.435004329564781633e-01
-1.538031126872209386e-01
1.132088559727673527e+00
1.186186280928231085e+00
2.179618340748255279e-01
5.169065923214980485e-01
-7.519988923389095969e-01
1.280266840085061419e+00
3.000841077207197394e+00
2.716704354794844956e-01
-9.829931898562443982e-01
-1.124993270709696153e-01
1.290269631090999791e+00
6.678325938697812214e-01
3.770249674141350205e-03
-5.262538686466111670e-01
2.248150920108355211e-01
2.358503175196754231e+00
1.138138736174659327e+00
-4.589808616055454094e-01
-4.630927406487157783e-02
-2.899743160818283871e-01
4.739722617816712336e-01
6.230414433196684865e-01
-8.548208186791742547e-01
-2.976727897010813528e-01
-8.525930826155098119e-02
2.419443273160993835e-01
6.432024607662024662e-01
6.689874555821583024e-02
-9.662132354012092916e-01
-1.438037563512980510e-01
1.971381408246284161e+00
6.755249007354640067e-01
-3.534529238268964701e-01
6.171652396539563101e-01
1.433243469275997661e-01
1.161640592934411131e+00
5.779169568948972824e+00
1.738194254135143890e-01
-1.012838394500025219e+00
-6.556568254487248060e-02
1.941346463734508365e+00
7.928205533228915858e-01
-1.520246000669873698e-01
8.646364362546321569e-01
-5.991869541579217945e-02
1.759668018480132545e+00
6.020074469120769933e+00
-4.241166401432722860e-02
1.546395350152818260e-01
1.120282321870696762e+00
1.875566710835384621e+00
3.074823072344837094e+00
-5.586749795748799929e-01
4.354516982038592610e-01
2.326418551024207471e-01
1.000155257979865597e+00
6.302039627792787257e+00
-1.384177223450437644e-01
-6.788700235042507414e-01
-2.647089034607305255e-02
2.052455065092968045e+00
6.989907622983725366e-01
-4.928000559851012929e-01
-6.640333314639659257e-01
-3.253059304893013981e-01
2.326859520304644491e+00
3.450964689579807954e-01
6.644483538123781008e-01
-9.659321117511014687e-02
-4.610707834555707318e-01
1.228519847693986478e+00
3.914282887544374923e+00
2.589439506954751766e-02
-3.676208846831254817e-01
-3.424635361277328371e-01
6.465617610417230265e-01
1.600043526656240944e+00
-5.365188475960345205e-01
-8.192543079118043137e-01
-4.146533965301278379e-01
1.842802449324205671e+00
-5.204337220488971377e-02
-5.516646626838908052e-01
3.328804099627651891e-01
-5.179750521556974324e-02
2.710339946892482477e+00
5.675817244459909539e+00
6.745510105932418510e-01
-6.732159608448420318e-01
1.143465262756641343e-01
1.352492998269256619e+00
1.255260475814347076e+00
4.080411997522453427e-01
-3.068155118260903480e-01
4.590593377157936028e-01
1.906688104252550975e+00
3.816864095848883753e+00
-4.085247297463570071e-01
3.364662267879149904e-01
2.480091661095479016e-01
2.604286017254333618e+00
4.952503908173113700e+00
-3.535695931927143043e-01
3.689723279066440820e-01
-2.189958339344349469e-01
6.413469592700848931e-01
5.365040177332350169e+00
3.162984912433184914e-01
2.076986975702014848e-01
-8.619679172974217263e-01
1.115428614322808709e+00
2.559485889649270707e+00
2.301125560849017759e-01
8.084861147673561010e-01
1.521898428258592617e-01
1.403879425315192941e+00
5.375181437075159607e+00
4.164399094098885645e-01
3.525509176235940290e-01
-3.894792599368960273e-01
1.011793811243266727e+00
4.843895134444190731e+00
-1.057093713166017829e-01
6.902338278856349207e-01
9.605076857155268877e-02
7.534276442592707790e-01
5.363090534786057795e+00
-4.464008052391976733e-02
1.864038024363546819e-01
3.992768735773420397e-01
2.446070673474019408e+00
4.779553093608102543e+00
4.505339307048795150e-01
2.888290866409781166e-01
5.271603280823160542e-01
1.629830083921785633e+00
2.693234552840355178e+00
-3.383281713456069012e-02
1.135081699113622417e-01
1.033999893323418684e+00
2.022080134674991925e+00
2.870499192394358801e+00
-8.149295289062730152e-01
1.635818198699881196e-02
3.527286447382675938e-01
3.229970708058374385e+00
7.911473261159182591e-02
5.131945014264632787e-02
1.367592652138286624e+00
3.855983636523893088e-01
1.640062276084871096e+00
3.147474170655792047e+00
-3.356123803680745032e-01
6.559344382809444429e-01
-2.116485042402031780e-01
2.038187137499454238e+00
5.924173465154281892e+00
1.765610441355719984e-01
-1.728481447037180374e-01
-7.465141896867956151e-01
1.021114725015387137e+00
3.380988845986598879e+00
6.225476802507639087e-03
-8.020820157091801406e-02
9.190128008233825474e-01
2.112521492377439358e+00
3.568358524501984430e+00
-2.858301767622210554e-01
-3.483172425029836816e-01
2.969688688725743986e-01
2.542007549948088752e+00
1.205708708495264680e+00
3.898706879160513950e-01
-9.500017584237682167e-01
-3.626003420216442064e-01
1.436711996659869595e+00
5.227326809608684455e-01
-7.140012872286462253e-02
-1.391410749715374651e-01
9.196059037749541032e-01
2.067082417861222154e+00
3.159206064385468693e+00
-6.085164203474734412e-01
2.016123590397061460e-01
-3.948057854592386673e-01
2.252098963195997783e+00
5.967728508684200683e+00
3.091760395246010429e-01
7.181425494859984549e-02
5.278002539083525013e-01
2.199220824270481600e+00
4.078974187043408861e+00
1.738554637149074544e-01
1.062321950466181691e-01
3.719947067174181332e-01
2.360441292901144017e+00
4.176879353041301535e+00
-1.110011725839769037e-01
-6.577406442748673365e-01
3.717660275222451488e-02
2.038231444914489821e+00
7.468846789334345759e-01
3.803463340564287587e-01
-8.761696546315089762e-01
-1.221187886434536990e-01
1.052936300210708609e+00
1.023224231794626515e+00
8.341432200508705486e-02
6.575400442457951522e-01
-1.331280687361252046e-01
2.238250842475862701e+00
4.939956793634727283e+00
-9.164809663529523975e-01
1.125831459425536557e-01
-6.993474044472431927e-01
3.888563956158425095e-01
3.077940742620318915e+00
8.659179118977327061e-01
-6.614606702393907023e-01
-3.679629285108750036e-02
1.591367897139119636e+00
1.189552165831043506e+00
-6.675362621306256405e-02
5.092388620575453162e-01
1.509464252985502630e-01
2.435525344880225429e+00
4.931751221505706440e+00
-7.070321037669327624e-02
7.641617259808889395e-01
-1.238712890430923586e-01
2.081974285437253158e+00
5.437001281851340018e+00
-2.264242897918869735e-01
-6.262011722763978494e-02
-7.549109652104707413e-01
5.659014491115854639e-01
2.274675465680777275e+00
5.271307386825525576e-01
-3.239670932777441448e-01
1.673390092246623273e-01
1.925446611238550210e+00
1.659158514592095068e+00
-6.295973573386325350e-01
1.479539337494161499e-01
-7.270803697488553707e-02
2.533026079758785798e+00
1.294747379832985879e-01
-3.891696566228013410e-01
-1.264090213237277216e-01
-7.686082920225331128e-01
3.746220800571842813e-01
2.850067458113774599e+00
-4.956789316302330217e-01
-4.116020738664589174e-01
-6.666261769581709462e-01
-3.302080809039666387e-01
1.474894499625079458e+00
5.681739387996768142e-01
-6.914648409877781621e-01
-3.019794060547371095e-01
1.115415719781492898e+00
8.981450437790556851e-01
3.722420303550137977e-01
1.528015764813944570e-02
4.058101390668998332e-01
2.176443805949180632e+00
1.928640178019772167e+00
4.402827073998280549e-01
-8.052189810520492541e-01
-3.239719718749759503e-01
1.317687034287950087e+00
3.506235014937599814e+00
5.463039656953794232e-02
-1.368325138263480623e-01
-1.022311370765065952e+00
6.463822460891066601e-01
3.933266072771782085e+00
-1.363489516869809959e-01
-1.126807252632369971e-01
4.454454489447602916e-01
2.658914793040876301e+00
1.874537000901832728e+00
-8.092322788379829879e-02
-5.848000793153103061e-01
1.360084536218602869e-01
2.308199143339345394e+00
9.750119851893368494e-01
6.790114679701686473e-01
-4.074496557684102044e-02
-6.188814503394440836e-01
1.675131739588608948e+00
2.172748190470900287e+00
-1.809177973420696139e-01
-7.438542109033462468e-01
1.963716183778445659e-02
1.113207691174793457e+00
4.911259875192444668e-01
-9.303875150141572847e-01
1.044954503430497728e-01
-5.301940194035494880e-01
-1.051132615947559211e-03
4.682787873092719266e+00
8.618564425089833003e-01
-1.049662566612961090e-01
-2.709764447596014758e-01
1.549833837105676793e+00
4.385381977166770362e+00
3.520215271675626867e-01
-7.143476713532588215e-03
3.418703853484328925e-01
2.154241074110238241e+00
1.847734282621263935e+00
-6.019769073685823368e-01
5.321593929194297079e-01
-4.683479770157724653e-01
1.717154571440921540e+00
6.850098151497030941e+00
-6.014782040487722803e-01
-3.836089419802634626e-01
-5.150447405409540602e-01
-1.659633089507100701e-01
9.243830357339908321e-01
7.925413189559646909e-01
5.517214281158099726e-02
2.402268763898334492e-01
1.994861139758105528e+00
4.474798906481719740e+00
3.265447859312222145e-01
-1.035648397153566380e+00
-4.250478543213143806e-02
1.800789820357425297e+00
6.274715604272611547e-01
1.143039116644162467e+00
3.480454424397750324e-01
-1.244283571972305824e-01
1.484693163262148508e+00
4.872532118051021044e+00
2.138680753719642003e-02
-1.426462874951021087e-01
-7.370003664429359835e-01
9.315712163784631850e-01
2.687456851570510619e+00
1.039778201005687963e+00
-2.682544660408982540e-01
7.244574952959416392e-03
1.657704465669878724e+00
1.658358866671987952e+00
-9.319787470400296980e-01
-6.729187115176073208e-02
2.005407776839367717e-01
3.758798484072758961e-01
4.001549609786468897e-01
-4.689796291232867231e-02
-4.818117190675488826e-01
-2.077162404998263157e-01
7.751501811834899947e-01
1.479485048902344113e+00
-7.251097952455514140e-01
-2.535714261255913593e-01
-8.248610366675878103e-01
5.706757659790092641e-01
3.786873224978593910e+00
-7.586307377095949378e-02
-7.819390138793907985e-01
1.323712177273569102e-01
1.761383800009747036e+00
4.718335987165565015e-01
-7.978899807099896213e-01
-3.052227733483954264e-01
-2.358188897774293469e-01
2.813037628640012056e+00
-1.702978768284320876e-01
-3.137124799560842003e-01
5.136227827438750726e-01
-2.183600833717039280e-02
8.616828212431721923e-01
5.596583132078671419e+00
4.015108757064422829e-01
1.601514392783402463e-01
-3.151941114075789141e-01
1.067113710899485923e+00
4.525141910830161152e+00
3.329229970663290517e-01
7.238558555419808416e-01
3.697909877906814247e-01
1.602171306191056077e+00
3.042183119970287120e+00
8.092646479164040951e-02
3.142110171783741440e-02
5.540584659104366150e-01
2.346847108376026725e+00
2.628853216087575273e+00
5.003767979291275925e-01
-2.205105375673041546e-01
4.406595112987449214e-01
1.879490084453579568e+00
3.997251597503493237e+00
-1.522455761112065653e-01
-1.627071587458607527e-01
4.283760372901317948e-01
2.664856370585467982e+00
1.704766216928199851e+00
-7.697873258851811729e-01
-1.940280734327743395e-01
-6.932891817717279359e-02
2.694491935780397363e+00
1.237345042782667520e-01
6.976736808122058209e-02
-4.077497269167325022e-01
-3.447695926758372331e-01
1.075942211408821736e+00
1.459335905146831092e+00
1.426334007570829177e-01
7.787809979529064508e-01
-2.982484912982236724e-01
2.074982015456649620e+00
5.475932264688379902e+00
6.255373476727665860e-01
4.867481772373762894e-01
-3.326692138323549264e-01
2.026836469813828145e+00
3.123519843097972704e+00
-9.059500925072756505e-01
-2.781387437935677054e-02
6.141598610685637671e-02
2.889552651713358955e+00
5.878607249661352618e+00
-2.828306196978303544e-01
-6.596473919132428421e-01
-8.294504811043572345e-02
7.620751717930027702e-01
5.995453192144485355e-01
-2.081484644575308240e-01
6.524694328530192822e-01
-3.149220012115865330e-01
2.127630622356887713e+00
5.548861132297409071e+00
6.037420767276621136e-01
-1.776797809354413726e-01
3.332660644186374865e-01
1.804787749731337376e+00
1.794475677475414921e+00
-2.948482890597918238e-01
-6.197242265586203613e-01
1.195786277027991035e-01
8.598199390421246147e-01
4.514217204874295675e-01
1.098715839667386007e-01
-1.103886801489337488e+00
-1.547879095481543288e-01
1.350731482957855167e+00
2.433794317100638205e-01
6.548499457050285799e-02
-4.818751526258572837e-01
-7.765848889297253255e-01
8.783081833254146042e-01
3.378140976208022561e+00
-8.031411464279359924e-01
-1.178744297148128367e-01
3.291443763318764870e-01
3.256955184147943161e+00
4.015436349203323374e+00
3.895445938328609414e-01
4.961332063936316761e-01
-4.286945756271479807e-02
1.263239922589474151e+00
4.778216480390280019e+00
-2.188015469530472656e-01
1.321687393483222950e-01
-5.106178116241647524e-01
6.197136618748900760e-01
4.707625779179322123e+00
1.100080143902319868e-01
8.178323089015626657e-01
1.754166520787458494e-01
1.842165818287652579e+00
5.698977779959448320e+00
-3.798149233162315674e-01
-3.765938617308375314e-01
1.593700418348655556e-01
2.602882974285811724e+00
9.367890388073208952e-01
-5.188155142768815509e-01
8.563528544436597167e-01
-8.091517950697239836e-02
2.222745345931914418e+00
6.174100848108439621e+00
-2.899549350920891944e-01
-5.855131285006017761e-01
-3.615496098246052670e-01
2.214325314336756667e-01
2.138435363975883963e+00
3.482915960065129934e-01
2.284771345106609286e-01
-7.746776883635687616e-01
1.198249769108763019e+00
2.682928542159746410e+00
-6.658083876104313736e-01
-1.874861258219771010e-01
3.665214771780369446e-02
4.230950622087804036e-01
5.650204528216061783e-01
-1.469615571188396030e+00
2.345284645097960724e-02
3.569841762942224661e-01
3.124133457680747572e+00
5.618538565043571076e+00
-1.601388447930455483e-01
-2.205232747950833794e-01
4.219117082175707911e-01
3.693809494556532513e+00
4.998489979964922725e+00
-2.601043526732199629e-01
-8.688392437098912957e-01
-2.379109223041386001e-01
1.824576937877480320e+00
2.424634069620852928e-01
-7.366712476790457376e-02
-4.008425501142944269e-01
-5.010423009195560384e-01
1.032655228372499456e+00
1.165516049044264424e+00
-7.571440562868728685e-01
1.141044075064465702e-01
-4.776228384249702787e-03
5.361220286018819614e-01
-1.452148464903080527e-01
7.840551110162263804e-02
-5.833984433202993314e-01
-3.579529856379456421e-01
1.484339444743804748e+00
2.535284137512501701e+00
-2.336984387689708745e-02
6.901789276376431026e-01
-3.208865089134436688e-01
1.630180356851393286e+00
5.694448168183448011e+00
4.148905695696875617e-01
6.358030420241741476e-01
-5.597297650095522936e-01
2.001013919286843468e+00
3.684281013282254325e+00
4.341163358207804635e-01
-3.860053850406926501e-01
-4.887841710783097371e-01
1.147321809443356599e+00
3.852195644297205845e+00
4.467605339651253143e-02
-9.117458093512992301e-01
-8.144341454274141301e-02
2.000903662518829673e+00
9.022709155217162325e-01
-6.755697197027188405e-01
-5.312920091431693193e-01
-7.648631395155475188e-02
3.383714622390689986e-01
5.725624358844584316e-01
-7.753456635435626021e-01
-3.930752959140771940e-01
-2.194802287204382363e-01
1.457084825165310682e-01
6.915676573514075720e-01
-4.041992102868183223e-01
6.243876904049848464e-02
-8.671689547573322443e-01
-6.769190933109479058e-01
5.732647280590479788e+00
-1.000439546205986074e+00
-3.291811342990318828e-02
-5.621239711927883409e-01
-2.522744515686003997e-01
7.836504555089918167e-02
-4.584984061634450048e-01
-3.079968335961318360e-01
1.625589318162292130e-01
2.558038849626509847e+00
9.589535087753147113e-01
7.930761716937030359e-01
1.432080661751544970e-01
-4.471085446615474107e-02
1.832784507378373062e+00
4.201208806887406944e+00
2.458735252239966362e-01
-4.420782235312780695e-01
6.718175537099556616e-01
1.752793897868449635e+00
3.173706073137847472e+00
-4.542083351084040266e-01
-5.127869887686229422e-01
3.728639582412892062e-01
3.112488028705131082e+00
1.515113914780106485e+00
5.405016918343289456e-01
3.494750691458595182e-02
-3.721042290547110221e-01
1.130930520599559674e+00
1.858012631545447046e+00
-5.023816785148892405e-01
2.826460183557687467e-01
-8.030445971165400820e-01
-6.929719604628069574e-01
-2.300689483616655262e-02
1.376976340843383828e-01
6.530759295373723683e-01
-1.675121243295751849e-01
9.825287904750724666e-01
4.980463902260825471e+00
8.631704553666694757e-01
3.021333123013626998e-01
1.101727879425546397e-01
1.465311147345720988e+00
2.422844177363612239e+00
2.332784364174046443e-01
-5.273171685410526360e-02
6.278371498350692193e-01
2.328504116861043194e+00
4.096336526510653719e+00
8.243244414755482863e-01
-4.073649313952937279e-01
-3.640013586904830567e-01
1.645421443600254552e+00
4.074937368303754859e+00
5.200449660297162824e-01
5.282207269916383563e-01
2.828683368335349613e-01
1.495924337584752184e+00
4.977714508690540107e+00
3.958572228708627794e-01
7.039805570758915498e-02
6.691998848535899436e-01
2.148079289712189865e+00
2.532738308553032613e+00
-6.182170834703529794e-01
4.709569177469277723e-02
-7.007431413268371267e-01
4.110222280037719167e-01
2.701809006772363908e+00
-6.371036434542222127e-01
4.146543044822414981e-01
1.796483288799548272e-02
2.945356717367303423e-01
5.878666132378558729e+00
7.347991294533851026e-01
-7.006813993238721894e-01
-7.977192662203952400e-02
1.302980237984391332e+00
1.154854266391808215e+00
5.224120765237143527e-01
-1.710225309450967845e-01
5.300344172172424262e-01
1.772480783750916666e+00
3.758521150062447358e+00
1.038604272218554225e+00
3.878301553067579066e-01
-8.451668295861475277e-02
1.674581118110994860e+00
5.016773439187848460e+00
2.655952382551934887e-01
-8.491392004175762898e-01
-1.727489977607061800e-01
1.177339584782219450e+00
8.034994527223907612e-01
-1.700361698941263988e-01
-4.819447984372039751e-02
-6.806942719698528821e-01
5.850486818921213361e-01
4.250215566946430990e+00
7.834760164054228593e-01
2.689449012973428865e-01
-2.457429346875237286e-01
1.346961057823166552e+00
2.150550530704650853e+00
6.150655847174421043e-01
4.331686187795411591e-01
-4.904758384916242941e-01
1.529814942693939361e+00
2.525744506630118291e+00
3.802659871164019711e-01
-6.356384545029563071e-01
-6.020823944898989755e-01
1.325653449343300982e+00
3.500746284591064406e+00
5.322744617808202738e-01
5.154208484045521566e-01
-8.048838350272721764e-02
1.335004017540634136e+00
4.884283302941721416e+00
3.999150456534708575e-02
4.449238001440603690e-02
-6.274377152012161618e-01
9.031934386510176438e-01
1.959857111093928239e+00
2.872354849132104926e-01
-1.086016204404231383e-01
-1.063455226964224565e+00
1.535231235456949062e+00
3.008251445659735346e+00
-2.536105428007540685e-01
7.175033704449241823e-01
-4.044458643267036524e-01
1.501662436888863694e-01
4.344935603552216641e+00
5.186115066424311637e-01
-5.526264841482915191e-01
-5.297252241589490707e-01
1.590375691723564966e+00
1.235735771774178149e+00
-4.889304156515590916e-01
-4.602650258544437323e-01
-5.540735467709118067e-02
6.449074146172775190e-01
3.265801227579718802e-01
2.801243485736475969e-01
9.242466777879941864e-01
-1.023171965451129817e-01
1.991830103700201082e+00
5.465310423994544919e+00
5.290442070558130094e-01
-2.511555162658505869e-01
4.744973264925446133e-01
1.840697841992867012e+00
3.929286776063453779e+00
3.924647380963751098e-01
5.604030639321500029e-01
3.094552260556213130e-01
1.473032309464679113e+00
5.088123739795822331e+00
-6.658024474897824563e-01
5.477551622275936838e-01
-3.516443626309437298e-01
1.370612387955500777e+00
5.191592345957024568e-01
-2.227771746074428683e-01
7.439418834124592594e-01
-1.217913771220810737e-01
2.083298731818922001e+00
5.736991616861819132e+00
-7.491820809702894879e-01
4.316463788297750237e-01
-1.282730808561583502e-01
1.040017329029635784e-01
5.909454598476391318e+00
-7.271660840915472601e-02
1.033136473206840295e-01
1.985247603964262753e-01
2.118808965221644414e+00
4.676949773132337285e+00
-3.689421526415835872e-01
6.203989734119476074e-01
-1.571532682572953366e-01
2.373091417766223454e+00
5.859538895795231461e+00
-1.561584852414454605e-01
6.882930097343543940e-02
-6.431673039071507114e-01
4.999861810087262159e-01
4.241640368565780861e+00
-4.094634707766585113e-01
-5.701662515383882912e-01
-3.087179177435441998e-03
2.679611300425620346e+00
8.910893971012423531e-01
3.183892081963215492e-01
-5.288064437237904175e-02
-6.864666826497257679e-01
1.125900539737074713e+00
4.002220827428635275e+00
-2.990892958674417623e-01
2.223018514576495797e-01
-1.031451509811076139e+00
8.110066259618071705e-01
3.064495874388064145e+00
-4.608160373908924412e-01
-8.109290428207528434e-01
1.049839306097684888e-01
1.071233470954120248e+00
-1.162000407297681358e-02
-2.288418045537414514e-02
6.596755857293609693e-02
1.100343747414914919e+00
1.980959779341717075e+00
2.438754247601722547e+00
5.434390357015785877e-01
1.223438647114116318e+00
9.061793539518646834e-04
1.415175854759280760e+00
2.703047624881778077e+00
1.123526329345189145e+00
6.215198724851238310e-02
7.309213790795253407e-02
1.546156610332753756e+00
4.775401666103748610e+00
5.490667269118891802e-01
-4.245437511276833331e-01
4.254537596319218351e-01
1.676708335484566881e+00
3.647334466045572210e+00
-7.056658831172186730e-01
3.821835040725032884e-02
6.865805086855446548e-01
2.536752841557684324e+00
3.065798393374298936e+00
7.910864568872683078e-01
-2.346832642079219600e-01
-3.110291960216294838e-01
1.640115490886196792e+00
1.438880710865922286e+00
-4.167114805873256000e-01
-5.319099901159535237e-01
-1.439642323038639316e-01
2.671420783709975488e+00
9.151493677690129003e-01
-4.678945236631474325e-01
4.412325009290597455e-01
-8.432668848912482362e-01
2.626531605522611224e-01
2.008612293605195553e+00
1.023416011847214785e-01
-5.561995023916114014e-03
8.071331095618594631e-01
1.961203329639841231e+00
2.903018643033632440e+00
6.180888908959374789e-02
8.644496949431137445e-01
6.983258460328773953e-01
3.648669778257877638e+00
4.895109438966910531e+00
-3.700989532829264128e-01
1.063934620708115314e-01
-9.137667736038226352e-01
-7.149503984204289564e-01
5.820984921374666499e+00
-1.032670699179772944e+00
1.555589641360163311e-01
3.980796403660809002e-01
2.995657936797723853e+00
4.841182882495771445e+00
-3.345460569717630395e-01
6.951946598959432011e-01
1.599545509508048247e-01
1.105541370568863480e+00
6.081944597600019264e+00
-3.816033543282755791e-01
4.024610158653795233e-01
1.337978932808614463e-01
3.571500071264815723e+00
1.738427016620940124e+00
2.087099047570463994e-01
-6.142177333033399522e-01
-7.272940980622382146e-01
1.508611718476170038e+00
3.044393099006987402e+00
4.879258586548190085e-02
-3.919639006756892030e-01
2.155529509972318458e-01
2.303285651592761329e+00
1.081837468589902151e+00
-8.990231407103402850e-01
4.503483049364299245e-02
3.200803181262124597e-01
8.631134719014601497e-01
2.891406118354647448e-01
-4.648352191876838901e-01
2.849803901705733056e-01
1.711921930269782455e-01
3.201832140975115482e-01
5.595528136105193617e+00
9.737251175201512288e-01
-1.886709940946668974e-03
1.339312964583545540e-01
1.923440543725628338e+00
1.936656957412040025e+00
4.639615370581820497e-01
-3.595727628272351595e-01
-5.997215145645605761e-01
1.344157271391165365e+00
4.001497260368775066e+00
4.794967603067602779e-02
-1.828626947954955229e-01
4.087443286154257005e-01
2.390862910190627577e+00
2.848483046722365852e+00
5.741767437135528729e-01
-4.653944645783865686e-01
-2.512687835063106556e-01
1.054919947189750351e+00
1.374020936957630612e+00
-4.267013503363394911e-01
2.142530140064405897e-01
5.699574649652308089e-01
2.796165585799885722e+00
4.056652511757351753e+00
-1.078727231846260182e+00
1.583697533780320799e-01
-1.975555980232535369e-01
2.558932059817793370e+00
3.100104383111675910e-01
-5.591982036453367888e-01
-4.390980207999585216e-01
-1.414655972718576737e-01
2.400429552148447776e+00
3.607411718072935924e-01
-3.257901751793877421e-01
-5.030020433468369578e-01
-8.849852875908164052e-01
-5.767401137006274991e-01
1.095274394267814033e+00
-2.779911249061199907e-01
1.961761186231607557e-01
9.913287327826701967e-01
2.155546768654918566e+00
2.774282936567373792e+00
5.205523021981159904e-01
3.856306608100532746e-02
3.796763344404720519e-01
1.797935384568371875e+00
4.399572777160888570e+00
-2.731278333937897096e-01
-5.694454469577217015e-01
7.742206034896693678e-01
1.209747243201636735e+00
1.010739548135992649e+00
6.341157211866547128e-01
3.099026175449118847e-01
-3.986510566561673463e-01
1.620314818697065506e+00
2.651290505350526683e+00
-6.781819106423300214e-01
1.643174385685803318e-01
-8.927450811543357068e-01
1.982689353009630340e+00
3.932945048275596212e-02
-3.305600479617851195e-01
3.104424741196949999e-01
-2.331176967287629798e-01
5.885350981064622067e-01
5.281811989589724199e+00
2.549864543089376545e-02
9.665599224956122892e-02
-7.751959059712901778e-01
6.533479787012091977e-01
4.092109331672260986e+00
8.020712069085564888e-01
2.252782624456153293e-01
-3.363053358323495612e-01
1.208125577356073510e+00
4.631885152382476889e+00
7.824826078907894944e-01
-5.216877746491286327e-01
6.464523208671692223e-02
1.876905470197888004e+00
1.374831010457507441e+00
6.471464468383337776e-01
1.085483409652564929e-01
-1.676227281851287998e-01
1.031678210235688287e+00
2.193465293167436769e+00
-1.361046828736910824e-02
-4.081572970963983499e-02
-9.992636192939134965e-01
8.390918766532684536e-01
2.384324870436980159e+00
-2.607372333778403273e-01
3.653706050303545672e-01
-2.925245964327499726e-01
6.646336772657270853e-01
5.101729637277844454e+00
3.822005758253291252e-01
-5.632402336248805153e-01
1.411559017309602926e-01
1.917578196957080650e+00
1.353691877822244205e+00
-3.537254537757995032e-01
-5.089016651414405290e-01
5.776211532917893132e-01
3.382924388841297425e+00
1.242965182715589423e+00
-6.910965187048208058e-01
-2.989592954337851327e-01
2.839252201298071432e-01
8.895093699938096954e-01
1.120558803453521601e-01
7.112876892037597321e-01
7.655856076862467274e-01
-8.767735946866581087e-02
1.702650272231647666e+00
5.227644473019569915e+00
4.774828415113532287e-01
1.734687494491332638e-01
3.935444119471703250e-01
1.922202782278442657e+00
2.180716244971347972e+00
8.564280419236834918e-01
2.471873868364437288e-01
-2.493589837122395791e-01
1.343219584922247911e+00
2.151310383958705330e+00
9.191144841318327208e-01
-4.072176040018411491e-01
2.491577258812988638e-01
1.973560754984520882e+00
1.541195974088304554e+00
8.041003975860521180e-01
5.443438183147224496e-01
1.888359200376854008e-01
1.680212515513272997e+00
4.824258189656569940e+00
2.076016665805008599e-01
-6.749738214093349287e-01
-2.941830294489240424e-02
2.119471284966924607e+00
1.036873679947704074e+00
3.231939768707816490e-02
4.719584926970239042e-03
-8.685686328541714074e-01
9.138188766766934812e-01
2.786920883058315201e+00
-2.878966461942705224e-01
-3.266363516420837665e-01
7.344343551285165139e-02
2.542029035128863246e+00
1.173507330689607997e+00
1.888806276944636209e-01
1.081536676966457083e-01
-6.638624911306174603e-01
9.696316422033458560e-01
2.309892237572183316e+00
6.227164504310830351e-01
-7.688268932778952180e-01
-4.732048021873595800e-02
1.792195492815329416e+00
1.005207618018347571e+00
-3.929681789205322073e-01
-5.103062038193524330e-01
-2.565726682186393257e-03
2.654593443334678948e+00
4.889652520722648221e-01
4.500752508829131693e-01
-4.927734011798260982e-01
6.395384173320961541e-02
1.935846234392535115e+00
1.623637277851324168e+00
-1.699290622008968119e-02
-5.916836680482975286e-01
8.105462004931737741e-02
2.151274088780012139e+00
1.022379798677112817e+00
2.575886333534246342e-01
-7.905765308604854047e-01
3.339559570378041603e-02
1.227335157383570463e+00
1.310100644553038984e+00
-4.181446028993808239e-01
-6.439834320064364848e-01
-3.248276376035563739e-01
1.786924496574571641e+00
4.161590130363921475e-02
5.173656219134183942e-01
-5.860571473265149267e-01
1.139032111352871607e-01
2.028783714205173005e+00
1.417351808442504524e+00
1.676802796407335094e-01
-4.233020334536904961e-01
1.265713855352140482e-01
1.919002552424441177e+00
1.431697475737730985e+00
9.590383266086076608e-01
-3.045653703460076689e-01
2.495777233841925957e-01
1.197353513746935105e+00
1.987306532855975139e+00
5.299046152873341242e-01
4.058568354140104084e-01
4.021882209569798139e-01
1.774145582174449842e+00
2.251961107565844333e+00
-2.173517888159005595e-01
-5.564781304134761575e-01
3.156177268520609855e-03
9.567117889781741047e-01
7.945733413393785138e-01
1.600962082728404068e-01
1.164577875428952219e-01
-5.418229371213395540e-01
3.861522474134320704e-01
4.716320634061275996e+00
-6.100869288406353119e-01
4.743175701944279260e-02
6.042746206621741889e-01
2.810734222874738286e+00
1.871545965002808343e+00
-2.623099688687643427e-01
5.362257779624057807e-01
1.408322213004000074e-02
8.908899906373592970e-01
5.596354889182786785e+00
9.875048710182969813e-01
-3.344394178853174471e-01
-1.268897349800039986e-01
1.358139596885076017e+00
4.214465618013754522e+00
-5.467373463381757226e-01
-2.998917505044598752e-01
-3.136268518413598549e-01
3.417341701935742160e-01
1.400367442727170175e+00
1.733270270925258705e-01
9.587403718946020670e-02
7.349806921802612969e-01
1.946757774211230307e+00
3.733451171555726145e+00
-1.233752413034264334e-01
8.391578717250480768e-01
-3.125605894098510418e-01
2.128442839504617101e+00
5.503819072830742343e+00
2.196578535310036995e-02
-1.739730327377197183e-01
-5.316099734385015818e-01
6.535097222703638575e-01
1.938025879722482081e+00
-1.257040661658709313e-02
4.738177511381003737e-01
-1.798851447172016838e-01
8.291601488213810045e-01
5.167554374302036457e+00
1.085649088964388609e+00
3.437528889360353945e-01
-1.330310486815610427e-01
1.518168371789213822e+00
2.052367107836273519e+00
-8.903305505868418512e-01
6.544733059280713472e-02
5.823485429481873865e-01
2.755888923416076608e+00
3.761512971604663580e+00
-2.566841971128964728e-01
-7.997273568296321411e-01
-1.486483465775148838e-01
2.499333598695636649e+00
6.660383094214754607e-01
2.401020389127861421e-01
-1.133647546979645870e-01
-5.457539410533610580e-01
8.338421362736616604e-01
1.743071183093608756e+00
5.757528133575889884e-01
1.804347343788596236e-01
-3.370090047045288806e-01
1.408151495565163946e+00
4.634637053248088279e+00
-2.267539674319666021e-01
3.565502064533533910e-01
7.026472114842748085e-02
2.589288482260528657e+00
5.304318349587517467e+00
1.066115619192062464e-01
-7.966411574126133210e-01
-8.854681022132264434e-03
2.282235048704433833e+00
9.906193626371958549e-01
-7.937188027908562704e-01
-2.399608867238266496e-01
4.547054751141502843e-02
3.131502249126824733e+00
3.808377203572027581e-01
-2.033267428735780757e-01
4.322478434511603518e-01
-1.788356347311589600e-01
8.448512868341659932e-01
5.593013385133139614e+00
4.947922406617678015e-01
5.791589837461621482e-01
-4.723540789362076775e-01
1.320141280822527907e+00
2.614329497166515637e+00
-7.148214200603515422e-01
4.103090276836950379e-01
-2.442323074239259595e-01
1.930997547006463311e-01
5.069107421414860148e+00
3.423697974405173206e-01
1.398397615168061325e-01
-6.665998789531120128e-01
1.094987709018889310e+00
4.074697041346011517e+00
-4.452062282091517331e-01
-1.531732046867407236e-02
5.098271164340802963e-01
2.837404203940773417e+00
4.493738139077862570e+00
1.008481631739038820e+00
-3.191928067942210734e-01
-2.085314408203249870e-01
1.383449135987795175e+00
4.380718115962220160e+00
4.806319676819570397e-01
-1.241141387226673415e-01
4.495887137533800537e-01
2.070486954478653718e+00
4.024908046415272445e+00
-5.974538845914429963e-01
5.717980976025659468e-01
-1.236875926707171613e-01
-2.699418275068332651e-01
2.183500365831464229e+00
-5.225182450642776311e-02
-4.911787652716617103e-01
-1.156374418863429232e-01
7.301575080476321311e-01
1.241108298854195935e+00
1.443849902804019147e-01
7.358973065043732109e-02
9.041990368779347920e-01
1.877628734971947821e+00
3.636417059881188241e+00
3.512911190205474377e-01
1.335532244344110608e-01
5.711263600658386119e-01
2.149321266482617787e+00
2.535196280878425412e+00
2.631475706731444264e-01
6.405054619716786801e-01
-1.062517270093462640e-01
1.692376545807335875e+00
5.115411835238337979e+00
1.552259721598133746e-01
2.969330879592625358e-02
8.567145744660712436e-01
1.938557549616732656e+00
2.940597577706308474e+00
8.562724990979778683e-01
5.881554117247037028e-02
2.778334301624536540e-01
1.804694118332730524e+00
1.806536366725651765e+00
-3.850322155660982348e-01
-6.994355255351558665e-02
-7.801316019779087618e-01
-5.406692204360098453e-01
5.658074654457988295e+00
-8.009097205771573691e-01
-4.806734737281753156e-01
-4.409456667018575859e-01
-1.357918819343258421e-01
9.986144386781434790e-01
1.388341924425573026e+00
-1.921897373265782361e-01
1.491739380445300002e-02
1.505075584122701482e+00
1.783429446806524821e+00
-4.158127492311223250e-01
8.836289018483540758e-01
-3.506727875519151660e-01
1.933777616024338064e+00
6.197468421722194698e+00
5.391175848175232543e-01
2.603165234560161356e-01
4.773836906930758461e-01
1.934710755045023323e+00
2.287062219248702455e+00
3.663355673256757927e-01
3.829834514499927400e-01
-2.364015822149314605e-01
1.119982475790395560e+00
4.795404417259645058e+00
7.677373527561803801e-02
9.117779572635542618e-01
-2.208904430325989710e-01
1.210674906820714547e+00
5.803329125002401945e+00
9.885851513389606882e-02
-1.074326214854585959e-01
8.174623647409153815e-01
2.044231138974630824e+00
2.738826960294006962e+00
-6.228079917845329855e-02
8.227970753150747052e-02
-6.248325793793856331e-01
6.410094831835690954e-01
4.285601237515260564e+00
-4.900273533762134481e-01
-1.662838212060173959e-01
7.812672119081993660e-01
2.662106049906644234e+00
4.042661242759167273e+00
-2.325721520865102476e-01
-2.114961215160670593e-01
3.843914790743495624e-01
2.476640483423339756e+00
1.679675689355288659e+00
-5.133812880392312206e-01
5.962211614385957148e-01
-4.239030999206046951e-02
2.926404917121815163e+00
5.304227819173584102e+00
4.811552100438876156e-01
6.060288639472283245e-01
-6.518411466602181958e-01
1.123200315918276626e+00
2.553763086529363235e+00
2.983838422012500824e-01
-1.032097456509759370e+00
2.733876801652663710e-02
1.865255327744429481e+00
6.696902660788469630e-01
2.855343107155161597e-01
-8.996124810921241055e-02
-5.642154152340677076e-01
9.617689189238624037e-01
1.912672292643468719e+00
-2.393130100632367141e-01
4.294183503305504246e-01
-5.914325121632257182e-02
8.412627612421373913e-01
5.524667154222505872e+00
-2.894060551067254017e-01
7.951365761701187918e-01
1.066081909194225991e-01
2.368847730596375989e+00
5.546907331602272784e+00
-4.266332161564955761e-01
-6.604057320026990308e-01
4.838617303595569852e-01
1.571143292300717587e+00
6.123649863189605469e+00
1.084483902652640802e-01
7.195670060565847459e-01
-2.132955708578405246e-02
1.269664037134430101e+00
5.327883246626330838e+00
2.887674405857458271e-01
5.962819355104908015e-01
4.261574183756701162e-01
1.644438141176441048e+00
5.991471259426476514e+00
-3.836907309951314571e-01
-5.643784392807054129e-01
-4.937235021133484780e-01
2.130853456247240985e+00
2.987390843510167593e-01
-6.146797800068263262e-01
2.195919018904158027e-01
2.837987430046517989e-01
2.810206674347651923e+00
5.138383686063845879e+00
-4.214273710238261583e-01
5.322177724267096455e-01
3.479168112534009039e-01
3.113449937005699386e+00
1.715915182324772026e+00
-2.451106955573609247e-01
-6.919933607569797029e-01
1.962168608248377744e-01
1.141794545051986409e+00
4.824836906956573301e-01
5.585162744661856804e-01
5.532769210146042393e-01
-3.044968858378733212e-01
1.393454797192934969e+00
5.240237723112775470e+00
-6.848316069940465489e-01
-1.432354652737901080e-01
1.992882333768983966e-02
7.194864516467488480e-01
4.878465962558677371e-01
-9.547210607840024288e-01
-2.632224867654398004e-01
-1.339874000609504179e-01
2.763079713077948529e+00
6.133419927525161519e+00
-1.198926618757206741e+00
-1.870702713882325674e-01
6.811468377312702716e-01
2.684884388345185613e+00
3.193007012675052714e+00
-4.150568642802264230e-01
-4.538664847777518774e-01
-3.359585438983684891e-01
2.733270012580543140e-01
1.504041498908123220e+00
-9.421625520682951338e-01
2.665623620105495029e-01
1.184333352217664670e-01
3.767947222588320377e-01
6.211349540794353530e+00
-8.993898527479912142e-01
-3.621713237937448371e-01
1.055190451918640027e-01
2.886622307779866947e+00
1.723643071569335578e-02
-4.064752578036087693e-01
-5.862567017015968274e-01
-2.655710665001369541e-01
2.609198511554059685e+00
6.643956881812840276e-01
-7.067287457144373619e-02
-8.164565885613170870e-01
-1.055912966944960174e-01
1.050072637072436921e+00
9.309548220118835093e-01
-4.874800934342605196e-01
5.224394517367071319e-03
3.602315499806763022e-01
2.703402979740626932e+00
1.296582211281098518e+00
2.903779861009984087e-01
-4.283804181577460235e-01
1.801475105497208906e-01
2.287346598356706284e+00
1.280107129622445994e+00
-1.019780157613549676e+00
1.145505165135228959e-01
-3.161106882027606146e-01
1.528421337026195370e-01
2.826002188804622506e+00
-5.890056170267617963e-01
-1.276291652945612740e-02
-8.878055879346394841e-01
-7.262170788998622006e-01
2.845029518524759271e-01
-1.371653830838615307e-01
-2.132586223512854540e-01
8.806939482495618199e-01
1.979425758314635742e+00
3.231113842266464253e+00
-4.631477365274086488e-01
1.612034101467964275e-01
-8.742617700782790990e-01
5.716554738566996807e-01
1.991893826936737444e+00
-2.241351379789264242e-01
1.813414120314740252e-01
-9.121551259229542241e-01
8.733804809446040762e-01
3.470568540248138767e+00
3.854435036565458383e-01
1.358852452705889002e-01
-4.207024468929585481e-01
9.508650073921685042e-01
4.236480201169704252e+00
9.070734967777396851e-02
-1.888293912576320122e-01
-5.570659689068541143e-01
9.217253198196194708e-01
1.547674044242123514e+00
-6.873590831180996785e-01
-1.737409006414198098e-01
4.927788944798447424e-01
2.873794004617813425e+00
4.473060957571457941e+00
5.899904489257398188e-01
4.478617903484676671e-02
-7.014671029649470479e-02
2.089489750019439818e+00
4.145103556810388667e+00
-2.293193041590259329e-01
-5.446312539144224640e-01
4.288761782737016137e-01
1.449114129516366312e+00
1.420882199879004715e-01
5.669064147778454243e-01
-3.631270514662991444e-01
-7.723649158519082514e-01
2.067266541119908929e+00
2.441608970677613399e+00
-3.639030328512449231e-01
-7.857284881662722764e-01
-4.054852467948537598e-01
1.976410696192760330e+00
3.409761091901310492e-01
-3.653299703404102039e-01
5.534837607322498076e-01
2.035524713351526960e-01
1.097920264346662567e+00
5.801897866527977676e+00
3.788282734082656922e-01
1.225199263318814125e-01
-3.473083873530622978e-01
1.119089345447607631e+00
4.763363228144393169e+00
5.155390883845825112e-01
2.415514305411570195e-01
-4.934614249652771178e-01
1.676349481131545360e+00
4.695738948547592884e+00
-3.688952338108406059e-02
1.312537839127716766e-01
7.383145932802360756e-01
2.213748596002885982e+00
3.871889791380137336e+00
-6.528893640310265978e-01
5.353734837581900496e-01
-2.711454856611744332e-02
1.402424218812709789e-01
5.572441110471960002e+00
3.021457946780340409e-01
1.360854929243835165e-01
6.543343595337289820e-01
1.984041082385237686e+00
2.369032290646437833e+00
-3.367399765168764825e-01
4.230047500976739649e-01
5.087850979901259452e-01
2.464964844507596897e+00
3.824829499739089922e+00
-5.029847343790768699e-01
1.187782168252960874e-01
-1.086162868205198695e+00
9.728945880910975230e-01
2.843465662425296081e+00
2.635252370454184700e-01
-8.434341940601557397e-01
4.335944090570988639e-03
1.743805629134981272e+00
9.588686322141802831e-01
7.786951844698978276e-01
-3.928769495973982728e-01
-1.737051183475277205e-01
1.750791299874573381e+00
1.399206820797870510e+00
-9.133041475479704019e-01
6.527700327012808668e-02
-5.835447707707214215e-01
-4.032746103342749189e-01
9.297852562415092059e-01
3.089415096245897718e-01
-6.277957027206650942e-01
4.841723409237893017e-01
1.654037255272040596e+00
3.216684315932170524e+00
7.502126707850730325e-01
-4.317733267817420728e-01
-1.372489562400199155e-02
1.236850144467309898e+00
1.634169016102032135e+00
-5.117549038603272926e-01
6.508964208803179607e-01
1.294304345607924234e-01
1.113919147243823682e+00
1.199625286593289514e-01
1.806943680338198299e-01
6.910857619313599820e-02
4.922691382635179247e-01
2.290929351088385690e+00
2.411722579717532344e+00
5.240248461227948740e-01
-3.474863765997442400e-01
4.702010667726356230e-01
1.673802764778246965e+00
3.706686783920568828e+00
-5.405500463864497673e-01
-1.317009164023871026e+00
2.383471557688767728e-01
1.319957628956784257e+00
5.678250035503981330e+00
-3.178559494635201932e-01
5.294653225455556722e-01
3.227258284009366929e-02
8.706269944381227477e-01
5.628000994394187551e+00
-1.338233093519061168e-01
3.062755261564460429e-01
-2.191205836602250767e-01
8.710669757610356445e-01
5.321081571708116797e+00
-6.892154394499978576e-01
1.103375657298654999e-01
-8.535272425644644745e-04
5.217639260761602893e-01
-2.244072393114243391e-01
1.508284463125466601e-01
9.513937050253477024e-01
2.755262259213541731e-01
1.594839517603545032e+00
5.852091325593761439e+00
-6.699026366254815512e-01
5.378407002806013387e-02
6.276736736970297548e-01
2.604954273682685173e+00
3.720444266450759763e+00
-9.242088282123847032e-01
3.118793340867333508e-01
7.752002555277972551e-01
9.861411219675568773e-01
6.544309058735366946e+00
3.057237559558155793e-01
-1.018044117168936058e+00
-1.436906125293489767e-01
1.618674003189436439e+00
4.488397305369025703e-01
-5.357865478756728556e-02
-7.351163163619294227e-01
-2.726040376593743542e-01
9.075772341726873194e-01
9.241199272948485977e-01
5.055307849817824994e-01
-1.663393262538340189e-01
2.946154529673030154e-01
2.058777869525288295e+00
1.917621308115474488e+00
4.030828525296451526e-01
2.498969111141803312e-01
4.180615599698414564e-01
2.072321402327063300e+00
4.662139659980197415e+00
-3.467948863381810076e-01
-1.154115924216302241e-01
-7.420633800891953680e-01
3.665568888310404838e-01
2.180409914481155287e+00
9.758528366883812977e-01
5.683299763215563516e-01
-1.694842539291752936e-01
1.645210531085480765e+00
2.297014735628479354e+00
-6.415403981161463820e-01
-1.296247187140947277e-01
-2.741756426918722303e-02
6.777316949678356961e-01
5.987929307653877542e-01
-1.501107239596724541e-01
6.604298794099111580e-01
3.496788059427554662e-01
1.520734071035787505e+00
5.780735324253345020e+00
-3.979471162936950024e-01
4.974438731777379719e-01
6.940449325155011451e-01
1.301009578574658487e+00
-6.247539835592488128e-02
1.210801675786921328e+00
8.458934223453491441e-01
-1.563868809807024973e-01
1.586123780953728080e+00
5.634856252868446269e+00
5.075024833343692032e-01
-1.816613205372329676e-01
1.915093052562322207e-01
2.156595989931004542e+00
1.881224504395789587e+00
-2.262227091814584048e-02
2.227625424819292821e-01
5.752656315671669240e-01
2.657479128172780314e+00
2.745095096915832311e+00
5.680466624686105748e-01
-4.717070430784899848e-01
-4.332671162200490977e-01
1.267623734677476577e+00
1.388551829059088139e+00
3.996644153718940662e-01
1.334793180066654317e-01
2.739674536227880708e-01
2.479509011011380437e+00
4.354490145132354328e+00
-7.583942686192807203e-02
1.899128204735301140e-01
4.590146629896735830e-01
2.246265561016128842e+00
3.956928636005639710e+00
-1.270846868708699340e-01
-3.469635757285773336e-01
-4.450493182544400517e-01
8.763876649684761988e-01
1.451465920317647429e+00
3.589969372330317071e-02
-5.567475161035503883e-02
5.653521557850774704e-01
2.471245825016510800e+00
2.247831971191137423e+00
2.181497593342622277e-01
-6.582542382688292282e-01
-6.006427196370622834e-01
1.734586278075428201e+00
3.272778715244565984e+00
-1.342628313884542957e-01
7.313811055798834504e-01
5.253119043572213216e-03
2.324212774724158326e+00
5.288348946010877683e+00
5.449104236742287055e-01
-3.454159332781773228e-01
6.460070434718024890e-01
1.425755562729002168e+00
3.307061065524455667e+00
7.119449024141354387e-01
-8.215711902235814934e-01
1.473554047166376613e-01
1.760735440619415115e+00
7.205748795865842826e-01
3.597979387298205212e-01
1.510671356613959848e-01
-4.621509286177010178e-01
9.991518815092782502e-01
2.148718640740211683e+00
9.356619298466691825e-01
1.066141478252097957e-01
-3.650579917843538857e-01
1.253362969575409824e+00
4.584291008282024293e+00
4.185539372732416941e-01
4.701710744330021563e-01
1.381816991665644201e-01
1.813105214712819935e+00
5.010370656627709529e+00
-5.077508437671676145e-01
-1.754870322037308528e-01
-2.069600141667938265e-01
7.343711433034458835e-01
9.804761663367345115e-01
2.345710476621475360e-01
6.102360317821248215e-01
-7.547099791935453494e-02
1.112890694641058831e+00
5.096684011732294906e+00
5.998510157566584455e-01
-5.927406075124660445e-01
-3.790153454690224910e-01
1.690433243894517990e+00
1.056469490149570367e+00
-5.940516959619781545e-01
4.858406808396044385e-02
3.532182399299750308e-01
2.829835763663443249e+00
5.387031723734265753e+00
2.755718150180228587e-01
1.287048707820938331e-01
-4.266208624746689604e-01
7.556091779813599585e-01
4.387825412965802307e+00
3.393510981936091464e-01
4.447656473378198971e-02
4.400342005367815501e-01
2.045366975270504817e+00
1.855456125651760324e+00
2.587294389610119705e-01
-1.636161106779005225e-01
4.039421841827240955e-01
2.326043318439808605e+00
1.992008738538116885e+00
4.194877333310038231e-02
6.057235573023366237e-01
5.255218505675008506e-02
2.357239280203216047e+00
4.840226800758556713e+00
-9.100086113679332067e-01
-7.887044845540006066e-02
5.700421386249233252e-02
5.193582132117287031e-01
2.456378780180684118e-01
-2.245885484917918840e-01
5.856819282412449867e-01
7.418106780992869166e-03
2.375093502774883181e+00
5.271870447780199420e+00
-2.256578155681248088e-01
-5.537776843928504666e-01
-1.746558138293777818e-01
7.322852191762052598e-01
8.993879918751238600e-01
-2.584991030595224504e-01
1.318784750990308063e-01
-4.576020184202096441e-01
4.818371114784689713e-01
4.821973766104168391e+00
-1.328912080148307029e-01
-5.353800162931182660e-01
-4.669555010546732055e-01
1.161378082928707256e+00
1.238619342359672526e+00
4.414729135810597782e-01
2.354099230852160773e-01
-5.804813260764987159e-01
1.159129844128194087e+00
2.464452757120477955e+00
-6.142792639541273525e-01
3.430625852140516407e-01
-2.252113442569015911e-01
1.473628877309939855e-01
5.008510016227929462e+00
-7.127129637433967657e-01
2.449032390507391299e-01
-3.178062103828154794e-01
2.557040615355767432e+00
6.033566626127097265e+00
3.045544215181966718e-01
-1.744674698546994640e-01
5.967807500726650671e-01
2.236819391343097596e+00
3.781648177037202796e+00
-5.577687878621112594e-01
-4.165079623478921134e-01
-2.190983654526831859e-01
2.628982109453009031e+00
3.238478196514744112e-01
-3.249761761223668444e-02
-8.927092034294397127e-01
2.234135879509596412e-01
2.251722498028890573e+00
5.825483177077374064e-01
-5.943269756883945432e-01
1.331096806883771688e-01
-7.531903090218525776e-01
5.893640398398730662e-01
3.381872419177941236e+00
-7.964109710156664912e-01
-3.126122586205633547e-01
-3.531559942051033189e-03
3.392763847367654684e+00
3.368390741087660345e+00
-2.970526868198465342e-01
-5.624017498901362488e-02
-6.945343088609170490e-01
6.282310976293166149e-01
4.160436467732443688e+00
-1.412031067952576324e-01
-3.708431370352907597e-01
3.487271742016070930e-01
2.489121380123541449e+00
1.708082813408315914e+00
-5.185681980557487192e-01
-9.551260529691252277e-02
6.974207987467622161e-01
3.686464320223360236e+00
5.535970833084000731e+00
3.660702311997380276e-01
-1.762081230446543023e-01
-8.646993247797905013e-01
1.296977998859159653e+00
3.640174445071628462e+00
-4.841091625320829289e-02
-2.325750196197765018e-01
-4.743552085161668597e-01
5.148307741190042419e-01
1.551602789773468549e+00
4.825945311993910525e-01
1.161536933041244224e-01
-3.792416187798985927e-01
8.612794124113518635e-01
4.396716061605244086e+00
-9.867347505579121547e-01
-1.335375801874135251e-02
-2.074466488785700058e-01
1.222476372322767874e-01
4.097868826544551896e-02
6.038977199229544901e-01
-4.287644433010109890e-01
1.929332905427589284e-01
1.799503925034735996e+00
1.625103978565010987e+00
-1.406711695356616110e-02
-9.536908884122390351e-01
-1.546586450447514638e-01
2.089611891425198653e+00
9.584214529697246965e-01
-5.405804595196338491e-01
-4.480519562713732307e-01
5.843020863723947800e-01
1.325912850592302128e+00
-9.248617347156606883e-02
3.161498037565447783e-01
3.928162189367871426e-01
-2.754473435005190263e-01
8.503729937854581644e-01
4.659650367139953175e+00
-6.855442595672659456e-01
-2.985358676284050050e-02
6.543050539522787812e-01
2.569915096771315355e+00
4.024220330878875096e+00
-1.086213512258421415e-01
1.747315773329760069e-01
-9.656267017997489654e-01
-5.178619557595239842e-01
5.560419759867034628e+00
