1.647751509890856836e-01
2.130368471489743620e-01
4.443174655885588908e-01
3.465926238723143538e+00
1.211146743990710872e+00
-1.821923753095777976e-01
2.762719577524266334e-01
3.118079103679883834e-01
2.053216748982106488e+00
5.026927138814468954e+00
4.139586558978707864e-01
2.090545999582800463e-01
-1.365297972681329963e-01
1.176480704620216367e+00
3.229345052866891663e+00
3.258014135817588475e-01
8.287825061548535766e-02
-3.162347742245559257e-01
5.090439444293077820e-01
3.276827277552334827e+00
-1.221308397119564015e-01
-1.010539797916065394e-02
5.179311478771873034e-01
2.660210789344646276e+00
2.709657728138536448e-01
-4.420308655112392682e-01
-4.605945625243115099e-02
3.349813442617071702e-01
1.886637985167200826e+00
2.189482549772983622e-01
9.798149253793089763e-03
4.907121420014083357e-01
-7.787157458633695017e-02
1.206662553302490393e+00
4.409854539268493134e+00
2.553209038188653524e-01
4.596153468125328545e-01
1.218741966032847179e-01
1.902372446467715195e+00
3.954359684547373632e+00
-1.163124405020906915e-01
1.745600767701975808e-01
5.226541362385606071e-01
2.541508987953927878e+00
5.539711372286215685e+00
-3.379596433835730385e-01
2.880294009879187933e-01
-1.012522561395650389e-01
1.383227472424797933e+00
5.335071680202140065e+00
2.811076261211827854e-01
1.044453075263017117e-01
3.772859678742462863e-01
3.475351170176738336e+00
5.114586245691734590e-01
-5.409573646168135408e-01
2.491811091264045375e-01
-7.807978729871766464e-03
1.357417183194662202e+00
5.407812488737866019e+00
-5.778865578436599183e-03
-4.919133061393617390e-01
1.135522570517245172e-01
1.598851218123114926e+00
1.882075048703474973e+00
4.160614582407814455e-01
2.206158011446931466e-01
-4.833266695122197254e-02
1.170430729904544442e+00
3.376787337854986859e+00
-1.611037299890975272e-01
-4.638747520403755931e-01
1.605042484392950886e-01
1.859778390556387162e+00
1.472195077326530210e+00
-4.521621947764298266e-01
-7.111812425226204937e-02
-2.308979777915274589e-01
1.246567327379884960e+00
5.966953469720612802e+00
6.167042807935710358e-02
-4.340056598790495435e-01
1.849838854197135007e-01
1.963481508418135624e+00
1.981819328864920848e+00
-1.619850306978720123e-01
2.046090570552114851e-01
-4.075711928198668121e-01
6.297214461580046274e-01
5.471640742707386984e+00
-4.836668407586590668e-01
1.389084920332180895e-01
1.323771292847800429e-01
1.668430084775444744e+00
6.494462830349901239e+00
-1.106128304834163301e-01
-2.459833109125138251e-01
-2.995834765836494773e-01
6.953868009591802624e-01
1.136665379342937321e+00
4.024156798171861504e-02
6.175459703368124664e-02
5.358002572812081699e-01
3.473503514839046513e+00
2.097173707185219449e+00
4.762184015215760180e-01
1.798577710380391270e-01
-4.272434240131946920e-02
1.180854374776299620e+00
3.115074442456833737e+00
1.664190378604167575e-01
-6.562792942467524093e-02
-4.663368445774592752e-01
-3.750934695502038951e-01
4.644254496609416805e+00
-3.016289139063909053e-01
-2.484026591928954475e-01
-2.843149024020416027e-01
1.038497592032739281e+00
9.892174603654734222e-01
5.888366943272490411e-02
1.185962769007906786e-01
-4.485509050055803137e-01
-2.859044496940357227e-01
1.629494454114758684e+00
4.380500312030598531e-01
4.188782825264219384e-02
3.219138146656781996e-01
2.574677001537334586e+00
3.100136213050934675e+00
4.264423998685212269e-01
-1.719502776277405387e-01
-2.227541844260659820e-01
1.009870523365377970e+00
2.570196740511154321e+00
3.255914205792166949e-01
3.931720684856841452e-01
-1.665457449437062615e-02
1.363078132045757007e+00
3.777376404696114687e+00
-3.801279943129741157e-01
-3.250736144748156420e-01
-1.574707986185273079e-01
1.500679455861113620e+00
3.826965968767105375e-01
-3.150098513778947784e-01
-3.150456419195848956e-01
-1.240179598495999708e-01
1.321708837169708772e+00
1.162694132133548663e+00
-4.443419761438936050e-02
-3.426852153466974915e-01
-3.234877054969192423e-01
7.260564679092762486e-01
1.449608352592758109e+00
1.174212217661213115e-01
2.111806526043863430e-01
4.779254247013524082e-01
3.004201866502516527e+00
4.732159626195671542e+00
-4.986677293608978712e-01
3.067989955634372809e-02
-2.726167699208003822e-02
1.578503737103438720e+00
5.915174499661590701e+00
1.402676060336761066e-01
4.447089718372340128e-01
-1.150510174650553191e-01
1.174387978125596588e+00
4.120283151021711276e+00
-1.406008446334349182e-01
-4.547336742407147581e-01
-9.964766155344063903e-02
1.306541572349159575e+00
1.657077555506416333e+00
3.831957623453826622e-01
-2.831212684464440854e-01
-6.746564790809291001e-02
1.066472639188955629e+00
2.731638200127443739e+00
1.565287871877909798e-01
4.752962739705443029e-01
-6.182842648760340613e-03
1.534323984879063740e+00
3.917727991359066575e+00
7.228347883995860090e-02
2.456874187139012622e-01
-3.833645861884747985e-01
5.046060689948717037e-01
4.505998420655857650e+00
-4.532258005125239242e-01
-1.022790712079545555e-01
-2.189532470407092868e-01
1.389579320833779441e+00
4.958524636411064668e-01
3.098187065153515940e-01
3.073480016187628006e-01
1.649141514972219114e-01
2.099847970243316375e+00
3.762606514343505015e+00
1.452728930077223403e-02
4.234401685320653974e-01
3.424783921915006690e-01
2.294109997933462708e+00
4.486972200851886861e+00
1.528966962412386110e-01
-4.121365150547467437e-01
3.146379886435092810e-01
2.219916381643638914e+00
2.007431945073095747e+00
-3.189841545826254676e-01
3.885666860823767110e-01
-1.182336436780745750e-02
1.538176857823066124e+00
5.039525427248921829e+00
-3.659570487724435051e-01
-2.219031893091227559e-01
-2.737643150550204130e-01
1.151012582796759443e+00
6.858593697742700890e-01
1.704099145048938169e-01
3.662061850267296914e-01
-1.480617804583071184e-01
1.021900139729916557e+00
4.050399672480672564e+00
-1.980440753287573130e-01
-4.599663940402275442e-01
6.431712532631329859e-02
1.614111979154801757e+00
1.519129109098230401e+00
6.960591970846809196e-02
2.993121543340750423e-01
3.667964383856583410e-01
2.447608808334400088e+00
4.413289566410291798e+00
-4.643852187134228093e-01
3.174880177789144442e-01
9.482620486708183416e-02
1.853690253198838400e+00
5.334727858690858859e+00
-2.212385207173229174e-01
1.917515093239055557e-01
-3.708475447871294461e-01
7.185315196216669476e-01
5.546210892222102729e+00
1.841504727712859335e-01
2.073663410962989784e-01
-2.818736554171990538e-01
3.336546786331137660e-01
3.842559222272534658e+00
-7.351643291334605812e-02
-3.272490541445153278e-01
3.992867712217019194e-01
2.415022552485678542e+00
1.464308213760119326e+00
4.995571081674679559e-01
-1.579974106405163670e-01
9.239368133198325173e-02
1.286115648631175334e+00
2.705690051864819257e+00
-1.860072339377757678e-01
-4.082219366000031796e-02
-4.262382231235611885e-01
6.214409954222677168e-01
6.365070822575237486e+00
3.186571920674877711e-01
2.008615536379917965e-01
3.189586317434843776e-01
2.366797027832109990e+00
3.880523941226029283e+00
2.768014454004636971e-01
3.887777197585949307e-01
-7.265566770275994068e-02
1.195777983858729465e+00
3.883071991854267324e+00
-8.808524031531191067e-02
-3.320327963674540861e-02
5.370433160438423670e-01
2.652164140999950348e+00
1.487764037488138458e-01
-1.611964848197241507e-01
-3.256249712630118753e-01
-2.856015360026297190e-01
9.466343113319447555e-01
1.186447423414821234e+00
2.022150655375946349e-01
5.687365287153245408e-02
4.837919193232657067e-01
3.076092995362391225e+00
3.779869139445142245e+00
-1.917475782743974511e-01
-4.134419488408331844e-01
-1.329252780376668219e-01
1.226429954270405354e+00
1.300081866290540678e+00
2.517942059258391763e-01
3.183294830272215270e-02
-4.291942585029351331e-01
7.489210562341132305e-02
2.391597163269983950e-01
-2.210028589404034183e-01
4.869182702835622711e-01
9.559890765463899265e-02
1.563178623573753256e+00
4.524103113443007196e+00
3.628187703787636442e-01
4.210303421448125527e-01
-7.720303890502577815e-02
1.292790208315903966e+00
3.712872221608798817e+00
-4.364659894741659274e-01
-2.639716828050729935e-01
-8.575083686696127749e-02
1.592121031750280746e+00
8.774277176019982249e-01
9.891026938573999061e-02
5.637210038238397170e-01
1.555114149908602417e-01
1.927845654819508203e+00
4.287562262837859350e+00
-2.492772217774112398e-01
4.565065574109432034e-01
5.062507985044312209e-02
1.515932779317363366e+00
4.694127644703861790e+00
-3.332884501030101698e-01
3.629429968342311463e-01
1.347957591291551183e-01
1.867893457837308091e+00
5.032402557902830864e+00
4.809226674914181543e-01
1.181253107333086472e-01
-4.075202678371913495e-02
2.046139021108269507e+00
3.307094228231381106e+00
2.789791545482031912e-02
-4.596315196173852424e-01
1.800891782322207590e-01
1.910635241499036630e+00
1.992879256969399160e+00
-1.144673873146653253e-01
3.219423735243202578e-01
-3.102859014371139867e-01
8.239206390613005304e-01
4.928400696305003770e+00
-2.124679097437942588e-01
-2.798232932102971970e-01
-3.335047622853240523e-01
8.651246039604709726e-01
1.002208114953777152e+00
3.732794975038536411e-01
7.943814194470745493e-02
3.091010440414473925e-01
2.578813296618735151e+00
3.384054076172804404e+00
2.116641426473636622e-01
5.701012076034038811e-01
-5.930572231095398300e-02
1.333655357254930118e+00
3.804479843977696341e+00
-5.955951278386917985e-02
2.132858405995862183e-01
-3.955724786673017190e-01
5.214017299017399409e-01
5.003816248359638230e+00
-4.142939673960848723e-01
1.482153577955311607e-01
-1.496368559136023180e-01
1.290489051057937209e+00
5.663833708188999339e+00
-9.813525951329529762e-02
4.446954179643570759e-01
1.907864341759349380e-01
1.728639923811552848e+00
4.683881951971293311e+00
3.767358303186305740e-02
2.543503532923851451e-01
-3.670716625375765041e-01
5.988175700616391595e-01
4.529215637492242763e+00
-1.815168856305471590e-01
4.676364413508901086e-01
-3.080527415754508863e-02
1.794715620046338778e+00
4.743455021498090396e+00
1.526516228082896998e-01
-4.553032730650652393e-01
-1.198460423338634229e-01
1.044506590549034719e+00
2.140021161164035401e+00
2.373545787194815959e-01
-4.564678897960802728e-01
-7.175352897542067176e-02
1.377848381866739302e+00
2.416762737136726180e+00
3.343207005782519725e-02
5.185530064823290486e-01
1.350937229341274415e-02
1.682131460086201180e+00
4.217179434309331398e+00
-3.920714605375213435e-01
-2.705403248178182493e-02
4.175237338814493659e-01
2.095818981307164819e+00
1.823791848279986416e-01
2.611249311392042083e-01
-3.273880456138382744e-01
2.887593228817336710e-01
2.258961523067644084e+00
2.431296645043461879e+00
2.899531125323119296e-01
1.471182367056192430e-01
-2.499884098888255635e-01
5.141614195160176815e-01
3.592474637365008050e+00
4.661038283909550439e-01
8.795233512565567291e-02
-1.325203466318645718e-01
8.553051925526362620e-01
3.112739757842560184e+00
1.058010156875984209e-01
3.152361702575851576e-01
-2.477515448810547471e-01
8.278779640723031852e-01
4.278464518201603006e+00
-4.520659244000054672e-02
-2.501935535386924370e-01
4.754040823111617131e-01
2.584260322841631208e+00
1.296093659375703311e+00
1.634695056298995364e-01
3.737934199114359424e-01
-2.115842033019310064e-01
9.796511394714551013e-01
4.169870623848169089e+00
1.331126833949055899e-01
-4.078876216633477853e-02
5.192732602959240218e-01
3.285496930626699008e+00
1.855873863107644350e+00
-2.830413945623289629e-01
-2.721356562438345672e-01
-2.298744251377791703e-01
1.163450939397539408e+00
1.033100516547284409e+00
-3.864833843162693294e-01
2.910864875938439789e-01
-5.416841995006413391e-02
1.583018837628835218e+00
5.363795286806360529e+00
-1.679339311128130174e-01
2.997744952921061468e-01
3.834037014946442556e-01
2.173881579987566148e+00
5.181408564148726192e+00
-4.750825700954413033e-01
-8.897132701515017561e-02
-1.507528421513616712e-01
1.482419256985211264e+00
6.212392277183894862e+00
1.982226644956085471e-01
-3.104754700646357723e-01
-3.076854996226390804e-01
6.394605444550173212e-01
2.276894800126322949e+00
4.638548766156817132e-02
-4.174717835601813309e-01
-2.146600235293383008e-01
1.154247556069600389e+00
2.021238865668829376e+00
8.085150325044908326e-02
7.178348913032506565e-03
5.864325147682842854e-01
2.801790903433660329e+00
5.471900958775766988e+00
-2.570795729154964349e-01
-2.981610667912812720e-03
-4.184150600204089576e-01
8.970737794270877696e-01
-3.437303218431941171e-02
1.534277320121332222e-01
-4.405642949100516681e-01
1.481313883611787841e-01
1.885606387176769871e+00
2.076412680435169023e+00
4.928938430968485829e-01
-2.325192521755034269e-01
-7.380046882110673223e-02
1.652997286713453029e+00
3.095677392611909440e+00
3.631010000435220264e-01
-8.231156111905006678e-02
-2.234267199275358773e-01
5.865082163172248286e-01
3.039450350589578687e+00
-2.862884787664872199e-01
4.407168866309141286e-01
-2.571668857133433198e-02
1.422025438113349693e+00
4.911579924886124715e+00
3.804470403972073367e-01
-1.752143882256541052e-01
1.578651474112522657e-01
2.033243275490273394e+00
2.760382381223257742e+00
-2.130583163144046666e-01
-1.505159576746620820e-01
-3.204880186963773303e-01
8.967093508787477019e-01
2.940808444646652586e-01
5.101502018376657260e-02
2.571629888873920924e-02
-4.768850832928127059e-01
3.551283737358632564e-01
5.843238562439553085e+00
-1.152167838500231870e-03
2.431904174000178998e-01
-4.053951828357009735e-01
5.457554078343481718e-01
4.826398712900717314e+00
1.202805486767512602e-02
3.129570358559303767e-01
-3.770957616426686698e-01
3.414825654037497160e-01
5.121147295745507755e+00
-1.579007069310817968e-01
-3.610783434862105401e-01
3.312486047554489277e-01
2.230341132270913018e+00
1.306015404339804675e+00
-1.754779004566499878e-01
-2.777894581861224503e-03
-4.385961044610404702e-01
6.281769022300462968e-01
6.273710750222508459e+00
1.889239066179622395e-01
-4.146766634553658015e-01
1.354294703718803006e-01
1.706973327195759671e+00
2.403963933188669522e+00
2.524999298809417203e-01
-2.251219779208045446e-01
-2.557644484041846078e-01
6.483147698713012108e-01
2.390974013957618549e+00
-2.459493495851621803e-01
-4.184469852400751755e-01
1.330082022694449861e-01
1.622947409708175082e+00
1.312414951465997959e+00
-3.778314307889947266e-01
-1.682353011694252276e-01
-1.786051967202403057e-01
1.278856188302426311e+00
7.699844723135771396e-01
-5.058193409927184137e-01
-1.993656835422220885e-02
-5.409227852725458779e-02
1.490780040940765439e+00
5.911826133835853980e+00
3.265051345214711187e-01
1.233808041161160440e-01
-1.837483341008924187e-01
7.305643522169210646e-01
3.420162140741937140e+00
-2.774097987850220881e-01
-1.910033954959109437e-01
3.929166415531770706e-01
2.285205348424536265e+00
6.794024476336857354e-01
-4.492496474988139643e-01
-1.237749652955978802e-01
1.826430560637320455e-01
1.739048386026240012e+00
5.812471300158098542e-01
-1.971510726138910388e-02
-1.153277278271886835e-01
-4.295184181955949976e-01
3.003726715590916418e-01
9.444399890953951715e-01
1.853381434410903139e-01
3.354823736882495133e-01
-2.800220074287866900e-01
8.518323884870767637e-01
4.179619033008925122e+00
1.713375243695135740e-03
-1.262940809586480390e-02
5.570296860457354393e-01
2.736959076004251923e+00
6.149377614835839445e+00
-1.119596397890868789e-01
2.013439296123868127e-01
4.286911277142061993e-01
2.159225163125004343e+00
6.069280256678484697e+00
6.175489405164437395e-02
-5.190572458048974269e-01
2.741561694046035225e-02
1.556835905862675284e+00
2.097705807532885824e+00
4.020345068193152960e-01
1.051665709539765375e-01
2.273749676383018115e-01
2.409099921986090909e+00
3.395394401125713113e+00
3.863894151327399440e-01
1.939814405754533566e-01
-1.253798701056841047e-01
1.018992109582507855e+00
3.568551978560858373e+00
-1.391733495825713263e-01
-2.009248127223845493e-01
4.895720332053705159e-01
2.551461565325003900e+00
9.410235835438949259e-01
-1.526365224826233269e-01
1.068519964751879908e-01
4.930381488034725757e-01
2.579644694896762402e+00
5.762557338708478305e+00
2.235588385586642912e-01
-4.583236924564308423e-01
1.129237968952468141e-01
1.814633885647896072e+00
2.210769204870549398e+00
9.617457120502943824e-02
7.897997835288872448e-02
5.750122328777365066e-01
2.682159492264302614e+00
5.195247034900862815e+00
-4.456673284654825290e-02
3.686296891147155530e-01
-2.791514530325407972e-01
8.702665111300404988e-01
4.706329626088732176e+00
2.086584788701731363e-01
4.719652044160597137e-01
8.383246148856958457e-02
1.499292572101375454e+00
4.045636757813663387e+00
2.011506552707525430e-01
3.124685445327307076e-01
-2.735225848310662289e-01
8.228255999893870909e-01
4.070237758624474900e+00
-3.857542710940711217e-01
-4.171208707849534403e-02
-3.230622068477691511e-01
1.071170798656138068e+00
6.133548973316025332e+00
-4.950540347145126474e-01
2.574522453616551743e-01
6.249728099090768457e-02
1.756798856227459460e+00
5.290359955929290869e+00
8.850539819119252610e-03
5.402104913377082651e-01
9.652683326795129248e-02
1.740021230800112173e+00
4.093220317619870485e+00
3.276126239601150764e-02
-4.825710887791122561e-01
1.185121712615204159e-01
1.780489620780242532e+00
1.911385332636573731e+00
-2.532747197302035458e-01
2.610544653293774831e-01
3.089334149188138756e-01
2.020637348550467838e+00
5.621206046206242313e+00
1.715906916434594975e-01
-1.123427100411382440e-01
-3.966510005778359771e-01
-3.438595875045452610e-01
5.378192462639499460e+00
-1.193820876711636225e-01
-3.667123778293570058e-01
-2.729736846110161763e-01
1.038672864691226883e+00
1.467182290613564977e+00
2.104988774798704498e-01
-2.718677099841267375e-01
3.700621249579120753e-01
2.597909503400194442e+00
2.132031331808140084e+00
-5.133023137662152680e-01
-1.996575605475631870e-02
-6.301709921028299244e-02
1.642158469332060999e+00
-2.700970745560302144e-01
-9.802116523939335968e-02
-2.311174673002484581e-01
3.760391751592234155e-01
2.511258180312481159e+00
1.196615046313088460e+00
-2.581437071220355484e-01
4.988313042065663921e-02
4.855352948377048561e-01
2.278648687609074575e+00
-1.743870597609652462e-01
-2.013545836141302781e-01
4.089679165192057209e-01
-1.914293273772220694e-01
1.124145499452989361e+00
4.947286673303433524e+00
-4.884220993130948263e-01
-2.136668835570749436e-01
-1.144585596368143977e-02
1.509473863509614988e+00
7.861625268639644837e-01
6.972322774108166699e-02
-3.630644240981728554e-01
2.521708740923814251e-01
2.120162580404195030e+00
1.933646269117949679e+00
1.201029979097802819e-01
-3.484393522381176167e-01
3.761603915205277704e-01
2.368626603216150261e+00
2.032177356182240047e+00
4.006947435257753876e-01
2.361659689061489376e-01
-5.843248809477619155e-02
1.517840415549568611e+00
3.333423149314950873e+00
-2.331143969791261983e-01
5.676000762606826094e-02
5.885807683078693175e-01
2.407368654087507220e+00
-3.238572199040395394e-01
-4.778456995102956517e-01
-1.392721891022879188e-01
2.541078291743101847e-01
1.686508498357338182e+00
-7.363255952921954339e-02
3.460753715263867325e-01
2.654636356077563764e-01
-1.622682185803815402e-01
9.930110189429954826e-01
3.708969728311252823e+00
3.989425095691705447e-01
1.900726992789845970e-01
-2.030912143500906708e-01
1.054811670860384520e+00
3.207028321432272122e+00
-1.644592675341578214e-01
4.139617425985532839e-01
-1.785297673883830261e-01
1.131966590504623449e+00
4.866673768319834892e+00
-8.130997661508199137e-02
3.647084205221852726e-01
3.605418283343039265e-01
2.128295863357627660e+00
4.687089100079195880e+00
2.367584875356805452e-01
4.530851766619990728e-02
-3.921356432122820035e-01
-2.263789537805726282e-01
4.590905168690388449e-01
-4.032909059965944509e-01
-3.142660959025784240e-01
1.672733969619193128e-01
1.830408332917895065e+00
1.180593421631751960e+00
4.683935535889657831e-02
2.509707738334187588e-01
-3.671597933961882609e-01
5.694875669494773307e-01
4.655437419091012607e+00
4.327148183213713195e-01
7.456704438244937672e-02
1.131249857407869014e-01
2.140154462685737169e+00
3.219013864618261778e+00
2.042526483061231635e-01
-3.822908837512986047e-01
2.324194377086782615e-01
2.061008089435489854e+00
2.219846157695332778e+00
-1.455983538540193967e-01
-4.350645674297941579e-01
-1.676508690301421467e-01
1.137246925586096635e+00
1.543816466309486213e+00
2.979551220959883798e-02
2.860315961322714567e-02
-4.853753570453572808e-01
3.222397236764644179e-01
6.286823820870411694e+00
-2.842877209609684930e-01
-1.151946885165969908e-01
4.063847531172002370e-01
2.319871469564827926e+00
5.327963031799707316e-01
-2.495938538588697297e-01
3.718585147880033581e-01
1.738120570026399636e-01
1.751390409603859943e+00
4.910725308655742971e+00
-2.647503776547914800e-01
1.405911319980716334e-01
-3.003849642524265007e-01
9.035461233370520873e-01
5.721203327148489670e+00
-4.453158085352521556e-01
6.098610395975836984e-02
-1.308887150177343861e-01
1.333404147228279379e+00
5.821318052660080511e+00
9.860769747512097838e-02
-3.514381761200081195e-02
5.557820854410051581e-01
3.364030110903820425e+00
1.680465158816901505e+00
1.942562768818466290e-02
1.954021845434935900e-01
-4.218974056352240987e-01
1.840135584047384587e-01
5.046784515401736115e+00
1.549406900166248324e-01
-2.232213462819995220e-01
-3.484106806604011508e-01
2.825123417953352423e-01
2.225010112139291341e+00
1.281903870445885163e-01
-2.486770853421903793e-01
4.211009583440996629e-01
2.618085336896302184e+00
2.050696178103609491e+00
1.951042272143499734e-01
2.637308591747923314e-01
-2.765604310962313517e-01
7.419141383522138700e-01
4.005161174563010462e+00
1.728880869163743339e-01
-3.044338687637873075e-01
-2.976997475898000012e-01
5.959927522063218630e-01
2.224173956567608634e+00
-3.663291955874504180e-01
1.885101469138968644e-01
-1.058843858164151275e-01
1.364753932496460598e+00
5.517320286554263653e+00
4.188925283240497177e-01
1.152748859878231502e-01
1.110799936257726162e-01
2.232613074915589024e+00
3.432391342675621626e+00
-2.737621833938763682e-01
1.213339109907222019e-01
4.135807950112194153e-01
1.880367967764486004e+00
6.232099443520926485e+00
1.958781990437750975e-01
-4.714095376676321059e-01
2.030534884511218593e-02
1.635569024293178408e+00
2.277570902463784019e+00
1.011503797322388203e-02
-4.306537043337773096e-01
-2.564326646317966474e-01
8.450837770746971733e-01
1.774735400418194553e+00
1.856470463531266768e-01
2.468290236771198964e-01
3.081820359658220543e-01
2.760430527292062841e+00
4.023436826929561505e+00
-3.059214831299841286e-01
-1.653941527341827589e-01
3.249577168451645570e-01
2.177085514529576216e+00
7.524842678132478424e-01
-1.325436978183515413e-01
-4.759607662101451864e-02
5.496044553531032051e-01
2.532405245886727219e+00
6.319728998058438130e+00
2.812804634524629366e-01
3.818114321394707744e-01
-1.508516182162373820e-01
1.027924599917164006e+00
3.843147712470797561e+00
-4.046867280679607437e-01
-9.465767615396260271e-02
3.176760911222102357e-01
1.984055674296125948e+00
5.072981904871418646e-01
-7.195807854621352750e-02
-1.852833976531995386e-01
-4.104874166989440631e-01
5.790779756571434733e-01
1.067952808312639945e+00
-1.313285829282540840e-01
3.764359939550944167e-01
2.651561329312215887e-01
2.069902711088525749e+00
4.863125752904930543e+00
1.728511863280402239e-01
-3.761255277302518740e-01
2.404624919003736372e-01
2.171689590008548443e+00
2.122484804724396046e+00
-4.648019088225909812e-01
1.868071967729527105e-01
-2.907447799529172885e-02
1.535579334841484345e+00
5.521718399514935705e+00
-1.780818134157560739e-01
-4.446487663134805063e-02
-4.542171212652733048e-01
6.476774846721573553e-01
1.078517760979818690e-01
3.231658917197358094e-01
-2.108250651125931074e-01
-1.867231765667481114e-01
8.099802081240146112e-01
2.748140215062829128e+00
2.100226859103628690e-02
2.503234435570121652e-02
-4.985195613464145081e-01
3.699766737986634468e-01
5.899156554057178425e+00
-1.422893371634240400e-01
-4.732743065628386980e-01
-2.326323524126982633e-03
1.473267352231522942e+00
1.539169789701605229e+00
-2.584078642841736717e-01
-3.090286639170303773e-01
3.376772329167213593e-01
2.138222116139603557e+00
1.072843728728193780e+00
-4.435587442295745308e-01
1.437799029649153570e-01
-9.326207973470500290e-02
1.343231987393229909e+00
5.609915900806027977e+00
-3.115550750172942918e-01
9.757843221911340070e-02
-3.252243147936802470e-01
9.842587319960816039e-01
5.793572416131381964e+00
1.573061791506757401e-01
-2.531852884686359717e-01
-3.719096639426885953e-01
2.811908211193334117e-01
1.812112465788793925e+00
1.565263663807661687e-01
-1.949166739906131318e-01
4.160145090703577520e-01
2.650111084814094298e+00
2.294044447889723060e+00
4.984887875024675008e-01
-6.265529894999699589e-02
9.148888709945715569e-02
2.076907783059519730e+00
3.145903468007533732e+00
4.710178944294989289e-01
-9.094071075733528575e-02
2.281319117583300582e-01
1.691088624756331926e+00
3.303627418336503752e+00
-4.516080431554816421e-01
-2.057750128869208772e-01
-4.727379167745848071e-02
1.588194854397958711e+00
6.393617606402790088e+00
4.651225946791113786e-01
-9.201693711337004256e-02
1.436799556274968304e-01
2.058638785252454806e+00
3.068403526370528933e+00
1.468491358100903199e-01
-3.684510889779571974e-01
3.028508246186907837e-01
2.251422282391367435e+00
2.079681422479958908e+00
1.055292536055955910e-01
1.899066032365082091e-01
-3.560798238895447887e-01
1.916826275282817738e-01
4.255697805437102410e+00
-5.523296391179447484e-01
-6.741267932776609517e-02
1.080734271404353436e-01
1.860876085766518528e+00
5.810074040239909365e+00
6.456790143523057079e-02
1.845424436333666096e-01
-4.080737154776164499e-01
3.968597047647223208e-01
4.455898424571790528e+00
-2.145508773280451614e-02
-6.360286681019347022e-01
5.944474858548006585e-02
1.421595904917542175e+00
1.805346562562161861e+00
2.191319533348065340e-01
-4.664911736692434197e-01
-4.725986713740401579e-03
1.519809331925121798e+00
2.456316765214384024e+00
2.703529965193329776e-01
2.769041944560374779e-01
-2.844820260325662264e-01
8.081328415607270665e-01
3.868232837102280275e+00
-4.389181600077675660e-01
-9.508108764089397147e-02
2.901108944538354772e-01
1.911162902898989824e+00
4.878967399248913539e-01
2.465975539623589119e-01
-2.836511142931309459e-01
-2.062369746920274249e-01
-4.953624056099104056e-01
5.567236188966333543e+00
-1.470601405355713709e-01
2.339910821365575599e-01
3.939876854778282533e-01
2.346450821234324913e+00
5.167488842679787808e+00
-7.007349690171622847e-02
3.129269170113717080e-01
4.033379343712539811e-01
2.326382144905335458e+00
4.731047474952416287e+00
1.022740447764449410e-02
-2.615686696303416020e-02
-5.186092833840553196e-01
4.118487817665197337e-01
3.117810809283650952e-01
4.166787583314300880e-01
-1.463309147003013719e-02
-3.908912954838360543e-01
1.262349496157542106e-01
3.445770773593275216e+00
-3.414195372648314297e-01
-2.401521596934457770e-01
-1.592854086730271790e-01
1.347982022181124284e+00
9.291574070502723881e-01
-2.359616211297459742e-01
3.279370763175182280e-01
-1.830114768637784439e-01
1.118207701270401477e+00
5.176346840121523130e+00
4.150496366252414693e-01
-2.827126967996745899e-01
-1.524955677191850399e-02
1.918169369010887637e+00
2.816808710115642711e+00
-1.462752130418473184e-01
-4.454826552609198465e-01
-1.564618068477936219e-01
1.236658666019933683e+00
1.594205553311714540e+00
-8.999940096243373711e-02
-9.688885070757181917e-02
-5.230084013155572586e-01
6.184083006217770961e-01
5.915717674003071469e-01
-2.932589104900137356e-01
-2.236819777858428948e-01
-3.756308729619944886e-01
9.898424416016287086e-01
6.506149222201363935e-01
-2.487100316286759982e-01
1.616829644139106820e-02
5.451406610403735087e-01
2.302984273884307154e+00
5.666943458067075667e+00
-2.012343079215502539e-01
-3.769998746420296643e-01
3.058067245112652266e-01
2.142134235784651342e+00
1.316351884400845496e+00
3.838931269353481612e-01
-1.455751513379566764e-01
2.309384200417862465e-01
2.206089835020250245e+00
2.874857908223111380e+00
3.604687479707676528e-02
-3.001962663477266702e-01
-3.820593583587137410e-01
4.542253496050093209e-01
1.466126818750407290e+00
-3.887794641820457864e-01
3.850281811403682974e-01
8.964392274330984511e-02
1.686524415620571204e+00
4.922548234432702507e+00
-3.360738424688731185e-01
-1.983460677180924059e-01
-3.079991104341575636e-01
1.438550642694169435e+00
2.190474139597016201e-01
-2.553592117695716382e-02
4.496257199234272584e-01
2.399504294242887914e-01
2.036817294964223368e+00
4.312292777751491890e+00
-1.958204227132677999e-01
-2.011734782700279334e-01
-3.727570283171289245e-01
7.246724927843075648e-01
9.444077971885933565e-01
5.434015862979849065e-02
1.098416975870674800e-01
5.186099746765779894e-01
2.746368892597530031e+00
4.705763570244200444e+00
2.160861880405776370e-01
1.654025712457145025e-01
-3.546776409342037306e-01
4.845401454024984567e-01
3.881950041211265301e+00
-1.610994914424923319e-01
-3.513681257779312506e-01
-2.036986814162307369e-01
1.154762733150659582e+00
1.332098067594881918e+00
2.083534909959196546e-01
-3.555393430862391901e-01
-2.820746082718982861e-01
7.410937487456017436e-01
2.186856159942746292e+00
7.881726610439251934e-02
-5.246236696389803278e-01
-2.461549122752064445e-02
1.431748092546463624e+00
2.049050392073973992e+00
-1.583489389193229735e-01
-3.025949344608006020e-01
-2.873788262902825519e-01
9.523066032551759097e-01
1.005996616666959387e+00
-3.376742148908544738e-01
2.669216595213105836e-01
-1.716137657566124131e-01
1.190714109701219048e+00
5.433258281574066650e+00
4.327014260031986082e-01
3.082658685946358668e-02
-1.429912689001964221e-01
7.986370585778534981e-01
3.179323335956051544e+00
3.185443775481682227e-01
2.157831514589264865e-01
3.571161561205509205e-01
2.341619379243344845e+00
3.946370930356726703e+00
-2.181126835670788577e-01
-3.564820721890331057e-01
2.468890492469840436e-01
2.001904350922470321e+00
1.389538653900513010e+00
3.163993020401975609e-01
2.293649224254436791e-01
2.484468582744342458e-01
2.382327922246820329e+00
3.719842973401469521e+00
4.163847844628369987e-01
-1.940558833746937883e-01
1.101842403656678321e-01
2.060573365362083464e+00
2.914187966656018869e+00
-4.270547419012900581e-01
-1.051274537081076516e-01
2.589999798015745758e-01
1.944442797829261549e+00
5.535622986261728995e-01
-3.119747987516753862e-01
8.852054869619881139e-02
-3.438099059522394807e-01
8.628779674953800383e-01
5.666601592757606554e+00
-3.897004981409404878e-01
-2.219523831902193711e-01
2.233884145694587653e-01
1.857428392609473677e+00
7.308036194482692149e-01
-2.982929334910285335e-01
2.368153582385357780e-01
3.746402548428936496e-01
2.103075949956317636e+00
5.296507023016213900e+00
2.465020367415105274e-01
4.482862066724622729e-01
-2.767212951456631594e-03
1.837901369664888263e+00
3.983039067229029673e+00
4.372792265301447268e-01
-2.943303855093769572e-01
-1.092137918949057963e-02
1.714604976690319527e+00
2.926961938849095279e+00
-3.883429084211167392e-01
-8.117445099148962173e-02
-2.226652775253500638e-01
1.162433299281455890e+00
4.690522636061543182e-01
-3.862767468422687034e-01
-2.509492734879698039e-01
-3.261116950289674743e-02
1.440155838753281792e+00
1.016170849321334835e+00
5.427117861814682032e-01
-1.632504372251122604e-01
-4.356040722432031123e-03
1.872236386533848496e+00
3.222456138249023994e+00
-2.826598841805358538e-03
2.956673322302455845e-02
-4.854858566401634157e-01
3.525627180837199726e-01
5.604766583769595911e+00
3.305098593609444302e-02
-2.286332298615590675e-01
4.772372372008545360e-01
2.671874188551274454e+00
1.669434973539575928e+00
1.640416906314629553e-01
-2.555377159173535251e-01
3.373965387600064703e-01
2.915480971967626012e+00
2.011793772696059079e+00
2.168684194788363384e-01
4.327483954238366300e-03
4.979706650284090874e-01
3.151154687675690180e+00
3.417004537128793373e+00
-2.253889852222187573e-01
1.125697411684849492e-01
-4.369606484888359232e-01
9.140487461175703654e-01
5.885161545592157317e+00
2.097841016999702768e-01
1.411113854493473985e-01
-3.733683772277794355e-01
4.279513296725241389e-01
3.765661358813982673e+00
6.097621100473817751e-02
4.440674290277182162e-02
5.168958415242153048e-01
3.284113526888852608e+00
4.593191585093384433e+00
-2.602758063308844849e-01
2.702630556029332887e-01
-2.989672072430609728e-01
9.472273005883559138e-01
5.330069671964926314e+00
2.030610011568783069e-01
-3.147213854406486488e-01
-2.382296082588393760e-01
7.215718593539399706e-01
2.261461253567643048e+00
-3.757861140084422513e-01
2.033778258536815542e-01
-1.386646667768822450e-01
1.276150373203097210e+00
5.585587487728752798e+00
1.451361680782065067e-01
-2.242099854181447971e-01
4.103565264957920178e-01
2.815682527252212353e+00
2.086409859249940713e+00
-2.421653601355243934e-01
-2.905461296258947113e-01
-2.261412772536275650e-01
1.152481403979423336e+00
1.116431893877121162e+00
4.167856908350426881e-01
-3.318896874990607260e-01
-4.398200569139051191e-02
1.132544510088978384e+00
2.666961502302942932e+00
-3.157694452482826541e-01
1.151715071420194303e-01
-2.690967301596099426e-01
1.052161183240712061e+00
5.539420887091373480e+00
5.820364854924222481e-02
4.438042265678548426e-01
2.328035633744984789e-02
1.607758278896821436e+00
4.097783492699630159e+00
-4.159268365507467341e-02
3.088020552073888481e-01
4.289049559160969527e-01
2.396480730113779156e+00
4.836221486539352021e+00
3.918550405538605008e-01
4.435592451713433332e-02
-2.789176373338371762e-01
5.616355485757102972e-01
3.436178178314268639e+00
-2.595675004015686183e-01
-1.022221684883814624e-01
-3.432007901968515684e-01
8.574358581652623545e-01
1.733630857019441973e-01
-1.507667164655494829e-01
-4.729890740325343179e-01
9.333437246061966619e-02
1.715709723804521358e+00
1.571724132467283042e+00
-2.783812301925292498e-01
-2.946851240000352701e-01
1.824844981951186385e-01
1.693631195760235020e+00
9.625051179578589799e-01
2.769919305610934468e-01
-2.432908205484816955e-01
3.400047031970534483e-01
2.428453602379462950e+00
2.488751193512676707e+00
-2.717028395912124972e-01
4.610217318700596811e-01
3.513690649671426941e-02
1.654168165861110040e+00
4.744270180904543111e+00
-3.029167631059779264e-01
1.570352434531961383e-01
4.075344320262438980e-01
2.174805932346711046e+00
5.594307753461190025e+00
1.064768942401188162e-01
-2.413173116280296210e-02
-5.858690089635040232e-01
-1.286170015470048944e-01
2.862616687975715113e+00
-8.371930252592284238e-02
4.922309084368738374e-01
1.661913930651757187e-01
1.832583403475845696e+00
4.483635365036884757e+00
3.523349543580612808e-01
2.361232526967864676e-01
-1.124320575259029897e-01
9.776538436525890052e-01
3.511665466211574937e+00
3.002927246440788012e-01
-2.219276303167414532e-01
-1.654254620327270109e-01
1.513926927291076252e+00
3.084908294730364986e+00
2.813863077534144996e-01
-1.196377752967062169e-01
4.208347624492880801e-01
2.674811901900726152e+00
2.987649873453340543e+00
-1.272097219402264223e-01
4.415448907306336324e-01
-2.287229797658212882e-01
1.066687702836516705e+00
4.804801170503494312e+00
-3.970028474016261133e-01
-1.018092086912649324e-01
3.558166343848009894e-01
1.995644416256052489e+00
6.614311506546036945e+00
2.083016394848421771e-01
-1.155858110017680407e-01
3.565042175041865380e-01
3.151744828408786780e+00
5.425802008305685042e+00
1.896061365706092072e-01
-2.259292251315362376e-01
4.274136387771494405e-01
2.779630252908207311e+00
2.228306972917956319e+00
3.855627637355932280e-01
-7.636607612584686566e-02
-2.613214645259672175e-01
1.019563987804845695e+00
2.636446462500200205e+00
-4.120119462818252337e-02
-5.258644492330750708e-01
-2.859789870100607270e-02
1.535277852180753744e+00
1.927966470659547848e+00
1.651690131496029723e-01
-4.902528038172481173e-01
6.900017752958464978e-02
1.727930631373005843e+00
2.168173272676932939e+00
4.180396109975946795e-01
1.503372973655583145e-01
2.765053053361083424e-01
2.209725349419842111e+00
3.620139078637199415e+00
1.680753139275666108e-01
5.124174546995725610e-01
-1.147510858223198815e-01
1.283082759120965921e+00
3.922857198120161204e+00
-4.658897405328346619e-01
2.856440941488128365e-03
-1.671590721515280042e-01
1.481156405387076713e+00
5.829515018477890997e+00
3.202358587614016067e-02
-8.020784222444295175e-02
5.597958172755195250e-01
3.474851240567805366e+00
4.043414867646067279e+00
1.048615492224228007e-01
4.594964967733097816e-01
-2.411404936496653884e-01
9.970612680244171910e-01
4.199674548951899844e+00
-6.023013852160124387e-02
2.494325920496926752e-01
-4.074327568507294939e-01
5.781992037775729454e-01
4.990884401454553476e+00
-4.055461131967261212e-01
-2.244476906411899675e-01
-1.384162385038475995e-01
1.219457382678204693e+00
7.719222188971733845e-01
2.431729861230373657e-02
-3.173258092188577795e-01
3.774573162329317166e-01
2.421753046654482766e+00
1.765381117496163110e+00
-2.990939318258968860e-01
4.415409058469037529e-01
1.261868387054103924e-01
1.921678589307178164e+00
4.888456817224970941e+00
1.133346367730041493e-01
-2.513190522389288084e-01
-3.860948312534009386e-01
4.875558662456778158e-01
1.643377877632646866e+00
2.438816194703068430e-01
-4.275033627778171419e-01
-1.253020678136741450e-01
1.171468020519577768e+00
2.445916228039320295e+00
-7.417547038517498248e-02
4.728483170989189466e-01
-2.380482777460148427e-02
1.391495859877022179e+00
4.630873887941494793e+00
2.998102119986018055e-01
4.487088125199689692e-01
7.415940746335926426e-02
1.734897288521816794e+00
3.653620893158897154e+00
7.304904702859772725e-02
-4.811588510616010006e-01
6.491251381447150914e-02
1.686428290905011451e+00
1.992171336380523794e+00
-6.340747191326875920e-02
-2.876803425450906171e-01
-3.741691192285857559e-01
-6.195255474981453681e-01
4.492018021032400554e+00
-4.189642859985046597e-01
-3.776301913714905090e-02
1.615360941587225541e-01
1.785729609702398246e+00
6.860281486756322211e-01
3.341240182834543937e-01
1.007362883566682576e-01
3.463960487274175826e-01
2.520036540644624345e+00
3.467306696457434168e+00
-1.649409725723662706e-02
2.929923134885124569e-01
-3.524488217510351462e-01
6.597594877169743466e-01
4.669225650200028888e+00
7.975373016002369753e-02
3.809054731729669685e-01
3.334231295916171844e-01
2.102271437790913300e+00
4.324024187093129079e+00
1.552894885604231938e-02
2.795925531087659621e-01
-2.931593438168020871e-01
6.820874155677336681e-01
4.522440042077882083e+00
-9.145028091581328122e-02
-3.026845926957105748e-01
-3.468514066010203734e-01
7.657945769383484036e-01
1.339916060594249947e+00
1.934272727296944272e-02
4.138719043454402446e-01
1.142566838945164032e-01
1.674071903667657013e+00
4.396750706172260159e+00
4.191688658883183649e-01
2.072830688505477303e-01
-1.021966798655518927e-01
1.081494910542664778e+00
3.296671303730908331e+00
7.805490285090573022e-02
-5.294469706953375265e-02
-4.977135665720961444e-01
-2.788606031805203611e-01
3.117187902024314727e+00
-2.015641445675871168e-01
4.543257722942600774e-02
-4.717624082032569888e-01
7.939271522017131710e-01
6.132128206540320647e+00
-2.606944449133840463e-02
-2.331609800568272550e-01
-4.188194224333314231e-01
5.659964805778822106e-01
1.277396801148339200e+00
-9.032770266056291963e-02
-1.954796216323315683e-01
4.880789845095371282e-01
2.617240665148920176e+00
1.057687648211880882e+00
1.480783642696127111e-01
-5.547950058354318703e-02
-4.911357233513655163e-01
1.737006294478906365e-01
5.093116477409553866e+00
1.450851708512429505e-01
1.073154291275395800e-01
-4.137933239268699048e-01
1.531836429359874630e-01
4.160950662545272571e+00
-3.049271673372633273e-01
-4.484302484531753168e-03
-4.089003529446906260e-01
8.764967263131901998e-01
1.149572403770130757e-01
-1.651453546583808163e-01
-1.352638609268971837e-01
5.001072148225286229e-01
2.492143806121940752e+00
3.912519763830273889e-01
-3.334139161489633185e-01
-3.556070316178830404e-01
3.444702119873616075e-01
1.567648023645147770e+00
5.887057580246055633e-01
5.486816629889662567e-01
-4.160384775171539762e-02
6.871151156750776590e-02
1.036776077300114451e+00
2.951324785356995051e+00
1.291884174047514553e-03
-4.243557203032700120e-01
1.747966946069948180e-01
1.942611520859188090e+00
1.798573616313662527e+00
1.782550239809917447e-01
1.646993430590555085e-01
4.622352889942722420e-01
2.710991564845361079e+00
4.402415621648940736e+00
3.312550399290049019e-01
3.758676443364603569e-03
-3.808077071529519242e-01
3.428227649760044460e-01
3.411376418030580560e+00
-6.484556495642592733e-01
3.664988395782182301e-02
-3.703850788357666152e-02
1.877201598469270705e+00
6.044224946987794667e+00
4.082951167821687877e-01
1.401373465769563398e-01
1.859756773643977956e-01
2.194879847136873341e+00
3.484251805565513838e+00
3.089002972318087292e-01
1.095239482599542624e-01
-2.973885167684224839e-01
5.590498692074395981e-01
3.472308612929889904e+00
-9.349939351315054992e-03
-5.287873462596045515e-01
-1.129750581535915732e-01
1.157836678949484721e+00
1.927780808788285283e+00
-4.634472120207946411e-01
1.392632012463174418e-01
-6.581740735314374480e-02
1.591868826113479907e+00
5.684334468364250270e+00
-4.783943645525368105e-02
4.790839223939732383e-01
7.024165828260664664e-03
1.455216124449904891e+00
4.476133252152957098e+00
-4.440959270902801737e-01
-2.157573460598918164e-02
-1.434249829776039487e-01
1.467374379011127772e+00
3.418217747415172592e-01
2.950146815754521312e-01
-1.924008045656933064e-01
-2.595969776681749663e-01
4.289576820959516423e-01
2.509694273497300454e+00
7.287754352553803272e-02
-4.680323973691059847e-02
-4.681975340587519741e-01
2.563898734764319953e-01
6.349183597386593991e-01
-1.772334361624975929e-01
-3.301276242666931204e-01
-2.766687166873757486e-01
1.028650086331594382e+00
1.304798727479158815e+00
-1.601748766481425265e-02
-4.302632765858460107e-01
-1.780222629514668087e-01
9.942469788306028677e-01
1.669199699184317209e+00
1.051819169408298310e-01
-3.558456637959773738e-01
3.399164394235750231e-01
2.322137555499745876e+00
1.939995530096607412e+00
3.384604166921199031e-01
-9.299605762879004089e-02
-2.810492257142026551e-01
1.952754066189807680e-01
2.787963623836218208e+00
-2.941575434765587582e-01
2.061728706826591595e-01
2.398219770386444682e-01
1.760023886491594247e+00
5.264868093193570964e+00
2.074376713614261014e-01
-3.037479611101577825e-01
2.839840649976697606e-01
2.356985463550265614e+00
2.269442061105711339e+00
-2.617392821179864160e-01
2.685501791621046630e-01
2.253113881396084095e-01
1.866829379001405442e+00
5.168177368030626440e+00
-6.807419133121787869e-02
-4.553348912107344493e-01
2.378946917952078910e-01
1.965471433341842822e+00
1.654329131837609657e+00
1.418776416528397533e-01
3.345683201023283426e-02
-5.064968866279082604e-01
1.762820762175282829e-01
1.027009187170080384e+00
-4.082696719775157912e-01
-1.050557614669094392e-01
-2.551221557697708753e-01
1.312682125739215389e+00
1.363648192084782919e-02
-2.747926230483789256e-01
2.535356886818418420e-01
4.232775513565374403e-01
2.109073709787556261e+00
5.381716453295337210e+00
-2.954340134176083876e-01
-2.485290844450100955e-01
3.297248323115207769e-01
2.180237382390701306e+00
8.759601913077784685e-01
-3.173902068820629863e-01
-3.759880440021934889e-01
2.301804921679757865e-01
1.956611734056557861e+00
1.217573167305920245e+00
-3.075491269181406806e-01
9.888402379557481581e-02
4.486121824433447758e-01
2.228954012540756757e+00
5.721062099581873284e+00
1.404987961003193730e-01
4.591338637118614341e-01
2.113943482433877641e-01
2.091670114325713037e+00
4.207448657182387919e+00
8.993340033203631526e-03
4.978314013235786706e-01
4.893621955968570358e-02
1.446754412417846636e+00
4.442214590100123317e+00
-8.573164243860562084e-02
2.760697700488289330e-01
-3.702457505192069398e-01
6.500326330569681232e-01
4.906680474166950745e+00
2.183806023353502546e-01
4.266789532667040197e-01
8.229052197315249451e-02
1.475515432242644476e+00
4.222514312844044326e+00
3.779911620511582915e-01
-3.333809579276226231e-01
6.137207762681903128e-02
1.759296745333992273e+00
2.682827012952921919e+00
-3.454720039560826850e-01
-4.339906790219562049e-01
-8.717495814963359402e-02
1.292909685461337332e+00
1.354569706933480333e+00
4.509328452182578273e-01
-1.387410090809420571e-01
8.019164611033584300e-02
2.069903689902329091e+00
2.968896109310870113e+00
-1.247711392447546086e-01
-1.418088846338907277e-02
-5.496651245478881842e-01
4.416118897190201564e-01
5.777800063028545097e+00
-4.494424373863014632e-01
5.258672582290831177e-02
-1.759488672824027766e-01
1.247836888307169989e+00
5.855280677349337992e+00
-1.839144087493571889e-01
-2.495838353316001956e-01
-3.861868393745970240e-01
8.177037832259675953e-01
8.919260377623176028e-01
-2.139776109147064481e-02
3.334271025075011829e-01
-2.982528467385111015e-01
7.794675691346044655e-01
4.668960092765172654e+00
2.072744575357095831e-01
-5.109134703422308910e-01
3.771628543213141616e-02
1.564840752577879579e+00
2.423212135978960902e+00
-4.735688699511305527e-02
-4.461720052012647653e-01
-1.492106597836522774e-01
1.181419652884075688e+00
1.796445827882725554e+00
-4.750146016637050300e-02
-3.600835050519067271e-01
-3.073411394915248618e-01
8.395765362015128463e-01
1.487205496606310406e+00
3.415791907039315012e-01
-3.996174259852366961e-01
-1.809397435524936690e-02
1.426503178086404144e+00
2.741065184393121079e+00
-4.839932342288359446e-01
-1.300824837056756278e-01
-8.184027755554509898e-02
1.557117405187291581e+00
6.084656499746869507e+00
3.053159691071425375e-01
4.402764331770016581e-01
-7.749833943389765854e-03
1.636638776977171750e+00
3.748509812596223512e+00
1.746426077716368153e-01
3.487943729611932553e-01
-1.994807410085769339e-01
9.104743713640621738e-01
4.114110526464435758e+00
-3.082664632125968751e-01
-2.773681462630601113e-01
-2.004880706237547050e-01
1.313616761766428498e+00
1.047090828476120672e+00
-4.844815533433400878e-01
-8.335309249526034331e-03
1.223563648018753669e-01
1.583856123951078887e+00
5.452128019052272512e-01
9.652358823713363956e-02
3.349585331379802966e-01
-2.844760505611108603e-01
7.822278718176066681e-01
4.312508265621326942e+00
2.396867604979489516e-02
4.826704655229392960e-01
-1.776544264686854002e-01
1.059712961461020786e+00
4.419627062642820903e+00
-5.388640963085438752e-03
1.420658877576779500e-01
-4.569649454380641518e-01
4.115343612776577453e-01
5.163496929242028521e+00
-2.235607389794281308e-01
-4.577767240848693575e-01
-6.041263233906715713e-02
1.382861162316565640e+00
1.454094059983413123e+00
1.677233930588701016e-01
-5.845917003373199972e-01
-1.302062632956111354e-01
1.136781180823442927e+00
2.177874033239070251e+00
-4.111502692673960069e-02
-1.755753850300430519e-01
4.925430181485858649e-01
3.547608344055277474e+00
4.410287150061854788e+00
4.071724261993713706e-02
-3.786474915221402920e-02
-4.705675241225432126e-01
2.528403882191242458e-01
4.660294624763234417e+00
-1.611441261514033607e-01
-5.066688480902085956e-02
-4.880702109673792366e-01
5.487380624753827041e-01
6.147320499650685832e+00
1.645931418993245854e-01
-2.626692511905625027e-01
4.404124904870094226e-01
2.770739240920688129e+00
2.036271740990588608e+00
-4.294339762134621180e-02
-2.877096183766012505e-01
-3.586066419104521619e-01
6.181459513652166615e-01
1.414966345230608935e+00
2.691954469906540082e-01
4.103534401079746430e-01
-1.396597675859395093e-01
1.077848175331322267e+00
3.915214182732274839e+00
2.610728420472189226e-01
1.182316984032206510e-02
-4.570880195333936191e-01
6.287517892225001626e-02
9.494416334694043558e-01
4.676513091732839023e-01
-8.413036756992833820e-02
2.699457222305320370e-01
2.450946935645654357e+00
3.148856621995828942e+00
3.783524638775469517e-01
3.196591851365136461e-01
7.701921473166693788e-02
1.452311155157113065e+00
3.467500270428543363e+00
4.329415397584165937e-02
-4.585108019980836946e-01
1.436561107588847364e-01
1.853289768233282286e+00
1.890277100466346338e+00
3.205229847606660409e-01
4.113876664250002979e-01
-8.359780635167354812e-02
1.205501834492771263e+00
3.733986785481738124e+00
-7.373963391120465227e-02
1.169124978220592026e-01
-4.548674175048946777e-01
4.588624283895233469e-01
5.480697557975422463e+00
-3.990339125248766328e-01
1.216288350419296727e-01
-3.662735198257080493e-01
1.042438711399430007e+00
5.819206286143063345e+00
2.603141934306863470e-01
1.402639731613065932e-01
4.402823998437764841e-01
2.638748705055158350e+00
3.833537250039651401e+00
-2.851595494124575803e-01
7.379909862968959955e-02
-3.852360426351290057e-01
1.054764138177195054e+00
6.252831197317890499e+00
-1.597849412177968498e-01
5.224851166245103595e-02
-5.094175945127250582e-01
6.467431369274568853e-01
5.807531165677449536e+00
1.272874538178059844e-01
-4.347803398430921118e-01
2.485388934635533453e-01
2.045740389144049320e+00
1.995845096303161537e+00
3.304300413020052063e-01
-1.409586298912813840e-01
4.592939161910095658e-01
2.968055158022164353e+00
2.447911823608733162e+00
-1.875559284322592946e-01
3.567297536474522412e-01
-1.951093131526350777e-01
9.833030430898004326e-01
4.847545947162880786e+00
-9.509603000075765589e-02
-3.821307543372702287e-01
-2.706076729406195480e-01
1.002745451719196046e+00
1.489919716736159083e+00
3.911568981007890189e-01
-6.559944391087334237e-02
3.681458788074790101e-01
2.733656938256858293e+00
3.055808332213047596e+00
2.595723636459718042e-01
-1.683742437037041573e-01
3.745569529452538737e-01
2.538665000163636609e+00
2.577883537783489665e+00
3.875666128980224112e-01
2.726564941196830127e-01
-1.369119326488855981e-01
1.003356478172792832e+00
3.411350170818880034e+00
-4.165726209054355089e-01
1.428919799766589505e-01
3.157707426378083548e-01
2.162091934201139765e+00
5.466957872951875963e+00
-2.419112493705550537e-01
4.564207047980570198e-01
-7.296021226052069875e-02
1.299568582805696204e+00
4.805514118908947196e+00
3.382111763488789280e-01
1.555796532371054586e-01
-1.950827441717910837e-01
7.124456607679074960e-01
3.577294005601276528e+00
-8.750368173401960881e-03
2.206660776330238438e-01
4.812057811034149979e-01
2.708056610282696397e+00
5.118522113263213491e+00
-3.909690984361449684e-01
-2.514098948835472580e-01
1.834619316101652187e-01
1.840726385108164331e+00
9.203306422877015613e-01
3.468170940769595423e-01
-4.035088828057983856e-01
3.320758551633840039e-02
1.738863872556626111e+00
2.588126148904374535e+00
-2.107420014161606736e-02
-1.261190250688177805e-01
5.127885903671096646e-01
2.821219710865022101e+00
1.055211740785870989e+00
-1.879726262326335828e-01
1.831649844952319417e-01
-4.399273469730989317e-01
6.207709141675703535e-01
5.395590108087357173e+00
-1.204902908021314584e-01
-4.279772957471657535e-01
2.260884790683565237e-01
1.913767175656702513e+00
1.529931835568879128e+00
-1.135006584236197269e-01
1.814643871564359384e-02
5.326419161661859469e-01
2.607147860328267619e+00
6.102494922705696823e+00
3.794989860639428336e-01
3.042248926100538653e-01
1.894995807620931394e-01
2.109632783734480377e+00
3.457617517164330856e+00
2.582543192061455550e-01
-2.134593620609600562e-01
-3.192866663091710189e-01
5.001382443496870112e-01
2.230016491823675562e+00
2.674108457586785725e-01
-3.749348749361656741e-01
2.411319094681038111e-01
2.056479827163294694e+00
2.337807679268755656e+00
3.534362176231602426e-01
2.445649208439317768e-01
-2.423312725061138595e-01
8.412445531456285153e-01
3.624423957322361112e+00
-4.525563289625748054e-01
2.624196251401482716e-01
1.204470308065888895e-01
2.116151485791998521e+00
6.137375649696935831e+00
1.940363104957524010e-01
-4.559672146193210485e-01
2.140362554087888725e-01
1.969023574400809995e+00
2.220184170129951173e+00
9.680696039113001819e-03
-2.852099890257969173e-01
-3.397686065269711064e-01
5.739865137555124619e-01
1.640584019088070944e+00
2.036999617730915757e-01
-1.664851198531922816e-01
2.678160829442740587e-01
3.051622973229084934e+00
2.313531492709697268e+00
1.600626842565137653e-01
1.525009216172653337e-01
-3.716663543821503435e-01
4.017952564939335502e-01
4.040747690057044927e+00
2.783658201736407545e-01
3.207345260717547331e-01
1.938511247087200406e-01
2.117182211126777069e+00
3.878222029676887672e+00
1.529993574797939848e-01
-3.225693194138371522e-01
-2.979659362638009124e-01
6.648775616073961947e-01
2.097315155827462085e+00
6.603877881405116612e-02
-6.845797594997507507e-02
-4.413466192732445892e-01
2.662551482928232627e-01
7.994383984517331454e-01
1.413575439420955704e-01
-3.894362900344979783e-01
3.556535201036894467e-01
2.307805297232886854e+00
2.021892470114483586e+00
3.872413808058831983e-03
-6.664966425608687128e-02
5.341840804597932646e-01
3.466863365279562181e+00
3.300227345292968906e+00
4.832783539048144533e-02
4.832945262514608542e-01
-8.144673035479614576e-02
1.373611986766784865e+00
4.139564481922765715e+00
-1.575258516961920985e-01
-1.440475336265668316e-01
-4.307397593927270174e-01
6.925455913563047794e-01
5.340014021680314915e-01
-2.277354271257934215e-01
4.402899343544163235e-01
-4.528160227598270610e-02
1.330891865829625820e+00
4.806891053472563513e+00
-6.230420722724115679e-02
4.450832411194280969e-01
-1.494079641545925374e-01
1.147330953291450850e+00
4.667347923454828518e+00
3.047415311138626515e-01
-3.255075841992025598e-01
2.196210812727206474e-01
2.084055253652758566e+00
2.549743470988880212e+00
5.405846047762645767e-01
-5.302028331093849162e-02
4.613416755796855701e-02
1.690162603665946062e+00
3.521731291587164581e+00
-3.611661850961602194e-01
4.875895724475703963e-02
-4.010751764682259357e-01
9.240602586426510667e-01
5.914686894916451720e+00
-3.976149314348530472e-01
3.080023882135998203e-01
9.274752348384089629e-02
1.584390750562945538e+00
5.150496328800044488e+00
-6.136090819047199663e-01
1.686909881590921700e-01
1.114183732969838275e-01
1.887158614547523205e+00
5.668163244821142754e+00
-8.760830152753603869e-03
-3.352086251285482099e-01
3.930137129343684865e-01
2.408760971028617970e+00
1.662095237693166139e+00
-5.392521420534610588e-01
1.273380881896780427e-02
6.536644461335539003e-02
1.566035129393226866e+00
5.741286928858319705e+00
2.026102924091270630e-01
3.667058502649296892e-01
1.968438116212725963e-01
1.781657343562336626e+00
3.829253645531653927e+00
-3.644611376801997760e-01
1.261928270624605997e-01
-2.093539949586895044e-01
1.181191459504846941e+00
5.614945569121410962e+00
3.410676378934613395e-01
2.608133069474433685e-01
3.413404793835123074e-01
2.228446908323221454e+00
3.910668321020871918e+00
-4.510437260303425816e-02
4.221158236210416359e-02
-4.542645788664255169e-01
3.529280780771091308e-01
6.116148016453609060e+00
2.216178400159356937e-02
-1.577868870229663933e-01
-4.387351747823291515e-01
3.856050577622688325e-01
1.044088172931874725e+00
2.941100176888113427e-01
-5.572431047039422963e-02
4.259441128033959467e-01
2.674978914305776279e+00
3.207320501888204944e+00
-4.683446888355729532e-01
-5.407411750463828048e-02
2.053033892798218074e-01
1.790007706720362579e+00
4.813459378454311155e-01
-2.985927749058508995e-01
2.264726480769727324e-01
-3.558653869349293619e-01
1.049761905076188384e+00
5.751902886893750733e+00
2.393805792947652222e-01
2.641629874887452267e-01
3.056725624637954275e-01
2.626365147025182090e+00
4.098710415784919903e+00
3.227725124489655983e-01
-3.436463732966077433e-01
-8.919676704342226203e-02
1.557749628128120456e+00
2.670829157626146255e+00
4.280159585422037005e-01
1.375390106372867682e-01
3.674555830321991623e-01
1.772761575266772249e+00
3.750534824784288013e+00
-2.483608926348991053e-01
-1.882632855584139009e-01
-4.120897030881736089e-01
8.713042070959422514e-01
6.648761415421187149e-01
3.611138426905480259e-01
1.377118468985456257e-01
-1.848260423015054277e-01
7.259442938868556627e-01
3.473039622645964997e+00
-5.812658325096566048e-02
4.573255074045027291e-01
1.882355689265319543e-01
1.784604568694190485e+00
4.335578084189197767e+00
4.355771734136637541e-01
3.233107810334109322e-01
4.914560539845828219e-02
1.285897995997659304e+00
3.427420630123717782e+00
1.729152629178666023e-01
-3.297407506422952439e-01
3.945591956539453160e-01
2.421278477077009050e+00
2.086328857026863215e+00
-5.156263038232861140e-01
1.704867412809985827e-01
7.874382460369665215e-02
1.722124925690488251e+00
5.482776414349169514e+00
4.134549265803179052e-01
-2.831295698806064465e-01
2.365489092274676228e-02
1.171379669232541332e+00
2.816819831469572488e+00
-3.376733815527428462e-01
-1.411552511903104434e-01
-3.576512696464212993e-01
9.911689127462262050e-01
4.622368983459207992e-01
4.331474279020820495e-01
2.113551878054667488e-01
1.098340146427108921e-01
1.974920179004635790e+00
3.440808651783695993e+00
-2.892420021485779258e-01
1.227101471424768692e-01
4.313063031750155596e-01
2.273040331729465180e+00
5.630841169170891725e+00
3.008339254299177146e-01
3.597785489623944732e-01
1.781959642952657685e-01
1.605788969643003439e+00
3.649753931960548314e+00
-4.408023696975554850e-02
2.294008041522633545e-01
3.985732587130380589e-01
2.506833241288460190e+00
4.861716625079925080e+00
9.956864683850233377e-02
4.852064055833946732e-01
-1.891263158938062405e-01
1.124320726300896078e+00
4.217261001326353842e+00
1.344901220908655270e-01
-4.247538592515851530e-01
-1.068011379449067128e-01
1.299534054183715481e+00
2.395719470844531074e+00
-1.763822555194430597e-01
3.505851104038098520e-01
2.570470022525236375e-01
1.928230026943910547e+00
4.862520734847763926e+00
-4.448415645740556035e-01
-2.789610795455830794e-01
1.402494314243113716e-01
1.859610711723952869e+00
1.079787594607998669e+00
2.744409547320373222e-03
1.690232888155618340e-01
-4.184832442844305112e-01
-3.751874034448856032e-01
1.657421413598159754e+00
1.238927106511148180e-01
3.764957236398761009e-01
3.746314316244573894e-01
2.361286629698700068e+00
4.342368326034807602e+00
-2.106121364647182415e-01
-4.621068087362109611e-01
-8.981921441747633961e-02
1.177829977386796401e+00
1.434501088089709997e+00
2.029645354874201335e-01
2.616722179374080248e-01
3.676210075208737327e-01
2.507815637890750349e+00
4.108085556803366956e+00
-3.303549914471069493e-01
1.548218374687544974e-01
3.727400864785984091e-01
2.027905464673680491e+00
5.965370159207055600e+00
2.374872610690665908e-01
4.089129083666405151e-01
1.871692696573198644e-01
1.577950718224577775e+00
3.793907597771418949e+00
5.897715295476048114e-01
1.593775076888928610e-01
2.127854896961098308e-02
2.041768352849223422e+00
3.666500115092234502e+00
-4.342023474355480861e-01
-2.302869020889745655e-01
-1.662309163787354105e-01
1.347435976116833301e+00
5.123378372604236314e-02
-3.479523492779277305e-01
4.022941840875948194e-01
1.092591620394108148e-01
1.775769988753207684e+00
5.019112556955025894e+00
-1.109972362001467594e-01
-9.027774697619400657e-02
5.774083097391122799e-01
2.588285053542074277e+00
6.421056728070532182e-01
2.087584580390523248e-01
-4.468076240417002132e-01
2.091874615863195952e-01
2.089019751965060401e+00
2.154625653393225981e+00
-1.460617082108982279e-01
8.010758413254473465e-02
-4.335910992278630971e-01
6.190509403098106711e-01
6.104221642406971959e+00
3.571745775664356692e-01
-1.158316621548744624e-01
2.869133503162759058e-01
2.375084381256149513e+00
2.903685691628391741e+00
-1.167041656739999794e-01
5.420926642455290434e-01
6.554090539085311029e-02
1.560043201092321086e+00
4.278439272365857526e+00
-3.877924097038319973e-01
-1.140253423340421152e-01
3.909190683023385793e-01
2.210803461834125017e+00
5.727991095727223980e-01
1.218831536168543533e-01
-2.721639411338862558e-01
-3.057698946254497896e-01
5.103480181898842893e-01
1.876563226974164111e+00
1.792120981902614596e-01
4.357569662158276014e-01
1.931116965040715894e-01
2.070797328405572735e+00
4.088988255851510267e+00
2.869981630429640496e-01
-4.041154548260044166e-01
1.643893581873304144e-01
1.941264559926827449e+00
2.408234987215446488e+00
1.035315857658142685e-01
-4.160071406966440732e-01
-2.175056447045304042e-01
8.646770796478252530e-01
2.044003157538397009e+00
3.277238477345227885e-01
3.394719724691528384e-01
-1.234661505119673680e-01
1.091563925655438361e+00
3.722986593947397171e+00
-2.990357939175342095e-01
-1.882876141309636486e-01
3.958176104798331596e-01
2.261042124657433927e+00
6.519577003565958373e-01
-1.143041318704914877e-01
-3.616261600894160044e-01
2.983249459113084812e-01
2.175237819828704122e+00
1.518809312831707059e+00
-2.296300330023338943e-01
-1.594853932112682837e-01
-4.211805756994831951e-01
7.603428490017425379e-01
6.398011638959391068e-01
-2.244098670664340933e-01
4.547285405203488340e-01
1.987430476381856492e-01
1.715260143897866074e+00
4.584195925800625737e+00
-2.318354944340616508e-01
-1.887168931869763755e-01
4.972672745391063520e-01
2.426840294150476751e+00
6.329766132471305040e-01
2.408514729429407086e-01
-1.777688171445472032e-01
3.973130025886946748e-01
2.539499482688013288e+00
2.483574234217341470e+00
-7.105684539398458323e-03
-3.555212729003774386e-01
2.991720869797242499e-01
2.237499047281604092e+00
1.680136610199820302e+00
1.709374760993286335e-01
2.096204387966501548e-01
-3.182917338858231582e-01
6.486855438186355238e-01
3.983036867218376020e+00
9.772039952739729196e-02
-4.073182614697625215e-01
3.200207499065735317e-01
2.240977389519134721e+00
1.904941538321202499e+00
6.140609166191023094e-02
-2.243806986529365416e-02
5.233058756673973910e-01
2.835891136430444881e+00
1.816964933901125567e+00
1.442598371638848243e-01
1.971066520522742893e-01
-3.667322198006187639e-01
4.735743885365678585e-01
4.126614719612935467e+00
3.296588190555302944e-01
3.370686968089562363e-01
9.651468344242120079e-02
1.910686529566657965e+00
3.660792967027009848e+00
9.767522937277854991e-03
-3.584592494781562722e-01
-2.941351614637190415e-01
7.671895978712696129e-01
1.597899623075881514e+00
9.346377669244126940e-02
3.866237365375969626e-01
-1.644137660723306582e-01
1.399944553597352703e+00
4.460145103675657197e+00
-3.265084530077252412e-01
-3.456976897804934223e-01
-1.078013165525914530e-01
1.172829009074428219e+00
9.036339180595545084e-01
-1.307100740655325888e-01
-8.938745433262799966e-02
5.248896006052699015e-01
2.462119139358232900e+00
2.199604870959050718e-01
4.480047394878831080e-01
-2.616509648832557322e-01
1.848826528227620891e-01
2.195123166555559280e+00
2.528400059284758417e+00
1.139896888980762579e-01
-2.840983776767621594e-01
-3.292129993914728048e-01
5.589110924053150020e-01
2.026238735656999523e+00
1.702001043261517910e-01
-4.387859690233617549e-01
1.454199504332372161e-01
1.866641688415353828e+00
2.099266835338044146e+00
1.570881960744850980e-01
2.782012663265190366e-01
-3.050838175037943190e-01
7.154995973045135127e-01
4.137535883153994121e+00
2.988995939736606711e-01
-4.026276578887152402e-01
1.677309174189365107e-02
1.722772583214054132e+00
2.449817335900908333e+00
-9.095584786521279663e-02
-4.789227309271732458e-01
1.226262981509582545e-01
1.665826857852355625e+00
1.754997733162911189e+00
-1.872030723152918463e-01
5.752544784240705422e-02
-4.302618307848488644e-01
6.639219625561935123e-01
5.981497504740322491e+00
5.290065810562165627e-01
2.973156605397973135e-02
-3.994873454998295464e-02
9.673638629926890609e-01
3.119417487667072386e+00
7.754194625519272854e-02
-1.010400003858051843e-01
5.294522901787740432e-01
2.819235683045789198e+00
7.483991102752678426e-01
5.947235205571051175e-02
-4.354229273360665786e-01
-2.068661578217141916e-01
9.497776069222134687e-01
1.872477720248121313e+00
2.543521191269776383e-01
-3.069705258140431048e-01
-2.140575867850828262e-01
7.764648478242193175e-01
2.423471941385111794e+00
-3.839106128610740298e-01
-3.243797391069341840e-01
1.866138851206969040e-01
1.816560312917196551e+00
1.378186795897448969e+00
-4.425530070016559514e-01
1.824701468522341996e-01
-7.229556896093214391e-02
1.516714462153192944e+00
5.651297348184272096e+00
-2.885623106952592831e-01
2.831998180822185018e-01
-1.536462439630503496e-01
1.178824165900395293e+00
5.303263901896328569e+00
6.487794219420123243e-02
-8.400563812197821278e-02
5.337330023548039204e-01
2.810300603753955961e+00
6.189782491985473811e-01
-1.569843875810097711e-01
-2.670869089227725576e-02
5.058995305762041816e-01
2.598979603010682204e+00
5.238628012317731418e-03
4.785386992373907300e-01
9.011307130923933151e-02
1.116048116666700299e-03
1.282994854899114578e+00
3.054638727606505011e+00
