1.647751509890856836e-01 2.130368471489743620e-01 4.443174655885588908e-01 5.261790792085876967e-02 -8.525143958398695432e-02 -5.035458425024597062e-01
-1.821923753095777976e-01 2.762719577524266334e-01 3.118079103679883834e-01 9.187714286670942143e-02 -5.661410945036955411e-01 -1.521168126153225608e-01
4.139586558978707864e-01 2.090545999582800463e-01 -1.365297972681329963e-01 -5.057485539313701928e-01 1.281402858468642658e-01 2.476466230910448763e-01
3.258014135817588475e-01 8.287825061548535766e-02 -3.162347742245559257e-01 -1.570916462255320112e-01 1.717335416336961129e-02 5.569760590638137554e-01
-1.221308397119564015e-01 -1.010539797916065394e-02 5.179311478771873034e-01 3.239798863033843679e-01 1.138233410550551772e-01 -3.684248120934413562e-01
-4.420308655112392682e-01 -4.605945625243115099e-02 3.349813442617071702e-01 4.858117478176939841e-01 1.603997607025150762e-01 2.436473713117071060e-02
9.798149253793089763e-03 4.907121420014083357e-01 -7.787157458633695017e-02 -2.686071687594013824e-01 -4.012826902706962962e-01 2.782684233103217553e-01
2.553209038188653524e-01 4.596153468125328545e-01 1.218741966032847179e-01 -3.947233969686941291e-01 -2.270215414846271096e-01 -2.036595046370112960e-01
-1.163124405020906915e-01 1.745600767701975808e-01 5.226541362385606071e-01 2.993839522559681443e-01 -2.076644828652317032e-01 -3.026342346109502923e-01
-3.379596433835730385e-01 2.880294009879187933e-01 -1.012522561395650389e-01 2.350274762820958041e-01 -5.100397362287365510e-01 8.521868776190180683e-02
2.811076261211827854e-01 1.044453075263017117e-01 3.772859678742462863e-01 -4.566798999861898523e-03 -5.589668625487301257e-02 -5.675317753238999785e-01
-5.409573646168135408e-01 2.491811091264045375e-01 -7.807978729871766464e-03 8.522256393668214969e-02 -5.011887133133797745e-01 2.039556315728089375e-01
-5.778865578436599183e-03 -4.919133061393617390e-01 1.135522570517245172e-01 -3.119344985422257688e-01 4.596547985973042372e-01 8.550104580495557216e-02
4.160614582407814455e-01 2.206158011446931466e-01 -4.833266695122197254e-02 -4.795032878031427748e-01 6.012017250852014216e-03 3.414223863601202336e-01
-1.611037299890975272e-01 -4.638747520403755931e-01 1.605042484392950886e-01 -6.674410545536182959e-02 4.900039470180942991e-01 -1.244723975167786045e-01
-4.521621947764298266e-01 -7.111812425226204937e-02 -2.308979777915274589e-01 4.487320481803899197e-01 -3.659020925141937552e-01 8.768007396817381616e-02
6.167042807935710358e-02 -4.340056598790495435e-01 1.849838854197135007e-01 -3.074653029700410434e-01 4.129311921689127751e-01 -1.976867049131660337e-01
-1.619850306978720123e-01 2.046090570552114851e-01 -4.075711928198668121e-01 2.434148358230844300e-01 -2.225645719948590728e-01 4.006203926776458757e-01
-4.836668407586590668e-01 1.389084920332180895e-01 1.323771292847800429e-01 4.894404705469411754e-01 3.476189615505652641e-01 3.489841059483216046e-02
-1.106128304834163301e-01 -2.459833109125138251e-01 -2.995834765836494773e-01 1.588723935725346037e-01 3.352668490551988789e-01 4.682224660561702390e-01
4.024156798171861504e-02 6.175459703368124664e-02 5.358002572812081699e-01 2.039501408134501426e-01 -2.199861532692714561e-01 -4.096211581733640861e-01
4.762184015215760180e-01 1.798577710380391270e-01 -4.272434240131946920e-02 -4.483875320422906485e-01 2.043824153721159886e-01 3.374103829774307006e-01
1.664190378604167575e-01 -6.562792942467524093e-02 -4.663368445774592752e-01 1.913614445334286263e-01 2.998815243146485399e-01 4.641365379416427794e-01
-3.016289139063909053e-01 -2.484026591928954475e-01 -2.843149024020416027e-01 1.717092637555318047e-01 4.715828409428728940e-01 2.232004659977119276e-01
5.888366943272490411e-02 1.185962769007906786e-01 -4.485509050055803137e-01 7.542852188951695847e-02 -1.629433095709562629e-01 5.108560624000668682e-01
4.380500312030598531e-01 4.188782825264219384e-02 3.219138146656781996e-01 -9.852132333010066301e-02 6.414491878362765798e-02 -5.216475662755932774e-01
4.264423998685212269e-01 -1.719502776277405387e-01 -2.227541844260659820e-01 -2.858096301729518562e-01 2.859848485762882531e-01 3.092161774272055297e-01
3.255914205792166949e-01 3.931720684856841452e-01 -1.665457449437062615e-02 -4.617193294554002292e-01 -1.878717557105599734e-01 1.895731085245032921e-01
-3.801279943129741157e-01 -3.250736144748156420e-01 -1.574707986185273079e-01 5.452536121115725276e-01 4.743216875318184700e-02 -8.741136704203239516e-02
-3.150098513778947784e-01 -3.150456419195848956e-01 -1.240179598495999708e-01 6.961001138379624420e-02 5.745023286297381571e-01 1.225017538869666994e-01
-4.443419761438936050e-02 -3.426852153466974915e-01 -3.234877054969192423e-01 3.582882841428410708e-02 3.163712049261461212e-01 4.243107175756794525e-01
1.174212217661213115e-01 2.111806526043863430e-01 4.779254247013524082e-01 1.201288124216527559e-01 7.424846067596818644e-02 -5.126512981053774620e-01
-4.986677293608978712e-01 3.067989955634372809e-02 -2.726167699208003822e-02 4.343493806719868067e-01 -3.290695540756188864e-01 -3.496901099212537667e-02
1.402676060336761066e-01 4.447089718372340128e-01 -1.150510174650553191e-01 -3.745626690679337290e-01 -3.207128895330828566e-01 2.710566902736017414e-01
-1.406008446334349182e-01 -4.547336742407147581e-01 -9.964766155344063903e-02 -2.237837310664499979e-01 5.069629566166907741e-01 1.615423030359117718e-01
3.831957623453826622e-01 -2.831212684464440854e-01 -6.746564790809291001e-02 -4.197607687890335670e-01 6.582521630599674767e-02 4.157497904705869662e-01
1.565287871877909798e-01 4.752962739705443029e-01 -6.182842648760340613e-03 -5.566227810438720836e-01 -2.247645796258425088e-01 3.028141369382638878e-02
7.228347883995860090e-02 2.456874187139012622e-01 -3.833645861884747985e-01 -2.679174996815152088e-02 -2.275146814496996628e-01 4.920004070785497508e-01
-4.532258005125239242e-01 -1.022790712079545555e-01 -2.189532470407092868e-01 4.119348651057934685e-01 3.657116647344644256e-01 -3.872646285216777007e-02
3.098187065153515940e-01 3.073480016187628006e-01 1.649141514972219114e-01 -3.922823458139359509e-01 -1.949636716555153693e-01 -3.398007137588966442e-01
1.452728930077223403e-02 4.234401685320653974e-01 3.424783921915006690e-01 -1.530214835248259742e-01 -3.072119293425456532e-01 -3.193938920114760549e-01
1.528966962412386110e-01 -4.121365150547467437e-01 3.146379886435092810e-01 -1.839867465241496747e-01 3.097406428420462210e-01 -2.898476728054518170e-01
-3.189841545826254676e-01 3.885666860823767110e-01 -1.182336436780745750e-02 2.177567831299964674e-03 -5.578959363349171863e-01 2.079032023083368999e-02
-3.659570487724435051e-01 -2.219031893091227559e-01 -2.737643150550204130e-01 3.407279350123025852e-01 3.564468335470369897e-01 1.337986675077149079e-01
1.704099145048938169e-01 3.662061850267296914e-01 -1.480617804583071184e-01 -3.539802998531298428e-01 -3.066950978881248235e-01 3.736841026467625504e-01
-1.980440753287573130e-01 -4.599663940402275442e-01 6.431712532631329859e-02 -1.464482832437548343e-01 5.377624276537911197e-01 2.101501683046286956e-02
6.960591970846809196e-02 2.993121543340750423e-01 3.667964383856583410e-01 -1.188598093877156620e-01 -3.118954816024416821e-01 -4.019075974624295444e-01
-4.643852187134228093e-01 3.174880177789144442e-01 9.482620486708183416e-02 9.538113146969501299e-02 -4.627330329160661559e-01 -1.843095063113548981e-01
-2.212385207173229174e-01 1.917515093239055557e-01 -3.708475447871294461e-01 2.662212648124802628e-01 -2.506458791573086264e-01 3.819256668485131456e-01
1.841504727712859335e-01 2.073663410962989784e-01 -2.818736554171990538e-01 -6.613002806406148570e-02 -3.855892302825569828e-03 6.629780996319691866e-01
-7.351643291334605812e-02 -3.272490541445153278e-01 3.992867712217019194e-01 -2.908952671523801214e-03 3.332978051449534407e-01 -3.481705388748142505e-01
4.995571081674679559e-01 -1.579974106405163670e-01 9.239368133198325173e-02 -3.704472584813192637e-01 2.472372374740565704e-01 3.732446773770408122e-01
-1.860072339377757678e-01 -4.082219366000031796e-02 -4.262382231235611885e-01 3.942492891804613153e-01 6.798895312557888537e-03 3.868021198261614169e-01
3.186571920674877711e-01 2.008615536379917965e-01 3.189586317434843776e-01 -1.984571245088911917e-01 -2.702976981179054383e-01 -3.956053913339216965e-01
2.768014454004636971e-01 3.887777197585949307e-01 -7.265566770275994068e-02 -4.094152893966629403e-01 -2.396636250133993840e-01 2.936339295635798097e-01
-8.808524031531191067e-02 -3.320327963674540861e-02 5.370433160438423670e-01 3.768429850895089750e-01 3.648197757812209063e-02 -3.455583552376150225e-01
-1.611964848197241507e-01 -3.256249712630118753e-01 -2.856015360026297190e-01 1.430624308401535205e-01 4.266267858494108833e-01 2.988159570301746060e-01
2.022150655375946349e-01 5.687365287153245408e-02 4.837919193232657067e-01 1.496483342800866423e-01 1.787606045458565301e-02 -5.140637448639866491e-01
-1.917475782743974511e-01 -4.134419488408331844e-01 -1.329252780376668219e-01 5.997202239452750772e-02 4.935659165246187863e-01 2.046750400964888195e-01
2.517942059258391763e-01 3.183294830272215270e-02 -4.291942585029351331e-01 3.244866874657357236e-01 4.955728569548087381e-02 5.680026382990752687e-01
-2.210028589404034183e-01 4.869182702835622711e-01 9.559890765463899265e-02 -4.081727605508664869e-01 -4.953797494900836762e-01 1.032165372008685689e-01
3.628187703787636442e-01 4.210303421448125527e-01 -7.720303890502577815e-02 -4.460923897172256458e-01 -9.891777238585858223e-02 1.972358309151235889e-01
-4.364659894741659274e-01 -2.639716828050729935e-01 -8.575083686696127749e-02 2.025202878768981307e-01 5.049508511616633832e-01 -1.070739256488948410e-01
9.891026938573999061e-02 5.637210038238397170e-01 1.555114149908602417e-01 -2.872584286640927909e-01 -2.899274438671125553e-01 -1.939997642313853188e-01
-2.492772217774112398e-01 4.565065574109432034e-01 5.062507985044312209e-02 -2.675100675503898073e-01 -5.418223329515889919e-01 1.054611081761139268e-01
-3.332884501030101698e-01 3.629429968342311463e-01 1.347957591291551183e-01 -3.249062649014106130e-02 -5.447026365885601074e-01 -1.579499896671364423e-01
4.809226674914181543e-01 1.181253107333086472e-01 -4.075202678371913495e-02 -3.960639846045866386e-01 -2.835723300075074227e-02 -4.983952026605593111e-01
2.789791545482031912e-02 -4.596315196173852424e-01 1.800891782322207590e-01 -3.583343463948860941e-01 4.004337502393019443e-01 -1.532460456682900873e-01
-1.144673873146653253e-01 3.219423735243202578e-01 -3.102859014371139867e-01 4.281538340554860711e-02 -3.948187484147645532e-01 3.690635109503531686e-01
-2.124679097437942588e-01 -2.798232932102971970e-01 -3.335047622853240523e-01 1.973819660638412299e-01 3.615908517527780530e-01 3.150405128819172007e-01
3.732794975038536411e-01 7.943814194470745493e-02 3.091010440414473925e-01 -1.446534267015530673e-01 -4.866071052053687340e-02 -5.366744403639140959e-01
2.116641426473636622e-01 5.701012076034038811e-01 -5.930572231095398300e-02 -5.544952106327480923e-01 -2.807125078930394757e-02 1.756188515459010113e-01
-5.955951278386917985e-02 2.132858405995862183e-01 -3.955724786673017190e-01 8.355326076272126534e-02 -2.638079198764933242e-01 4.715493569259414652e-01
-4.142939673960848723e-01 1.482153577955311607e-01 -1.496368559136023180e-01 3.681810753665614722e-01 -4.096350364354819362e-01 1.270140886174040973e-01
-9.813525951329529762e-02 4.446954179643570759e-01 1.907864341759349380e-01 -1.262840911117205367e-01 -5.424718771178109744e-01 3.359745619147413986e-02
3.767358303186305740e-02 2.543503532923851451e-01 -3.670716625375765041e-01 -6.499862837307987529e-02 -2.998860371602646846e-01 4.589310254140042122e-01
-1.815168856305471590e-01 4.676364413508901086e-01 -3.080527415754508863e-02 -1.512312910773731811e-01 -5.069277443777133740e-01 -2.528580396384207951e-01
1.526516228082896998e-01 -4.553032730650652393e-01 -1.198460423338634229e-01 -3.133912454296179373e-01 2.730304384350686897e-01 3.824825848187445310e-01
2.373545787194815959e-01 -4.564678897960802728e-01 -7.175352897542067176e-02 -4.973657914334878027e-01 1.942369421088626091e-01 1.199994355853482020e-01
3.343207005782519725e-02 5.185530064823290486e-01 1.350937229341274415e-02 -4.388417328540066276e-01 -3.558685593797582536e-01 -9.759589418163588936e-02
-3.920714605375213435e-01 -2.705403248178182493e-02 4.175237338814493659e-01 4.588898859102134575e-01 1.298875473887410870e-01 -8.370887415558025957e-02
2.611249311392042083e-01 -3.273880456138382744e-01 2.887593228817336710e-01 -3.244943038279785030e-01 1.762699666656118991e-01 -3.463617036188577636e-01
2.899531125323119296e-01 1.471182367056192430e-01 -2.499884098888255635e-01 -1.527023089145889689e-01 -6.719042747725753606e-02 6.207170364705144605e-01
4.661038283909550439e-01 8.795233512565567291e-02 -1.325203466318645718e-01 -2.883531778305267745e-01 1.097266471033422064e-01 5.234678431255557207e-01
1.058010156875984209e-01 3.152361702575851576e-01 -2.477515448810547471e-01 -2.038481943124247353e-01 -3.530048653829457872e-01 4.286886114021395411e-01
-4.520659244000054672e-02 -2.501935535386924370e-01 4.754040823111617131e-01 9.826976716374144494e-02 2.588990242153215160e-01 -3.732650413823016544e-01
1.634695056298995364e-01 3.737934199114359424e-01 -2.115842033019310064e-01 -2.652112613841225430e-01 -3.372873535958408886e-01 3.457280373141911611e-01
1.331126833949055899e-01 -4.078876216633477853e-02 5.192732602959240218e-01 1.734436152642549189e-01 -1.784089078034221121e-01 -4.703903752133214988e-01
-2.830413945623289629e-01 -2.721356562438345672e-01 -2.298744251377791703e-01 1.872099379004034669e-01 5.164772907692656290e-01 1.662989007188943602e-01
-3.864833843162693294e-01 2.910864875938439789e-01 -5.416841995006413391e-02 2.197766730265092172e-01 -5.040860474817823178e-01 -6.639062646659324440e-02
-1.679339311128130174e-01 2.997744952921061468e-01 3.834037014946442556e-01 2.043384291943978748e-01 -4.348772313624320041e-01 -1.837824498479320723e-01
-4.750825700954413033e-01 -8.897132701515017561e-02 -1.507528421513616712e-01 5.185197130834781065e-01 -1.594291860458419974e-01 -6.249077236796310442e-02
1.982226644956085471e-01 -3.104754700646357723e-01 -3.076854996226390804e-01 -1.889987512306764428e-01 1.436007866994065130e-01 4.947323019284525780e-01
4.638548766156817132e-02 -4.174717835601813309e-01 -2.146600235293383008e-01 -3.517508504090808286e-01 4.058026742296492184e-01 1.899467280932149171e-01
8.085150325044908326e-02 7.178348913032506565e-03 5.864325147682842854e-01 3.103512206051111111e-01 -2.345216568876227758e-01 -3.563882459970338923e-01
-2.570795729154964349e-01 -2.981610667912812720e-03 -4.184150600204089576e-01 5.239633872400786263e-01 -2.983900369235878425e-02 2.054844309485670539e-01
1.534277320121332222e-01 -4.405642949100516681e-01 1.481313883611787841e-01 -3.071159124034351651e-01 3.913162124471651904e-01 -1.615044833777492528e-01
4.928938430968485829e-01 -2.325192521755034269e-01 -7.380046882110673223e-02 -5.026791981906684192e-01 -1.867751055359977430e-01 -1.559088880590095982e-01
3.631010000435220264e-01 -8.231156111905006678e-02 -2.234267199275358773e-01 -1.874705632064251337e-01 -2.587852079813905692e-02 6.094515819273316204e-01
-2.862884787664872199e-01 4.407168866309141286e-01 -2.571668857133433198e-02 -9.059788177766817108e-02 -5.286825245706261445e-01 1.225060216058398155e-01
3.804470403972073367e-01 -1.752143882256541052e-01 1.578651474112522657e-01 -4.502715391767204700e-01 1.577515318340592665e-01 -2.882742227741912355e-01
-2.130583163144046666e-01 -1.505159576746620820e-01 -3.204880186963773303e-01 5.346778244673094926e-01 7.594526014951116788e-02 3.036962334203040514e-01
5.101502018376657260e-02 2.571629888873920924e-02 -4.768850832928127059e-01 3.656147697328611668e-01 -1.223706702256483064e-01 4.607167763268029126e-01
-1.152167838500231870e-03 2.431904174000178998e-01 -4.053951828357009735e-01 5.789805109828806418e-02 -2.725036942412237817e-01 4.493402469097074192e-01
1.202805486767512602e-02 3.129570358559303767e-01 -3.770957616426686698e-01 1.451346479482374663e-01 5.662047246859758243e-03 5.651634515541229531e-01
-1.579007069310817968e-01 -3.610783434862105401e-01 3.312486047554489277e-01 4.891156232252014124e-02 4.016518273067542499e-01 -2.815085835731013786e-01
-1.754779004566499878e-01 -2.777894581861224503e-03 -4.385961044610404702e-01 4.121663895010213574e-01 -8.345730481631633002e-03 3.705041289362422940e-01
1.889239066179622395e-01 -4.146766634553658015e-01 1.354294703718803006e-01 -5.442901457762424622e-01 2.516320665614232288e-01 -3.270384042452501028e-04
2.524999298809417203e-01 -2.251219779208045446e-01 -2.557644484041846078e-01 -1.890712573558262499e-01 1.867547242313510603e-01 5.413380975875941026e-01
-2.459493495851621803e-01 -4.184469852400751755e-01 1.330082022694449861e-01 9.219254353449612971e-03 5.470434149580210015e-01 8.088075566652941362e-02
-3.778314307889947266e-01 -1.682353011694252276e-01 -1.786051967202403057e-01 3.097128415076537689e-01 4.984338899342710683e-01 1.092056148647579106e-01
-5.058193409927184137e-01 -1.993656835422220885e-02 -5.409227852725458779e-02 4.230341506891718284e-01 -3.816577839101523706e-01 2.583864919850608483e-02
3.265051345214711187e-01 1.233808041161160440e-01 -1.837483341008924187e-01 -3.150607595355616741e-01 -6.011099565606722872e-02 5.610496002404732341e-01
-2.774097987850220881e-01 -1.910033954959109437e-01 3.929166415531770706e-01 3.103150350616014630e-01 2.836864019877418652e-01 -2.622544169078079301e-01
-4.492496474988139643e-01 -1.237749652955978802e-01 1.826430560637320455e-01 3.747268510418447218e-01 4.175383420608724250e-01 1.518370836562546455e-02
-1.971510726138910388e-02 -1.153277278271886835e-01 -4.295184181955949976e-01 1.537265447181240252e-01 1.243819438616396572e-01 5.257078726158815885e-01
1.853381434410903139e-01 3.354823736882495133e-01 -2.800220074287866900e-01 -1.968668097671802120e-01 -3.127138152785896574e-01 3.785833936665350397e-01
1.713375243695135740e-03 -1.262940809586480390e-02 5.570296860457354393e-01 3.918762457885496819e-01 -6.515002801467359439e-02 -3.622170267205072625e-01
-1.119596397890868789e-01 2.013439296123868127e-01 4.286911277142061993e-01 7.008966232149229647e-01 2.476852778551813516e-02 -1.263636652250457737e-01
6.175489405164437395e-02 -5.190572458048974269e-01 2.741561694046035225e-02 -4.410605136069687404e-01 3.452238341276141487e-01 4.137558441156066052e-02
4.020345068193152960e-01 1.051665709539765375e-01 2.273749676383018115e-01 -2.452678689808668322e-01 -6.274074942625980367e-02 -5.161347942654465060e-01
3.863894151327399440e-01 1.939814405754533566e-01 -1.253798701056841047e-01 -3.887435793605243939e-01 -1.586621427305643373e-01 3.988446466817290315e-01
-1.391733495825713263e-01 -2.009248127223845493e-01 4.895720332053705159e-01 1.885658084156894843e-01 2.487927026952437837e-01 -3.412957063544141412e-01
-1.526365224826233269e-01 1.068519964751879908e-01 4.930381488034725757e-01 3.096020876896821150e-01 -1.581937569086656614e-01 -3.531806266199760125e-01
2.235588385586642912e-01 -4.583236924564308423e-01 1.129237968952468141e-01 -3.559496305718862219e-01 3.200606892256381841e-01 -1.285046367230595343e-01
9.617457120502943824e-02 7.897997835288872448e-02 5.750122328777365066e-01 3.020693017517263601e-01 -3.137623017671852810e-01 -3.212917676372608611e-01
-4.456673284654825290e-02 3.686296891147155530e-01 -2.791514530325407972e-01 -4.919908548424248990e-02 -3.958570396402240621e-01 3.654713691407138199e-01
2.086584788701731363e-01 4.719652044160597137e-01 8.383246148856958457e-02 -4.081982643087083695e-01 -3.118611022690797041e-01 1.552753011793110427e-01
2.011506552707525430e-01 3.124685445327307076e-01 -2.735225848310662289e-01 -2.378996498366084400e-01 -2.745811325884623399e-01 4.066299761264266510e-01
-3.857542710940711217e-01 -4.171208707849534403e-02 -3.230622068477691511e-01 4.821990842908880914e-01 -1.725675692728647070e-01 1.560346681740468755e-01
-4.950540347145126474e-01 2.574522453616551743e-01 6.249728099090768457e-02 4.184819001093748048e-02 -5.656736301686076107e-01 -1.224345824545264860e-01
8.850539819119252610e-03 5.402104913377082651e-01 9.652683326795129248e-02 -5.632177436723896369e-01 -2.625180616682034618e-01 -7.189154225002443444e-02
3.276126239601150764e-02 -4.825710887791122561e-01 1.185121712615204159e-01 -2.939637975379741364e-01 4.393400685728092725e-01 -8.964775082045531307e-02
-2.532747197302035458e-01 2.610544653293774831e-01 3.089334149188138756e-01 4.570319293884307355e-01 -2.924741830506105700e-01 -1.258889621968090067e-01
1.715906916434594975e-01 -1.123427100411382440e-01 -3.966510005778359771e-01 -3.664737150376853880e-02 1.527779988208147477e-01 5.448095237083534492e-01
-1.193820876711636225e-01 -3.667123778293570058e-01 -2.729736846110161763e-01 -3.025427120179263740e-02 4.903976854979270050e-01 2.343906535863992668e-01
2.104988774798704498e-01 -2.718677099841267375e-01 3.700621249579120753e-01 -6.482032902362627746e-02 1.660705276140301834e-01 -4.857471029543050656e-01
-5.133023137662152680e-01 -1.996575605475631870e-02 -6.301709921028299244e-02 4.479897640643525358e-01 -2.861116268696186071e-01 -1.343186878909573001e-01
-9.802116523939335968e-02 -2.311174673002484581e-01 3.760391751592234155e-01 1.174162500814517063e-01 3.175142387251048137e-01 -4.317912347806253659e-01
-2.581437071220355484e-01 4.988313042065663921e-02 4.855352948377048561e-01 4.900930968073776151e-01 -8.193867372245633440e-02 -1.646682865104385218e-01
-2.013545836141302781e-01 4.089679165192057209e-01 -1.914293273772220694e-01 8.556495619724963086e-03 -4.681631043969222139e-01 2.405180200640016919e-01
-4.884220993130948263e-01 -2.136668835570749436e-01 -1.144585596368143977e-02 2.168159037511860343e-01 4.926500607500812201e-01 4.983818126059954418e-02
6.972322774108166699e-02 -3.630644240981728554e-01 2.521708740923814251e-01 -2.329893831363575030e-01 4.342609505421356486e-01 -2.699759655709988437e-01
1.201029979097802819e-01 -3.484393522381176167e-01 3.761603915205277704e-01 -1.907526728415597783e-01 2.768109335530951620e-01 -3.396823510422093961e-01
4.006947435257753876e-01 2.361659689061489376e-01 -5.843248809477619155e-02 -5.795860186068050313e-01 4.577710553311295505e-02 -5.501324341362717751e-03
-2.331143969791261983e-01 5.676000762606826094e-02 5.885807683078693175e-01 4.020663635937019587e-01 -1.564547522252489886e-01 -1.537701376521549701e-01
-4.778456995102956517e-01 -1.392721891022879188e-01 2.541078291743101847e-01 5.127755811911458572e-01 -2.123462805282493870e-01 1.386537024238728710e-01
3.460753715263867325e-01 2.654636356077563764e-01 -1.622682185803815402e-01 -3.603466691850157333e-01 -1.847209225519887421e-01 3.839018684727751873e-01
3.989425095691705447e-01 1.900726992789845970e-01 -2.030912143500906708e-01 -4.690032958393524076e-01 1.331968852106749923e-01 2.903003346734180923e-01
-1.644592675341578214e-01 4.139617425985532839e-01 -1.785297673883830261e-01 -2.534647823646055120e-02 -4.805349305535764892e-01 2.463506082158410104e-01
-8.130997661508199137e-02 3.647084205221852726e-01 3.605418283343039265e-01 -1.027766758099016575e-01 -4.836006851751745717e-01 -1.685241807955821791e-01
2.367584875356805452e-01 4.530851766619990728e-02 -3.921356432122820035e-01 3.554865316166988531e-02 -5.415283258323080884e-02 5.823498838006866407e-01
-4.032909059965944509e-01 -3.142660959025784240e-01 1.672733969619193128e-01 -3.566136491184368484e-02 5.795743631008942742e-01 -8.943218219497514609e-02
4.683935535889657831e-02 2.509707738334187588e-01 -3.671597933961882609e-01 1.614763922549339661e-02 -2.873555793056760677e-01 4.750175965144819989e-01
4.327148183213713195e-01 7.456704438244937672e-02 1.131249857407869014e-01 -4.070093811765366776e-01 9.424371873678713540e-03 -4.259665658494904417e-01
2.042526483061231635e-01 -3.822908837512986047e-01 2.324194377086782615e-01 -3.289953029748335367e-01 3.205476485931185726e-01 -2.383932850448685914e-01
-1.455983538540193967e-01 -4.350645674297941579e-01 -1.676508690301421467e-01 -1.211176298880968505e-01 4.720855546470542619e-01 2.524435848371557878e-01
2.979551220959883798e-02 2.860315961322714567e-02 -4.853753570453572808e-01 3.464852107946009285e-01 2.975544450222591258e-02 4.631531385991727312e-01
-2.842877209609684930e-01 -1.151946885165969908e-01 4.063847531172002370e-01 3.465245750136364822e-01 2.567823638663800367e-01 -2.745770077385172314e-01
-2.495938538588697297e-01 3.718585147880033581e-01 1.738120570026399636e-01 -5.575971252617437091e-02 -5.925932088176243395e-01 -5.801969420550667778e-03
-2.647503776547914800e-01 1.405911319980716334e-01 -3.003849642524265007e-01 3.999624734604413367e-01 -2.779878578190971838e-01 3.184433276395140511e-01
-4.453158085352521556e-01 6.098610395975836984e-02 -1.308887150177343861e-01 4.247992664886111602e-01 -3.721367621172355644e-01 1.042800309870591802e-01
9.860769747512097838e-02 -3.514381761200081195e-02 5.557820854410051581e-01 1.227530158584455855e-01 -2.544261754084740090e-01 -4.195805400267679230e-01
1.942562768818466290e-02 1.954021845434935900e-01 -4.218974056352240987e-01 7.947830415106738045e-02 2.256064384464939732e-02 5.612198192461701485e-01
1.549406900166248324e-01 -2.232213462819995220e-01 -3.484106806604011508e-01 -1.470032300542845061e-02 -2.010508820896900195e-03 6.119474255117751671e-01
1.281903870445885163e-01 -2.486770853421903793e-01 4.211009583440996629e-01 -1.026182143897158006e-01 1.947732365110944330e-01 -4.449701712706441992e-01
1.951042272143499734e-01 2.637308591747923314e-01 -2.765604310962313517e-01 -2.439177534917328638e-01 -2.499134433351802853e-01 4.606160952229071959e-01
1.728880869163743339e-01 -3.044338687637873075e-01 -2.976997475898000012e-01 -1.683289840953912375e-01 1.412823866574137721e-01 5.298918969447823368e-01
-3.663291955874504180e-01 1.885101469138968644e-01 -1.058843858164151275e-01 3.392080147032541793e-01 -4.899890439356862082e-01 9.870323089503466041e-02
4.188925283240497177e-01 1.152748859878231502e-01 1.110799936257726162e-01 -3.368636626105772636e-01 -1.109099479523496246e-01 -5.034710626416787349e-01
-2.737621833938763682e-01 1.213339109907222019e-01 4.135807950112194153e-01 6.774593899776547579e-01 7.269761824882584045e-02 1.089301272277507504e-01
1.958781990437750975e-01 -4.714095376676321059e-01 2.030534884511218593e-02 -4.521443761815270301e-01 2.874561314657216315e-01 -4.442206581942519106e-02
1.011503797322388203e-02 -4.306537043337773096e-01 -2.564326646317966474e-01 -1.413815663410590839e-01 3.018712066814322470e-01 4.072359526942005981e-01
1.856470463531266768e-01 2.468290236771198964e-01 3.081820359658220543e-01 -5.084367135389941672e-02 -4.032202889513464283e-02 -6.200509161776913691e-01
-3.059214831299841286e-01 -1.653941527341827589e-01 3.249577168451645570e-01 2.939637278091415951e-01 3.962468929964325648e-01 -2.448642460933848075e-01
-1.325436978183515413e-01 -4.759607662101451864e-02 5.496044553531032051e-01 4.392755054830125294e-01 -2.669038548027063279e-02 -2.705087995170525339e-01
2.812804634524629366e-01 3.818114321394707744e-01 -1.508516182162373820e-01 -3.727408012064259424e-01 -1.708039426911783787e-01 3.657453551341380837e-01
-4.046867280679607437e-01 -9.465767615396260271e-02 3.176760911222102357e-01 3.957923168950929216e-01 3.502621068594048981e-01 -8.392032975125246486e-02
-7.195807854621352750e-02 -1.852833976531995386e-01 -4.104874166989440631e-01 1.917732926868464804e-01 2.942278371573704421e-01 4.264801690043328319e-01
-1.313285829282540840e-01 3.764359939550944167e-01 2.651561329312215887e-01 5.192809669452291832e-04 -4.916186204274001215e-01 -2.134849927940253855e-01
1.728511863280402239e-01 -3.761255277302518740e-01 2.404624919003736372e-01 -2.594641003286347614e-01 3.263340976169043506e-01 -3.249169980708225269e-01
-4.648019088225909812e-01 1.868071967729527105e-01 -2.907447799529172885e-02 2.585739277823791982e-01 -5.027489467990624572e-01 6.135234842922384496e-03
-1.780818134157560739e-01 -4.446487663134805063e-02 -4.542171212652733048e-01 4.217484419805224705e-01 2.047988988886454559e-02 3.432700836558278401e-01
3.231658917197358094e-01 -2.108250651125931074e-01 -1.867231765667481114e-01 -3.457666006402180803e-01 6.684643807090992484e-02 5.027895912518862698e-01
2.100226859103628690e-02 2.503234435570121652e-02 -4.985195613464145081e-01 3.562584654401785289e-01 -1.104419149546372464e-01 4.338162191203465134e-01
-1.422893371634240400e-01 -4.732743065628386980e-01 -2.326323524126982633e-03 -1.108183421494916276e-01 5.214758108652837176e-01 9.504811023324878649e-02
-2.584078642841736717e-01 -3.090286639170303773e-01 3.376772329167213593e-01 1.443695740784225467e-01 4.318517742175617680e-01 -1.997857997986086653e-01
-4.435587442295745308e-01 1.437799029649153570e-01 -9.326207973470500290e-02 3.180730538848097755e-01 -4.636896351435225716e-01 1.323432490396191930e-01
-3.115550750172942918e-01 9.757843221911340070e-02 -3.252243147936802470e-01 4.234581497987036647e-01 -2.941035050795041128e-01 2.282563256442569632e-01
1.573061791506757401e-01 -2.531852884686359717e-01 -3.719096639426885953e-01 9.098902167450610701e-02 1.627385076418025323e-02 5.888160028884785735e-01
1.565263663807661687e-01 -1.949166739906131318e-01 4.160145090703577520e-01 -1.558095566415553801e-01 1.588723276300798015e-01 -4.656201167934564955e-01
4.984887875024675008e-01 -6.265529894999699589e-02 9.148888709945715569e-02 -3.761392889346533153e-01 -6.642568162725080716e-02 -3.932909723443619443e-01
4.710178944294989289e-01 -9.094071075733528575e-02 2.281319117583300582e-01 -5.087514303373931179e-01 -2.511015508319344169e-01 1.081295136471791679e-01
-4.516080431554816421e-01 -2.057750128869208772e-01 -4.727379167745848071e-02 5.421500762332591705e-01 -9.558371591132377998e-02 -6.467144151267867347e-02
4.651225946791113786e-01 -9.201693711337004256e-02 1.436799556274968304e-01 -4.158587728621742641e-01 -2.742330339123383309e-02 -3.250411688459544646e-01
1.468491358100903199e-01 -3.684510889779571974e-01 3.028508246186907837e-01 -2.317955025980031614e-01 3.102501627565218412e-01 -3.264288021759921832e-01
1.055292536055955910e-01 1.899066032365082091e-01 -3.560798238895447887e-01 2.151757156724666553e-02 1.891985353596353781e-02 6.256052420597801866e-01
-5.523296391179447484e-01 -6.741267932776609517e-02 1.080734271404353436e-01 3.006355614726077263e-01 -5.040337695106876792e-01 -1.779552256008514188e-01
6.456790143523057079e-02 1.845424436333666096e-01 -4.080737154776164499e-01 -3.348840560563681734e-02 -1.893369237972780950e-01 5.142056235835859024e-01
-2.145508773280451614e-02 -6.360286681019347022e-01 5.944474858548006585e-02 -2.512786797146785989e-01 3.257847450672461953e-01 2.080922336513212068e-01
2.191319533348065340e-01 -4.664911736692434197e-01 -4.725986713740401579e-03 -5.541063436903463923e-01 1.655729958220851783e-01 4.623891943626236983e-02
2.703529965193329776e-01 2.769041944560374779e-01 -2.844820260325662264e-01 -2.700238632351035228e-01 -2.034287052774730875e-01 4.063675631513105069e-01
-4.389181600077675660e-01 -9.508108764089397147e-02 2.901108944538354772e-01 3.937285623654149247e-01 3.467958071291210587e-01 -4.372176660497334444e-02
2.465975539623589119e-01 -2.836511142931309459e-01 -2.062369746920274249e-01 -1.120404626781851543e-01 2.833749971581089877e-02 6.735595232260516152e-01
-1.470601405355713709e-01 2.339910821365575599e-01 3.939876854778282533e-01 1.667636992359713966e-01 -4.073026492045749847e-01 -3.061958245633696896e-01
-7.007349690171622847e-02 3.129269170113717080e-01 4.033379343712539811e-01 -5.649332713490375080e-02 -4.148163502785468526e-01 -2.823772513314535271e-01
1.022740447764449410e-02 -2.615686696303416020e-02 -5.186092833840553196e-01 3.912324307742284790e-01 9.663818227274056927e-02 3.977730308385201141e-01
4.166787583314300880e-01 -1.463309147003013719e-02 -3.908912954838360543e-01 2.965584404939066721e-01 -5.234127611451799833e-02 6.011516481700309722e-01
-3.414195372648314297e-01 -2.401521596934457770e-01 -1.592854086730271790e-01 2.422941777247934469e-01 5.411597163046253378e-01 6.168981925396460619e-02
-2.359616211297459742e-01 3.279370763175182280e-01 -1.830114768637784439e-01 1.664752089539031366e-01 -4.763126893435323250e-01 2.542835176495012450e-01
4.150496366252414693e-01 -2.827126967996745899e-01 -1.524955677191850399e-02 -4.760629947701303100e-01 1.733133096856398492e-02 -3.556784914531946895e-01
-1.462752130418473184e-01 -4.454826552609198465e-01 -1.564618068477936219e-01 -1.683877367369849831e-01 4.989519833844823782e-01 1.714928388313924079e-01
-8.999940096243373711e-02 -9.688885070757181917e-02 -5.230084013155572586e-01 3.912217375644267414e-01 2.264120853059756744e-01 2.917938572770881756e-01
-2.932589104900137356e-01 -2.236819777858428948e-01 -3.756308729619944886e-01 3.719077815034411705e-01 2.826263757180195180e-01 1.731907037227166102e-01
-2.487100316286759982e-01 1.616829644139106820e-02 5.451406610403735087e-01 3.582021079349083648e-01 -4.136775957084440347e-01 -1.233577786378838859e-01
-2.012343079215502539e-01 -3.769998746420296643e-01 3.058067245112652266e-01 1.049679778816411946e-02 4.370951909910099076e-01 -2.349512277990810638e-01
3.838931269353481612e-01 -1.455751513379566764e-01 2.309384200417862465e-01 -3.925406009983213318e-01 6.658221272206457653e-02 -3.624753639252936699e-01
3.604687479707676528e-02 -3.001962663477266702e-01 -3.820593583587137410e-01 8.188852043461053443e-02 1.361687734299462660e-01 5.165418299250947864e-01
-3.887794641820457864e-01 3.850281811403682974e-01 8.964392274330984511e-02 -1.815592468645093882e-01 -5.864276722340293624e-01 -2.582601481401954058e-02
-3.360738424688731185e-01 -1.983460677180924059e-01 -3.079991104341575636e-01 6.315079684099726975e-01 1.705642754690223084e-02 -1.761385617851123075e-01
-2.553592117695716382e-02 4.496257199234272584e-01 2.399504294242887914e-01 -3.735071245485577784e-01 -3.731828736907796262e-01 -2.093847015177855431e-01
-1.958204227132677999e-01 -2.011734782700279334e-01 -3.727570283171289245e-01 1.927809364346247112e-01 3.358670148639104625e-01 3.759595351452182377e-01
5.434015862979849065e-02 1.098416975870674800e-01 5.186099746765779894e-01 5.178929692947611962e-02 -2.751645619296751444e-01 -4.043004615183500849e-01
2.160861880405776370e-01 1.654025712457145025e-01 -3.546776409342037306e-01 -1.277812938874732518e-01 -1.488046555964335771e-01 5.302116026848090469e-01
-1.610994914424923319e-01 -3.513681257779312506e-01 -2.036986814162307369e-01 5.517012923346620301e-02 5.373961228258652412e-01 2.004368918465125049e-01
2.083534909959196546e-01 -3.555393430862391901e-01 -2.820746082718982861e-01 -1.817326151205397311e-01 1.954473796282996667e-01 4.556560073373430719e-01
7.881726610439251934e-02 -5.246236696389803278e-01 -2.461549122752064445e-02 -3.769705984905903362e-01 3.546074130386654977e-01 1.139851066840332355e-01
-1.583489389193229735e-01 -3.025949344608006020e-01 -2.873788262902825519e-01 2.777459672323377982e-01 3.856252536680743748e-01 2.924264905880900045e-01
-3.376742148908544738e-01 2.669216595213105836e-01 -1.716137657566124131e-01 2.752595738716112628e-01 -4.306982441120145721e-01 1.993830545099761209e-01
4.327014260031986082e-01 3.082658685946358668e-02 -1.429912689001964221e-01 -2.831945497062086092e-01 3.802518114467245969e-03 5.546925073706450160e-01
3.185443775481682227e-01 2.157831514589264865e-01 3.571161561205509205e-01 -1.787649188646960874e-01 -3.011854264772269030e-01 -3.396097247881556536e-01
-2.181126835670788577e-01 -3.564820721890331057e-01 2.468890492469840436e-01 -5.433971646761151519e-02 5.371378924288163770e-01 -1.709886530581641029e-01
3.163993020401975609e-01 2.293649224254436791e-01 2.484468582744342458e-01 -2.600709985423576565e-01 -1.468802868829333363e-01 -4.768954988361608915e-01
4.163847844628369987e-01 -1.940558833746937883e-01 1.101842403656678321e-01 -4.433344364422153738e-01 4.889525661204374707e-03 -3.602449099109162334e-01
-4.270547419012900581e-01 -1.051274537081076516e-01 2.589999798015745758e-01 3.649092156406858467e-01 3.843199904443410642e-01 -1.060127451370049267e-01
-3.119747987516753862e-01 8.852054869619881139e-02 -3.438099059522394807e-01 3.078470085329207406e-01 -3.507868869487588137e-01 3.064438169909732279e-01
-3.897004981409404878e-01 -2.219523831902193711e-01 2.233884145694587653e-01 3.245576359318354531e-01 4.182841742778991012e-01 -5.933489255651749894e-02
-2.982929334910285335e-01 2.368153582385357780e-01 3.746402548428936496e-01 1.768772351500208506e-01 -4.819740242530790586e-01 -1.328586460928224966e-01
2.465020367415105274e-01 4.482862066724622729e-01 -2.767212951456631594e-03 -3.962523703305164124e-01 -2.708815887448136617e-01 -2.667074604017881656e-01
4.372792265301447268e-01 -2.943303855093769572e-01 -1.092137918949057963e-02 -5.296900839649331116e-01 -8.354234230334234290e-02 -1.542348586743061967e-01
-3.883429084211167392e-01 -8.117445099148962173e-02 -2.226652775253500638e-01 4.303071529675626117e-01 3.336962710036219804e-01 1.744422155033845401e-01
-3.862767468422687034e-01 -2.509492734879698039e-01 -3.261116950289674743e-02 1.358606598888492667e-01 5.919044885300707159e-01 9.765803001924447391e-02
5.427117861814682032e-01 -1.632504372251122604e-01 -4.356040722432031123e-03 -4.090778148343018339e-01 -2.403836565773591616e-01 -3.012516821026975933e-01
-2.826598841805358538e-03 2.956673322302455845e-02 -4.854858566401634157e-01 2.660153901359744166e-01 -1.871331872133966956e-01 4.530050220823311768e-01
3.305098593609444302e-02 -2.286332298615590675e-01 4.772372372008545360e-01 -1.152397879121062896e-02 2.218018386278641507e-01 -4.144585189819861570e-01
1.640416906314629553e-01 -2.555377159173535251e-01 3.373965387600064703e-01 6.834810047968105373e-02 -5.279689313072713497e-02 -6.371489427746752643e-01
2.168684194788363384e-01 4.327483954238366300e-03 4.979706650284090874e-01 2.260699515492401168e-01 6.927775633529545396e-03 -5.019836190719890734e-01
-2.253889852222187573e-01 1.125697411684849492e-01 -4.369606484888359232e-01 5.046829643371562035e-01 -1.944004439236369230e-01 1.735835791729133937e-01
2.097841016999702768e-01 1.411113854493473985e-01 -3.733683772277794355e-01 -1.269978750798095579e-01 -1.013949837780009078e-01 5.364494952062988098e-01
6.097621100473817751e-02 4.440674290277182162e-02 5.168958415242153048e-01 7.786681185944224759e-02 1.854377691904220415e-01 -4.729652382374951447e-01
-2.602758063308844849e-01 2.702630556029332887e-01 -2.989672072430609728e-01 2.098746256083206529e-01 -3.915353103146338443e-01 2.849690000743281826e-01
2.030610011568783069e-01 -3.147213854406486488e-01 -2.382296082588393760e-01 -2.177522176988314628e-01 1.944574959182787666e-01 5.125387325856369802e-01
-3.757861140084422513e-01 2.033778258536815542e-01 -1.386646667768822450e-01 3.575739362594079762e-01 -4.113174235741309248e-01 1.517364127700361054e-01
1.451361680782065067e-01 -2.242099854181447971e-01 4.103565264957920178e-01 -1.273020034334731987e-02 5.433581988069524638e-02 -5.370031961396021236e-01
-2.421653601355243934e-01 -2.905461296258947113e-01 -2.261412772536275650e-01 1.588824466698159077e-01 5.305171767549861084e-01 1.800799722785971502e-01
4.167856908350426881e-01 -3.318896874990607260e-01 -4.398200569139051191e-02 -3.886170256858402228e-01 8.193090065824054635e-02 3.803751375711302840e-01
-3.157694452482826541e-01 1.151715071420194303e-01 -2.690967301596099426e-01 3.233788973901866592e-01 -4.728553954927916525e-01 2.265984966483634566e-01
5.820364854924222481e-02 4.438042265678548426e-01 2.328035633744984789e-02 -5.180387503467129839e-01 -3.726387499178094864e-01 -1.367318018970487686e-02
-4.159268365507467341e-02 3.088020552073888481e-01 4.289049559160969527e-01 4.215802307891553663e-02 -3.640598580096784942e-01 -3.061070608995636877e-01
3.918550405538605008e-01 4.435592451713433332e-02 -2.789176373338371762e-01 -1.177743711243559033e-01 -1.102725348389498039e-01 5.674675600258984876e-01
-2.595675004015686183e-01 -1.022221684883814624e-01 -3.432007901968515684e-01 4.852648515360618031e-01 2.821363099984146305e-02 3.111777468281076153e-01
-1.507667164655494829e-01 -4.729890740325343179e-01 9.333437246061966619e-02 -1.516847971327918709e-01 5.165289157054027136e-01 -5.107236253771908763e-02
-2.783812301925292498e-01 -2.946851240000352701e-01 1.824844981951186385e-01 2.887789496633486053e-01 5.197574212443898389e-01 5.995829331783229799e-02
2.769919305610934468e-01 -2.432908205484816955e-01 3.400047031970534483e-01 -2.426878300770248242e-01 1.541070906395070328e-01 -4.163073002555769397e-01
-2.717028395912124972e-01 4.610217318700596811e-01 3.513690649671426941e-02 -2.399377575443586985e-01 -5.349984516250880784e-01 -4.813838175165290750e-02
-3.029167631059779264e-01 1.570352434531961383e-01 4.075344320262438980e-01 3.324564952747560698e-01 -3.661633853312998288e-01 -1.604127639107306158e-01
1.064768942401188162e-01 -2.413173116280296210e-02 -5.858690089635040232e-01 2.297806839003842250e-01 -5.945160140782692476e-02 4.058712202403392810e-01
-8.371930252592284238e-02 4.922309084368738374e-01 1.661913930651757187e-01 -3.027570204135683896e-01 -4.485354469684590950e-01 -9.261576039071134359e-02
3.523349543580612808e-01 2.361232526967864676e-01 -1.124320575259029897e-01 -4.207180668106160759e-01 -6.378029391480022348e-02 4.465374310794880675e-01
3.002927246440788012e-01 -2.219276303167414532e-01 -1.654254620327270109e-01 -6.964871151935752014e-01 -1.653652106420239742e-01 -1.085867113976003162e-01
2.813863077534144996e-01 -1.196377752967062169e-01 4.208347624492880801e-01 -1.633056798858379399e-01 -5.063470429925788496e-02 -4.721868567304337017e-01
-1.272097219402264223e-01 4.415448907306336324e-01 -2.287229797658212882e-01 -4.640823331308670252e-02 -4.303243097519038329e-01 2.543041588978141587e-01
-3.970028474016261133e-01 -1.018092086912649324e-01 3.558166343848009894e-01 4.646045756247114134e-01 1.943973640033841987e-01 -5.636574621680062736e-02
2.083016394848421771e-01 -1.155858110017680407e-01 3.565042175041865380e-01 2.016579848288627963e-01 -1.079095511374553451e-01 -6.434442496116481447e-01
1.896061365706092072e-01 -2.259292251315362376e-01 4.274136387771494405e-01 -2.680771449202090650e-02 5.435464760808306206e-02 -5.077900800725579922e-01
3.855627637355932280e-01 -7.636607612584686566e-02 -2.613214645259672175e-01 -3.599203861358267198e-01 3.358886711443612727e-01 2.624159664554003846e-01
-4.120119462818252337e-02 -5.258644492330750708e-01 -2.859789870100607270e-02 -3.906050543150586529e-01 4.104346008682777658e-01 6.913108257655672245e-03
1.651690131496029723e-01 -4.902528038172481173e-01 6.900017752958464978e-02 -3.903768003949220633e-01 3.263745345766183581e-01 -8.748828607365147225e-02
4.180396109975946795e-01 1.503372973655583145e-01 2.765053053361083424e-01 -2.945202202575036843e-01 -2.193135857178767634e-01 -3.198307672918538347e-01
1.680753139275666108e-01 5.124174546995725610e-01 -1.147510858223198815e-01 -5.127629342260657808e-01 -1.628152809236169674e-01 1.690094339719543093e-01
-4.658897405328346619e-01 2.856440941488128365e-03 -1.671590721515280042e-01 4.293460188903880925e-01 -4.336514267921376953e-01 -7.763915003042137775e-02
3.202358587614016067e-02 -8.020784222444295175e-02 5.597958172755195250e-01 2.348998940628079235e-01 1.764073496290249898e-01 -3.851855830105157530e-01
1.048615492224228007e-01 4.594964967733097816e-01 -2.411404936496653884e-01 -3.071367031707736839e-01 -2.723881241646708973e-01 3.016323332857111517e-01
-6.023013852160124387e-02 2.494325920496926752e-01 -4.074327568507294939e-01 9.001242744257617612e-02 -2.760269493683253916e-01 4.300154156980354192e-01
-4.055461131967261212e-01 -2.244476906411899675e-01 -1.384162385038475995e-01 2.672517413261627506e-01 4.304570344555490591e-01 2.057390287744005342e-01
2.431729861230373657e-02 -3.173258092188577795e-01 3.774573162329317166e-01 -1.031574619039977020e-01 3.294966636260949766e-01 -3.744541639654039300e-01
-2.990939318258968860e-01 4.415409058469037529e-01 1.261868387054103924e-01 -1.346068700241108695e-01 -4.830109509889544128e-01 -2.175396085185154205e-01
1.133346367730041493e-01 -2.513190522389288084e-01 -3.860948312534009386e-01 7.936235327017844565e-02 2.159154708084328744e-01 4.973856633962026041e-01
2.438816194703068430e-01 -4.275033627778171419e-01 -1.253020678136741450e-01 -4.633441727527720655e-01 1.629765798052294490e-01 2.634975158043648680e-01
-7.417547038517498248e-02 4.728483170989189466e-01 -2.380482777460148427e-02 -1.542949717325968195e-01 -5.078530884087822939e-01 1.545364706928586684e-01
2.998102119986018055e-01 4.487088125199689692e-01 7.415940746335926426e-02 -5.602309105270621981e-01 -3.465544101911405273e-02 -8.920602941176665468e-02
7.304904702859772725e-02 -4.811588510616010006e-01 6.491251381447150914e-02 -3.332351489128203004e-01 4.252747577564913173e-01 -5.046194147457930268e-02
-6.340747191326875920e-02 -2.876803425450906171e-01 -3.741691192285857559e-01 6.351752607031554976e-02 2.789264402093928896e-01 4.399849194050629020e-01
-4.189642859985046597e-01 -3.776301913714905090e-02 1.615360941587225541e-01 3.369999490472500581e-01 5.811301530104930890e-01 -5.174615264282417249e-02
3.341240182834543937e-01 1.007362883566682576e-01 3.463960487274175826e-01 -2.175609882965781061e-01 -8.559149307677649254e-02 -4.665772665670514519e-01
-1.649409725723662706e-02 2.929923134885124569e-01 -3.524488217510351462e-01 -4.294184632672752577e-02 -3.193636428209049583e-01 4.376908490297301557e-01
7.975373016002369753e-02 3.809054731729669685e-01 3.334231295916171844e-01 -2.466874196317173085e-01 -4.169568793625698655e-01 -1.733823973406615759e-01
1.552894885604231938e-02 2.795925531087659621e-01 -2.931593438168020871e-01 -1.034988771266545649e-01 -3.394834997926848841e-01 4.830991294804578562e-01
-9.145028091581328122e-02 -3.026845926957105748e-01 -3.468514066010203734e-01 6.715720771286329271e-02 3.720339413260781436e-01 3.739804492422078019e-01
1.934272727296944272e-02 4.138719043454402446e-01 1.142566838945164032e-01 -2.894265572577092160e-01 -5.316615695982698231e-01 1.116459601987848660e-02
4.191688658883183649e-01 2.072830688505477303e-01 -1.021966798655518927e-01 -4.529000697982203949e-01 7.094912321408311517e-02 3.678127101233513718e-01
7.805490285090573022e-02 -5.294469706953375265e-02 -4.977135665720961444e-01 3.532333813788292032e-01 -5.966169305659149019e-02 4.636561265844788005e-01
-2.015641445675871168e-01 4.543257722942600774e-02 -4.717624082032569888e-01 5.034272277723786937e-01 -6.187883929576536157e-02 2.292878216730113161e-01
-2.606944449133840463e-02 -2.331609800568272550e-01 -4.188194224333314231e-01 1.290204937021678655e-01 2.801799002092338897e-01 4.252352272895403851e-01
-9.032770266056291963e-02 -1.954796216323315683e-01 4.880789845095371282e-01 1.554364175355375244e-01 2.406999080322193563e-01 -3.775695672283190252e-01
1.480783642696127111e-01 -5.547950058354318703e-02 -4.911357233513655163e-01 2.123007261893616326e-01 -2.159325061518115318e-01 4.938162151885603923e-01
1.450851708512429505e-01 1.073154291275395800e-01 -4.137933239268699048e-01 6.514378441407817077e-02 -2.265240339953214499e-02 5.744969862769280233e-01
-3.049271673372633273e-01 -4.484302484531753168e-03 -4.089003529446906260e-01 4.585025199374510585e-01 8.366611763187023487e-02 2.309469851141104924e-01
-1.651453546583808163e-01 -1.352638609268971837e-01 5.001072148225286229e-01 3.939028432724464568e-01 9.535424744635831451e-02 -2.963100128167509562e-01
-3.334139161489633185e-01 -3.556070316178830404e-01 3.444702119873616075e-01 4.982420109749782222e-01 1.996753353807841358e-01 3.476185099362145148e-01
5.486816629889662567e-01 -4.160384775171539762e-02 6.871151156750776590e-02 -2.965523206227184128e-01 1.211862123657082985e-01 5.777094578058870056e-01
1.291884174047514553e-03 -4.243557203032700120e-01 1.747966946069948180e-01 -2.090909782543082795e-01 4.832493351232932111e-01 -1.885104957438109019e-01
1.782550239809917447e-01 1.646993430590555085e-01 4.622352889942722420e-01 5.092892428463766108e-02 -2.328243625354793622e-01 -4.464797201403318816e-01
3.312550399290049019e-01 3.758676443364603569e-03 -3.808077071529519242e-01 7.267026909732576812e-03 -8.583222279244534514e-02 5.610018480087817228e-01
-6.484556495642592733e-01 3.664988395782182301e-02 -3.703850788357666152e-02 2.778764191524781824e-01 -1.890185795108491051e-01 -3.386718002480947898e-01
4.082951167821687877e-01 1.401373465769563398e-01 1.859756773643977956e-01 -3.560270241218554954e-01 -1.325205084056731708e-01 -3.983781187558639303e-01
3.089002972318087292e-01 1.095239482599542624e-01 -2.973885167684224839e-01 -1.927393666631794233e-01 -6.270150034947613582e-02 5.503709081031644690e-01
-9.349939351315054992e-03 -5.287873462596045515e-01 -1.129750581535915732e-01 -3.294245332191974573e-01 3.294043342823571585e-01 2.883468747243330688e-01
-4.634472120207946411e-01 1.392632012463174418e-01 -6.581740735314374480e-02 3.623533406113781385e-01 -4.243053063619797172e-01 -8.688834716499954647e-02
-4.783943645525368105e-02 4.790839223939732383e-01 7.024165828260664664e-03 -2.803417862242876812e-01 -4.866506446691366561e-01 1.223472048590869693e-01
-4.440959270902801737e-01 -2.157573460598918164e-02 -1.434249829776039487e-01 4.930154842852264019e-01 3.118371993878968906e-01 -4.018730518797820894e-02
2.950146815754521312e-01 -1.924008045656933064e-01 -2.595969776681749663e-01 -4.059687847540566219e-02 5.327569655670030824e-02 6.498027900668339463e-01
7.287754352553803272e-02 -4.680323973691059847e-02 -4.681975340587519741e-01 2.770480307713894530e-01 1.036040339235502622e-01 4.991142378988826511e-01
-1.772334361624975929e-01 -3.301276242666931204e-01 -2.766687166873757486e-01 4.794349837606767806e-02 4.963495208621412913e-01 2.393069384859147219e-01
-1.601748766481425265e-02 -4.302632765858460107e-01 -1.780222629514668087e-01 -9.838075361986661771e-02 4.040297448454373552e-01 3.671120753655002789e-01
1.051819169408298310e-01 -3.558456637959773738e-01 3.399164394235750231e-01 -1.585315466934866802e-01 3.256862983148546276e-01 -3.427030693214882517e-01
3.384604166921199031e-01 -9.299605762879004089e-02 -2.810492257142026551e-01 1.564302780362860634e-01 -2.580025979724845375e-02 6.999450420441367671e-01
-2.941575434765587582e-01 2.061728706826591595e-01 2.398219770386444682e-01 2.212738249782463251e-01 -6.298586968471331371e-01 5.172167797858101546e-02
2.074376713614261014e-01 -3.037479611101577825e-01 2.839840649976697606e-01 -2.470003102458388500e-01 2.372651143738858659e-01 -4.236817975589549090e-01
-2.617392821179864160e-01 2.685501791621046630e-01 2.253113881396084095e-01 1.592842269588831128e-01 -5.903059834194362976e-01 -6.641673323422983555e-02
-6.807419133121787869e-02 -4.553348912107344493e-01 2.378946917952078910e-01 -1.450954774826154758e-01 4.645678721953246937e-01 -1.466136011680005957e-01
1.418776416528397533e-01 3.345683201023283426e-02 -5.064968866279082604e-01 2.326109231716768644e-01 1.835310799933717596e-01 4.780056231287296287e-01
-4.082696719775157912e-01 -1.050557614669094392e-01 -2.551221557697708753e-01 5.585134943581269162e-01 -9.187142306242669643e-02 1.355228823413656691e-04
-2.747926230483789256e-01 2.535356886818418420e-01 4.232775513565374403e-01 2.579289201765676554e-01 -4.198065819060405879e-01 -8.938017463965430842e-02
-2.954340134176083876e-01 -2.485290844450100955e-01 3.297248323115207769e-01 2.295584072800924136e-01 3.813364791695333933e-01 -2.426844006525377684e-01
-3.173902068820629863e-01 -3.759880440021934889e-01 2.301804921679757865e-01 3.105360119454614320e-03 4.933046659235127973e-01 -1.461342378153156762e-01
-3.075491269181406806e-01 9.888402379557481581e-02 4.486121824433447758e-01 3.618379623064544304e-01 -3.227704341053534431e-01 -1.630482159083045390e-01
1.404987961003193730e-01 4.591338637118614341e-01 2.113943482433877641e-01 -2.791030639041782724e-01 -3.000041102553275274e-01 -2.862438893969261322e-01
8.993340033203631526e-03 4.978314013235786706e-01 4.893621955968570358e-02 -2.558554854772401854e-01 -4.584883439085282730e-01 1.726602855490346478e-01
-8.573164243860562084e-02 2.760697700488289330e-01 -3.702457505192069398e-01 3.111756469924398250e-02 -3.177553663448409171e-01 4.258182985235163809e-01
2.183806023353502546e-01 4.266789532667040197e-01 8.229052197315249451e-02 -2.500005379531810012e-01 -4.517105378287026296e-01 1.774273148304259251e-01
3.779911620511582915e-01 -3.333809579276226231e-01 6.137207762681903128e-02 -5.027265802346805312e-01 1.016164127641315251e-01 -1.260140102084188474e-01
-3.454720039560826850e-01 -4.339906790219562049e-01 -8.717495814963359402e-02 -1.391569015644432972e-01 5.052539289301704040e-01 1.871490199455800862e-01
4.509328452182578273e-01 -1.387410090809420571e-01 8.019164611033584300e-02 -4.140168980720175806e-01 1.213573415380178599e-02 -3.984503390236094900e-01
-1.247711392447546086e-01 -1.418088846338907277e-02 -5.496651245478881842e-01 2.491963550147515971e-01 -2.211029522901944433e-01 3.543987961673019660e-01
-4.494424373863014632e-01 5.258672582290831177e-02 -1.759488672824027766e-01 4.133565220840386689e-01 -3.409249724388919156e-01 1.414255155338734471e-01
-1.839144087493571889e-01 -2.495838353316001956e-01 -3.861868393745970240e-01 2.741975786051051855e-01 3.182335246727329148e-01 2.977114372132698139e-01
-2.139776109147064481e-02 3.334271025075011829e-01 -2.982528467385111015e-01 -5.191436641131401408e-02 -3.688109494352148632e-01 4.130350381600383369e-01
2.072744575357095831e-01 -5.109134703422308910e-01 3.771628543213141616e-02 -5.455847953847510201e-01 1.472411291609074802e-01 4.367182444296864585e-02
-4.735688699511305527e-02 -4.461720052012647653e-01 -1.492106597836522774e-01 -2.543485084673072771e-01 4.555204777039785213e-01 2.304011615713859595e-01
-4.750146016637050300e-02 -3.600835050519067271e-01 -3.073411394915248618e-01 1.464780791351281281e-02 3.816778337852245184e-01 3.604369558992129852e-01
3.415791907039315012e-01 -3.996174259852366961e-01 -1.809397435524936690e-02 -5.697065487443213616e-01 -1.376527076097600055e-02 1.256989857889939666e-01
-4.839932342288359446e-01 -1.300824837056756278e-01 -8.184027755554509898e-02 4.962728463548372049e-01 -3.272912817621957959e-01 -6.816178252772259194e-02
3.053159691071425375e-01 4.402764331770016581e-01 -7.749833943389765854e-03 -5.143143531449584360e-01 -1.288256382596378313e-01 -7.354472076176811479e-02
1.746426077716368153e-01 3.487943729611932553e-01 -1.994807410085769339e-01 -2.701862355148410000e-01 -3.038181592629730088e-01 4.138904214733053477e-01
-3.082664632125968751e-01 -2.773681462630601113e-01 -2.004880706237547050e-01 1.753785250926720440e-01 5.601231208289285668e-01 5.386582227323136185e-02
-4.844815533433400878e-01 -8.335309249526034331e-03 1.223563648018753669e-01 3.704624836353651585e-01 5.102205170886652263e-01 1.092969388853312351e-01
9.652358823713363956e-02 3.349585331379802966e-01 -2.844760505611108603e-01 -1.778849630362040468e-01 -3.142946352414428546e-01 4.248689080713928257e-01
2.396867604979489516e-02 4.826704655229392960e-01 -1.776544264686854002e-01 -2.277506209175263752e-01 -3.524322906254158672e-01 3.114680348921667896e-01
-5.388640963085438752e-03 1.420658877576779500e-01 -4.569649454380641518e-01 1.690035240130353944e-01 -2.179344113641109859e-01 4.595431873284508417e-01
-2.235607389794281308e-01 -4.577767240848693575e-01 -6.041263233906715713e-02 -1.091734148539476035e-01 5.179331641776069306e-01 1.264181842470579187e-01
1.677233930588701016e-01 -5.845917003373199972e-01 -1.302062632956111354e-01 -3.498550569726179837e-01 1.605780442093833749e-01 2.903107992300411055e-01
-4.111502692673960069e-02 -1.755753850300430519e-01 4.925430181485858649e-01 7.639408121963361942e-02 2.014905977941101600e-01 -4.261587039024285484e-01
4.071724261993713706e-02 -3.786474915221402920e-02 -4.705675241225432126e-01 2.769147021655687935e-02 -2.876804327707946363e-01 4.976382667460492737e-01
-1.611441261514033607e-01 -5.066688480902085956e-02 -4.880702109673792366e-01 3.556599826103866713e-01 -1.213176313265919709e-01 3.651132307281577116e-01
1.645931418993245854e-01 -2.626692511905625027e-01 4.404124904870094226e-01 1.925820976262898609e-03 6.118418285357568598e-02 -4.916059084523745626e-01
-4.294339762134621180e-02 -2.877096183766012505e-01 -3.586066419104521619e-01 4.699895709889122947e-02 2.847935008972324322e-01 4.563476827293460603e-01
2.691954469906540082e-01 4.103534401079746430e-01 -1.396597675859395093e-01 -3.610168295183705522e-01 -2.051873795520840482e-01 3.335653224817107798e-01
2.610728420472189226e-01 1.182316984032206510e-02 -4.570880195333936191e-01 2.976507099750292373e-01 6.291270841596284524e-02 5.409359875055070876e-01
4.676513091732839023e-01 -8.413036756992833820e-02 2.699457222305320370e-01 -1.693669411237144207e-01 -8.875772940238810249e-02 -5.008891085283162514e-01
3.783524638775469517e-01 3.196591851365136461e-01 7.701921473166693788e-02 -5.623659661210995697e-01 1.735181506775651528e-03 1.952273505638503770e-01
4.329415397584165937e-02 -4.585108019980836946e-01 1.436561107588847364e-01 -2.583306766920648867e-01 4.532568620795156544e-01 -1.350950116909354071e-01
3.205229847606660409e-01 4.113876664250002979e-01 -8.359780635167354812e-02 -4.543447291069774852e-01 -1.101205066552593537e-01 2.736265648998155164e-01
-7.373963391120465227e-02 1.169124978220592026e-01 -4.548674175048946777e-01 2.340602158466394966e-01 -2.015916702900148461e-01 4.416895228978241494e-01
-3.990339125248766328e-01 1.216288350419296727e-01 -3.662735198257080493e-01 3.732977322986124058e-01 -2.648569904112848539e-01 1.378420791473760620e-01
2.603141934306863470e-01 1.402639731613065932e-01 4.402823998437764841e-01 -1.107669943181476824e-01 -1.672178253439522144e-01 -4.359331533660978364e-01
-2.851595494124575803e-01 7.379909862968959955e-02 -3.852360426351290057e-01 5.842236540195905325e-01 4.740163756906427828e-02 1.081968501069163757e-01
-1.597849412177968498e-01 5.224851166245103595e-02 -5.094175945127250582e-01 3.759139851493453754e-01 -2.236897576803552057e-01 2.886329877194966365e-01
1.272874538178059844e-01 -4.347803398430921118e-01 2.485388934635533453e-01 -2.394364767441991559e-01 3.754051958321645288e-01 -2.087498080541541068e-01
3.304300413020052063e-01 -1.409586298912813840e-01 4.592939161910095658e-01 1.976661594832669622e-01 -3.055973653864736683e-02 -5.256862034210229018e-01
-1.875559284322592946e-01 3.567297536474522412e-01 -1.951093131526350777e-01 -7.540255216568310381e-02 -4.680122387596553080e-01 3.591670314196028779e-01
-9.509603000075765589e-02 -3.821307543372702287e-01 -2.706076729406195480e-01 -2.699529381139012529e-02 4.580650507832835783e-01 2.673823816034124889e-01
3.911568981007890189e-01 -6.559944391087334237e-02 3.681458788074790101e-01 -4.099574502804237408e-03 -3.160921724825073442e-02 -5.497958324990659396e-01
2.595723636459718042e-01 -1.683742437037041573e-01 3.745569529452538737e-01 -2.197484900416910580e-01 1.346181978334032581e-01 -4.491220498170556685e-01
3.875666128980224112e-01 2.726564941196830127e-01 -1.369119326488855981e-01 -4.252163893772125114e-01 4.792435298494099327e-02 4.005629560235526299e-01
-4.165726209054355089e-01 1.428919799766589505e-01 3.157707426378083548e-01 1.521064483125760813e-01 -4.619782242327248323e-01 -2.416663859184392527e-01
-2.419112493705550537e-01 4.564207047980570198e-01 -7.296021226052069875e-02 -1.523201397089542775e-01 -5.028473777218265273e-01 1.949542870265258965e-01
3.382111763488789280e-01 1.555796532371054586e-01 -1.950827441717910837e-01 -2.544041943357084334e-01 -1.203063435005749249e-01 5.616827011495619804e-01
-8.750368173401960881e-03 2.206660776330238438e-01 4.812057811034149979e-01 1.572073462042757885e-01 -1.652447961781839669e-01 -4.262802157653010071e-01
-3.909690984361449684e-01 -2.514098948835472580e-01 1.834619316101652187e-01 1.926604715602335260e-01 5.155756467339788207e-01 -8.320209666420186334e-02
3.468170940769595423e-01 -4.035088828057983856e-01 3.320758551633840039e-02 -4.919038268332502351e-01 1.147241496542196759e-01 -1.340698513806432290e-01
-2.107420014161606736e-02 -1.261190250688177805e-01 5.127885903671096646e-01 1.341953377695807026e-01 1.478633154016493201e-01 -4.363294463950037061e-01
-1.879726262326335828e-01 1.831649844952319417e-01 -4.399273469730989317e-01 1.792185897825992191e-01 -2.679467308113283042e-01 3.735029396491952869e-01
-1.204902908021314584e-01 -4.279772957471657535e-01 2.260884790683565237e-01 -8.201646710646837146e-02 5.129962551166298290e-01 -1.101979189096395084e-01
-1.135006584236197269e-01 1.814643871564359384e-02 5.326419161661859469e-01 3.875701686610851238e-01 -7.339061498367335790e-02 -3.279096476838242458e-01
3.794989860639428336e-01 3.042248926100538653e-01 1.894995807620931394e-01 -4.363025973628550380e-01 3.747123204391522577e-02 -3.236380821051871859e-01
2.582543192061455550e-01 -2.134593620609600562e-01 -3.192866663091710189e-01 -3.546841809563389125e-02 1.656080984146928725e-01 5.582296093236455148e-01
2.674108457586785725e-01 -3.749348749361656741e-01 2.411319094681038111e-01 -3.463203861728045840e-01 2.617908642374507378e-01 -2.256810166871985324e-01
3.534362176231602426e-01 2.445649208439317768e-01 -2.423312725061138595e-01 -3.068174494256435958e-01 -1.015498589248462480e-01 4.242042887164045872e-01
-4.525563289625748054e-01 2.624196251401482716e-01 1.204470308065888895e-01 3.933146369699500600e-01 1.382019106472802128e-01 -3.982747331464436824e-01
1.940363104957524010e-01 -4.559672146193210485e-01 2.140362554087888725e-01 -3.633448925820539355e-01 2.781642802019876348e-01 -1.737486627700489394e-01
9.680696039113001819e-03 -2.852099890257969173e-01 -3.397686065269711064e-01 -2.818215287326987506e-02 2.564522957469374531e-01 4.999744338889761663e-01
2.036999617730915757e-01 -1.664851198531922816e-01 2.678160829442740587e-01 1.429350520691741455e-01 -1.003008910146169080e-01 -7.281393746951315693e-01
1.600626842565137653e-01 1.525009216172653337e-01 -3.716663543821503435e-01 -8.328986239229155264e-02 -1.536302009840265492e-01 5.486940499239094660e-01
2.783658201736407545e-01 3.207345260717547331e-01 1.938511247087200406e-01 -3.545259117019068373e-01 -2.532524860652273779e-01 -3.257515750741332150e-01
1.529993574797939848e-01 -3.225693194138371522e-01 -2.979659362638009124e-01 -1.570409152114780049e-01 2.108330618355426234e-01 4.890263946943939621e-01
6.603877881405116612e-02 -6.845797594997507507e-02 -4.413466192732445892e-01 2.494624978355940992e-01 1.201900612776942712e-01 5.234163865216781009e-01
1.413575439420955704e-01 -3.894362900344979783e-01 3.556535201036894467e-01 -1.814573103465813297e-01 2.769751911047251269e-01 -3.164225973535574887e-01
3.872413808058831983e-03 -6.664966425608687128e-02 5.341840804597932646e-01 3.194252281840465058e-01 -1.616787117938515289e-02 -4.133801706108950480e-01
4.832783539048144533e-02 4.832945262514608542e-01 -8.144673035479614576e-02 -4.831770196815023954e-01 -3.407942115565267827e-01 1.144622823346340829e-01
-1.575258516961920985e-01 -1.440475336265668316e-01 -4.307397593927270174e-01 3.920790895882549365e-01 1.809364795280324067e-01 3.388833949559780789e-01
-2.277354271257934215e-01 4.402899343544163235e-01 -4.528160227598270610e-02 -1.360764003915295450e-01 -5.267365358354956228e-01 1.923282223739398999e-01
-6.230420722724115679e-02 4.450832411194280969e-01 -1.494079641545925374e-01 -1.033529239209184936e-01 -4.656625820910381686e-01 2.615142284348224155e-01
3.047415311138626515e-01 -3.255075841992025598e-01 2.196210812727206474e-01 -4.182340757525159769e-01 1.605034763770434858e-01 -2.713977787252879192e-01
5.405846047762645767e-01 -5.302028331093849162e-02 4.613416755796855701e-02 -3.814208660579413435e-01 -4.214292228000851015e-01 -7.294884993939110274e-02
-3.611661850961602194e-01 4.875895724475703963e-02 -4.010751764682259357e-01 3.833146698296305277e-01 -2.387124102886850063e-01 2.015096470192367373e-01
-3.976149314348530472e-01 3.080023882135998203e-01 9.274752348384089629e-02 2.657219241798519649e-02 -5.974701331719476372e-01 7.915351843911093421e-02
-6.136090819047199663e-01 1.686909881590921700e-01 1.114183732969838275e-01 1.626186090145511631e-01 -3.796521915667365188e-01 -1.996930683092416059e-01
-8.760830152753603869e-03 -3.352086251285482099e-01 3.930137129343684865e-01 -6.975289117061331257e-02 3.309822407984207571e-01 -3.502693412571480369e-01
-5.392521420534610588e-01 1.273380881896780427e-02 6.536644461335539003e-02 3.174692591530532404e-01 -5.030236650826162004e-01 7.012762402644766302e-02
2.026102924091270630e-01 3.667058502649296892e-01 1.968438116212725963e-01 -5.530072690215409592e-01 -2.539670150045758024e-01 -1.245811186657513892e-02
-3.644611376801997760e-01 1.261928270624605997e-01 -2.093539949586895044e-01 3.616303718350388219e-01 -4.469787584989950435e-01 1.704689286713214624e-01
3.410676378934613395e-01 2.608133069474433685e-01 3.413404793835123074e-01 -2.276177866551485907e-01 -2.896039462695713662e-01 -2.699186598258772607e-01
-4.510437260303425816e-02 4.221158236210416359e-02 -4.542645788664255169e-01 2.957316931665586179e-01 -1.525622599511484989e-02 4.841000769435232498e-01
2.216178400159356937e-02 -1.577868870229663933e-01 -4.387351747823291515e-01 2.112336062475147491e-01 1.673561214786083995e-01 4.878358532857578478e-01
2.941100176888113427e-01 -5.572431047039422963e-02 4.259441128033959467e-01 -1.547832027007498557e-01 -8.527165788016673187e-02 -4.671526518023969565e-01
-4.683446888355729532e-01 -5.407411750463828048e-02 2.053033892798218074e-01 3.968163402549163554e-01 3.978191961679348188e-01 -1.215655370073487340e-02
-2.985927749058508995e-01 2.264726480769727324e-01 -3.558653869349293619e-01 4.491609858079012030e-01 -2.129381065233596770e-01 1.419121759182060960e-01
2.393805792947652222e-01 2.641629874887452267e-01 3.056725624637954275e-01 -4.437376707973847423e-02 -1.386634220431713915e-01 -5.645080824009376386e-01
3.227725124489655983e-01 -3.436463732966077433e-01 -8.919676704342226203e-02 -5.683738898481833779e-01 1.098818871066389868e-01 -7.615043850039199258e-02
4.280159585422037005e-01 1.375390106372867682e-01 3.674555830321991623e-01 -3.755653283328889702e-01 -4.228347514495447435e-01 1.668605627828891880e-01
-2.483608926348991053e-01 -1.882632855584139009e-01 -4.120897030881736089e-01 3.538221283524097815e-01 2.838168212692901982e-01 2.317394528003601240e-01
3.611138426905480259e-01 1.377118468985456257e-01 -1.848260423015054277e-01 -2.665968320204519237e-01 -7.831001281236035783e-02 5.630468512980038032e-01
-5.812658325096566048e-02 4.573255074045027291e-01 1.882355689265319543e-01 -4.177051679891961022e-01 -4.513447484795916065e-01 -2.394738861055595303e-02
4.355771734136637541e-01 3.233107810334109322e-01 4.914560539845828219e-02 -4.851770177374661319e-01 5.272426563371729324e-02 3.302054872056630064e-01
1.729152629178666023e-01 -3.297407506422952439e-01 3.945591956539453160e-01 -1.522766474386158253e-01 2.441493719850713617e-01 -3.570393332093352856e-01
-5.156263038232861140e-01 1.704867412809985827e-01 7.874382460369665215e-02 1.728281785976826246e-01 -5.389527251317478562e-01 -7.200785575335190425e-02
4.134549265803179052e-01 -2.831295698806064465e-01 2.365489092274676228e-02 -4.596711249023960333e-01 1.084743597256571102e-02 4.125358730391382456e-01
-3.376733815527428462e-01 -1.411552511903104434e-01 -3.576512696464212993e-01 4.111912334253308154e-01 2.319574471024460627e-01 1.900609748820717981e-01
4.331474279020820495e-01 2.113551878054667488e-01 1.098340146427108921e-01 -4.454468475565465102e-01 -5.967132124268509363e-02 -2.833793250655186613e-01
-2.892420021485779258e-01 1.227101471424768692e-01 4.313063031750155596e-01 3.173994475313293706e-01 -3.407092314651909981e-01 -2.146260702675481524e-01
3.008339254299177146e-01 3.597785489623944732e-01 1.781959642952657685e-01 -5.722719030592113842e-01 -1.264952699000936875e-01 1.432104623379741870e-01
-4.408023696975554850e-02 2.294008041522633545e-01 3.985732587130380589e-01 4.413991682815436579e-02 -3.569838815641189766e-01 -4.066411256723705403e-01
9.956864683850233377e-02 4.852064055833946732e-01 -1.891263158938062405e-01 -3.289993635353043455e-01 -3.084480894598086165e-01 2.426629880287837771e-01
1.344901220908655270e-01 -4.247538592515851530e-01 -1.068011379449067128e-01 -5.731475289957721486e-01 2.290450010572141482e-01 1.611466275309436091e-01
-1.763822555194430597e-01 3.505851104038098520e-01 2.570470022525236375e-01 -3.626690433299603611e-02 -5.756749896682151757e-01 -9.282428175984130947e-02
-4.448415645740556035e-01 -2.789610795455830794e-01 1.402494314243113716e-01 7.144993889361961337e-03 5.663720174966064835e-01 -1.445664845871637294e-01
2.744409547320373222e-03 1.690232888155618340e-01 -4.184832442844305112e-01 3.444821918825864693e-02 -1.960495822158200840e-01 5.119557205548302958e-01
1.238927106511148180e-01 3.764957236398761009e-01 3.746314316244573894e-01 -1.305161871186178713e-01 -2.793884591656746186e-01 -3.360668527980425480e-01
-2.106121364647182415e-01 -4.621068087362109611e-01 -8.981921441747633961e-02 -8.509515232273315299e-02 4.531034621711974020e-01 2.931111274431406066e-01
2.029645354874201335e-01 2.616722179374080248e-01 3.676210075208737327e-01 -1.335127197014218392e-01 -2.256418401757616654e-01 -4.381755334904768318e-01
-3.303549914471069493e-01 1.548218374687544974e-01 3.727400864785984091e-01 5.220391478930421769e-01 -1.255871645933963054e-01 -6.861580481670870313e-02
2.374872610690665908e-01 4.089129083666405151e-01 1.871692696573198644e-01 -5.571730949854898363e-01 -1.980992283092439799e-01 1.800149392607810761e-01
5.897715295476048114e-01 1.593775076888928610e-01 2.127854896961098308e-02 -1.813838894033555915e-01 -2.871958995652756919e-01 -4.324741499270140510e-01
-4.342023474355480861e-01 -2.302869020889745655e-01 -1.662309163787354105e-01 5.396766980427180060e-01 -1.803476908942842072e-01 5.527682606742273519e-02
-3.479523492779277305e-01 4.022941840875948194e-01 1.092591620394108148e-01 -5.233623233752626724e-02 -5.310771357879813248e-01 -9.428221124573736567e-02
-1.109972362001467594e-01 -9.027774697619400657e-02 5.774083097391122799e-01 3.098456786338772417e-01 2.244378051512958550e-01 -2.733827117715120769e-01
2.087584580390523248e-01 -4.468076240417002132e-01 2.091874615863195952e-01 -2.700892673385714149e-01 2.779995980502475983e-01 -2.861501472261243073e-01
-1.460617082108982279e-01 8.010758413254473465e-02 -4.335910992278630971e-01 4.249332248618461483e-01 -2.318487350072000186e-02 3.808384278653854649e-01
3.571745775664356692e-01 -1.158316621548744624e-01 2.869133503162759058e-01 -3.169126145346035095e-01 4.763411312756350713e-02 -4.334236525904526238e-01
-1.167041656739999794e-01 5.420926642455290434e-01 6.554090539085311029e-02 -5.371375479840064804e-01 -3.651670261318552546e-01 7.629382386448804731e-02
-3.877924097038319973e-01 -1.140253423340421152e-01 3.909190683023385793e-01 2.862750092574353200e-01 3.206974245134424639e-01 -2.062820960295496109e-01
1.218831536168543533e-01 -2.721639411338862558e-01 -3.057698946254497896e-01 -2.516162465040479301e-02 1.936594910958390758e-01 5.668046656099785530e-01
1.792120981902614596e-01 4.357569662158276014e-01 1.931116965040715894e-01 -3.331199453434423030e-01 -2.767500072769129016e-01 -2.863147210959541278e-01
2.869981630429640496e-01 -4.041154548260044166e-01 1.643893581873304144e-01 -4.055309297512925126e-01 2.198411536014661660e-01 -1.976625806740052727e-01
1.035315857658142685e-01 -4.160071406966440732e-01 -2.175056447045304042e-01 -2.432368213172834692e-01 2.612659349621694882e-01 4.313802103090474960e-01
3.277238477345227885e-01 3.394719724691528384e-01 -1.234661505119673680e-01 -4.138319726209414018e-01 -1.478507447091584326e-01 3.376320327623568152e-01
-2.990357939175342095e-01 -1.882876141309636486e-01 3.958176104798331596e-01 3.139013476238236011e-01 2.795661314148051302e-01 -2.409091231335000471e-01
-1.143041318704914877e-01 -3.616261600894160044e-01 2.983249459113084812e-01 -7.154746189419554370e-02 4.600818206499371343e-01 -2.699776685132541654e-01
-2.296300330023338943e-01 -1.594853932112682837e-01 -4.211805756994831951e-01 3.232320552879632825e-01 2.519738168957249558e-01 3.034191964157313404e-01
-2.244098670664340933e-01 4.547285405203488340e-01 1.987430476381856492e-01 -3.509203986892435734e-01 -5.267346887044800363e-01 5.478119481569240778e-02
-2.318354944340616508e-01 -1.887168931869763755e-01 4.972672745391063520e-01 2.966185584586836232e-01 1.990012126907152457e-01 -2.579883009820854722e-01
2.408514729429407086e-01 -1.777688171445472032e-01 3.973130025886946748e-01 -2.072627076097218468e-01 1.685941470475777193e-01 -4.268389119414242594e-01
-7.105684539398458323e-03 -3.555212729003774386e-01 2.991720869797242499e-01 -9.286127171265200209e-02 4.256507462734591685e-01 -3.192260499259764184e-01
1.709374760993286335e-01 2.096204387966501548e-01 -3.182917338858231582e-01 -2.316530328153375007e-01 -2.408297542862197216e-01 4.785868677113305769e-01
9.772039952739729196e-02 -4.073182614697625215e-01 3.200207499065735317e-01 -1.593062689008504784e-01 3.330447753994945637e-01 -3.011071478362396525e-01
6.140609166191023094e-02 -2.243806986529365416e-02 5.233058756673973910e-01 -1.193535726989361501e-02 2.694511257853639541e-01 -4.303301813957758348e-01
1.442598371638848243e-01 1.971066520522742893e-01 -3.667322198006187639e-01 -1.078761665154872873e-01 -1.829294780893083727e-01 5.232115848497679300e-01
3.296588190555302944e-01 3.370686968089562363e-01 9.651468344242120079e-02 -4.888878874462443402e-01 -1.307311311166272083e-01 -2.368688948392517202e-01
9.767522937277854991e-03 -3.584592494781562722e-01 -2.941351614637190415e-01 -9.042974964091033199e-03 3.354006961147174004e-01 4.257290903716926533e-01
9.346377669244126940e-02 3.866237365375969626e-01 -1.644137660723306582e-01 -1.524799061507677855e-01 -5.676321507480686090e-01 5.608016209134591978e-03
-3.265084530077252412e-01 -3.456976897804934223e-01 -1.078013165525914530e-01 2.438952351500426330e-01 3.784903117496667413e-01 2.797439981859157765e-01
-1.307100740655325888e-01 -8.938745433262799966e-02 5.248896006052699015e-01 4.825332533595640960e-01 4.772022130833473985e-02 -2.530140609421791531e-01
4.480047394878831080e-01 -2.616509648832557322e-01 1.848826528227620891e-01 -2.155349491438864895e-01 2.052697333535630775e-01 -3.996685794644480039e-01
1.139896888980762579e-01 -2.840983776767621594e-01 -3.292129993914728048e-01 -1.192517512382234579e-01 1.921133385054106246e-01 5.186200218892358382e-01
1.702001043261517910e-01 -4.387859690233617549e-01 1.454199504332372161e-01 -3.121079665334026698e-01 3.872759805190423288e-01 -1.461286395169420216e-01
1.570881960744850980e-01 2.782012663265190366e-01 -3.050838175037943190e-01 -1.995836029741741013e-01 -2.723567354804262153e-01 4.496817847925321798e-01
2.988995939736606711e-01 -4.026276578887152402e-01 1.677309174189365107e-02 -4.623386687229709691e-01 2.279251143971640081e-01 -1.346188128276908369e-01
-9.095584786521279663e-02 -4.789227309271732458e-01 1.226262981509582545e-01 -2.732909307688951017e-01 4.997244312942277777e-01 2.773873617096939137e-02
-1.872030723152918463e-01 5.752544784240705422e-02 -4.302618307848488644e-01 4.011770625609533125e-01 -1.255705210120435233e-01 3.573197098014332940e-01
5.290065810562165627e-01 2.973156605397973135e-02 -3.994873454998295464e-02 -2.941836224170908398e-01 4.798893811451030583e-02 5.275233416537876696e-01
7.754194625519272854e-02 -1.010400003858051843e-01 5.294522901787740432e-01 3.096885857055715618e-01 1.145338421450324551e-01 -4.190390678252856604e-01
5.947235205571051175e-02 -4.354229273360665786e-01 -2.068661578217141916e-01 -1.821761692228426321e-01 3.411337731205670298e-01 3.749978152336684301e-01
2.543521191269776383e-01 -3.069705258140431048e-01 -2.140575867850828262e-01 -2.733520834362563878e-01 1.541101984558554960e-01 4.993377035721264789e-01
-3.839106128610740298e-01 -3.243797391069341840e-01 1.866138851206969040e-01 -1.982416574755233307e-01 6.276357028940339200e-01 -5.668354026177577221e-02
-4.425530070016559514e-01 1.824701468522341996e-01 -7.229556896093214391e-02 3.631810182356838834e-01 -4.073354846558537856e-01 -1.824006400371769310e-02
-2.885623106952592831e-01 2.831998180822185018e-01 -1.536462439630503496e-01 2.262745569350385066e-01 -4.842700687054783959e-01 2.283655001007977858e-01
6.487794219420123243e-02 -8.400563812197821278e-02 5.337330023548039204e-01 3.297971557461405467e-01 1.047142336330556117e-01 -4.118898718904131506e-01
-1.569843875810097711e-01 -2.670869089227725576e-02 5.058995305762041816e-01 3.593839969327667916e-01 -2.400360426301058683e-02 -3.504627607356919361e-01
4.785386992373907300e-01 9.011307130923933151e-02 1.116048116666700299e-03 -4.767088155562124174e-01 1.733855729248458544e-01 2.849608577491908878e-01
