1.399015983065283741e-01
6.240483557121302427e-01
5.258452724314024301e-02
1.568817706751340912e+00
5.205577772461736252e+00
-5.049291844636094595e-01
4.178437969115392225e-02
-6.306844918513998532e-02
1.600413456142111057e+00
4.109897832170326115e-01
4.330151181043283004e-01
-3.740141094253060516e-01
-1.587950819382922540e-01
1.163355132094199051e+00
3.404895094958277912e+00
-2.720972828043691782e-01
3.920088989472887420e-01
4.879334125164792590e-01
3.021463320224439641e+00
5.471191848700137861e+00
2.150609046594936513e-01
5.861394764772596966e-02
-3.280395226988975788e-01
4.762333981106311454e-01
3.556617583038087282e+00
3.456279757484655435e-01
2.235060809266809501e-01
3.766157476498950274e-01
1.785788490962064268e+00
3.662629139245333842e+00
4.012545011038111120e-01
-1.287576318623656624e-01
-1.379357582523865200e-01
8.100576685797499232e-01
2.582141726853426800e+00
2.851274037795001881e-01
3.063180573361342085e-01
-1.988495887722864786e-01
1.045831765035583283e+00
4.547275063935703798e+00
4.855513116291748643e-01
-1.463688054528775317e-01
1.713340491434749979e-01
1.619185263224244720e+00
2.116027269699642499e+00
1.293144804232551626e-01
5.244522739219145135e-01
-4.655377013234052869e-02
1.029316310597672812e+00
4.253214913360983118e+00
-4.402310821092422083e-02
1.967048058538971855e-01
5.392762850718381129e-01
2.312447642637191603e+00
4.870829941740165481e+00
-5.614298770536551020e-01
1.731593556201567741e-01
1.128145663806098958e-01
1.337043730112970286e+00
5.770859306966976909e+00
-3.938855160358794016e-01
-9.586233439719724081e-02
-2.606998649344325347e-01
1.052126294589823763e+00
6.221231447884782106e+00
-1.633849150787376747e-01
-3.348705073675793953e-01
4.830842051696568884e-01
3.076926822687307883e+00
6.838650154202661202e-01
2.079188302200154770e-01
4.433273985073526435e-01
1.141628750752713001e-01
1.584351750877226905e+00
3.440320230676191748e+00
-1.048473799795382327e-01
-4.015731182915745490e-01
2.218425825493614001e-01
2.007083205466682063e+00
1.357139010204999163e+00
8.505963336771124594e-02
2.327773510449327732e-01
6.444541765870481775e-01
3.582149138227065155e+00
5.213508258858329469e+00
1.790384725166010438e-01
-3.030350351007929377e-01
4.193716133356611420e-01
2.351241075392566326e+00
1.706219468133769679e+00
4.120988557978777500e-01
-2.168508134916252161e-01
4.227781151410726079e-01
4.202886447884312204e+00
7.901334367729616615e-01
1.844310623844222508e-01
5.137478150053447212e-01
2.198321075407817515e-01
1.842737428377397846e+00
5.020084564601487997e+00
-1.079025222487658142e-01
-5.728054103723323465e-01
-1.240196288533634561e-01
1.236494861077694685e+00
5.263906774452682402e-01
3.043530230956271176e-01
-1.749727625832801503e-01
-3.771588721074346506e-01
-2.040560679161084606e-02
2.812238375586415984e+00
1.844875634837181422e-01
-6.807748523977905641e-01
7.843981472348669770e-02
1.633911441414850119e+00
1.096073826110088412e+00
-5.522291077572724638e-02
-5.684222378642491691e-01
1.614602359543910182e-01
2.024685786117649489e+00
9.971484426845799165e-01
4.893681082478760214e-01
6.803641303642628257e-02
-2.498358262189619150e-01
3.267938415132891627e-01
3.454547824696443392e+00
-4.314588313621436910e-01
-2.118262077027830981e-01
-9.563300965301948023e-03
1.603780539588269827e+00
8.941306479930345441e-01
2.334607814439933482e-01
3.882807086788233608e-01
2.924137772814766612e-01
2.288059234838903500e+00
4.556513287911085008e+00
-1.539900567957872557e-01
-5.592771439149463175e-01
4.262737537240767205e-01
1.592044220166475732e+00
2.106227479867760710e+00
5.849951315646806371e-01
-8.528004440225630742e-03
-1.830761659957159948e-01
1.912755130280635152e+00
2.779447368559944564e+00
-5.438025710406049207e-01
1.634417375417232809e-01
5.181310043207101312e-01
3.019502334643351826e+00
5.335344901941902584e+00
1.977521568021704534e-01
3.134420266915374231e-01
-2.004623063096716284e-01
3.992026748798991886e-01
3.672114909934307114e+00
3.402477738623326808e-01
4.583684690874221257e-01
-1.267068267219075284e-01
1.374978731254661746e+00
3.366727268445180776e+00
-1.883812576869300232e-02
-3.417385241962418996e-01
4.300228846933422111e-01
2.546926579147417602e+00
2.044521782732702242e+00
6.432139909416120793e-02
-4.840424117139360827e-01
2.572490609205039802e-01
1.820416858275299754e+00
2.263850389583357270e+00
-6.513296650119948517e-02
2.209679406984559613e-01
4.254370156741296150e-01
2.497551647083226189e+00
4.766402774797231068e+00
-4.048579782864348275e-01
-4.822127303133099535e-02
3.149439695019559116e-01
1.870550462849623008e+00
9.674284172761840050e-01
-2.499598692935220967e-01
2.135144496725123742e-01
-2.499603042271862086e-01
7.704044159471852282e-01
5.448812723247695722e+00
2.640509157984893829e-01
5.723676713993524068e-01
-1.003175466051616505e-01
1.340888690985189813e+00
3.521536467492023093e+00
7.459465748600190710e-03
5.589326742158077233e-01
2.746508591183322023e-01
2.565459296772885978e+00
4.546354282349815534e+00
-2.519006018749537779e-01
5.256367698530295396e-01
-3.391734907907032609e-02
1.962976725079854878e+00
5.573672810188369020e+00
1.292289735685502317e-01
8.509009937763571674e-02
-3.923617593930638359e-01
4.377992642625401221e-01
3.059287995772915991e+00
3.915823356772514807e-01
1.373408238250572455e-01
-1.274263672867776698e-01
9.819872887227365510e-01
3.227547132112085215e+00
-5.054817830206489448e-01
-5.888794885144948976e-02
-7.100602750650775175e-03
1.434482657035380582e+00
7.603633274119024898e-01
2.110567571261754705e-01
-4.970277892621777771e-01
-4.055003749752664199e-02
1.012849396915709299e+00
1.505143519810747232e+00
-3.613379486115785855e-01
5.662221486164811246e-01
2.368190110109329172e-01
3.902856715425064404e+00
2.462316968493113212e+00
-4.880184386971160582e-02
3.954246123365302568e-01
5.683697002607831505e-01
2.034311275866797608e+00
4.434211481889653861e+00
3.798983521617863707e-02
7.213323604256818289e-01
4.832815741734385745e-02
7.533150677477812307e-01
4.686037402122387618e+00
8.371648058178773888e-02
-4.858520275233912944e-01
-2.084584457895654469e-02
1.752030715185283194e+00
1.634574307830010786e+00
3.630267982385607106e-01
1.458396650243262149e-01
3.405430269033983270e-01
1.757459988623308655e+00
3.411004242474869219e+00
4.152566183343061601e-01
-2.523722237289329207e-01
5.306044797961182446e-01
3.072391349443932551e+00
2.930391629781750495e+00
1.175754481927700212e-01
-3.231549662110101973e-01
-2.446456179315847357e-01
1.197157196665551204e+00
1.837480182882962998e+00
4.523460746088042161e-01
2.344493422620777257e-01
-2.463492772459348612e-01
1.400866007174152994e+00
3.124099944696386189e+00
-5.038898751127264264e-01
-1.865375175196006263e-01
5.383295358471661129e-02
1.088547298453497181e+00
4.204635402830588786e-01
-6.297209321939855053e-01
-3.978155317349462705e-01
2.344926230421031932e-01
1.865050585488078783e+00
1.476798029342430763e+00
1.318048265898951743e-01
-2.159601737079378525e-01
5.577564453754277896e-01
2.103982787732195714e+00
1.917312372735375137e+00
6.565824737927807020e-02
-5.111361201111839225e-01
-2.155974281285077399e-01
1.133774302648331123e+00
2.450030064746814062e+00
-6.176739739218783942e-01
-1.108883018996465464e-01
-8.602936419812866331e-02
1.049970362687578929e+00
6.009825841099973864e+00
-5.186058593493183544e-01
-9.504417014438075462e-02
2.689868235243718098e-01
1.753393313120576780e+00
5.964901032109485968e+00
1.956868134558791272e-01
-2.764557083048949093e-01
3.885156954368317872e-01
2.776880371709455897e+00
2.602493189380468586e+00
1.701994359975466942e-01
-2.385503549910688026e-01
5.235610498785487898e-01
2.860107081259632089e+00
1.378291348638786884e+00
8.856422097216906653e-02
-2.251767594653130145e-01
5.343907827104875663e-01
2.409730790847897097e+00
2.270652340739669039e+00
-4.030921491995927974e-01
-2.085283101748080792e-01
-1.048496915762583276e-02
1.973739440833501169e+00
6.465394432282447479e-01
-3.336408575789661102e-01
-5.312592476508514183e-01
2.542643473369059492e-01
1.874113779490141241e+00
2.422296457584515172e-01
-8.230173794317373337e-02
-3.398859641486577932e-01
-3.329230352985312891e-01
3.861798625860653478e-01
1.295459965590537887e+00
2.388146512600870797e-01
4.908633241024584204e-01
2.000468497096387632e-01
2.306934377361772981e+00
4.440738767821064137e+00
2.976212044526410083e-01
3.668280971207892316e-01
1.687327501704519450e-01
2.345623591054154744e+00
4.142116839051342758e+00
6.961875120990297372e-01
-2.923165637823089691e-01
1.114526897314982862e-01
1.375653331807609625e+00
2.123193586238074637e+00
-3.785068167140256401e-01
1.186817014567371487e-01
4.116007222900077145e-01
2.544265024261697317e+00
5.690224732626245618e+00
-4.612203744823821505e-02
-3.805868081701663797e-01
-2.049241485021894849e-01
8.700860987226985976e-01
1.968187798349716244e+00
-4.763957425747799013e-01
-1.735866833517743235e-01
-4.070174101831474517e-02
1.496815478552752099e+00
5.833264329121738534e+00
-4.902438189030789983e-01
1.727652385633772769e-01
6.128178380659549118e-02
1.269469472770340834e+00
6.163337287309658130e+00
-3.201473594772593634e-01
-2.515762466399197317e-01
-2.486440324628351461e-01
7.869797123495942959e-01
7.228764332198293896e-02
-9.730452252926843904e-02
5.723440166258328965e-01
2.252934721774527971e-01
2.387294708284759093e+00
4.960890739802110261e+00
4.320204712062009622e-01
-5.071288376804980458e-02
-2.758477287420053048e-01
1.323642414086905417e+00
2.629901835987748182e+00
9.836203003529375710e-02
3.098571753013705798e-01
-4.648670422020028115e-01
9.036070652457632579e-02
8.694739525616610454e-01
-1.299799444029247630e-01
-1.444268628724802994e-01
-3.162747967288810358e-01
-3.685398579551367182e-01
3.647582543057710680e+00
1.825457300970005081e-01
3.365413110789676754e-01
-4.174284768596354667e-01
8.931974481599043447e-02
1.506870247594435774e+00
1.201554040136690871e-01
4.912910872553121755e-01
2.340337479307235957e-01
1.299022926428007541e+00
4.721265647797117992e+00
-4.656395620755635761e-02
3.317282124813886179e-01
-3.006080199834786360e-01
7.374241248598270015e-01
4.494159969133792565e+00
2.407742023165556911e-01
-5.248883884540496148e-01
1.130458106343970870e-01
2.207585944951206969e+00
2.272895084692704959e+00
4.852783642568825884e-01
1.243839634115601230e-02
-2.383823262723980818e-01
5.792914170957448317e-01
3.273439484161658086e+00
-3.994631088653371465e-01
4.184255690512424519e-01
4.051482125614673802e-01
2.720243228549602765e+00
4.887385386740740856e+00
5.006885013404458462e-01
4.472148893018013799e-02
7.734870163778014007e-02
1.523868708733154831e+00
3.895102688734782603e+00
-9.574666930153770406e-02
3.467447813639550902e-01
-2.185433574594410067e-01
8.054267906302710056e-01
5.249170864138812398e+00
-2.473570471498926504e-01
-1.868808873969504125e-01
-2.860594283995769871e-01
2.374144663816329937e-01
8.316688243535143021e-01
5.977610105345251140e-02
3.799361152114109630e-01
4.073811922731403468e-01
2.556268490780226887e+00
4.118139125202640471e+00
5.270447304450462944e-01
-5.343106120974092967e-03
2.404664424837391901e-01
1.992214921553337348e+00
3.386826068191484129e+00
1.453270958597902285e-01
-4.542781534955017686e-01
-1.255417666373108421e-01
1.294282962456409170e+00
1.329556639191793677e+00
-4.940656128394474988e-01
2.786271564725914876e-02
1.185762948624155960e-01
1.924064373277033502e+00
6.202719569920223996e+00
1.145011303630553423e-01
3.737540361609804906e-02
-5.936903794437644599e-01
6.145668988230952312e-01
3.875579712812113442e+00
-3.282306851359815814e-01
1.494499259706149330e-01
-2.565923414172319728e-01
8.779502415261444259e-01
1.844954892194680951e-01
1.230163851401793740e-01
-6.755434140107726901e-03
5.600244081121806827e-01
2.825539877223262941e+00
4.210533153955766217e+00
-4.424124977421036164e-01
5.295744562460504845e-01
7.446234539296966992e-02
1.058389193943369833e+00
5.833321681389379343e+00
-1.129903742328230432e-01
8.605946061104513545e-02
6.449401783908090824e-01
2.663071315133866523e+00
4.051066047951826121e+00
4.468668655644190135e-01
-8.072289277762108306e-02
-1.806940781634421012e-01
1.627219234088802313e+00
3.072396096330202386e+00
-4.627098940003659955e-01
4.789333946239193035e-02
-1.648219442108896649e-01
1.088677136875143336e+00
6.022639694228955065e-01
1.412787274540939775e-01
2.324735754195937643e-01
-3.886242939106768213e-01
9.307150286624086277e-01
4.003480896439949532e+00
-2.304838966522292087e-01
3.987559739390705293e-01
-3.338930183185940814e-01
1.182814083637206692e-01
5.089287428425191884e+00
4.993245247456631897e-01
2.875518679370355282e-02
4.419827668971293422e-02
2.009766584438376746e+00
3.234593682296096340e+00
-1.978016699319836702e-01
-5.111266947039089237e-01
-2.149474481421555783e-01
6.698132319804522838e-01
8.023263144106689282e-01
-1.128036405797356451e-01
4.254579614833517986e-01
-2.416685381361654283e-01
1.312213492365063461e+00
5.600402571483526160e+00
3.788136830115809150e-01
-6.023701673592362082e-01
4.917228407394720613e-02
1.112675449067354716e+00
1.470098202983389113e+00
3.612962213405483680e-02
-1.492480214648183104e-02
-5.821649709195563238e-01
-4.729163359538325895e-01
2.470385466965641097e+00
-5.183210247850242869e-01
-1.210142358576331428e-01
-1.616532628016268403e-01
1.138473269142314503e+00
9.588521436476520332e-01
5.119753797967366293e-02
5.521615003361369789e-01
2.129653765800282594e-01
1.574291882331047887e+00
4.073852389593968226e+00
-2.101780518683224186e-01
1.480320698624990050e-01
-4.021733923802542354e-01
1.062142379078265586e+00
4.954634860605716007e+00
-2.813957217076208939e-01
2.598259461481819965e-01
-2.239575740686013117e-01
8.203054021831076570e-01
5.571758820600646089e+00
3.171703263738527290e-01
-7.858098851250190642e-02
5.578204176840415585e-01
3.199125969154625881e+00
2.414670270620457027e-01
-4.008118863077914096e-01
-2.846151335555899831e-01
3.169071865324036286e-01
2.508530043378836449e+00
7.524374239830761146e-01
2.357597908517618523e-01
4.955773656945510197e-01
-1.253318807895808726e-02
1.141308422787711052e+00
3.823890706879879531e+00
-2.588401730300098069e-02
-4.853039206032607189e-01
-6.782475149489231026e-02
1.346051569136086368e+00
1.120144561784242709e+00
2.030162448758002225e-01
-4.454420682561720524e-01
3.241159566500146361e-01
2.169641467377120048e+00
2.642631985104987535e+00
2.409689864558082484e-01
-8.648278943058719526e-02
4.886740111174177059e-01
2.719930619001715844e+00
2.040519093017259422e+00
-2.871726863581623990e-01
-7.796227682117518043e-02
-3.664623493036869295e-01
6.785276548044441580e-02
6.656266258645913148e-01
-4.052866718926698142e-02
-4.420917988307627167e-01
-1.829497151124600263e-01
1.384824304539901574e+00
9.420080770061249886e-01
-3.399805699646202828e-01
-6.998264824693144204e-02
4.607936395089732851e-01
2.204400362795619017e+00
-4.656831995059390605e-01
-2.184894744163029257e-01
-3.106768051897993432e-01
-2.543040922738765142e-01
9.970602392144586323e-01
1.488530845296055949e+00
5.033324353454789873e-02
4.430383373934498881e-01
-2.505620172581461969e-01
4.559863887990409093e-01
4.595672977841357643e+00
1.941562039133062634e-01
7.273535759348524754e-02
-3.650483749505528674e-01
5.578290160605218206e-01
4.622459414302563019e+00
2.245774892324667316e-01
-3.834104401257263373e-01
-7.717850034502078682e-02
1.098375980147011877e+00
2.635231196115401353e+00
-1.111858671217876571e-01
-3.752609100862941416e-01
3.645923566742110822e-01
2.106403203313162997e+00
1.625632914179179656e+00
3.087531438209195622e-01
3.531138989837916964e-01
-6.686838212475833265e-02
9.180144866008268512e-01
4.272605105490097088e+00
1.505119624946374135e-01
3.430298123622874673e-01
4.432032687316387887e-01
2.737451463965204557e+00
4.717232766676431766e+00
2.369933312377605489e-02
3.484252141767356648e-01
5.560606184277974151e-01
2.596244013347905000e+00
3.799770750722674784e+00
2.933581718053177578e-01
1.992647055122830080e-02
4.123535565217489873e-01
2.436933886857153286e+00
3.067599732759235920e+00
-1.336400442811748468e-01
-5.797351602470103282e-01
6.715271644093437353e-02
1.324153090612322670e+00
7.615235604742782716e-01
-2.644768909185697403e-01
-2.853055372528556233e-01
3.770122300744178645e-01
2.287156278180467517e+00
6.030299306573163598e-01
-4.287261177411146318e-01
3.596354976421353156e-01
-1.252835066212411863e-01
-2.004547840368136602e-01
2.065675467659729314e+00
-5.380852904544992654e-01
-3.195973277612955132e-01
-8.085771319013321246e-02
7.213247569106115975e-01
6.634449993039382321e+00
-1.762144685763332719e-01
-1.648973072097117964e-01
-3.401191342536252771e-01
7.859208390184639903e-01
8.272048613911858750e-01
7.352660532669649286e-03
-6.695118243430870919e-01
-1.629386898818682428e-01
9.007509108746284410e-01
7.090394127832426729e-01
6.859691296375042269e-02
-1.800346082431597272e-01
-5.831680048971653596e-01
6.029462721144166482e-01
3.797081075617856794e+00
3.015858861003656854e-01
-1.567932140582304901e-01
-2.099307111671742943e-01
9.778938077864904876e-01
3.590734062844220364e+00
1.004542386289732775e-01
-4.587560880894124282e-01
-3.621335204421194942e-01
2.602684291066614808e-01
2.419090390568309878e+00
-4.296932263781555461e-01
-4.566585649128743207e-02
4.023195056252703017e-01
1.798885484656106870e+00
2.784717567473463662e-01
2.699203864505150818e-01
-2.003016537026277438e-02
-3.242512547530292388e-01
6.837760967881048035e-01
2.649107594019223022e+00
-7.052466193737601252e-02
-9.444467515915540290e-02
6.140286488279076416e-01
3.403865393521720240e+00
3.271163321847928573e-01
2.274444632087123386e-01
-5.400802278839074155e-01
1.520912656993049228e-01
1.166383094633114847e+00
2.177685171284031718e+00
3.584820248964230571e-01
3.425466192726854819e-01
-1.145718351751246616e-01
1.094074610230537647e+00
3.364328973782651833e+00
-1.552616950334632928e-01
-1.520579463178440595e-02
5.749830381825663528e-01
2.679695474105023401e+00
5.989644860230436407e+00
4.338796386119760096e-02
2.423882762035473037e-01
-3.790510409422735982e-01
7.617237503508585972e-01
3.254948995981269189e+00
4.911284739501075025e-01
-1.194037151859525109e-01
1.243627569898175522e-01
1.067217990679550255e+00
2.844723763607428957e+00
-2.326222585403146803e-01
4.978722545750939310e-01
1.056792466209866971e-01
1.715801855108612939e+00
4.526916540573282077e+00
-3.341749961503849287e-01
1.638465382108128254e-01
3.534896096375665930e-01
2.856976840064934464e+00
5.691670919909315174e+00
-2.241193706003723474e-01
8.022866238911741110e-02
-3.286664689546645590e-01
6.188131542382869776e-01
3.331696295103722116e-01
-4.932018505634321315e-01
3.132964097542520476e-01
-1.594133754868319874e-01
1.450246908910902910e+00
4.892791569415758879e+00
5.644590376462567394e-02
1.038982439661001456e-01
-4.847279740476832521e-01
3.624231625933636569e-01
1.558114401450318542e+00
-3.628120733126804359e-02
1.768761421198558059e-01
-3.160790320330585379e-01
5.195301568085206601e-01
4.484292231277014373e+00
-3.915105008349168414e-01
1.628119448117902324e-01
-2.742839844165259611e-01
9.242546577313655032e-01
6.231584571375266890e+00
1.445640182749950986e-01
3.902552237640994348e-01
-2.933676343548946019e-01
2.320302938588965080e-01
3.940245292309458858e+00
-2.670791617357357040e-01
-3.261918825543891343e-01
-1.633266970879022617e-01
1.350695653047847999e+00
7.046569945544958191e-01
-1.481530804283446578e-01
5.356662037967812040e-01
3.414142397871954837e-01
1.647388463839283501e+00
4.209358254121895015e+00
-5.395122456079091966e-02
1.952397490341627184e-01
6.593809987941041673e-01
2.547835023321280978e+00
3.773415008765024670e+00
-4.837655826252165725e-01
1.948716477724346252e-01
-2.715301757754722684e-02
1.076253349010203753e+00
5.612422385707382055e+00
-3.096779784929757362e-01
-5.981439526814073815e-02
4.125440595991142767e-01
2.408964212594274290e+00
5.221725084771062786e-01
2.071318028052066551e-01
1.996253455847291081e-02
-5.201630763482285591e-01
3.708696997357076031e-01
5.982229551628149622e+00
-2.070467917111626088e-01
2.748586812461807360e-01
5.520528614367004039e-01
3.140029074142336452e+00
5.022702300960042443e+00
4.822963684997156469e-02
-5.611995272662577694e-01
8.923564580877885177e-02
1.676102482603863297e+00
1.066353365988316870e+00
1.490811352503163822e-01
-8.913565916842469683e-02
-4.374578283961714775e-01
6.773678417458375289e-01
1.921387559402215839e+00
-4.148281095161774346e-01
1.246659871598712471e-01
-3.083562876900438621e-01
1.424171915351656770e+00
1.081550451006447616e-01
5.322960734614903267e-01
1.866506889289702154e-01
1.160240699141213555e-01
1.015835655611869282e+00
3.687234490963492650e+00
3.020621166079959785e-01
-3.414489858302516279e-01
-2.164420068358501870e-01
1.441056552044249983e+00
2.658133317020098474e+00
3.352337640520538509e-01
-3.514341562150172238e-01
-2.611234843216434509e-01
1.134672845501639937e+00
3.002573513504212865e+00
4.693972096268305139e-01
2.413840849178295056e-01
5.396430216069486585e-02
1.273246896710103826e+00
4.043246119785843362e+00
-4.254677807590234728e-01
-3.343429404078718803e-01
5.890548985631874346e-02
1.667457157878861951e+00
1.363482012997872805e-01
5.281193964380065387e-02
-1.518516164578860017e-01
-3.595122954009398741e-01
-3.694024593001445367e-01
3.959438788205786874e+00
-2.619322079272956572e-02
-5.980064206008167682e-01
-6.198288654966200434e-02
1.667139672753314539e+00
2.366322241609969179e+00
-9.758727886017395936e-02
-7.519669017040220282e-02
-4.940967383006737434e-01
-5.190900056838061438e-01
6.143418673195805368e+00
-1.340379315383736225e-01
-4.540093011069025186e-01
2.459574065327685966e-01
2.207792371554619937e+00
1.380621628617831442e+00
1.711339871748728259e-01
-2.119545093913123290e-01
-3.938413203798303286e-01
9.772240204042774714e-01
2.089159762165790912e+00
6.922859361985522764e-02
2.640846859479599740e-01
5.049262417599779118e-01
2.440025957813762414e+00
3.694872556453578039e+00
2.825148420483998279e-01
-1.747845121897643184e-01
-3.063658328346872128e-01
6.324337395505897907e-01
3.411083816453611917e+00
3.433097870753258896e-01
3.390526822834966092e-01
3.260190242322905663e-01
2.313522334395503144e+00
4.277279683518201203e+00
-2.142702505846471872e-01
2.173149321338238849e-01
4.185187686846178479e-01
2.410140646244661511e+00
5.457912260018031425e+00
-6.422334777717353393e-01
-2.426293826905827067e-01
1.491122288796904172e-01
1.330078997761057424e+00
-1.287442115128730469e-01
3.785052353274644954e-01
-1.112787201060919107e-01
5.838713016296085412e-01
2.976458418514897453e+00
4.145140884450718488e+00
3.921821991131311802e-01
9.592123249628893566e-02
4.375752586895089724e-01
2.815082594559046303e+00
3.263178454001643747e+00
-2.625412695022522613e-01
-6.466882194684581142e-01
2.068757091698987804e-01
1.568062337542396101e+00
3.099838292795738526e-01
2.886990386802708031e-01
4.099894610915025273e-01
-9.366755790020715733e-02
7.394762381720545452e-01
3.644167771506747311e+00
-5.157985876968660399e-01
2.710517160858180175e-01
2.191206111756946462e-01
1.534413039878369078e+00
6.229003404314892300e+00
3.698351600434727215e-01
-2.466004741161237357e-01
1.563941479086954911e-01
1.571013434645800677e+00
2.481923971883669200e+00
8.188524951318972012e-02
-2.848574530479857647e-01
-2.301792393928168146e-01
5.022169715852002891e-01
1.514387619572738153e+00
4.543358600435628003e-01
2.297707705032604741e-01
1.650085014931795546e-01
2.307396757740819204e+00
3.863031564083063696e+00
1.353864120667628013e-01
-1.470716712091681977e-01
4.859227641206491088e-01
2.645039206090752160e+00
2.716849814156267584e+00
4.718194752788923974e-01
5.815292925843552202e-02
2.263068564511786507e-01
1.854412340949386451e+00
3.635078787210033191e+00
4.132533664333442047e-01
1.383491203519089663e-01
-9.444424433823611631e-02
1.318843035006393549e+00
3.022645388390914345e+00
3.146743592235419773e-01
-1.036210161310996691e-01
4.497919810242127503e-01
2.524454410807524862e+00
2.768070341170614235e+00
-4.214772901761663082e-01
-5.070499701134302262e-01
-7.504819663880725467e-02
1.006011791391415278e+00
1.805469514148329013e+00
-4.918395283726248457e-01
2.048178365216311581e-01
2.935981406860396214e-01
2.245656604548805557e+00
5.519055590891080776e+00
-1.127511720266308193e-01
3.881373400160732512e-01
-4.472692143582390756e-01
-2.573977292801951644e-01
4.450204480882542946e+00
7.806504308806758163e-02
1.329543416090656349e-01
7.378379835246344776e-01
2.870119442197059723e+00
2.041600862429636676e-01
4.736545998011447711e-01
-4.446524336239119496e-02
1.168381753061267514e-01
1.354203621885716968e+00
2.730313857792144194e+00
-1.654866825640144978e-01
-5.092091599516666844e-02
-4.908235602175671786e-01
-4.106158970248969253e-01
1.493365907534648818e+00
-5.420243632504938291e-02
2.555451467006075728e-01
5.715314909273686572e-01
2.281553218243696168e+00
4.080023059328278912e+00
-6.095520937134797368e-01
6.585836241084713251e-03
3.342117158854818193e-01
1.750775588645359537e+00
5.519142957119935744e+00
-1.766662499688634314e-01
3.070109046912735118e-01
6.491353920516323983e-01
3.418626324440648734e+00
4.720594107018165175e+00
2.813291123067373015e-02
-3.818237155224167290e-01
2.579750552212453085e-01
1.939828757320405384e+00
2.059442305358234471e+00
-1.780759714740521860e-01
2.451524210266783632e-01
-2.976069224946528147e-01
5.377024449334973921e-01
4.971862797044147797e+00
2.134227269667939575e-01
-2.151129879625176752e-02
4.811462752038297430e-01
2.236604836325958079e+00
4.045207833334247383e+00
-8.750186988337277372e-02
-8.854643206014373158e-02
7.300069715271814141e-01
2.436059574941812134e+00
1.156573365017333987e+00
