1.399015983065283741e-01 6.240483557121302427e-01 5.258452724314024301e-02 6.133377382474602957e-01 -2.567775671952636785e-01 5.456314599566730594e-02
-5.049291844636094595e-01 4.178437969115392225e-02 -6.306844918513998532e-02 4.113946175500081681e-01 4.411260528994787045e-01 -9.268124882455308633e-02
4.330151181043283004e-01 -3.740141094253060516e-01 -1.587950819382922540e-01 -4.534797039557383891e-01 -6.129783723158483966e-01 2.374662100419749067e-01
-2.720972828043691782e-01 3.920088989472887420e-01 4.879334125164792590e-01 -1.896405646036049553e-01 3.050453357410957134e-01 -5.048597322513732610e-01
2.150609046594936513e-01 5.861394764772596966e-02 -3.280395226988975788e-01 -2.044557928830977034e-01 -1.262328667078306821e-01 5.606884422631375209e-01
3.456279757484655435e-01 2.235060809266809501e-01 3.766157476498950274e-01 -5.017087200340053510e-01 -2.628134285441985907e-01 1.632759747793686156e-01
4.012545011038111120e-01 -1.287576318623656624e-01 -1.379357582523865200e-01 -2.126463618713080317e-01 2.556578205036487694e-01 5.515209049401861297e-01
2.851274037795001881e-01 3.063180573361342085e-01 -1.988495887722864786e-01 1.428957750293627094e-01 -5.472546853502069375e-01 3.023327500286737135e-01
4.855513116291748643e-01 -1.463688054528775317e-01 1.713340491434749979e-01 -3.245720273188146265e-02 7.076379373975963949e-01 1.229639941985413154e-01
1.293144804232551626e-01 5.244522739219145135e-01 -4.655377013234052869e-02 -2.504910965369232523e-01 -2.437310137406133448e-01 4.688510807042963746e-01
-4.402310821092422083e-02 1.967048058538971855e-01 5.392762850718381129e-01 7.231580028200909616e-02 -5.314135310458176775e-01 -1.362301514934001201e-01
-5.614298770536551020e-01 1.731593556201567741e-01 1.128145663806098958e-01 2.864725853734904071e-01 -3.037149488708349998e-01 3.444442534378089893e-01
-3.938855160358794016e-01 -9.586233439719724081e-02 -2.606998649344325347e-01 4.729275300133832793e-01 -1.496335618519733235e-01 2.350256622444746313e-01
-1.633849150787376747e-01 -3.348705073675793953e-01 4.830842051696568884e-01 -1.132949882980842926e-01 -2.940435140518786183e-01 -5.148256884840278769e-01
2.079188302200154770e-01 4.433273985073526435e-01 1.141628750752713001e-01 -7.477051076696106247e-01 1.490500615195625156e-01 1.006078661229097282e-01
-1.048473799795382327e-01 -4.015731182915745490e-01 2.218425825493614001e-01 8.732608550950053672e-02 4.841457803392677506e-01 -2.007345012709765841e-01
8.505963336771124594e-02 2.327773510449327732e-01 6.444541765870481775e-01 -1.198067231354064399e-01 6.067871175492478564e-01 -2.600603177868812121e-01
1.790384725166010438e-01 -3.030350351007929377e-01 4.193716133356611420e-01 8.310056517112122954e-02 4.010595975364958377e-01 -2.842239140986251855e-01
4.120988557978777500e-01 -2.168508134916252161e-01 4.227781151410726079e-01 -2.022663785884049048e-01 -8.370621491354162114e-01 -6.496490932614895630e-02
1.844310623844222508e-01 5.137478150053447212e-01 2.198321075407817515e-01 4.761644958867191080e-01 -4.042634730752424632e-01 -4.876960268009944421e-02
-1.079025222487658142e-01 -5.728054103723323465e-01 -1.240196288533634561e-01 7.088576289695774912e-01 -9.820338159837693759e-02 2.040897578844050042e-01
3.043530230956271176e-01 -1.749727625832801503e-01 -3.771588721074346506e-01 3.236605168759988937e-01 -1.815721324361901368e-01 6.226329407223492041e-01
1.844875634837181422e-01 -6.807748523977905641e-01 7.843981472348669770e-02 6.406691007766663892e-01 2.068738247273412822e-01 1.536659512082129420e-02
-5.522291077572724638e-02 -5.684222378642491691e-01 1.614602359543910182e-01 4.325275565653690091e-01 1.864607826873723173e-01 -2.770042516513928077e-01
4.893681082478760214e-01 6.803641303642628257e-02 -2.498358262189619150e-01 1.839519405738971325e-01 -3.079289995896135335e-02 6.972405864406501230e-01
-4.314588313621436910e-01 -2.118262077027830981e-01 -9.563300965301948023e-03 1.943974177496231581e-01 5.674146996217777073e-01 -4.254153317603791978e-02
2.334607814439933482e-01 3.882807086788233608e-01 2.924137772814766612e-01 1.164667764027570024e-01 -3.561902304318235180e-01 -3.649106659002162578e-01
-1.539900567957872557e-01 -5.592771439149463175e-01 4.262737537240767205e-01 -6.640867871796426458e-01 3.005774488026220492e-01 4.050274591246711964e-01
5.849951315646806371e-01 -8.528004440225630742e-03 -1.830761659957159948e-01 -2.959989118744005276e-01 3.252401673647823954e-01 -5.184092883006874430e-01
-5.438025710406049207e-01 1.634417375417232809e-01 5.181310043207101312e-01 -4.727472263732945823e-01 6.453133558736773301e-02 -4.744252260156056611e-01
1.977521568021704534e-01 3.134420266915374231e-01 -2.004623063096716284e-01 -1.375043377116476617e-01 1.167742730072695578e-01 7.209088879150503670e-01
3.402477738623326808e-01 4.583684690874221257e-01 -1.267068267219075284e-01 -6.158874959606732702e-01 2.393971987158062809e-01 6.786174358770921677e-02
-1.883812576869300232e-02 -3.417385241962418996e-01 4.300228846933422111e-01 -2.744186434954646869e-01 1.567980323055171987e-01 -3.983127361692908042e-01
6.432139909416120793e-02 -4.840424117139360827e-01 2.572490609205039802e-01 -5.547666484956408350e-01 2.614125304454634757e-01 1.021279123207696760e-02
-6.513296650119948517e-02 2.209679406984559613e-01 4.254370156741296150e-01 -3.271713255070723275e-02 -3.785882260035381419e-01 -3.742389291178247479e-01
-4.048579782864348275e-01 -4.822127303133099535e-02 3.149439695019559116e-01 1.372592330478432099e-01 7.384905623695298127e-01 1.965865456849241744e-02
-2.499598692935220967e-01 2.135144496725123742e-01 -2.499603042271862086e-01 2.177892112455127593e-01 -3.024499844613847688e-01 4.676687784915779522e-01
2.640509157984893829e-01 5.723676713993524068e-01 -1.003175466051616505e-01 -6.401984738665630337e-01 2.112578718701937364e-01 1.275700440495097510e-01
7.459465748600190710e-03 5.589326742158077233e-01 2.746508591183322023e-01 -8.257881470982660066e-02 2.163908719004437042e-02 -5.639245455967584197e-01
-2.519006018749537779e-01 5.256367698530295396e-01 -3.391734907907032609e-02 4.491784095624739015e-01 -7.636670569665382491e-02 -4.161215289986794907e-01
1.292289735685502317e-01 8.509009937763571674e-02 -3.923617593930638359e-01 -2.932832311473017040e-01 1.199435571406251289e-01 5.133250923101689844e-01
3.915823356772514807e-01 1.373408238250572455e-01 -1.274263672867776698e-01 -4.369502376491765649e-01 6.594883310850155334e-02 4.279446425783522967e-01
-5.054817830206489448e-01 -5.888794885144948976e-02 -7.100602750650775175e-03 2.123823794441238588e-01 6.239036977046859000e-01 1.287913088626301272e-01
2.110567571261754705e-01 -4.970277892621777771e-01 -4.055003749752664199e-02 2.667129121177591600e-01 3.494884499437841963e-01 4.888955679919773090e-01
-3.613379486115785855e-01 5.662221486164811246e-01 2.368190110109329172e-01 1.753746271772684273e-01 1.328460075033492394e-01 -4.871455815652453447e-01
-4.880184386971160582e-02 3.954246123365302568e-01 5.683697002607831505e-01 -2.944311184626757227e-01 -4.646756009209827010e-01 1.212747633432252892e-01
3.798983521617863707e-02 7.213323604256818289e-01 4.832815741734385745e-02 1.996584472399917654e-02 3.750924620628115491e-02 7.777533312535767074e-01
8.371648058178773888e-02 -4.858520275233912944e-01 -2.084584457895654469e-02 2.102557917988799596e-02 4.957700962591228278e-01 -2.010897265337232009e-01
3.630267982385607106e-01 1.458396650243262149e-01 3.405430269033983270e-01 -5.841563618564205029e-01 -1.157010562581127222e-01 1.549614751706170634e-01
4.152566183343061601e-01 -2.523722237289329207e-01 5.306044797961182446e-01 3.476469698637091876e-01 -2.378768264873430127e-01 -4.670020653370273722e-01
1.175754481927700212e-01 -3.231549662110101973e-01 -2.446456179315847357e-01 -1.277760534796408831e-01 5.749393164270917289e-01 1.203602725960150610e-01
4.523460746088042161e-01 2.344493422620777257e-01 -2.463492772459348612e-01 -5.330996887016077324e-01 2.516892166034512823e-01 -7.723560450995103910e-02
-5.038898751127264264e-01 -1.865375175196006263e-01 5.383295358471661129e-02 3.048974948010988451e-01 1.750944826266120913e-01 5.176058362957767223e-01
-6.297209321939855053e-01 -3.978155317349462705e-01 2.344926230421031932e-01 -5.398952194501108748e-01 5.549783179574021563e-01 -5.553361942310788835e-02
1.318048265898951743e-01 -2.159601737079378525e-01 5.577564453754277896e-01 -1.606757279729852383e-01 5.940438352443332404e-01 4.947637426911444258e-02
6.565824737927807020e-02 -5.111361201111839225e-01 -2.155974281285077399e-01 -6.322010313219442734e-01 6.666797902121801567e-02 2.076458236267956781e-01
-6.176739739218783942e-01 -1.108883018996465464e-01 -8.602936419812866331e-02 2.175270937312988595e-01 -3.450605573907923884e-01 4.115673915682069861e-01
-5.186058593493183544e-01 -9.504417014438075462e-02 2.689868235243718098e-01 4.153782990121657193e-01 -4.027791933788606449e-01 8.740282807140142829e-02
1.956868134558791272e-01 -2.764557083048949093e-01 3.885156954368317872e-01 -1.104061792990396196e-01 -9.334899124115111912e-02 -5.457107278420623153e-01
1.701994359975466942e-01 -2.385503549910688026e-01 5.235610498785487898e-01 2.233443908441463954e-01 3.410151544385664479e-02 -4.370827817899263223e-01
8.856422097216906653e-02 -2.251767594653130145e-01 5.343907827104875663e-01 -3.418644462613502633e-01 2.859955187410083699e-01 -2.095407090392135130e-01
-4.030921491995927974e-01 -2.085283101748080792e-01 -1.048496915762583276e-02 3.311561815363857075e-01 3.456516787226395770e-01 -4.026124085406074249e-01
-3.336408575789661102e-01 -5.312592476508514183e-01 2.542643473369059492e-01 5.928482710063737171e-01 -3.023412319230751599e-01 -4.442351095069702049e-02
-8.230173794317373337e-02 -3.398859641486577932e-01 -3.329230352985312891e-01 2.009898445474898876e-02 2.257934425079655139e-02 5.934316442164329075e-01
2.388146512600870797e-01 4.908633241024584204e-01 2.000468497096387632e-01 3.997041269084158910e-02 -2.230284267340336135e-01 -4.713841123969839120e-01
2.976212044526410083e-01 3.668280971207892316e-01 1.687327501704519450e-01 -8.813219795267135392e-02 -2.346404591641229054e-01 -5.308599086913092790e-01
6.961875120990297372e-01 -2.923165637823089691e-01 1.114526897314982862e-01 1.814174547333852194e-01 5.427953652544174057e-01 3.053595076114502538e-01
-3.785068167140256401e-01 1.186817014567371487e-01 4.116007222900077145e-01 8.791472498775321220e-02 -1.956173821144079616e-01 -4.152408777174387278e-01
-4.612203744823821505e-02 -3.805868081701663797e-01 -2.049241485021894849e-01 -3.419498327226634382e-01 3.242319681341405135e-01 4.398365886026471272e-01
-4.763957425747799013e-01 -1.735866833517743235e-01 -4.070174101831474517e-02 4.216226102722815394e-01 -6.072914791991469441e-01 3.321164077983824320e-02
-4.902438189030789983e-01 1.727652385633772769e-01 6.128178380659549118e-02 4.578497336758763359e-01 5.859093008160240479e-02 3.580693220236240149e-01
-3.201473594772593634e-01 -2.515762466399197317e-01 -2.486440324628351461e-01 3.862272525008083601e-01 -2.004249625143081914e-01 4.573435408591994822e-01
-9.730452252926843904e-02 5.723440166258328965e-01 2.252934721774527971e-01 7.111781512069989541e-02 -9.139821354967669897e-02 -5.034590016174297356e-01
4.320204712062009622e-01 -5.071288376804980458e-02 -2.758477287420053048e-01 -4.134020804035771213e-01 4.240600737104709417e-01 -3.120237710680509591e-02
9.836203003529375710e-02 3.098571753013705798e-01 -4.648670422020028115e-01 1.565860267379632631e-01 3.787979103615612964e-01 5.310532062402748554e-01
-1.299799444029247630e-01 -1.444268628724802994e-01 -3.162747967288810358e-01 1.851322270169599715e-01 3.017857734145629189e-02 6.165795647181471217e-01
1.825457300970005081e-01 3.365413110789676754e-01 -4.174284768596354667e-01 1.882441190079938154e-01 4.255601376420924953e-01 5.785851660595483503e-01
1.201554040136690871e-01 4.912910872553121755e-01 2.340337479307235957e-01 1.287061531223240296e-01 -4.719673208989560442e-01 5.024739159566472546e-01
-4.656395620755635761e-02 3.317282124813886179e-01 -3.006080199834786360e-01 -1.921356361434104210e-01 -3.247079398004959483e-01 4.395949683771518401e-01
2.407742023165556911e-01 -5.248883884540496148e-01 1.130458106343970870e-01 -2.784719855921911069e-01 8.896307706071049370e-02 -4.815715239830993255e-01
4.852783642568825884e-01 1.243839634115601230e-02 -2.383823262723980818e-01 -5.740146273074014927e-02 -5.952972430817153604e-02 5.984684340133817892e-01
-3.994631088653371465e-01 4.184255690512424519e-01 4.051482125614673802e-01 -3.282556813417440988e-01 1.567981350391045581e-02 -5.073896544084907090e-01
5.006885013404458462e-01 4.472148893018013799e-02 7.734870163778014007e-02 -2.278004127962630632e-01 -6.387280825320854616e-01 1.242590975854202112e-01
-9.574666930153770406e-02 3.467447813639550902e-01 -2.185433574594410067e-01 2.730179887413148321e-01 -2.729615187275941657e-01 4.742601706821099050e-01
-2.473570471498926504e-01 -1.868808873969504125e-01 -2.860594283995769871e-01 -8.892259464303872707e-02 -1.306186616705168335e-02 6.858898872118562862e-01
5.977610105345251140e-02 3.799361152114109630e-01 4.073811922731403468e-01 -2.495446544228624719e-01 -7.782292856046540974e-02 -4.261518473099459858e-01
5.270447304450462944e-01 -5.343106120974092967e-03 2.404664424837391901e-01 -3.581631806413285712e-01 -2.268847014306641097e-01 -1.685889030353413809e-01
1.453270958597902285e-01 -4.542781534955017686e-01 -1.255417666373108421e-01 3.751583849248585900e-01 4.798775466319061267e-01 1.474613587773285495e-01
-4.940656128394474988e-01 2.786271564725914876e-02 1.185762948624155960e-01 4.411456676756139172e-01 -4.755258452454315388e-02 -2.273895897235882479e-01
1.145011303630553423e-01 3.737540361609804906e-02 -5.936903794437644599e-01 -3.136334333912895733e-01 -3.488548405304687794e-01 2.233328722604694949e-01
-3.282306851359815814e-01 1.494499259706149330e-01 -2.565923414172319728e-01 4.281424967813960980e-01 2.906025576208349781e-01 3.821372917253040846e-01
1.230163851401793740e-01 -6.755434140107726901e-03 5.600244081121806827e-01 -2.650330731409422658e-02 -2.792462416895851729e-01 -3.904452765013860516e-01
-4.424124977421036164e-01 5.295744562460504845e-01 7.446234539296966992e-02 3.424390597776494904e-01 1.505799358797083043e-01 5.647389879031995408e-01
-1.129903742328230432e-01 8.605946061104513545e-02 6.449401783908090824e-01 -3.957915065486858341e-01 -2.773321672329340792e-01 -2.427365895679839403e-01
4.468668655644190135e-01 -8.072289277762108306e-02 -1.806940781634421012e-01 -5.491524660994053786e-01 -1.169157112409256738e-02 -2.370870527499577274e-01
-4.627098940003659955e-01 4.789333946239193035e-02 -1.648219442108896649e-01 2.674147964658800669e-01 5.498289293906812869e-01 2.988359037059860057e-01
1.412787274540939775e-01 2.324735754195937643e-01 -3.886242939106768213e-01 -3.808582655399610495e-01 -3.763389397015229898e-01 2.086363543652882124e-01
-2.304838966522292087e-01 3.987559739390705293e-01 -3.338930183185940814e-01 -1.870532326739604567e-01 2.890329318807681735e-01 6.591198876740111956e-01
4.993245247456631897e-01 2.875518679370355282e-02 4.419827668971293422e-02 -4.019535074499214766e-01 -5.530709412958773052e-02 -3.808093016046373847e-01
-1.978016699319836702e-01 -5.111266947039089237e-01 -2.149474481421555783e-01 2.337042092749713751e-01 -6.475861283722711415e-02 5.689901843902366307e-01
-1.128036405797356451e-01 4.254579614833517986e-01 -2.416685381361654283e-01 6.372228778672552885e-01 -1.845192750226606337e-01 1.404222145516156872e-02
3.788136830115809150e-01 -6.023701673592362082e-01 4.917228407394720613e-02 4.689757785859962058e-01 2.899715636154065468e-01 4.914358160125508745e-01
3.612962213405483680e-02 -1.492480214648183104e-02 -5.821649709195563238e-01 3.928065048165915729e-01 -2.982050562339702560e-01 3.080787591925944202e-01
-5.183210247850242869e-01 -1.210142358576331428e-01 -1.616532628016268403e-01 3.285645124950331564e-03 6.222092765667597281e-01 2.573279927277522527e-01
5.119753797967366293e-02 5.521615003361369789e-01 2.129653765800282594e-01 -5.448198286567270676e-01 -2.508024339778963663e-01 2.094698281625181902e-01
-2.101780518683224186e-01 1.480320698624990050e-01 -4.021733923802542354e-01 -6.635745589682606749e-04 -6.998669168825213394e-01 8.482865286653523684e-02
-2.813957217076208939e-01 2.598259461481819965e-01 -2.239575740686013117e-01 2.725547809325633009e-01 -2.176860742764362144e-01 4.580403078743606748e-01
3.171703263738527290e-01 -7.858098851250190642e-02 5.578204176840415585e-01 2.613369691420079910e-01 -9.233118910894863585e-02 -4.405249975925442651e-01
-4.008118863077914096e-01 -2.846151335555899831e-01 3.169071865324036286e-01 3.108321961244570053e-02 1.197076274749603875e-01 -4.893122143720770034e-01
2.357597908517618523e-01 4.955773656945510197e-01 -1.253318807895808726e-02 -4.698774509887281847e-01 -7.773121961084494824e-02 4.038720819920041949e-01
-2.588401730300098069e-02 -4.853039206032607189e-01 -6.782475149489231026e-02 3.987146083265580288e-01 3.922213048138524782e-01 1.550327946419490788e-01
2.030162448758002225e-01 -4.454420682561720524e-01 3.241159566500146361e-01 -5.222668547420248331e-01 -5.019633136606976853e-02 -2.395729938173153939e-01
2.409689864558082484e-01 -8.648278943058719526e-02 4.886740111174177059e-01 5.571400070723844800e-02 2.784674009336124967e-01 -4.237359563908464910e-01
-2.871726863581623990e-01 -7.796227682117518043e-02 -3.664623493036869295e-01 -2.338453948481222788e-01 -3.609180392051435787e-02 6.312365348689266131e-01
-4.052866718926698142e-02 -4.420917988307627167e-01 -1.829497151124600263e-01 5.374947903176857666e-01 3.527038833797606077e-01 1.952167277138344703e-03
-3.399805699646202828e-01 -6.998264824693144204e-02 4.607936395089732851e-01 3.801022406521869512e-01 -4.318581650038042508e-01 -1.312594461397256773e-01
-2.184894744163029257e-01 -3.106768051897993432e-01 -2.543040922738765142e-01 -1.494743308766332546e-01 5.263618022279913378e-01 2.884695987376577619e-01
5.033324353454789873e-02 4.430383373934498881e-01 -2.505620172581461969e-01 -9.458192385870187180e-04 5.686148341162988729e-03 6.472650932994943318e-01
1.941562039133062634e-01 7.273535759348524754e-02 -3.650483749505528674e-01 1.466165251291710603e-01 -4.544711596098154338e-01 4.833579352331155432e-01
2.245774892324667316e-01 -3.834104401257263373e-01 -7.717850034502078682e-02 -5.541514595024743528e-01 4.846595306141121551e-02 3.778643607239587920e-01
-1.111858671217876571e-01 -3.752609100862941416e-01 3.645923566742110822e-01 -1.583194568030017457e-01 4.834055036924098658e-01 -1.457706656659487621e-01
3.087531438209195622e-01 3.531138989837916964e-01 -6.686838212475833265e-02 -2.945662575236601688e-02 -3.656913910261501699e-01 5.405302570068325485e-01
1.505119624946374135e-01 3.430298123622874673e-01 4.432032687316387887e-01 1.524166736448153703e-01 -5.019485510957655272e-02 -4.762371768476691414e-01
2.369933312377605489e-02 3.484252141767356648e-01 5.560606184277974151e-01 -3.866611739180635943e-01 3.113868620133286580e-02 -2.988858789775538094e-01
2.933581718053177578e-01 1.992647055122830080e-02 4.123535565217489873e-01 -3.526432760810802591e-01 6.781342939491297184e-02 -3.494790815959550878e-01
-1.336400442811748468e-01 -5.797351602470103282e-01 6.715271644093437353e-02 5.682419068695954145e-01 8.940789274155758193e-02 3.113028777882623221e-01
-2.644768909185697403e-01 -2.853055372528556233e-01 3.770122300744178645e-01 3.566988388385963216e-01 1.424324242807277763e-01 -2.796314701342622611e-01
-4.287261177411146318e-01 3.596354976421353156e-01 -1.252835066212411863e-01 -3.341613538081015800e-01 1.844090722839009655e-01 8.546926182300067509e-01
-5.380852904544992654e-01 -3.195973277612955132e-01 -8.085771319013321246e-02 8.197083623952206022e-02 -9.237009780688007488e-02 6.700738321030785816e-01
-1.762144685763332719e-01 -1.648973072097117964e-01 -3.401191342536252771e-01 3.027015062564210046e-01 3.558350276570749204e-01 3.666179628865895435e-01
7.352660532669649286e-03 -6.695118243430870919e-01 -1.629386898818682428e-01 6.022422337119174296e-01 -1.591799838130764089e-01 4.580828944965367189e-01
6.859691296375042269e-02 -1.800346082431597272e-01 -5.831680048971653596e-01 -3.809493372673837808e-01 -5.256911747747120556e-01 2.405004398770319574e-01
3.015858861003656854e-01 -1.567932140582304901e-01 -2.099307111671742943e-01 -4.454844465996930514e-01 -5.168785506003347185e-01 3.488397859126045608e-01
1.004542386289732775e-01 -4.587560880894124282e-01 -3.621335204421194942e-01 -9.259020569340058182e-02 -2.885864894751013487e-01 6.041874149741168765e-01
-4.296932263781555461e-01 -4.566585649128743207e-02 4.023195056252703017e-01 5.068814195177691051e-01 2.221012481810223649e-01 1.762029199436097315e-01
2.699203864505150818e-01 -2.003016537026277438e-02 -3.242512547530292388e-01 -2.867305516053321179e-01 2.786600755150001607e-01 4.509415426602651489e-01
-7.052466193737601252e-02 -9.444467515915540290e-02 6.140286488279076416e-01 -3.160522187869778676e-01 -1.777536603279851746e-01 -3.517745567049820332e-01
2.274444632087123386e-01 -5.400802278839074155e-01 1.520912656993049228e-01 -2.968648540008741454e-01 2.150844609709341437e-01 5.455706585447084311e-01
3.584820248964230571e-01 3.425466192726854819e-01 -1.145718351751246616e-01 -5.080729470702132211e-01 1.462768232645676458e-01 3.442970434109415834e-01
-1.552616950334632928e-01 -1.520579463178440595e-02 5.749830381825663528e-01 2.713232329138635102e-01 -1.441507320895940303e-01 -3.202255980314592243e-01
4.338796386119760096e-02 2.423882762035473037e-01 -3.790510409422735982e-01 -6.423524154847453094e-01 1.643205870773863098e-01 3.445963649461075695e-01
4.911284739501075025e-01 -1.194037151859525109e-01 1.243627569898175522e-01 -3.464202192519649781e-01 1.368098302647068332e-01 6.069255048714827794e-01
-2.326222585403146803e-01 4.978722545750939310e-01 1.056792466209866971e-01 -4.150977771790660964e-01 -4.746620851738801439e-01 -3.881865338640348717e-02
-3.341749961503849287e-01 1.638465382108128254e-01 3.534896096375665930e-01 -1.010930534797500613e-01 7.273471020389776776e-03 -6.062799890846820583e-01
-2.241193706003723474e-01 8.022866238911741110e-02 -3.286664689546645590e-01 3.240517373530092948e-01 2.699343634563132754e-01 4.859010134479696541e-01
-4.932018505634321315e-01 3.132964097542520476e-01 -1.594133754868319874e-01 -3.150783501916117890e-01 -6.633356165409605154e-01 -3.915571947359722249e-02
5.644590376462567394e-02 1.038982439661001456e-01 -4.847279740476832521e-01 6.094204607839392995e-02 4.584107607167507425e-01 4.503124850616613828e-01
-3.628120733126804359e-02 1.768761421198558059e-01 -3.160790320330585379e-01 -1.485455098890085257e-01 -3.067368382781434644e-01 5.519735075990701567e-01
-3.915105008349168414e-01 1.628119448117902324e-01 -2.742839844165259611e-01 4.055990828909202262e-01 1.216439588343579264e-01 3.281456865517827226e-01
1.445640182749950986e-01 3.902552237640994348e-01 -2.933676343548946019e-01 -1.586850723706267896e-02 2.255124174260353664e-01 6.798338928313722995e-01
-2.670791617357357040e-01 -3.261918825543891343e-01 -1.633266970879022617e-01 4.763757456695010828e-01 3.059534663753772366e-01 5.500117213985961095e-02
-1.481530804283446578e-01 5.356662037967812040e-01 3.414142397871954837e-01 -6.288227815292771750e-01 -3.378907464892509926e-01 2.648969668972999680e-01
-5.395122456079091966e-02 1.952397490341627184e-01 6.593809987941041673e-01 -5.054245901757152826e-01 -1.351979324468500498e-01 -1.694632198608766460e-01
-4.837655826252165725e-01 1.948716477724346252e-01 -2.715301757754722684e-02 2.057258524560127699e-01 -3.522375360542944200e-01 4.474764188484686156e-01
-3.096779784929757362e-01 -5.981439526814073815e-02 4.125440595991142767e-01 2.700186804691783182e-01 2.737721300722850692e-01 -3.308749431842538669e-01
2.071318028052066551e-01 1.996253455847291081e-02 -5.201630763482285591e-01 5.532681953092962734e-01 -8.747258401662359739e-02 4.118494198560925801e-01
-2.070467917111626088e-01 2.748586812461807360e-01 5.520528614367004039e-01 -2.065693419651629947e-01 2.733697821776615577e-01 -4.479459161732043393e-01
4.822963684997156469e-02 -5.611995272662577694e-01 8.923564580877885177e-02 5.288721108932683546e-01 3.093947276137882785e-01 -1.587598777854663801e-02
1.490811352503163822e-01 -8.913565916842469683e-02 -4.374578283961714775e-01 -6.617610935489956492e-02 4.994835325496260747e-01 3.417672775816575359e-01
-4.148281095161774346e-01 1.246659871598712471e-01 -3.083562876900438621e-01 5.686614146860770047e-01 2.314520431939618428e-01 -1.622566846067113600e-01
5.322960734614903267e-01 1.866506889289702154e-01 1.160240699141213555e-01 -1.942117560629085249e-01 -2.544302085178056227e-01 6.429339441310446546e-01
3.020621166079959785e-01 -3.414489858302516279e-01 -2.164420068358501870e-01 -5.758888573709790570e-01 1.194890900141320489e-01 -8.706589804351366757e-02
3.352337640520538509e-01 -3.514341562150172238e-01 -2.611234843216434509e-01 -5.624177058798541795e-01 -2.258332417967291172e-01 1.613055024043797414e-01
4.693972096268305139e-01 2.413840849178295056e-01 5.396430216069486585e-02 -1.236587547816437871e-01 -5.085033496219618643e-01 3.471425049638101612e-01
-4.254677807590234728e-01 -3.343429404078718803e-01 5.890548985631874346e-02 5.606264972703849381e-01 -1.990513237746610320e-01 -3.760488941157097420e-02
5.281193964380065387e-02 -1.518516164578860017e-01 -3.595122954009398741e-01 2.997015633799615664e-01 1.116034719835599376e-01 5.730309636845176691e-01
-2.619322079272956572e-02 -5.980064206008167682e-01 -6.198288654966200434e-02 -7.371128161473194940e-01 9.865703607601428171e-02 -1.581772578608526825e-01
-9.758727886017395936e-02 -7.519669017040220282e-02 -4.940967383006737434e-01 -5.888398935667663592e-01 -6.085355272400214122e-03 3.741742400998210871e-01
-1.340379315383736225e-01 -4.540093011069025186e-01 2.459574065327685966e-01 1.792101392510583868e-02 3.353837036271680727e-01 -3.488258842299619134e-01
1.711339871748728259e-01 -2.119545093913123290e-01 -3.938413203798303286e-01 -2.395758965221853054e-01 5.080954851557718532e-01 1.654845209562311181e-01
6.922859361985522764e-02 2.640846859479599740e-01 5.049262417599779118e-01 -4.798942329343579560e-01 -7.506847193230409276e-02 -2.589057141419444097e-01
2.825148420483998279e-01 -1.747845121897643184e-01 -3.063658328346872128e-01 -2.872594822290528427e-01 -3.321621070128438769e-01 5.002254589865640089e-01
3.433097870753258896e-01 3.390526822834966092e-01 3.260190242322905663e-01 3.281419975663157906e-02 -3.289389818827950229e-01 -3.502794504517556806e-01
-2.142702505846471872e-01 2.173149321338238849e-01 4.185187686846178479e-01 2.388385206273744010e-01 -2.734506807538499285e-01 -3.256865488573343348e-01
-6.422334777717353393e-01 -2.426293826905827067e-01 1.491122288796904172e-01 3.208962639599249878e-01 -3.673164232059265566e-01 3.875115630218607388e-01
3.785052353274644954e-01 -1.112787201060919107e-01 5.838713016296085412e-01 2.901791475435702150e-01 -2.499179838052729974e-01 -4.025249964056896168e-01
3.921821991131311802e-01 9.592123249628893566e-02 4.375752586895089724e-01 7.381061278735107090e-02 5.701988489610254618e-02 -5.095922123393982206e-01
-2.625412695022522613e-01 -6.466882194684581142e-01 2.068757091698987804e-01 6.897936740581018800e-01 -3.416461230370179125e-01 2.096096950164435813e-01
2.886990386802708031e-01 4.099894610915025273e-01 -9.366755790020715733e-02 -3.018708174167971103e-01 8.538223160516023036e-02 6.451540657916617905e-01
-5.157985876968660399e-01 2.710517160858180175e-01 2.191206111756946462e-01 4.820731044633664863e-01 2.169321594140324050e-01 2.554958715998253971e-01
3.698351600434727215e-01 -2.466004741161237357e-01 1.563941479086954911e-01 -4.203601462968276081e-01 3.662545908885971313e-01 1.561770400594970354e-01
8.188524951318972012e-02 -2.848574530479857647e-01 -2.301792393928168146e-01 1.090243073798020518e-01 1.957468387722214320e-01 6.463382939298827345e-01
4.543358600435628003e-01 2.297707705032604741e-01 1.650085014931795546e-01 -1.018657744124299991e-01 -2.594735915309601681e-01 -5.067650437184568757e-01
1.353864120667628013e-01 -1.470716712091681977e-01 4.859227641206491088e-01 -2.986811747888478141e-01 4.924553186685087791e-02 -3.933069475120709035e-01
4.718194752788923974e-01 5.815292925843552202e-02 2.263068564511786507e-01 -3.736837904135393296e-01 -3.966216795950741059e-01 -5.352216785754193573e-02
4.132533664333442047e-01 1.383491203519089663e-01 -9.444424433823611631e-02 -5.483311550354824648e-01 2.532694629880782866e-01 1.548518104238739701e-01
3.146743592235419773e-01 -1.036210161310996691e-01 4.497919810242127503e-01 -2.241264364756808125e-01 1.075462893096748307e-01 -3.657459222437880464e-01
-4.214772901761663082e-01 -5.070499701134302262e-01 -7.504819663880725467e-02 -6.178921956231052670e-01 3.145009643252755227e-01 4.601856280034322122e-01
-4.918395283726248457e-01 2.048178365216311581e-01 2.935981406860396214e-01 7.188204658421210036e-02 -3.354206806691862330e-01 -3.311900878135457527e-01
-1.127511720266308193e-01 3.881373400160732512e-01 -4.472692143582390756e-01 -4.677024338817162286e-02 6.340027363540653438e-01 5.197864841098318589e-01
7.806504308806758163e-02 1.329543416090656349e-01 7.378379835246344776e-01 3.406469659916235848e-01 1.873205490819949137e-01 -2.255389153313021033e-01
4.736545998011447711e-01 -4.446524336239119496e-02 1.168381753061267514e-01 -4.215394589351049159e-01 3.459758087959243777e-01 3.317413674481412000e-01
-1.654866825640144978e-01 -5.092091599516666844e-02 -4.908235602175671786e-01 -1.963640251958319594e-01 -4.488989999168351841e-01 4.260515863700337635e-01
-5.420243632504938291e-02 2.555451467006075728e-01 5.715314909273686572e-01 -5.021441554363053061e-01 -3.557751976314740272e-01 -8.087609094561820644e-02
-6.095520937134797368e-01 6.585836241084713251e-03 3.342117158854818193e-01 1.008302368341262856e-01 -6.740849075094770271e-01 1.552025455957760369e-01
-1.766662499688634314e-01 3.070109046912735118e-01 6.491353920516323983e-01 -1.789103567082958035e-01 5.805053281931061848e-01 -3.127355786603140952e-01
2.813291123067373015e-02 -3.818237155224167290e-01 2.579750552212453085e-01 -4.096942660545880854e-01 4.417012512157863502e-01 -1.027381161341429650e-01
-1.780759714740521860e-01 2.451524210266783632e-01 -2.976069224946528147e-01 -4.666901954895188998e-02 -2.498669517527017658e-01 5.612807497645684318e-01
2.134227269667939575e-01 -2.151129879625176752e-02 4.811462752038297430e-01 -2.731920907174812951e-01 -6.392966236953573356e-01 -1.365488854939096997e-01
-8.750186988337277372e-02 -8.854643206014373158e-02 7.300069715271814141e-01 1.734813306104233677e-01 5.050543265878510990e-01 -3.125901903888872457e-02
