-5.640129707714790497e-01
1.903868937879774625e-01
-5.597057656575984280e-02
1.733666627976325980e+00
6.607341356848845493e+00
2.613973991111354436e-02
-3.721107326567057224e-03
5.887361692954111714e-01
2.625261275777500902e+00
5.167082513600568028e+00
6.402351112768382979e-01
1.229653792109249161e-01
-1.115040259239833131e-01
1.223736652387973578e+00
2.794955589007941388e+00
-2.948977397783765775e-01
4.175463834954276643e-02
3.662474358872007119e-01
2.490186791965522062e+00
2.733062038010414252e-01
-1.237917722610226180e-02
-1.944082591506942626e-01
-5.512261081815905683e-01
4.624651800940488555e-01
6.018519785910321218e+00
6.676792002310466126e-06
-6.600964872447250276e-01
1.897776404551891893e-01
1.298767776605255886e+00
2.030859246757402925e+00
3.048189582134274711e-01
-1.808008836705363165e-01
3.610404630942369852e-01
2.579723581664411292e+00
2.790108599013866986e+00
3.130105432622517503e-01
1.444775116959689798e-01
3.945199174631432437e-01
2.525262463669758262e+00
3.104644612970324236e+00
5.684159328343713069e-01
2.871041869936645230e-01
-5.331486196969763280e-02
1.767146306984517024e+00
3.005601610220038022e+00
3.212423930828831042e-01
7.488993936320655909e-01
-4.585434834287262229e-02
1.663960397212070008e+00
3.507860614700229362e+00
4.300475961353190657e-01
1.748311883480751783e-01
-3.256238029653181765e-01
9.019078933637587614e-01
3.084791465384664644e+00
-6.277732325760231324e-01
1.329552133146607584e-01
1.774015020584852609e-01
1.572690135032971614e+00
9.075377744204601305e-01
4.704429907740952932e-01
3.049973655550207718e-01
3.366405989699989276e-01
1.792154029837736529e+00
2.811234137574831315e+00
-3.593639898681332823e-01
-2.192618166029318971e-01
-2.348191530436232466e-01
1.060405886786813578e+00
5.756112508154873630e-01
4.577935071299228387e-01
1.031301301803245751e-01
-3.260958361620827639e-01
9.056624291475594557e-01
2.944296354035302432e+00
4.136348648761470348e-02
5.552673522273415818e-01
2.204550521225107085e-01
1.819121645320183500e+00
3.708754429170293854e+00
1.440058359867711635e-01
3.967162516227130675e-01
6.130449693425200630e-01
1.870668512984807297e+00
4.981146280106384161e+00
-4.394817499553673734e-01
4.638476266312235308e-01
4.063262095482339520e-02
1.588668376864520893e+00
6.401612144658825443e+00
6.078472030435178031e-01
-2.203905810809292376e-01
2.605734520938368659e-01
1.604721092056120346e+00
1.780871016812547891e+00
1.444358795143882157e-01
2.295508379534537402e-01
4.967263966170008538e-01
2.379398382435692128e+00
4.258787987631623473e+00
2.358475474450920720e-02
-5.567601288244337088e-01
-3.887439251054462530e-01
2.097912225273706466e-01
1.062507922330620636e+00
2.478381857878022287e-01
5.273166164887822804e-02
4.492318167298825493e-01
2.481567905165596333e+00
3.826750951203226503e+00
-5.903041455476440991e-01
-1.049561444233171846e-02
-1.140419713682384178e-01
1.873581491444991975e+00
5.927742166991997186e-01
-6.428695711312684691e-02
-2.813841407345247791e-01
-4.031632960375307606e-01
-4.294223992015353542e-01
3.964371023995717724e+00
-3.880266411606450028e-01
3.182643790483270507e-01
1.937146704821096077e-01
1.956232229641809539e+00
1.236203011022535825e-01
-6.164492078741768549e-02
4.079997797862268127e-01
4.428039324226248352e-01
1.806951629235385326e+00
4.649102868717031711e+00
4.060784752699548861e-01
-6.847514080297040229e-02
5.295696030961092315e-01
3.267027786493893693e+00
2.537337164391961331e+00
3.471893751626304869e-01
-4.671432875548092722e-01
2.751664661794874234e-01
2.681365113074144269e+00
2.878738083071714637e+00
-3.124567878214987715e-01
-7.547060153522085202e-02
2.610429471507589860e-01
2.433914376636334254e+00
5.733912727711564239e-01
1.144032305421432971e-01
-4.637394684569556835e-01
-4.641584773459442870e-01
4.903611273656660607e-01
5.815382299151572454e-01
-1.681771991011683787e-01
7.613069906151578303e-01
4.687041096729731987e-02
1.589203473546086709e+00
6.123825818979740987e+00
2.660390529192528664e-02
-6.991076701012205463e-01
-4.429250322592510614e-01
6.534463424987056734e-02
4.478821606511030673e+00
-8.447363471771454080e-01
7.453003988340647923e-02
-6.490977942981897286e-02
1.899801494028508397e+00
7.049984245844941322e-01
-3.948321228992455190e-01
1.512082567194884819e-02
1.837030635610873430e-01
2.239816174346358046e+00
6.334865988547282001e+00
-2.188911380123731709e-01
9.575018313236738354e-02
4.079463723128731734e-01
3.060855683485769418e+00
5.902019552773109190e+00
2.438616518191304150e-01
6.045700662798794145e-01
-1.185573928178275394e-01
1.321451344021322694e+00
5.142121296922316454e+00
-2.101197954625316222e-01
-6.766949238899674368e-01
1.914732721748528543e-01
1.185732819622362655e+00
1.721655434944673546e+00
2.294841264535337488e-01
-1.397857939277054595e-01
-5.507016021836013131e-01
4.112451471582099227e-01
3.748935190359490299e+00
-3.863173098553562279e-01
3.753148052857808170e-01
-2.926174627177897669e-01
8.317064406386355246e-01
4.946395238737625100e+00
5.561878795631809425e-01
2.833415755890821355e-02
2.762466032553959616e-01
1.767501130453880132e+00
2.056060466682627208e+00
1.549481131719565759e-02
-2.822708478985636038e-03
6.619491610880949839e-01
2.386325648989088055e+00
4.799666043282662109e+00
4.816165123304741447e-02
-3.213969288722493545e-01
-4.851657929398544011e-01
3.805154945361504670e-01
6.645957331474016128e-01
-5.551402748332067150e-01
-5.037677234629983625e-01
1.925501099082144452e-01
1.388096078967036906e+00
1.721400926931110797e+00
-7.064018281767001084e-02
5.275861545063942337e-01
-5.043986337919347251e-01
1.549715834626584465e+00
4.236995655184510490e+00
-8.169039968818454789e-02
-3.542252903509328088e-01
1.679171456784533667e-01
2.204470347967065535e+00
1.729528864248464304e+00
2.115930560547417405e-01
-5.291305932290908398e-01
-1.378160801279858455e-03
2.001448970258792315e+00
1.388352607886666146e+00
3.323415384082303858e-01
-4.023678771495424744e-01
-3.296454544937114650e-01
-1.918355928441002611e-01
5.524153432724999924e+00
4.002099049158577837e-02
-6.428104459374802682e-01
1.242828978383800770e-01
1.035141745766597898e+00
1.158604348462499045e+00
1.006434511591226544e-01
3.294475104472278648e-01
3.513334012848539079e-01
2.289801967467232746e+00
3.790488644380642924e+00
-7.599460811379712966e-02
6.087588901266314245e-01
1.989260814325229110e-01
1.627776059370640516e+00
5.646682842988052009e+00
-4.247698898906456244e-01
-2.712390032449276678e-01
-3.935498496500522969e-01
2.976600210520154444e-01
6.057786427600033718e+00
-1.478544736245317459e-01
-3.481060714132400702e-01
-3.207863323602614947e-01
6.533892021933450645e-01
9.899514634808743718e-01
4.556232225390065560e-01
-6.478501592032197554e-01
2.156265511808585500e-01
1.281023426611035632e+00
1.398159740373797089e+00
6.733858430006128826e-01
2.002547920344805443e-01
-1.508154876600046601e-01
1.875203311446576038e+00
2.931206945659736274e+00
-3.900381434945686399e-02
1.779325059308206058e-01
4.808249783588716686e-01
2.581872986077114795e+00
5.400911475832359088e+00
-2.911994232242643421e-01
2.615038661000901321e-01
-4.542398481739295391e-01
9.901225093927215060e-01
2.072530992489876600e-01
-6.521352484669511451e-01
-5.616512191582120894e-02
9.923524431232413900e-02
2.062297774365054792e+00
7.849495055474021710e-01
-3.435370516949121100e-01
-1.874823196795263880e-01
2.674247816053544335e-01
2.699561210867517325e+00
6.707011162707892105e-01
1.544174627776310760e-01
4.110480764604883541e-01
-4.767854497978035733e-01
9.662732430530878158e-01
5.155287507564825233e+00
3.518333804025529643e-01
4.162245643118090976e-01
-5.172022353907036463e-01
1.109804502249246649e+00
4.901881479454410773e+00
4.565125060007231839e-01
-1.951140128896985682e-01
-2.862566725086344577e-01
6.566053383962807688e-01
2.360763803411556339e+00
2.071634692335457273e-01
-1.067158355903468220e-01
-8.302314469249085782e-01
4.540595650988022980e-01
5.015997945160659555e+00
-5.309313074205174871e-02
-4.616762518716250874e-01
-4.411376611580676288e-01
8.121452658008093684e-02
1.593903965656096933e+00
-4.185996487570792790e-01
4.179428045841796502e-01
-2.899036589417312570e-01
1.301468569135191267e+00
6.698483308456237850e+00
4.468633097360354967e-01
1.367603569508751560e-01
-2.755153602525008960e-01
9.725079905665101609e-01
2.970720463464652461e+00
-4.860406332789538042e-01
2.678654078394213656e-01
-1.739328439967997506e-02
1.682904214537439547e+00
2.655821198191730681e-01
2.222890177293502245e-01
-3.508621781264004147e-01
1.479190126167009844e-01
3.802729651263485167e+00
5.210985667615215533e+00
4.920312500286990187e-01
6.744962014750205404e-01
1.491839241825459184e-01
1.561838931067610181e+00
3.149021001776465489e+00
4.123552996745421528e-01
6.105490538705007353e-01
-7.198615130397124917e-02
1.566424963228822520e+00
3.272070188374654798e+00
2.204785338681032325e-01
3.290727962924741012e-01
3.559158377082493607e-01
2.185305902145254997e+00
3.555318299505365154e+00
-3.918621962474906906e-01
3.523387915497535050e-01
-4.525983074984193388e-01
1.265864500071593124e+00
4.774597504721416641e+00
5.665625585350824167e-01
-2.224053751643097210e-01
-2.692761530107816714e-01
1.135733553083882796e+00
1.846540433438936590e+00
-1.525423793213807888e-01
3.822585290757574694e-01
-6.689445540173701854e-01
1.152242849188126916e+00
4.304007081254771272e+00
9.950744705605236717e-01
3.298098514524624436e-01
-1.501817900904471315e-01
1.814325245132873521e+00
2.883387556001178353e+00
5.194399908362983265e-01
-4.840012569576931378e-01
-3.344041316959937837e-02
1.009497591258438520e+00
1.531769846841304350e+00
7.090991784058255087e-02
-9.661008078457772319e-02
5.863256321607045463e-01
2.657702244058634644e+00
4.779022886119538960e+00
2.652235241678237432e-01
3.656375137854448454e-01
4.230910371241050627e-01
2.170563061783900238e+00
4.917061584909043326e+00
1.074625703029404022e-02
7.901957595646689203e-01
-9.122008051185730160e-02
1.658654122862494029e+00
3.879673707376141145e+00
-3.981655821220215774e-01
2.630510816806108654e-01
-2.418247018695868500e-01
1.209920540314458171e+00
6.390080630790243355e+00
9.283423860190244403e-02
2.779849650524797711e-01
6.243727457962224836e-01
2.182807170496713134e+00
4.196182392364008251e+00
3.323000548317265879e-01
4.405001151638009427e-01
-2.263733065504681397e-01
1.031868361651149923e+00
3.443078007922466099e+00
-2.681108227061656524e-01
-1.013872568956081799e-01
3.383868685225360218e-01
2.652040093233353435e+00
5.265125753446127099e-01
-5.036341827898612733e-01
3.010600608817105006e-01
1.125651062197888796e-01
2.042583159867912279e+00
6.497926776597481968e+00
-5.773506026451266093e-01
3.069428620676128427e-01
5.655381741398214646e-02
1.887549373569285427e+00
4.159279309962436999e-01
5.525005271422215800e-03
2.573280817572922707e-01
4.604537193175830545e-01
2.409651712365398435e+00
6.090178426083340035e+00
-9.160778747077151507e-03
-1.209814462257361445e-01
-6.127263982277665333e-01
-3.519407852485143540e-01
2.141496227696406685e+00
2.069281129340738989e-01
-2.766661793861719953e-01
1.275268688424673058e-01
2.140341084886467460e+00
1.683910097423874985e+00
1.344699831295949610e-01
3.525893016050652418e-01
3.444629233940617041e-01
2.160154442936920383e+00
4.168727133306886046e+00
-1.113167599355107534e-01
5.092743843693839922e-01
3.051488807494466826e-01
1.746296149434546807e+00
4.317130804872280514e+00
6.250277363894742866e-01
-8.403925227893296879e-02
3.708990263300072227e-02
1.427048262498470610e+00
2.303996580082252166e+00
-1.791026199061221957e-01
6.962655389496313907e-01
8.688920974800699859e-02
1.010141842912376964e+00
5.476213697951784809e+00
-7.972502884521311117e-02
2.406553942110109257e-01
-5.377371939107065124e-01
6.935600629370262116e-01
5.746467166372786650e+00
-1.895673454485688192e-01
1.281909008801655203e-01
5.056482146640155495e-01
2.079750183719756951e+00
5.045594418481925914e+00
-3.515094641385760332e-01
3.528023728203675824e-01
-2.805201138194616250e-01
1.309519330618776012e+00
6.200419190209795595e+00
4.777969716261538102e-01
6.292645635654557923e-01
1.407908075569275774e-01
1.921979579161307683e+00
5.207522695868347817e+00
2.171845745023071872e-01
5.648202133744267828e-01
2.171899035766651775e-01
1.666661154281356305e+00
5.129077842096615214e+00
1.530900712755584037e-01
-3.060223056036610600e-01
7.358134954464943256e-01
2.707046952027346354e+00
5.378899334534107624e+00
5.556899959303088221e-02
2.492551231416134314e-02
-6.177112226757680569e-01
5.600710952385620223e-01
4.317983524543661744e+00
4.391938019010483418e-01
-2.250512500787126557e-01
-2.062104511119439709e-01
8.844578088325011356e-01
2.347520998908896317e+00
-4.146989187212855588e-01
3.784647005058239255e-01
1.326275743443138533e-01
1.855462821371537840e+00
6.494353272808948141e+00
4.593957053536628088e-01
-3.278420773852702697e-02
3.221983977736689320e-01
2.541941716392285500e+00
2.737806356648917472e+00
-9.530934271080951370e-02
1.034122096275179314e-01
4.398595560708968843e-01
2.613164677913867084e+00
5.621942593606658711e+00
3.269398646977213219e-02
-6.131463277760859087e-01
-9.308500906892183679e-02
6.330917531381355934e-01
1.472492132886457306e+00
-2.335624526855879096e-02
-4.638804912464269958e-01
5.722926645498027654e-01
2.849158391224897002e+00
4.188455547861103412e+00
9.643224819685448576e-03
1.932553245783723284e-01
-6.735199056909786375e-01
7.723943099741057416e-01
5.090463571974879642e+00
-2.036303093644991347e-01
-5.629629293344945440e-01
-1.728563396528433604e-01
5.620492177631609687e-01
1.475303085413875781e+00
3.093457823485238345e-01
-1.254495831208529977e-01
5.049816859191256224e-01
2.914810225946372846e+00
6.416192556927222235e+00
3.089072188847724609e-01
-6.118013604769529934e-01
-2.129491255991795284e-01
2.177141786804637213e+00
1.529842996866397797e+00
-2.032897396994608474e-01
3.756658429404828303e-01
2.561497873814701509e-01
2.143025869946058926e+00
5.880448255511321776e+00
2.741154665770649257e-01
8.166787691188671927e-02
4.119716075848005032e-01
3.826342022847289304e+00
6.724405933799109114e-01
4.002215261525887691e-01
4.545959023465062088e-01
-2.060552192289254181e-01
1.226917862187146158e+00
3.329299671595201904e+00
1.637519658395210076e-01
-5.706846592522792916e-01
-2.397268407902053422e-01
3.977382792940976075e-01
1.852827445806886297e+00
3.279668357375825072e-01
-3.125776082644390885e-01
3.095862256780319566e-01
2.913183099793044573e+00
2.795158758421925072e+00
1.624887124935898985e-02
6.356081563965905179e-01
3.910028925915564613e-01
1.335211056779382899e+00
4.302762005915734100e+00
5.075616569561359759e-01
-9.863125907874832621e-02
-2.645956640669753224e-01
9.256609682291528918e-01
2.301283606927170933e+00
4.553378023274516351e-01
-1.795242961601877241e-01
1.729260366971366591e-01
2.183697922973084182e+00
2.950463627259309884e+00
-3.536818523579088325e-01
3.995705319389682153e-02
-3.216315853716321671e-01
1.043734434352660223e+00
5.973672595027689214e-01
-1.598159057523506066e-01
2.513723027810252919e-01
3.790492582651133757e-01
2.583010871579482615e+00
5.653022750947431341e+00
-2.394224204106280562e-01
3.308042988524372285e-01
1.818174977957641436e-01
1.874503685141329479e+00
5.937425926820943722e+00
4.041392372827385948e-01
-4.482044356597971180e-01
-2.258492137072148076e-01
1.819241760458549573e+00
1.651285960675229481e+00
2.720801970303566852e-01
-4.308549547812282610e-01
-8.953718672009314261e-02
6.607964533047756550e-01
1.812297602294386634e+00
2.001914202285895727e-01
2.500023061089478027e-01
4.994170619046924831e-01
2.451369043620387433e+00
5.163607072884362381e+00
-5.220975776243551580e-01
5.666551098918920504e-01
5.180338228456284749e-03
1.358477976145542332e+00
1.218450328583310649e-01
7.399943553273052865e-02
2.513899417671328074e-01
-6.088791128539775555e-01
9.359725705106517468e-01
4.776674423940036718e+00
4.022576592442626137e-02
-2.958936973123959535e-01
-4.472997990248198663e-01
2.538566079995061009e-01
6.098081221029436616e-01
-3.386890074083270252e-01
-2.139313642168112761e-01
2.603561808816416967e-01
2.552796333705555032e+00
7.213527890132013232e-01
-5.139898821073346502e-01
-3.360431129870412592e-01
1.944681767378802217e-01
1.230496035039987834e+00
1.360696449834291055e+00
2.922680759140520723e-01
-9.904590608971154675e-02
-4.510439792007402970e-01
5.781680925259384818e-01
2.348991418816430699e+00
-3.216621140058730788e-01
-1.623903828482432810e-02
-3.298133012295001443e-01
9.010201621730677957e-01
2.558180317453719321e-01
-2.767764603957983266e-02
2.397259270697202072e-01
4.664854830757901860e-01
2.374795287736353622e+00
5.535200644003118953e+00
4.190392978029111037e-01
7.565769550251358888e-01
-2.582435293363135979e-03
1.713491741122742829e+00
3.273241231621801361e+00
6.387978476566812391e-01
-9.364906918846451281e-03
6.743196498012503370e-02
2.054040330669825831e+00
2.431050680277220266e+00
5.560762156576946058e-01
-3.175637049529202172e-02
1.423111658935336532e-01
2.358698076695592949e+00
3.186690464372013754e+00
4.969421784379871587e-01
5.461264737696872595e-01
-2.494314098837415450e-01
1.579666857701945926e+00
4.845059229945485768e+00
-3.300996731849689114e-01
-1.491994604952031067e-01
2.801319866191764874e-01
2.485406736100053138e+00
8.781459915063588584e-01
1.760054841676538528e-01
8.303711338408877041e-02
-4.934540040468202160e-01
-4.402531561265777271e-01
5.122711212055678365e-01
2.398182078771936565e-01
-2.521971762089874058e-01
-7.767783966075453295e-01
2.333635834787095020e-01
5.347525942406460508e+00
6.609256633289926075e-01
-5.926595478331386085e-02
2.359026458019700956e-01
1.610462448644468525e+00
2.074885390553621534e+00
2.237349728336264498e-01
3.206137902883025581e-01
-5.947013470818921510e-01
1.019975360920097884e+00
4.955941803204739315e+00
2.798261969248897474e-01
8.414305766917873353e-01
3.764890820476930744e-02
1.480011429754863439e+00
5.314232666254707915e+00
2.901970539209315358e-01
1.949594515945289944e-02
-4.646873192496345228e-01
4.733723017836648506e-01
3.158681160077770667e+00
7.567232440026631923e-02
-5.011769465305667692e-01
-4.123103751448054521e-01
3.025495857735828742e-01
2.026402145185464132e+00
3.731675339647601980e-02
-5.963807135407732662e-01
2.623571541577836563e-01
1.080502510639814728e+00
1.745028022214943686e+00
4.421223648801427264e-01
9.237216243024218287e-02
-2.239350434639482690e-01
9.922327604195917417e-01
2.846848433165394265e+00
-1.709658027239792100e-01
-4.130702258381870329e-01
5.164325573273536446e-02
2.346059125707695259e+00
1.321268831904514496e+00
7.388928033260931949e-01
-7.592301321362943112e-02
-7.798649794716577821e-02
1.475848493595285582e+00
2.195829612105840045e+00
5.150339747737997520e-01
8.182936631011304002e-03
-2.278236878459601045e-01
1.053595591399361542e+00
2.677592483812291757e+00
-4.241327878414579144e-01
-1.294570298292924970e-01
1.981696572682064006e-01
2.585113811381846372e+00
4.956943412871955834e-01
-2.984755617022594731e-01
6.326147916411875571e-02
3.542716279207747121e-01
2.612187958402941934e+00
5.984823610873470090e-02
-6.541767885110327807e-01
2.768357062863546769e-01
6.210256629415258911e-02
1.879192978833962080e+00
4.348578231097492419e-01
-4.582287518079398714e-01
3.545089480149821726e-01
6.354285899248393599e-02
1.751485785046465349e+00
2.590805506603003350e-01
-4.274193065896078614e-01
-3.493892341141849323e-01
3.274961234576875824e-01
2.097601482114584748e+00
1.821002955170524240e+00
-3.236391348301121962e-01
2.747632094695990346e-01
-6.972646353683996656e-01
1.343757687235938247e+00
5.058794904094490619e+00
3.546199901276279182e-02
3.092723689321476011e-01
4.716466162459148626e-01
2.265132813277340951e+00
5.318060529460468366e+00
9.814893347020740844e-02
-1.976729014943136575e-01
6.559321643194570006e-01
2.543365981894006644e+00
4.529057459441946598e+00
-3.571978023003762881e-01
-1.336616699261118368e-01
1.672230619646432048e-01
2.293990012515144450e+00
6.483032245656875636e-01
3.014637108813067456e-01
7.767858176476545307e-01
-2.305764877747714381e-01
1.594491343017355289e+00
3.365120057674316545e+00
-1.607898495116616769e-02
-1.811798341656196132e-01
-6.916719548951039132e-01
5.497972317508760254e-01
5.796200179403901309e+00
4.194641410283219130e-01
-3.877213081250214799e-01
-2.573943128972527861e-01
2.291984017589411948e+00
2.413858734247881888e+00
8.762294418540031993e-01
-9.321065127541156015e-02
-1.239814141761498983e-01
1.322004591003990148e+00
1.881870474382772551e+00
1.502416005112966191e-01
6.532328615011400164e-01
-3.225937861753263580e-01
1.585038294816770499e+00
3.863505623410129708e+00
4.265973018286464136e-01
-1.748011623451536378e-01
-3.266766755079495987e-01
7.586090500559511396e-01
2.535290071201673712e+00
4.561746788071531222e-01
-1.102778847491687753e-01
-2.938697458532297246e-01
8.671606593645354577e-01
3.311531823021347520e+00
2.757041598873651300e-01
5.484678638603571743e-01
1.967523546124595180e-01
2.154992304408653858e+00
3.734048705613709274e+00
6.817902507442832882e-02
1.813815216892797066e-01
-6.619815083892128804e-01
8.717574298792617471e-01
4.599262296310343778e+00
1.596153371718928293e-01
-5.173658570091611564e-01
4.294177299780200796e-01
1.260741699787199632e+00
1.193591202317208610e+00
-5.119291163321594285e-01
4.680812354267236408e-01
-1.036534964957358251e-01
1.499474563191603549e+00
4.707066142332472225e+00
1.288998016682840475e-01
-6.580884354831595395e-01
2.249427787981516866e-02
6.996819086843533153e-01
1.480726634505528549e+00
-9.558550805682863860e-02
-2.629476511417379592e-01
-3.799685591944841900e-01
6.467764422180486417e-01
6.031744301253628704e-01
-5.904196800805466827e-01
2.546952128555217687e-01
1.097009070105068318e-01
1.737397474075203396e+00
8.213544502201934883e-01
1.963833556914279244e-01
1.136522686717113539e-01
-5.338447553398032452e-01
5.939037449193809159e-01
3.557971045819208200e+00
8.536863916610538672e-01
1.261093077067537427e-01
3.484276961764807834e-01
2.978897494918327560e+00
3.772769474671205270e+00
-2.694582947395712802e-01
3.195210060489281356e-01
2.843745086390348509e-01
2.075911817892908129e+00
6.138554605338482517e+00
-4.485109241908166178e-01
8.654594746689527052e-02
1.992883914809620016e-01
2.224902690930811833e+00
7.338998873034093817e-01
1.790702260030155035e-01
2.477184813394052165e-01
5.873402695541298790e-01
2.251575340146842574e+00
4.035711333523477329e+00
-2.887706643933991846e-02
-1.240599555029079787e-01
-5.599453269906705666e-01
2.818669021718991363e-01
3.162887248885303482e+00
4.563002866799688029e-01
6.185394021775660889e-01
2.344422884291605738e-03
1.802176991388273697e+00
4.992753606184797910e+00
-3.769439205164534790e-01
6.162662064268917828e-01
-1.190312243975286260e-01
1.376510801266779493e+00
4.403010320222963792e+00
-7.709158415454638036e-02
2.040476781323785349e-01
4.697960221892724109e-01
2.440484526096031281e+00
5.620931379131808292e+00
2.013521613621283568e-01
3.776590204480869684e-01
-3.454228934550934715e-01
1.160584650224981917e+00
3.604474887788208459e+00
2.488629305256236102e-01
-6.994080224982247573e-01
-2.022237941483938095e-01
2.334753090463423941e+00
2.288930904766448116e+00
2.231823955424621642e-01
2.715165335750772679e-01
-6.614351642963879341e-01
1.060541449868350972e+00
4.775308387465100779e+00
-9.242956877814607897e-02
6.398217011635057849e-01
-2.093395708146481293e-01
1.434779431798406835e+00
4.033875495355004226e+00
3.909061280392627236e-01
6.430113787325493213e-01
3.273655381046126217e-02
1.967961762528546155e+00
3.508399675101816051e+00
1.938864748520517933e-01
-3.680612474327820682e-01
3.497433926331302012e-01
3.445436167800874028e+00
4.574873200080372015e+00
-2.231014812127756486e-01
-5.702717279584615939e-01
3.587861366496260251e-02
2.716494912754197077e+00
8.013778818903395385e-01
-3.425404869103583771e-01
2.006068004036974939e-01
1.957152934310655013e-01
2.135254779363882971e+00
-6.010535852566501608e-02
-5.765508432733402744e-01
-4.045826951951820294e-01
-2.309128236224559580e-02
1.560035472628813924e+00
1.631669547821190003e+00
6.912702345774776047e-01
2.429203525417486798e-01
7.978508111345528064e-02
1.965007750711150747e+00
2.676824385708730158e+00
-3.128129634903575318e-01
4.433486418247920002e-01
-2.550644889433399398e-01
1.488891566765742747e+00
6.184950354455645893e+00
-5.522414464861356009e-01
-1.343300580142942346e-01
-1.892019893159355495e-02
1.183010835320597920e+00
6.417980618836861550e-01
1.935583061656398832e-02
5.236470630796917769e-01
2.628252210607975314e-01
1.833154473874950563e+00
5.547211035519830524e+00
-5.986385209099054361e-01
8.426010519957705114e-02
6.504616766876121503e-02
1.540600492991815340e+00
6.742143186357509865e-01
-5.251353076311113810e-01
-2.291958899486079004e-01
1.463135246152991002e-02
1.972629663401067157e+00
9.337295097522414489e-01
-8.061727595517052813e-02
3.961262407126286411e-01
-4.450203398394824705e-01
1.316675112621301658e+00
5.958028528028643578e+00
-1.228300440449356379e-01
-2.337184802031243291e-01
-8.668313438542605276e-01
4.790005871219926159e-01
3.973835125980250016e+00
4.652539063180848380e-03
5.289194587524860269e-01
2.299124275550396002e-01
1.752503972843479918e+00
5.624238138638554929e+00
1.856048209370033952e-01
4.259887767751823762e-01
-5.453355077454744571e-01
1.267978820360608383e+00
3.742511946845263004e+00
-1.989609023960485779e-01
-7.703716411020278265e-02
4.917156478184448454e-01
2.252514870391739255e+00
6.176464154273419105e+00
-5.638472797365592371e-01
-2.755995865534222600e-01
1.178709324249918033e-01
1.890394483047631358e+00
1.247828850083696040e+00
-2.417041448463950470e-01
5.193391948988156370e-01
7.033285333301363129e-02
1.681004772701498284e+00
6.135766044162811461e+00
-1.400139049216792171e-02
4.645288624639749564e-01
4.866624890087298261e-01
1.842915264778671292e+00
4.369986023176759105e+00
-4.651540997546088629e-01
4.898694277921461504e-01
2.961128112474011725e-02
1.633794678322646909e+00
6.559822698621561976e+00
-2.942520882995758869e-01
7.689461446508938369e-01
2.447560132245999581e-02
1.165030694399496358e+00
6.031186601243245349e+00
1.865974357906793613e-01
1.657579085862481427e-01
-7.064315874154273311e-01
1.137101551289593226e+00
4.315501587360412117e+00
4.930148205282841589e-01
3.751109075344046806e-01
1.684465314247898526e-01
2.105223764746077197e+00
3.227567302434809715e+00
-2.992113269561188504e-01
3.161765687541582825e-01
2.114083131509647551e-01
2.040770971093592401e+00
6.074242248336854999e+00
1.372251961443127777e-01
-6.111914519368404353e-01
-2.873630913066154147e-01
2.101896279860323791e+00
2.248190803737836418e+00
-2.497362442233179436e-01
-4.851901527246845758e-01
1.216556842334649141e-01
2.458675193368192513e+00
1.642261432645599761e+00
4.168865336771591101e-01
2.290797793002551930e-01
-3.625537114474607359e-01
1.047332723530307597e+00
3.233735603467200903e+00
-4.852731954374594481e-01
4.447185468379633716e-02
2.178146983151320604e-01
2.276709267318941965e+00
4.837474580373458122e-01
5.216321289346320667e-01
6.902482387994600399e-02
-2.060820979278810139e-01
1.062380604219546054e+00
2.698639959854787218e+00
1.541111702932100869e-01
-3.888651888744984464e-01
-4.113636473652650949e-01
1.888825269985991984e-01
1.593142518430575860e+00
-2.259959901415293515e-01
7.350105789945444723e-01
-7.558863689428002575e-02
1.627013923464917466e+00
4.341275628201612946e+00
-4.317471207750400164e-01
-3.288565500898081306e-01
6.341001621122947796e-02
2.241968801258768185e+00
1.123998434694069903e+00
-5.339789626015046808e-01
3.561479212716572307e-01
-3.707282975663439561e-01
1.380792939667934371e+00
4.670584630537921278e+00
5.485374327599072675e-02
7.744464489078171088e-01
-1.602292550243835934e-01
1.535579317949909539e+00
5.619953838146159342e+00
-2.853850326244583568e-01
-1.528141296357226481e-02
3.252904145591224427e-01
2.465700744983882142e+00
4.453086860719684403e-01
1.560359815453847276e-01
3.543526970330057035e-01
-4.748564304301300387e-01
8.986475963011347767e-01
3.532960913750729848e+00
-4.726826832498270958e-01
1.714169164091471909e-01
1.946727288957692814e-01
2.163332776565478177e+00
6.518089744124177187e+00
6.285417688900062361e-01
-2.247993378551509935e-01
-1.328172444660113138e-01
1.172887245810619206e+00
2.083951920068702002e+00
4.408898187869091934e-01
-3.425053061456523884e-01
-5.857327059720975754e-02
2.338723339876836782e+00
2.081306159838585579e+00
-4.992426944203074562e-02
-8.905138603752837945e-02
5.145705009244948558e-01
2.728618382024990296e+00
5.430187613743729713e+00
1.993872052869354317e-01
-4.671929475414846600e-01
-2.108601774442884491e-01
5.330998800155546391e-01
1.724669212621443348e+00
-1.677320933698411010e-01
2.087002430704021916e-01
3.574334425937484849e-01
2.554102672968035392e+00
5.661068444908509356e+00
4.153586389635796072e-01
-2.053203552118341990e-01
-2.065233367244586060e-01
9.947828025702679655e-01
2.197034633435325457e+00
-3.883015485970447433e-01
-4.917534781372049357e-01
-1.024923171404187594e-01
1.853119148310256259e+00
1.565430415606004821e+00
-1.018364242240024781e-01
9.373982361859479334e-03
5.081870407206081630e-01
2.545952343554656494e+00
5.412361818278386139e+00
3.749842506108051060e-02
-1.349060028759837548e-01
-7.315707710956753651e-01
4.198334752236071443e-01
4.315229483276745270e+00
9.177716233787016620e-01
3.923322253313429875e-02
-9.417542725505961831e-02
2.093526582617484699e+00
2.635492440528316660e+00
3.575240331459228482e-01
5.051742190883437011e-01
-2.781000395701657135e-01
1.160307361694124184e+00
3.351227485697254593e+00
5.310243167427911581e-01
-2.519166953598224734e-01
-1.790803196489126892e-02
2.216892498902456321e+00
2.165363576146544400e+00
5.495797179132427823e-01
1.260346183926624140e-02
1.576164395284586628e-01
2.341312690772827221e+00
3.290804592119446870e+00
-7.133398184892479621e-02
1.616035567898482794e-01
4.671693097822807728e-01
2.523297217965711159e+00
5.474474617923889674e+00
2.853307512150659794e-02
5.076632256185715786e-01
4.005170842970298128e-01
1.753342981449921734e+00
4.025274228303294066e+00
-1.158542954471097203e-01
4.794862627225173202e-01
1.307423883984812074e-01
1.939702707744650256e+00
5.745777173967009155e+00
1.615454877615647988e-01
4.744251915654921770e-01
5.363111009516371430e-01
1.787708191380586120e+00
5.182128805662896909e+00
2.248252336061447587e-01
5.509950076551011211e-01
2.809912393925785290e-01
2.009329949730538356e+00
5.348425213994050686e+00
2.893778967694169424e-01
2.948593018348818484e-01
-3.421143491818008364e-01
1.063048348317768399e+00
3.385832788745283928e+00
-2.685052604842767116e-02
2.391396264710894393e-01
-5.211022874463060450e-01
7.231266368014356294e-01
5.632120639019564834e+00
3.179934470287658632e-01
-4.322761210404598708e-01
1.269678745120450189e-02
2.433566954536941385e+00
2.284786256455502151e+00
-9.903050481177953779e-02
2.783947664455701521e-01
-5.424238103407715839e-01
1.047107237260978874e+00
5.913380353522715183e+00
5.845474269950112767e-01
-2.786067608856584998e-01
8.636758692425343387e-02
3.515483777734350834e+00
5.365651245366201749e+00
-7.035702316857697092e-01
-1.325062967180207496e-01
3.562029163551288513e-01
3.034992484200810470e+00
5.816621681821144918e+00
-1.251827692606505629e-02
4.174934626160821671e-01
-5.597602316484684426e-01
1.162271119693804033e+00
4.146835032774122354e+00
-1.840637087332891442e-01
-2.262492642060631720e-01
7.269505112658458668e-01
2.759544303749878580e+00
3.704812098303228218e+00
5.991653287388272187e-01
-3.202321646133512445e-01
-2.388303089865135564e-01
1.581195111472084358e+00
1.712924608486736000e+00
3.415584837406222540e-01
5.965675908874525785e-02
5.121245734551571616e-01
2.058773764106992310e+00
4.290836498514218889e+00
-5.547902730279063999e-01
2.355790157861798739e-01
3.971293968105760880e-02
1.822467464995062514e+00
3.994156739719925686e-01
4.953817467933825380e-01
3.948499050794969101e-01
-2.259420916005723534e-01
1.199148748478353843e+00
3.098472152490917786e+00
-2.867879074226065694e-01
-2.613812829256415560e-01
-2.370483053344865365e-01
9.086545141693652683e-01
5.071728527625078975e-01
-5.225166442202389128e-01
-5.028095305168076012e-02
-9.469130179111309720e-02
1.125972581411498696e+00
5.392256312333764123e-01
7.157215573861167579e-01
4.833008692717465082e-02
1.456087732843706906e-01
1.443651671814139892e+00
2.337973432323960932e+00
-1.087815570182172342e-01
-1.788184615719025095e-01
6.366642006504604767e-01
2.681240323577799956e+00
3.357786577917640791e+00
3.310057004732719910e-01
-1.374618796580785729e-01
-4.028516207526710580e-01
5.007432715033381943e-01
2.667386404668258937e+00
3.113548524618754421e-01
-4.126143869114868301e-01
-5.536472339053930547e-01
-1.288094926347957137e-01
2.838520290943777002e+00
2.481104536674560990e-01
1.233458228446406152e-01
4.574790516905334337e-01
3.799310455163334765e+00
6.646412285713168000e-01
3.266246243855728815e-01
-5.556803963328346141e-01
5.991378600042423369e-02
3.604677003913979050e+00
4.952475110405649694e+00
-2.250761942754269107e-01
-4.698606387199261158e-01
-9.201267182304774528e-02
2.110704526482623855e+00
1.516920565313171876e+00
3.973793741428676557e-02
1.992824028548533521e-01
6.265822869141709495e-01
2.172045516037644841e+00
4.875869823044109097e+00
7.297931088537893407e-01
-1.008844090057762349e-01
4.766113640227361004e-02
1.248960125168085300e+00
2.298029581469827498e+00
1.157970907385869469e-01
3.619705310934243081e-01
3.844315679970498056e-01
1.905607277005366917e+00
4.158757472490925089e+00
-3.290201554153931451e-01
2.852192705526586103e-01
-4.364566494957175524e-01
1.166507040529980666e+00
6.431641898162736126e+00
-5.241385796973206945e-01
1.073326415195855199e-01
1.068875562978340854e-01
2.033456101815865225e+00
3.321819938033435671e-01
-5.315348529359333885e-01
1.744847922684612529e-01
-1.887900078324553643e-01
1.453631467116232034e+00
5.510552514855303619e-01
1.707039637646375341e-01
5.030522212021058814e-02
-5.370889637526817806e-01
4.238041118409303643e-01
3.557266900259408171e+00
-2.254487563264366834e-01
1.231993414668298287e-01
-3.963722545652949569e-01
8.945070167747952716e-01
-8.280467747095572595e-02
-4.379031623967007403e-01
3.266173128507415258e-01
9.857149264002622313e-02
1.848994303166292319e+00
1.294671812726083115e-01
-9.868169050628788908e-02
-6.600138607281832992e-02
-4.658741799951660045e-01
6.683885303903386310e-01
1.805690523431372485e-01
7.437349899627840322e-02
3.415980768803691392e-01
5.111508220959856130e-01
2.131323818596499109e+00
5.174794244980509994e+00
1.352273907681277865e-01
2.150383045093347545e-01
-7.588497941550161885e-01
8.331952351912084165e-01
4.209088094171908878e+00
6.238379727682075160e-01
-2.265399607806357907e-01
-1.519969612686296150e-02
1.486390169428649877e+00
1.892064626942960626e+00
2.996102588851861093e-01
3.123986824478385271e-01
2.776203094189560461e-01
2.048864479828210072e+00
3.852824015083200049e+00
-5.491083505830181011e-01
2.271168847975432725e-02
-8.643647051309075874e-03
1.461396358791779537e+00
7.343868458591479298e-01
1.911882177357397683e-01
5.730076482192482390e-02
-5.242349785610650459e-01
5.056263575823630729e-01
3.328664547902701720e+00
2.483273473474727211e-01
5.429969444563430558e-01
4.042410685431752637e-01
1.585545403051141777e+00
5.058192167613066559e+00
-4.384338551896396208e-01
1.783804955888348420e-01
-1.392642780042622208e-01
1.234923073228419543e+00
3.048895188180428262e-01
-2.552944834160845167e-01
2.453583192751410125e-01
5.720547600184148207e-01
1.997312257595805329e+00
4.696243184531203596e+00
3.265223478653105360e-01
-3.835779885334401618e-01
1.973279879109879065e-01
3.466534341873310776e+00
5.209034828467832945e+00
-2.296839931057546511e-02
5.188533592226082236e-01
3.688016111393204732e-01
1.798768658945708143e+00
4.187991584069938433e+00
-9.779232927514655560e-02
5.252750124270818555e-01
-3.067818097220694207e-01
1.363232136063061262e+00
5.879353587947700355e+00
-1.888500386246543816e-01
1.010618969232414538e-01
-3.955174343839087947e-01
5.586996548263927220e-01
6.017110567172154312e+00
-2.456366111831279342e-01
6.130209415924170457e-01
1.289680876675866061e-01
1.903704460753076200e+00
6.091923969361801028e+00
-2.538078389523377165e-01
3.279054295495126281e-01
-4.459433576904646701e-01
1.177397431987571519e+00
-6.518238578688151375e-02
1.560283518993505758e-01
1.803455798658051834e-01
4.720985582944656200e-01
2.320164563355840759e+00
4.042862414254430270e+00
7.422535166659198769e-01
1.471404873826900883e-01
-2.990130105795210658e-01
1.676900285345243269e+00
2.364024735333985383e+00
-4.728226669672853932e-02
5.885828760155146222e-01
-2.685297332361695766e-01
1.338502322998053051e+00
3.713407125091410244e+00
5.055641872926602831e-01
2.931079776591299924e-01
1.507606161241016318e-01
2.139517947373358986e+00
3.042862984125826120e+00
5.070718659587246657e-01
6.288216445160353940e-01
-1.695140220004148421e-02
1.595175124465619820e+00
3.100473647108431319e+00
-2.653772604684142000e-01
-3.201145563658269744e-01
-2.624601455537220115e-02
9.589945782415270070e-01
1.183903934693081972e+00
-2.985108367683274033e-01
1.015643697625333991e-01
3.370194824790905264e-01
2.422569977373422834e+00
9.719104048332730117e-02
5.588865038096119120e-01
2.866741927416307512e-01
-1.574423577830894871e-01
1.317828978669953743e+00
2.906340291377536023e+00
-6.750132239157652370e-01
3.400362488936155558e-01
-1.657653216438766119e-01
1.657274163205261441e+00
6.348129809585411065e-01
4.901943809391688944e-01
-5.373286156313379636e-02
3.073997516763911642e-01
1.816805776727013377e+00
2.212425204276870616e+00
8.858709574394803277e-02
4.970567448059043381e-01
3.405698900909993054e-01
1.816413028673715457e+00
5.109700626981303451e+00
-1.859975758894069076e-01
-6.177174065516553014e-01
2.705949649875721841e-02
3.587576622646141633e+00
4.473613130708914198e+00
2.479568910822186889e-01
2.463483187187357759e-01
-4.578758074920985521e-01
7.051942221646190223e-01
3.555377940352433264e+00
1.279647274733071716e-01
-9.760011826215497788e-02
5.760665559578070916e-01
2.687058611666151897e+00
4.281198376861387267e+00
-7.099681463545584048e-01
3.632055807634626543e-02
1.134469764489742655e-01
2.057246344811725525e+00
5.289898147029703512e-01
2.094910903661762747e-01
-1.970945534317578574e-01
5.446424397911784343e-01
2.778481068195631565e+00
-2.596658784692792640e-02
6.333095917847701983e-01
-4.376076467236356682e-01
-1.272802526150602354e-01
1.389290936037662183e+00
1.333827504110232987e+00
5.241638692491433771e-01
-1.574183728041569225e-02
-3.319539510327782494e-01
8.583034209516073876e-01
2.550345309250610093e+00
6.809011179043625850e-01
-2.396889333578152703e-01
1.082416453809502931e-02
1.266252024155368305e+00
2.127136881871615870e+00
2.237025912683380247e-01
4.463801816198531003e-01
-4.320547039852253857e-01
1.095495373988697896e+00
5.408328728822645814e+00
-3.004849562866694912e-01
2.825514765137576711e-01
2.725102935296940254e-01
2.179151235995059999e+00
6.050973556507208251e+00
-3.581224916538843228e-01
-1.072254782105823701e-01
2.888592817995070949e-01
3.878478122545167661e+00
3.787251964208277144e+00
-2.271685363798517931e-01
3.521070024728506498e-01
-4.553534052871404669e-01
1.182817549114524969e+00
6.146591315637138564e+00
-2.865052899228857086e-01
2.958414146115858068e-01
2.215195430407131405e-01
2.103103367486726327e+00
6.060750090783049160e+00
8.108881155529612528e-02
3.888060058795693164e-01
6.116902166029287713e-01
1.936016379075204963e+00
5.305909012268088532e+00
9.675598194398406238e-02
2.130998943903578136e-01
5.354210052884937898e-01
2.390433152296764341e+00
4.315343811262452256e+00
-1.582301245027040448e-01
-3.548289782090538469e-02
3.986901942865276882e-01
2.554765271294191731e+00
1.190321102862787611e-01
3.410615913187617920e-01
-3.100406238317727214e-01
1.363255165833488214e-01
2.659738918613544278e+00
2.288731533519809958e+00
5.879356732971011690e-01
-9.922434750713775287e-02
2.372572644649272311e-01
1.690555549630544663e+00
2.064568364186259330e+00
-1.222061553993822602e-01
6.662474814857792804e-01
-2.553582915903566120e-01
1.609459692551196808e+00
5.881347932496852948e+00
-5.799754665792472563e-01
-3.555141242519092026e-01
9.561186399282915749e-02
1.953853008212613540e+00
1.464245391446404865e+00
-5.137653208205720246e-01
9.149930922453110294e-02
-1.266858223325528221e-01
6.804589028596277345e-01
6.130812357760554221e+00
8.673206434868963467e-04
1.917660201000459252e-01
-5.190723362242901651e-01
6.710671267142052088e-01
5.778887344600846632e+00
1.409893008658317237e-01
-3.104204173438005476e-01
5.954159618127392584e-01
3.632035040009288451e+00
3.023982032621910676e+00
1.310059817677094313e-02
2.231845785629118506e-01
-5.130785258081247413e-01
6.064809054586967063e-01
5.711625475416626685e+00
6.607924488293022147e-01
8.256981270379908089e-02
2.119146090966263218e-01
1.551362414306671766e+00
2.169574458510040937e+00
-2.027521987144337567e-01
8.349703160740638841e-02
-5.505870696663470731e-01
6.497703334771743888e-01
4.820297465204730791e+00
-7.516879768703705889e-01
-1.404683716336748711e-01
-5.322893168104481793e-02
1.958982137286787939e+00
9.776298170207039506e-01
-6.546789582555885278e-01
-1.960132966321124770e-01
1.896417999180212421e-02
1.662806871709660905e+00
1.271064740175849472e+00
-7.506271170599826403e-02
4.565005206643452662e-01
2.773097554417934818e-01
2.155393470807500655e+00
5.594657440365272016e+00
-6.009313330556325522e-02
-3.285136116955196250e-01
4.688928751703324016e-01
2.764943531465314130e+00
2.659506464379552515e+00
3.784786170853663423e-01
1.902183000136062896e-01
5.084382881310112179e-01
1.932007195631724183e+00
3.845527118625688079e+00
7.602006538985353612e-02
2.960411184638213067e-01
-6.828498788027284050e-01
9.795651962355611531e-01
5.764388450510567807e+00
-2.088307492036285407e-01
-1.964468769724411756e-01
-6.672862650315556365e-01
-2.367775291969956009e-01
4.360844737651163316e-01
-4.409783030561689743e-01
-4.382140511190164567e-01
1.185825474394396756e-01
1.268197898512910093e+00
1.425708194143982865e+00
-2.352056925651483388e-01
-9.704224667475330746e-02
5.930901635659731053e-01
2.631831003188088935e+00
3.018627177891764379e+00
-1.739592672013131891e-01
-4.219726287209358828e-01
3.009216446292296010e-01
2.027790541088076548e+00
1.917570036785796628e+00
7.206778090175857132e-01
2.255194524126713507e-01
-1.093008914864896514e-01
1.966642071193036134e+00
2.976742498449014729e+00
4.660966290853221783e-01
1.533391555981216958e-01
-2.703073856747942871e-01
1.108116471604244202e+00
2.939567323691514300e+00
-7.045793737926440148e-01
-1.612022970592490723e-01
-1.198652125620920314e-02
1.257567350536717532e+00
1.076570555648776573e+00
1.753939138213851112e-01
3.366075031096992798e-01
5.706523875867203222e-01
2.115372289840807607e+00
4.134318700769481048e+00
-7.018296212968826164e-02
-3.519962037559793422e-01
1.971491165205854212e-01
2.239662897391923924e+00
1.710679463888367779e+00
-6.866697499200508092e-01
1.961019411226532227e-01
3.247952206720595286e-02
1.631098431296834406e+00
9.388842225327578284e-01
2.932875332346208674e-01
-5.165346189288056999e-01
3.474902223878647001e-01
3.140670946399545027e+00
2.553808058062487341e+00
4.090946353792682677e-01
-1.019626645673732054e-02
3.445986594997066388e-01
2.278236122702806288e+00
3.291530556059758084e+00
4.883035944557531094e-01
-5.090565703095309980e-01
-7.729090947894813601e-02
1.476155049200301050e+00
1.416302256490688638e+00
-2.006697126348516436e-01
3.313793585128825825e-01
-4.030519500297909952e-01
1.170559415087543131e+00
6.136081635593407135e+00
-3.623608743094017953e-02
6.435761080524512456e-01
2.663345685381854344e-01
1.903906185528805528e+00
3.735091101467594932e+00
-6.226977219335509961e-01
2.179443815215320308e-04
2.332728289008270117e-01
1.648365125799026387e+00
1.333944119794961303e+00
-1.328930449891776444e-01
4.458316611623305836e-01
1.905068202853787973e-01
1.700097259096973179e+00
5.911947711247377057e+00
-1.061547514942017822e-01
1.576215146614582951e-01
-7.073334431800696320e-01
5.306371513883209046e-01
4.077722153489406587e+00
-6.851485178800025000e-02
-7.026301102061665027e-01
3.901357338823426696e-02
9.473018236273207382e-01
9.676929180496599558e-01
-6.753319989088303332e-01
-2.160966472633190083e-01
1.229309086652920074e-01
1.372919134178366640e+00
1.288887760999863685e+00
5.006349766923529065e-01
4.364535401529618698e-03
3.059422828114183313e-01
2.633049108258110671e+00
2.723050640348032569e+00
-1.165479169938462983e-01
4.457217959068881519e-01
2.422036741955826966e-01
1.943788473928238725e+00
5.665840612303201240e+00
1.694021160243269486e-01
-1.871661943825046193e-01
6.259212295647954560e-01
3.807694016424810979e+00
1.073161429618557206e+00
3.634955450789522508e-02
6.585879125071260332e-02
-6.541186225310456903e-01
5.613953006035123927e-01
5.332485809063742366e+00
-5.764921643284245389e-01
1.842834518455434833e-01
3.146397326516935794e-02
1.883658433100224183e+00
4.452784078850275939e-01
-3.375266987256689832e-01
-5.382891467985637113e-02
2.470932101044107931e-01
2.375295065942294226e+00
5.660401934367752519e-01
-1.814325526367956687e-01
-4.292649340926060764e-01
-5.090214136807748313e-02
9.853416164167780877e-01
1.521962112541145551e+00
-2.718666890694593219e-01
-3.764118097539376762e-01
-3.119671411799810334e-01
2.461990249770007189e-01
6.384895495210790584e-01
-6.780906929040050324e-01
3.963925163227446369e-01
-2.291472402466334934e-01
1.223395543606324853e+00
4.770129308949640823e+00
-2.388021935821830199e-01
-4.363441107703157629e-01
-1.653114406349401599e-01
2.139257598463047749e+00
1.310290345021670966e+00
-1.017259941175680249e-01
-4.253640393980943624e-01
3.043222228016594366e-01
2.967698409728428466e+00
7.304055027473237427e-01
2.545287498409886662e-01
-4.778858744463533870e-01
2.748665829217076251e-01
3.114503220783725101e+00
2.356030457073420958e+00
3.266782451739730364e-01
-4.577812969890020511e-01
-4.973892814907600046e-01
-5.460078608737083811e-02
2.584501488314729034e+00
3.451640701514214760e-01
4.521533249466310744e-01
8.923571028612853340e-02
1.971587719058447430e+00
3.707872324383172380e+00
-1.048566623185675367e-01
7.957753736938688593e-01
-2.273066171529060653e-01
1.433715003079957695e+00
3.685563466847560310e+00
7.324399500787845407e-02
-6.638364273743061483e-01
-1.320021940343869271e-01
2.168269723919686420e+00
1.232529569336067832e+00
1.077888868367391229e-01
-1.488373347409567560e-01
-4.838266724196333413e-01
4.555005401124825326e-01
2.397061850527302695e+00
-6.386440164008954090e-01
2.226851894121747999e-01
-7.507070276480481974e-02
1.856711354353376198e+00
4.528853125339081243e-01
1.609217934625417346e-01
3.470868570926013419e-01
-6.018015581733086039e-01
9.749386520694701685e-01
5.029939836320119539e+00
4.531884410250226480e-01
4.686696145630275812e-02
2.749598315583003938e-01
2.316092528611316315e+00
2.856000421920987353e+00
-4.250573108072188688e-01
-1.754492652921725571e-01
-1.737646970267866520e-01
1.232756053563601295e+00
7.159374862043224041e+00
-9.314296438196840999e-02
-1.923297293824861864e-01
-4.972758639544861969e-01
-5.550761774637275048e-01
3.168951053220854686e+00
3.812613628114612241e-01
-6.331312613556640267e-02
4.391483595607655332e-01
2.587450386285924164e+00
3.610736771002981627e+00
1.638775324647539222e-01
-4.158127114010353731e-01
2.557257718402178304e-01
2.953805141503503595e+00
1.971639787455553572e+00
-1.273785415889522044e-01
-5.399978763423256556e-01
-2.002721203112133724e-02
2.407695057069541900e+00
1.470615009432400422e+00
4.348744501347080460e-01
1.805590653825310254e-01
-3.546866000029785804e-01
9.019325758844520813e-01
3.099068032530114092e+00
6.682658041245796710e-02
8.965421403453714688e-02
-7.967070693137949799e-01
6.309922009465240844e-01
5.269287908896758132e+00
-4.293533749222574469e-01
4.094328022386992116e-01
-1.653949005879409295e-01
1.522652066813173333e+00
2.390863025404749154e-01
3.977295721208425894e-01
-7.386881129643654287e-01
-1.127788034962980690e-01
1.833431967719455713e+00
1.315243739044068549e+00
3.235306736383434245e-01
2.800533237090839789e-01
3.162742002335572344e-01
2.138188378183275340e+00
3.415958399242160048e+00
6.106887063359909273e-01
4.963079004205777078e-01
-1.907755936308229983e-01
1.526202020560303962e+00
2.790023668756945074e+00
4.455528088639800766e-01
5.079867966645925659e-01
2.935870493298686212e-01
1.784588335302764950e+00
5.048337051643479789e+00
-4.259133433563642296e-02
-5.529904345082795603e-01
-1.233345810078138038e-01
6.512599575892392689e-01
1.279941653590315642e+00
6.129489957066775602e-02
9.184548565802246045e-02
-6.662529364271051469e-01
5.811592515095977962e-01
3.875142379606568710e+00
-9.179455564934625722e-02
-5.298500303828206359e-01
2.595147509506127714e-01
2.858678466035930121e+00
1.400808021400519188e+00
2.673142033344444446e-01
3.019022143118310075e-01
4.484911854787524410e-01
2.043738081070567869e+00
4.096689629855247539e+00
4.680124628963883704e-01
-1.982250738603786311e-01
1.145237315918806870e-01
2.399168647035197388e+00
2.256298927282959887e+00
7.059431235270449689e-02
-1.959636059955200127e-01
6.380612849495420624e-01
2.748623496966505098e+00
4.960735370610843020e+00
1.302307588955458895e-01
-3.143660902617344544e-01
-5.714306786012051109e-01
3.984884477662056224e-01
3.353884627334119184e+00
-2.309074534133084139e-02
4.671702545135487661e-01
-3.892088003432307985e-01
1.171223972008825109e+00
3.830334266955354394e+00
1.411470776032335284e-01
-6.123280549670311323e-01
-1.223739724980914129e-01
9.355084683441635685e-01
1.246235180216439531e+00
1.795998108686236994e-01
6.638113987503420077e-01
-1.300863738958297211e-01
1.079254581976731409e+00
3.783432684076789787e+00
3.213088521131460262e-02
3.908779739049758617e-01
-5.487811767221756343e-01
9.715866346061962089e-01
4.003407505862440097e+00
5.765415289451517600e-01
-1.637987463035118774e-01
2.516908378679406644e-01
2.680767563878195148e+00
2.244248045802119673e+00
6.538177948526827654e-01
2.388594311947452864e-01
6.664659460605688868e-02
1.599745100331104286e+00
2.603096700295819410e+00
-1.141711676019869087e-01
2.658153653095193802e-01
3.815049556263176433e-01
2.292684851431238346e+00
5.535530215162919987e+00
-4.984804025925455573e-01
3.883738940481731294e-01
-1.124175823281756137e-01
1.341210128649908517e+00
3.608268228070184436e-01
5.427500032388924422e-01
4.913541755006045619e-01
2.263222939575780523e-02
1.911255163272622681e+00
3.162222803397670479e+00
2.689556971731074109e-01
2.772380942092082523e-01
3.975607292408038784e-01
2.311074103746717068e+00
3.749102532184227954e+00
8.106209114912052982e-01
-3.320335408809926836e-01
4.427516769052385406e-03
1.561770465969143151e+00
1.525814921097864652e+00
1.286291027196045655e-01
4.861751379236187165e-01
3.618487282493002000e-01
1.836941529096300485e+00
3.921883467252413880e+00
-1.464371898018663742e-01
4.003461676466518737e-01
3.032777313521480833e-01
2.270253519034203027e+00
5.877953145365489185e+00
3.353637786098760953e-01
-3.055545640062719559e-01
-1.797368172175601853e-01
6.330584723406573744e-01
2.056676234339136045e+00
2.024858473361571543e-01
4.543409168859413039e-01
3.665554540644658799e-01
1.898132803752025088e+00
3.779473064768067658e+00
1.518014756798414522e-01
-5.686183817376814220e-01
1.781219803104714949e-01
1.353268230427253638e+00
1.097880411384657418e+00
-1.308964203715896613e-01
3.318650564226903188e-01
-5.683038247405661769e-01
7.663222718548308166e-01
4.068655975536442426e+00
1.214920245474179067e-02
4.366598924349287536e-01
4.284968750736896648e-01
1.855621846254752905e+00
5.249096803995734639e+00
4.041186453558092140e-01
-4.244315351521682489e-01
3.192989468463862668e-01
2.875959806579506672e+00
2.849811301378339046e+00
-1.203606106000763842e-01
-3.165275589408313439e-01
-2.200554665497381213e-01
6.064012972109273925e-01
1.018697119501974058e+00
-2.008744072377774137e-01
-2.144564161624308019e-01
-3.054079450920353933e-01
7.370439314616643589e-01
7.239947160875550569e-01
2.007238400488099150e-01
-5.296233382783842591e-01
-2.474263272748791209e-01
5.718149051636379765e-01
1.471544099501511438e+00
3.787482491946460583e-01
7.352195249748937067e-02
-4.192033940635280787e-01
6.492613868101997365e-01
3.426226528518809378e+00
-3.410089517222339439e-02
-6.288480002408325213e-03
-7.295887809087464593e-01
5.996265763783352742e-01
5.599166764613709546e+00
5.255708468724916704e-01
2.585404509092733005e-01
1.322987978957917699e-01
2.125006451709662070e+00
2.975052252110916839e+00
-2.726574474127265724e-01
2.166968157818049967e-01
-4.208543093091557385e-01
9.886756763550886840e-01
6.404029154427437476e+00
-5.087107439280234150e-02
4.158332309404694227e-01
7.646929175317725980e-01
1.738119615161203724e+00
4.444412570066333501e+00
2.000524233108017802e-01
-5.665383728713311307e-01
-8.038600969993331402e-02
7.278701247142743691e-01
1.650346910807306999e+00
1.317004804240354821e-01
4.447623768469369798e-01
3.198109470056383907e-01
2.030452359419975927e+00
5.396452329761474154e+00
-4.207843424568219470e-01
3.919232135097974745e-01
1.534818823414141886e-01
1.713957603236307969e+00
6.552689580869193620e+00
-3.428254530042306181e-01
6.289569623333512993e-01
-1.500639167563834302e-02
1.590474139700455147e+00
-1.754674837935188414e-02
6.735936800826547444e-02
9.007663538902555000e-02
6.862046963120904675e-01
2.268919617715812631e+00
4.510351700305074374e+00
7.221380123639935256e-02
5.936597897186958184e-01
-1.261484475438891806e-01
1.291556732484858472e+00
3.975410224323340014e+00
3.311025456959425933e-02
3.541551848991895124e-01
4.806422677334152849e-01
2.227409756401588226e+00
4.327292735798777379e+00
-4.393093706711526658e-01
6.108173115795734187e-01
-8.733978971959524551e-02
1.756264315162504586e+00
6.431915551333866610e+00
1.756642189131798204e-01
-5.250806652666590857e-01
-3.134521503688069699e-01
3.512943073174200070e-01
1.964854024672374466e+00
9.099252838594183990e-01
3.090567948873131354e-01
-7.038802849001726814e-02
1.719542108161458582e+00
2.716446760876172650e+00
-9.836924642962308063e-02
-2.962097495840375072e-01
-3.885155950344071352e-01
4.528126233302172676e-01
7.569391579396620440e-01
-3.935676783000734424e-01
5.150156226280773186e-01
-3.824886907441810702e-01
1.506479847955901397e+00
4.500167063475706719e+00
1.456263850449900088e-01
8.390179274255578357e-02
5.271571978145070947e-01
2.556355983787898190e+00
4.371580795004057052e+00
5.704879339018197326e-01
1.234615926810208597e-01
-3.552817346476564997e-01
1.410161365750994378e+00
2.423381674726626578e+00
5.606199136674453604e-02
-5.929073575616470304e-01
-7.943598016857598976e-02
7.204778880373103878e-01
1.655228263502310337e+00
-4.553776888651421828e-01
5.604252184651243862e-01
-1.701994466779064019e-01
9.566934556222757013e-01
4.479808469833191253e+00
5.704505039385463494e-01
-2.543659115576520913e-01
-3.585398338540418672e-01
2.196258307406482313e-01
2.968669183229080133e+00
-4.787268219997837804e-01
4.320959426977771106e-02
-1.915980897455283882e-01
1.007221766572676591e+00
3.133658299181208973e-01
-1.536039029346835116e-01
-5.493760157999548754e-01
2.925296561957854702e-01
2.852902528908961344e+00
1.094308772272384100e+00
1.755695172781381042e-01
7.190601279538806345e-01
6.731275045805407142e-02
1.851435087406186897e+00
5.382288832798461264e+00
-7.432113048188053739e-01
1.304374811689407720e-01
-1.732411521330574911e-01
1.786760178814715383e+00
7.884014178799801931e-01
5.336647342645400860e-01
-1.434243237190910292e-01
-2.097736942352160516e-01
1.035239037481723301e+00
2.377211912034283614e+00
-4.594338063486771984e-01
2.514216691682339983e-03
-1.517617636531293224e-01
1.034579979352831192e+00
6.719965124476721563e+00
-1.301200624731820021e-01
-6.549898985441714450e-01
-1.416855727248683347e-02
2.107897341150786197e+00
1.792789923121313800e+00
-2.634956615193086438e-01
-5.906138255686109728e-01
-1.724355434714719415e-01
2.011815390992608865e+00
1.673169988922080131e+00
6.565199914762494260e-02
-4.587862594960408491e-01
-3.710400538422036210e-01
4.006293544593628186e-01
1.410925779714509387e+00
-4.922716741129285478e-01
4.524013289806597116e-01
-1.484342987520638479e-01
1.548064424197192146e+00
3.974239195846989703e-01
-9.332668550680484412e-03
-4.621977168384377999e-01
-3.846400175672519683e-01
-2.749063563701104607e-01
4.192693497414004433e+00
1.710830161830705076e-01
-4.529713401962658370e-01
-4.204906123896722248e-01
1.197473418080081606e-02
1.920110333419186022e+00
1.500741697607554104e-01
8.880631939172927147e-01
4.811431329433174878e-03
1.390007835739654807e+00
5.478791482526339074e+00
1.051339347760361365e-01
-4.553011718402436570e-01
1.613447653509455793e-01
2.047341641563530157e+00
2.226806275070090990e+00
-1.126780993595093705e-01
3.318108766004837507e-01
6.461501570822814067e-01
2.074332523874854672e+00
4.407651206674529476e+00
3.251963956303990239e-02
1.858098526168023290e-01
-8.007861017746489285e-01
7.598919267599827387e-01
4.362804006256697953e+00
6.900881623172914203e-01
-1.000879375414004679e-01
4.121888017681012151e-02
1.380915635742883785e+00
2.435940085412307443e+00
4.550073798869015973e-01
-4.524505832123190685e-01
-1.345138760512303300e-01
2.201320251224305302e+00
1.754835925502594929e+00
-4.582206597160375927e-01
-1.611438870956419245e-01
6.561182242283938870e-02
2.128052620411649443e+00
6.495703954984004547e-01
-5.152025742805493858e-01
4.086969650065577775e-01
-1.197275191613687145e-01
1.528089250094869511e+00
3.542784924850200245e-01
2.410575493929099748e-03
-5.710521647890501873e-01
3.050987583500498479e-01
2.976292239863659983e+00
1.175686909708263839e+00
1.910445011317004893e-01
5.233402137205631632e-01
1.827686385566438809e-01
1.744747112196553207e+00
3.665892536592898932e+00
3.746026816524033465e-01
4.336390241020902092e-01
1.154489728333181059e-01
1.836368161633365359e+00
3.642973966036736400e+00
-2.201632831918787780e-01
-4.223575163697275703e-01
1.710584962348189741e-02
2.467591572415502199e+00
9.915484263300098355e-01
-3.778897245729144483e-02
-6.563444762964589785e-01
5.020171560203443711e-02
2.519969324880273476e+00
1.766005869834013309e+00
1.886440047872107728e-01
-4.417295985488529086e-01
-2.906932541917734425e-01
4.897273689413145226e-01
2.293479841710861944e+00
-4.211176635497603238e-01
4.464425104561537960e-01
1.143092409357618633e-01
1.973397784516003117e+00
6.397647682168295269e+00
-6.245239211338957652e-01
1.660486114688186909e-01
1.168010196997586042e-01
1.842285004804016024e+00
7.190720673868129520e-01
1.505617892804458346e-01
-3.695545809487706806e-02
5.730300343205282365e-01
2.548549254641697903e+00
4.595371792933839572e+00
2.192683008900530861e-01
-5.990226916994116912e-01
-4.369625384771454527e-03
1.069022669667536229e+00
1.486937674986901214e+00
-2.855724165666102127e-02
-5.820465666696979234e-02
-5.989499241733242663e-01
7.309735928075229427e-01
4.952424199231704627e+00
5.927485648427355258e-02
1.713260405337952309e-03
7.415923279599822004e-01
2.393508328793685802e+00
4.529342020355609399e+00
-6.083639317147642167e-01
-2.455994918819462691e-01
1.331074627345982531e-01
2.126919017075008522e+00
1.048822408212345181e+00
-3.888934803454994760e-01
-1.784060458331453991e-01
4.243843415038449640e-01
2.957809762679611154e+00
5.786355382290427229e+00
1.529771168133165112e-02
-3.406686951891149673e-01
3.247298656163514763e-01
2.698426746811094290e+00
1.673838832629992446e+00
4.191708089153300398e-01
-3.974058086563766468e-01
9.731584035265871541e-03
2.208151603823885978e+00
1.965512837501021570e+00
-2.600139355466477009e-01
2.849961076329896731e-02
3.858153192161287715e-01
2.657449534961236370e+00
5.697196183786804369e+00
-2.679918310161375494e-01
4.399427474797032445e-02
-5.356945111894825251e-01
2.455139144075118018e-01
5.043746166985496160e+00
3.046432448973553919e-01
-1.242843211133480147e-01
-4.135818491213927861e-01
4.704275735735473085e-01
2.608416860031648188e+00
-1.042292309927025373e-01
4.578140203934770169e-01
2.050150755508580447e-01
1.885347499471088817e+00
5.895233051130234436e+00
-4.793599741767991251e-02
-7.789963551100126393e-01
-2.414617156501347728e-01
2.033839973307497218e+00
2.128049871244619862e+00
6.137342646143815195e-01
-4.074507621016852932e-01
-1.968978551752932904e-01
1.718150441381240290e+00
1.618026110965332443e+00
-1.639304395638564726e-01
-3.734810423503125976e-01
5.065656564861109601e-01
3.354667149530322856e+00
6.190427754435549268e+00
6.743527869219211046e-02
-3.194790511042139292e-01
-6.742482956476035794e-01
-3.811446443307307530e-01
1.859006244042267886e+00
-7.332756447845030223e-01
1.784521226264584037e-01
1.314835711284276232e-01
1.837869027920332243e+00
6.568745868168621715e-01
5.575494557225408876e-01
-8.538444194454225533e-02
2.316239800211503941e-01
2.952708691388131523e+00
2.607377008582194122e+00
-3.836813871490772354e-01
-2.090266057501434516e-01
1.139114381778883467e-01
2.269805984424568823e+00
8.388800394119642068e-01
1.161232655164827904e-01
1.253164915967342474e-01
5.261044603357221128e-01
2.509033096680948205e+00
4.323931721210720447e+00
5.181238395309921696e-01
4.246910523909297464e-01
-2.089158712059979717e-01
1.305727280501431276e+00
3.065419259086281212e+00
6.338970083460235827e-01
-1.720235547214425675e-01
1.718348307325496815e-01
1.472889980985267799e+00
2.153551471178169141e+00
5.478825951173040831e-01
2.561401737761497821e-01
2.839703867102092993e-01
1.659748827077005551e+00
2.809192421772726878e+00
-5.323168416583325957e-01
-3.117047160703735331e-01
-1.480285439924844682e-01
1.817109984930012745e+00
1.286546793927936916e+00
2.609518118743673898e-01
1.488047838385954669e-01
5.295788158395162704e-01
2.090300843058354285e+00
3.774443944119511229e+00
-1.711741129221832081e-01
-1.996547083277760981e-01
-4.590680639382865857e-01
-5.055476985588062133e-01
3.433166441444915673e+00
3.075336098791038933e-02
-7.111415816488839692e-01
9.221967410193106229e-03
2.086009330411606744e+00
2.222481627509846014e+00
-6.563573604162506459e-02
1.804331495530719365e-01
-5.960425252553285258e-01
1.030210924765843750e+00
-2.217477301480935692e-01
5.012465960018983591e-01
-5.606762866520550352e-04
1.753062456115120349e-01
2.534309988561318061e+00
2.769535709050641170e+00
5.695410757800164342e-02
5.141719628418996157e-02
-6.639718871851856274e-01
-4.335440891584702028e-01
2.377651140861724244e+00
5.096434365305981679e-02
3.167525287379098775e-01
4.147087201472504647e-01
2.324809537502163348e+00
5.178494327008341003e+00
2.444270425528044521e-01
6.573284923517171974e-01
2.227812698304015293e-01
1.496297848033819822e+00
5.201097324277035305e+00
1.367646603025164387e-01
-7.058184105632612226e-01
2.814643293241898131e-02
1.047945255187622049e+00
1.181635930945787560e+00
9.236459607454009513e-01
3.738256812554585640e-01
-1.706096445117091243e-01
1.643522392611777239e+00
2.826722212348370622e+00
-3.823255662205746752e-01
2.322444335070643628e-01
-3.401643474034045100e-01
1.086871107327490815e+00
1.893148188888355843e-01
2.115077148032426801e-01
-5.218871365289945441e-01
-1.852146170991726959e-01
4.742685272719613376e-01
1.851331764543480141e+00
4.185226837348303142e-01
3.956861399841231641e-01
1.878898018052129748e-01
2.008719141375997719e+00
3.359108118250749175e+00
1.585205340563478338e-01
2.382512882488586892e-02
5.504615416016924723e-01
2.592485139265770400e+00
4.443660104518035503e+00
-6.548480552045772562e-02
-2.583407965861213018e-01
3.863855545950382053e-01
2.838913157389519881e+00
5.614989826570252474e-01
3.854620107991639510e-02
6.208462945286639112e-01
-4.305997979368944573e-02
1.315847860489339549e+00
5.252581135712865112e+00
7.199493527468644460e-01
1.286269810901180810e-01
-3.231630488167215876e-01
1.639311498206304840e+00
2.445892569617728274e+00
9.383257969149713662e-02
-2.841730987976051059e-01
-8.167210113856765430e-01
3.712770344417695156e-01
5.277362390729361863e+00
