-5.640129707714790497e-01 1.903868937879774625e-01 -5.597057656575984280e-02 3.713620572489848559e-01 5.046806255241005346e-01 -2.181217626455976832e-01
2.613973991111354436e-02 -3.721107326567057224e-03 5.887361692954111714e-01 2.429633346436453623e-01 -4.472528495237789725e-01 -2.809000319006802471e-01
6.402351112768382979e-01 1.229653792109249161e-01 -1.115040259239833131e-01 -2.442086634063553863e-01 4.424460350679850773e-01 2.286302416194191112e-01
-2.948977397783765775e-01 4.175463834954276643e-02 3.662474358872007119e-01 2.889034908497047360e-01 2.054062964299212535e-01 -4.289847678902121708e-01
-1.237917722610226180e-02 -1.944082591506942626e-01 -5.512261081815905683e-01 4.182413906120815428e-01 -3.111165416052867894e-01 3.437292557116145009e-01
6.676792002310466126e-06 -6.600964872447250276e-01 1.897776404551891893e-01 -4.276708029714484383e-01 2.029793128463796004e-01 4.584635846359054190e-01
3.048189582134274711e-01 -1.808008836705363165e-01 3.610404630942369852e-01 -1.953778957145371753e-01 2.626907993880406300e-03 -4.852203433748335515e-01
3.130105432622517503e-01 1.444775116959689798e-01 3.945199174631432437e-01 -2.646394160217323543e-01 1.658302633643503055e-01 -4.214853426518881396e-01
5.684159328343713069e-01 2.871041869936645230e-01 -5.331486196969763280e-02 -4.033141230964281121e-01 4.200714631481846650e-01 -2.484056148842655465e-01
3.212423930828831042e-01 7.488993936320655909e-01 -4.585434834287262229e-02 -6.083790326353830658e-01 3.923190474535529493e-01 -1.388837069601940311e-01
4.300475961353190657e-01 1.748311883480751783e-01 -3.256238029653181765e-01 -3.531986288023312159e-01 2.193684128162505242e-01 2.944905306519521315e-01
-6.277732325760231324e-01 1.329552133146607584e-01 1.774015020584852609e-01 -1.208651326591636543e-02 9.209439677774404753e-01 1.755076949524369823e-01
4.704429907740952932e-01 3.049973655550207718e-01 3.366405989699989276e-01 -4.524027652372593633e-01 6.214647032771232205e-01 1.170861984973230741e-01
-3.593639898681332823e-01 -2.192618166029318971e-01 -2.348191530436232466e-01 3.725862831086571014e-01 2.557108107159273835e-01 2.536988109935470748e-01
4.577935071299228387e-01 1.031301301803245751e-01 -3.260958361620827639e-01 -3.137761736810209534e-01 2.573644182396220836e-01 2.910686573403708510e-01
4.136348648761470348e-02 5.552673522273415818e-01 2.204550521225107085e-01 -7.761938277152445886e-01 3.450661899516871411e-02 -2.532594127790838145e-02
1.440058359867711635e-01 3.967162516227130675e-01 6.130449693425200630e-01 3.976897554933432888e-01 -5.243616126540868727e-01 3.176468702913042286e-01
-4.394817499553673734e-01 4.638476266312235308e-01 4.063262095482339520e-02 5.533554018086324078e-01 5.819789684065057589e-01 2.276152228910741787e-02
6.078472030435178031e-01 -2.203905810809292376e-01 2.605734520938368659e-01 3.994342423352920113e-01 7.570620211248020315e-01 2.266551937353066815e-01
1.444358795143882157e-01 2.295508379534537402e-01 4.967263966170008538e-01 -1.581493195848814037e-01 -3.911315551552505543e-01 -2.265961899036381122e-01
2.358475474450920720e-02 -5.567601288244337088e-01 -3.887439251054462530e-01 1.249392130670965301e-01 -3.748323623142691963e-01 5.893304900341984620e-01
2.478381857878022287e-01 5.273166164887822804e-02 4.492318167298825493e-01 -2.269249110990048945e-01 -3.352583515376459933e-01 -3.407452408496202123e-01
-5.903041455476440991e-01 -1.049561444233171846e-02 -1.140419713682384178e-01 2.013604995457203284e-01 5.227546840205670176e-01 -4.122217978126622717e-01
-6.428695711312684691e-02 -2.813841407345247791e-01 -4.031632960375307606e-01 2.189060608829009047e-01 2.381328352083922351e-02 5.060430869065138948e-01
-3.880266411606450028e-01 3.182643790483270507e-01 1.937146704821096077e-01 5.315366029994981201e-01 4.325236941613819774e-01 -1.822484246476765435e-01
-6.164492078741768549e-02 4.079997797862268127e-01 4.428039324226248352e-01 -1.231334425724175952e-01 -5.622985741360844170e-01 2.088375543587055738e-01
4.060784752699548861e-01 -6.847514080297040229e-02 5.295696030961092315e-01 5.090317483164441548e-01 -1.395543202992951537e-01 -4.625737201244546348e-01
3.471893751626304869e-01 -4.671432875548092722e-01 2.751664661794874234e-01 -8.170695937322908220e-02 -3.517356670839483779e-01 -6.207849919693109175e-01
-3.124567878214987715e-01 -7.547060153522085202e-02 2.610429471507589860e-01 2.336460805792751616e-01 2.771827191751344843e-01 -4.988302610336105558e-01
1.144032305421432971e-01 -4.637394684569556835e-01 -4.641584773459442870e-01 5.079332424116981271e-01 -2.050449684780686344e-01 4.180043678468362556e-01
-1.681771991011683787e-01 7.613069906151578303e-01 4.687041096729731987e-02 8.189846667402015390e-01 6.026480298144618608e-01 2.846430365943637339e-02
2.660390529192528664e-02 -6.991076701012205463e-01 -4.429250322592510614e-01 1.149068326280362935e-02 -7.626327658902907203e-01 5.549407666961434504e-01
-8.447363471771454080e-01 7.453003988340647923e-02 -6.490977942981897286e-02 -1.239734406448543824e-01 6.878049495270471825e-01 -3.880114937067757341e-01
-3.948321228992455190e-01 1.512082567194884819e-02 1.837030635610873430e-01 3.885504962883081781e-01 5.564265611732117228e-02 -4.365143605832241258e-01
-2.188911380123731709e-01 9.575018313236738354e-02 4.079463723128731734e-01 -1.440299227182066377e-01 6.574842222885626808e-02 -5.887961685608316120e-01
2.438616518191304150e-01 6.045700662798794145e-01 -1.185573928178275394e-01 6.476046145364688922e-01 -2.763933588255866880e-01 1.282118590809280534e-01
-2.101197954625316222e-01 -6.766949238899674368e-01 1.914732721748528543e-01 -3.494024658627649105e-01 2.395536559482851491e-01 5.670912665129372865e-01
2.294841264535337488e-01 -1.397857939277054595e-01 -5.507016021836013131e-01 -9.877837586320073471e-02 -3.679185773006353743e-01 3.659221825412309892e-01
-3.863173098553562279e-01 3.753148052857808170e-01 -2.926174627177897669e-01 -2.149416206999228418e-01 -3.436236306999054801e-01 3.809980792859227750e-01
5.561878795631809425e-01 2.833415755890821355e-02 2.762466032553959616e-01 9.874076827242317389e-02 8.958281557185946431e-01 8.080785702358270206e-02
1.549481131719565759e-02 -2.822708478985636038e-03 6.619491610880949839e-01 7.524583836837273054e-02 -6.856967010851771072e-01 -6.613938090965432171e-02
4.816165123304741447e-02 -3.213969288722493545e-01 -4.851657929398544011e-01 3.405144938479951477e-01 -9.233986646991615421e-02 4.433075117806276610e-01
-5.551402748332067150e-01 -5.037677234629983625e-01 1.925501099082144452e-01 -7.026790956791419962e-01 4.684578990903033313e-01 3.742356492178572913e-01
-7.064018281767001084e-02 5.275861545063942337e-01 -5.043986337919347251e-01 -5.282266842392467909e-01 -3.613290677670514262e-01 -4.833197029055709137e-01
-8.169039968818454789e-02 -3.542252903509328088e-01 1.679171456784533667e-01 -2.090697249342715058e-01 4.415013367418116341e-01 -4.241923394976042649e-01
2.115930560547417405e-01 -5.291305932290908398e-01 -1.378160801279858455e-03 3.764602905796988752e-01 3.644815431621837298e-01 -4.188421049621078862e-01
3.323415384082303858e-01 -4.023678771495424744e-01 -3.296454544937114650e-01 1.940163823406808874e-01 -2.711511865924800535e-01 6.520104583994672520e-01
4.002099049158577837e-02 -6.428104459374802682e-01 1.242828978383800770e-01 3.845268980406972847e-01 1.451003293487215240e-01 6.346869435234231416e-01
1.006434511591226544e-01 3.294475104472278648e-01 3.513334012848539079e-01 -4.988809556717548332e-01 -1.252700680928598431e-01 -3.073033797870232675e-01
-7.599460811379712966e-02 6.087588901266314245e-01 1.989260814325229110e-01 7.268798443630379857e-01 1.533708754427842713e-02 1.419771764392482039e-01
-4.247698898906456244e-01 -2.712390032449276678e-01 -3.935498496500522969e-01 -1.389045637541413414e-01 -3.367865455198543190e-01 5.624755344347986963e-01
-1.478544736245317459e-01 -3.481060714132400702e-01 -3.207863323602614947e-01 1.857083411279080165e-01 1.600820585882128388e-01 4.732417988416853238e-01
4.556232225390065560e-01 -6.478501592032197554e-01 2.156265511808585500e-01 6.202418299301883930e-01 2.962136373959244340e-01 5.013611519057227239e-01
6.733858430006128826e-01 2.002547920344805443e-01 -1.508154876600046601e-01 -2.596031892962952226e-01 3.994905955685692511e-01 -4.505429642179689109e-01
-3.900381434945686399e-02 1.779325059308206058e-01 4.808249783588716686e-01 2.983593570554222696e-01 -2.320584382342708030e-01 -3.665790081093647790e-01
-2.911994232242643421e-01 2.615038661000901321e-01 -4.542398481739295391e-01 5.270012430327373210e-01 4.335489050451519777e-01 9.434758725545649982e-02
-6.521352484669511451e-01 -5.616512191582120894e-02 9.923524431232413900e-02 -2.845242781946155652e-02 5.669583092817576109e-01 -3.727148894113007094e-01
-3.435370516949121100e-01 -1.874823196795263880e-01 2.674247816053544335e-01 -8.422863726718077260e-03 7.839593416580670215e-02 -6.364597437376644518e-01
1.544174627776310760e-01 4.110480764604883541e-01 -4.767854497978035733e-01 5.070252676140649672e-01 -3.323384762152080674e-01 9.158429717099436651e-02
3.518333804025529643e-01 4.162245643118090976e-01 -5.172022353907036463e-01 5.205312575640519412e-01 -4.633556832553924476e-01 -7.236562006905061795e-02
4.565125060007231839e-01 -1.951140128896985682e-01 -2.862566725086344577e-01 2.290441786960689674e-02 2.345494894985431233e-01 5.058123274040926542e-01
2.071634692335457273e-01 -1.067158355903468220e-01 -8.302314469249085782e-01 3.382951700572525144e-01 -5.252724848847120098e-01 6.844246967140366067e-02
-5.309313074205174871e-02 -4.616762518716250874e-01 -4.411376611580676288e-01 -5.496757751855697871e-02 -3.805726329560880083e-01 5.555662514699933885e-01
-4.185996487570792790e-01 4.179428045841796502e-01 -2.899036589417312570e-01 4.634108574258762325e-01 8.068605901585355067e-01 -2.382017007625125693e-02
4.468633097360354967e-01 1.367603569508751560e-01 -2.755153602525008960e-01 -3.674040158783825616e-01 2.772661307259290941e-01 2.877135896183458108e-01
-4.860406332789538042e-01 2.678654078394213656e-01 -1.739328439967997506e-02 4.728418214434331746e-01 5.286887664824400090e-01 -1.292664876779659466e-01
2.222890177293502245e-01 -3.508621781264004147e-01 1.479190126167009844e-01 -7.132883576190773844e-02 1.883989617521630855e-01 -6.413755959598801404e-01
4.920312500286990187e-01 6.744962014750205404e-01 1.491839241825459184e-01 -5.079010438257418603e-01 6.670682196064393610e-01 1.581412001276307766e-01
4.123552996745421528e-01 6.105490538705007353e-01 -7.198615130397124917e-02 -5.791351029916100845e-01 4.804426638537146466e-01 -6.761480165981668955e-02
2.204785338681032325e-01 3.290727962924741012e-01 3.559158377082493607e-01 -5.276422258797934806e-01 5.970259939358513179e-04 -2.206420493776978797e-01
-3.918621962474906906e-01 3.523387915497535050e-01 -4.525983074984193388e-01 -3.325617765548167792e-01 -5.996835399054318838e-01 -1.523701598591515882e-01
5.665625585350824167e-01 -2.224053751643097210e-01 -2.692761530107816714e-01 3.196625951160979029e-01 6.501802649759886865e-01 1.521911751234993893e-01
-1.525423793213807888e-01 3.822585290757574694e-01 -6.689445540173701854e-01 -5.153865123299845585e-01 -4.562826403912180750e-01 -2.625053307007818582e-01
9.950744705605236717e-01 3.298098514524624436e-01 -1.501817900904471315e-01 5.675336144075726619e-02 5.776209572601179731e-01 -3.913107017096022489e-01
5.194399908362983265e-01 -4.840012569576931378e-01 -3.344041316959937837e-02 5.524700383692365824e-01 3.619186642588068104e-01 4.988456967835370182e-01
7.090991784058255087e-02 -9.661008078457772319e-02 5.863256321607045463e-01 1.018868377725333230e-01 -5.608040879288140879e-01 -2.988660725919474181e-01
2.652235241678237432e-01 3.656375137854448454e-01 4.230910371241050627e-01 4.329969543904897966e-01 -4.426002889264754048e-01 -1.413588989895659398e-01
1.074625703029404022e-02 7.901957595646689203e-01 -9.122008051185730160e-02 -7.261615943535074669e-01 1.199214375464503490e-01 -1.789648912525878544e-01
-3.981655821220215774e-01 2.630510816806108654e-01 -2.418247018695868500e-01 5.320821542183645780e-01 3.628707044102111867e-01 1.112690419884822812e-01
9.283423860190244403e-02 2.779849650524797711e-01 6.243727457962224836e-01 -3.111619791778956756e-01 -4.338578284876064006e-01 4.985826094430501065e-02
3.323000548317265879e-01 4.405001151638009427e-01 -2.263733065504681397e-01 -4.872487897982361038e-01 1.856495305836400322e-01 2.868428962382236769e-01
-2.681108227061656524e-01 -1.013872568956081799e-01 3.383868685225360218e-01 1.384344052326834107e-01 1.349138611219703465e-01 -5.441564784377090902e-01
-5.036341827898612733e-01 3.010600608817105006e-01 1.125651062197888796e-01 3.666641000415377105e-01 4.908759187769977661e-01 -3.419135390345225400e-01
-5.773506026451266093e-01 3.069428620676128427e-01 5.655381741398214646e-02 2.918844295979164949e-01 6.908815726324085693e-01 -2.549289674253699123e-01
5.525005271422215800e-03 2.573280817572922707e-01 4.604537193175830545e-01 6.614304020893646552e-01 1.291380966093115257e-01 -2.834249254443551580e-01
-9.160778747077151507e-03 -1.209814462257361445e-01 -6.127263982277665333e-01 1.770644127510390964e-01 -4.110715190325782697e-01 3.259790548886042361e-01
2.069281129340738989e-01 -2.766661793861719953e-01 1.275268688424673058e-01 1.118727453249106774e-01 5.600985967086996586e-01 -4.117218553800254810e-01
1.344699831295949610e-01 3.525893016050652418e-01 3.444629233940617041e-01 -2.955381133017183637e-01 -3.588520394425415705e-01 -2.113646175319896514e-01
-1.113167599355107534e-01 5.092743843693839922e-01 3.051488807494466826e-01 -4.904486833989670225e-01 -3.994465399518843940e-01 1.305485763064145321e-01
6.250277363894742866e-01 -8.403925227893296879e-02 3.708990263300072227e-02 -3.732058917240577145e-02 6.513335272769397166e-01 1.803434216600868778e-01
-1.791026199061221957e-01 6.962655389496313907e-01 8.688920974800699859e-02 4.066935669908724460e-01 8.463267287122033800e-02 6.186298086772685778e-01
-7.972502884521311117e-02 2.406553942110109257e-01 -5.377371939107065124e-01 4.696656853193811876e-01 -8.621960005497206203e-02 2.312378260433429755e-01
-1.895673454485688192e-01 1.281909008801655203e-01 5.056482146640155495e-01 9.605143224851173112e-02 -6.970337612144525963e-01 1.838425037191937506e-02
-3.515094641385760332e-01 3.528023728203675824e-01 -2.805201138194616250e-01 6.112444539589982906e-01 2.729365195930462673e-01 -2.220569556906459852e-02
4.777969716261538102e-01 6.292645635654557923e-01 1.407908075569275774e-01 9.239461733343774519e-01 -1.969367685694454195e-01 -2.032182745813632674e-01
2.171845745023071872e-01 5.648202133744267828e-01 2.171899035766651775e-01 6.200610880528618640e-01 -3.454152328915922610e-01 1.214718426359480408e-01
1.530900712755584037e-01 -3.060223056036610600e-01 7.358134954464943256e-01 4.133710290329212778e-01 -6.369202492338249533e-01 -1.712478993500424762e-01
5.556899959303088221e-02 2.492551231416134314e-02 -6.177112226757680569e-01 -1.485674137797361183e-01 -4.655345743948069992e-01 2.295061213869784567e-01
4.391938019010483418e-01 -2.250512500787126557e-01 -2.062104511119439709e-01 -1.030389631530313488e-01 3.266701548763505381e-01 4.274985671418745636e-01
-4.146989187212855588e-01 3.784647005058239255e-01 1.326275743443138533e-01 5.237371849381065037e-01 5.796314062254243060e-01 -1.482098089551719122e-01
4.593957053536628088e-01 -3.278420773852702697e-02 3.221983977736689320e-01 -5.957323045106766024e-02 1.889522809904073120e-01 -5.033342625347339006e-01
-9.530934271080951370e-02 1.034122096275179314e-01 4.398595560708968843e-01 3.026016138273016631e-01 -2.062015434387261259e-01 -4.237411587152595249e-01
3.269398646977213219e-02 -6.131463277760859087e-01 -9.308500906892183679e-02 9.076106596156352513e-02 -2.436258741946217832e-02 7.131171500518274087e-01
-2.335624526855879096e-02 -4.638804912464269958e-01 5.722926645498027654e-01 -1.675817843554322784e-01 -7.134935002283715466e-01 -3.852522898111298000e-01
9.643224819685448576e-03 1.932553245783723284e-01 -6.735199056909786375e-01 2.672425893958251808e-01 -4.553124666867798265e-01 4.272194417777275266e-02
-2.036303093644991347e-01 -5.629629293344945440e-01 -1.728563396528433604e-01 -1.528172371204439828e-01 -3.246963554309545419e-02 6.733084769942876413e-01
3.093457823485238345e-01 -1.254495831208529977e-01 5.049816859191256224e-01 5.322033742289939973e-01 -9.563186564204130546e-02 -4.694132019295286229e-01
3.089072188847724609e-01 -6.118013604769529934e-01 -2.129491255991795284e-01 3.425506426191938791e-01 2.092457448685891563e-01 -7.828173304001952992e-01
-2.032897396994608474e-01 3.756658429404828303e-01 2.561497873814701509e-01 5.701433624156491131e-01 4.616533936645123015e-02 -2.853579731326869040e-01
2.741154665770649257e-01 8.166787691188671927e-02 4.119716075848005032e-01 -2.206751529493873321e-01 -3.123014109567253116e-01 -3.626059824892528538e-01
4.002215261525887691e-01 4.545959023465062088e-01 -2.060552192289254181e-01 -5.246957123175260973e-01 2.789142648480908981e-01 1.310857961143464812e-01
1.637519658395210076e-01 -5.706846592522792916e-01 -2.397268407902053422e-01 5.595411942821078288e-02 -1.986532359046352392e-01 6.822125522020940913e-01
3.279668357375825072e-01 -3.125776082644390885e-01 3.095862256780319566e-01 1.149903939319044943e-01 -2.356947189939906095e-01 -6.644415237075903535e-01
1.624887124935898985e-02 6.356081563965905179e-01 3.910028925915564613e-01 -3.710173428638222082e-01 -2.563243844397204985e-01 6.244150216759851713e-01
5.075616569561359759e-01 -9.863125907874832621e-02 -2.645956640669753224e-01 -2.556950722596995629e-02 4.965170728302812919e-01 3.367109339375137234e-01
4.553378023274516351e-01 -1.795242961601877241e-01 1.729260366971366591e-01 -3.477493919723177451e-01 -2.413424993473969882e-02 -4.023172960636850481e-01
-3.536818523579088325e-01 3.995705319389682153e-02 -3.216315853716321671e-01 3.609286975022119037e-01 5.260914402514343946e-01 1.813645575050385483e-01
-1.598159057523506066e-01 2.513723027810252919e-01 3.790492582651133757e-01 2.683750413533291246e-01 -6.093464407798632188e-02 -4.689583382576674175e-01
-2.394224204106280562e-01 3.308042988524372285e-01 1.818174977957641436e-01 6.583387555104509570e-01 7.403584752976144490e-03 -1.172424445715815888e-01
4.041392372827385948e-01 -4.482044356597971180e-01 -2.258492137072148076e-01 3.262051826562835100e-01 5.179532848214720708e-01 -4.717466359871534953e-01
2.720801970303566852e-01 -4.308549547812282610e-01 -8.953718672009314261e-02 1.252963690466095958e-01 1.650800043039921672e-01 6.999664753249503768e-01
2.001914202285895727e-01 2.500023061089478027e-01 4.994170619046924831e-01 4.778363173920833207e-01 -3.229832584064552536e-01 -2.716865977520607212e-01
-5.220975776243551580e-01 5.666551098918920504e-01 5.180338228456284749e-03 4.481999789440211934e-01 6.854696120959244965e-01 2.159070944400164616e-01
7.399943553273052865e-02 2.513899417671328074e-01 -6.088791128539775555e-01 1.257249023563619672e-01 -5.521231159125348231e-01 -1.584349653726058182e-02
4.022576592442626137e-02 -2.958936973123959535e-01 -4.472997990248198663e-01 2.460988080061561889e-01 -1.520639360436621401e-01 5.206512794483606488e-01
-3.386890074083270252e-01 -2.139313642168112761e-01 2.603561808816416967e-01 7.833838008693050359e-02 1.528292784364579104e-01 -5.712535768048835338e-01
-5.139898821073346502e-01 -3.360431129870412592e-01 1.944681767378802217e-01 -3.173921435941607916e-01 5.858824789779171205e-01 5.282383552912776059e-01
2.922680759140520723e-01 -9.904590608971154675e-02 -4.510439792007402970e-01 -9.136573713705681277e-02 2.901547853369995100e-01 3.864211957628738703e-01
-3.216621140058730788e-01 -1.623903828482432810e-02 -3.298133012295001443e-01 4.367858073377870465e-01 1.821319357157348273e-01 2.909972232331176079e-01
-2.767764603957983266e-02 2.397259270697202072e-01 4.664854830757901860e-01 4.809439551475720998e-01 -2.321930907932902854e-01 -2.536509674563497407e-01
4.190392978029111037e-01 7.565769550251358888e-01 -2.582435293363135979e-03 -5.622317580557205652e-01 6.266425006896778616e-01 -1.447940821814884815e-01
6.387978476566812391e-01 -9.364906918846451281e-03 6.743196498012503370e-02 -3.241279006949393526e-02 5.681927052810373802e-01 -3.972221907025608734e-01
5.560762156576946058e-01 -3.175637049529202172e-02 1.423111658935336532e-01 -1.485409110536598520e-01 -6.355462049959752224e-02 -5.665637003852044273e-01
4.969421784379871587e-01 5.461264737696872595e-01 -2.494314098837415450e-01 6.292183691280061053e-01 -4.450467326487412834e-01 -2.583018244596784196e-01
-3.300996731849689114e-01 -1.491994604952031067e-01 2.801319866191764874e-01 5.949693326375254943e-02 3.203062851305784053e-01 -5.121929713797616079e-01
1.760054841676538528e-01 8.303711338408877041e-02 -4.934540040468202160e-01 -1.954572730784596424e-01 -1.258528240816267907e-01 4.111898009972890233e-01
2.398182078771936565e-01 -2.521971762089874058e-01 -7.767783966075453295e-01 3.770167386529021947e-01 -4.383522117862790335e-01 1.961156705355349139e-01
6.609256633289926075e-01 -5.926595478331386085e-02 2.359026458019700956e-01 1.782955862254858026e-01 8.156601177945455028e-01 1.962469249215551548e-01
2.237349728336264498e-01 3.206137902883025581e-01 -5.947013470818921510e-01 4.292195110779308820e-01 -5.063337346715239828e-01 -7.131440083147033704e-02
2.798261969248897474e-01 8.414305766917873353e-01 3.764890820476930744e-02 8.436578419937056372e-01 2.053192486040822384e-02 1.283091499892303200e-01
2.901970539209315358e-01 1.949594515945289944e-02 -4.646873192496345228e-01 -1.656267256264815080e-01 1.170583924926067027e-02 4.253486329730941651e-01
7.567232440026631923e-02 -5.011769465305667692e-01 -4.123103751448054521e-01 -5.542976790436730805e-02 -2.336149964947420998e-01 5.422695556553209784e-01
3.731675339647601980e-02 -5.963807135407732662e-01 2.623571541577836563e-01 -1.156130083733041269e-01 2.724574185249085678e-01 7.332422656591510712e-01
4.421223648801427264e-01 9.237216243024218287e-02 -2.239350434639482690e-01 -3.590214953306808954e-01 3.355888990613982159e-01 3.228868052847929104e-01
-1.709658027239792100e-01 -4.130702258381870329e-01 5.164325573273536446e-02 5.412280842167827011e-03 2.790464131965607053e-01 -6.482605445203980521e-01
7.388928033260931949e-01 -7.592301321362943112e-02 -7.798649794716577821e-02 1.564040309826519870e-01 7.313680106088344957e-01 1.681873898365271458e-02
5.150339747737997520e-01 8.182936631011304002e-03 -2.278236878459601045e-01 -2.622710154304529473e-01 3.971780512082720982e-01 2.666252509117140734e-01
-4.241327878414579144e-01 -1.294570298292924970e-01 1.981696572682064006e-01 4.049199556900662245e-02 1.217771633516168406e-01 -6.509505879370980352e-01
-2.984755617022594731e-01 6.326147916411875571e-02 3.542716279207747121e-01 2.056398841786934439e-01 9.346797266389471337e-02 -5.088362361232832143e-01
-6.541767885110327807e-01 2.768357062863546769e-01 6.210256629415258911e-02 2.099655292737983014e-01 6.782417234714078758e-01 -2.414287566053017475e-01
-4.582287518079398714e-01 3.545089480149821726e-01 6.354285899248393599e-02 4.926605447041777497e-01 6.065300472044865554e-01 -1.161649909807545844e-01
-4.274193065896078614e-01 -3.493892341141849323e-01 3.274961234576875824e-01 -6.414527401014116226e-01 4.881116683691230640e-01 -1.752781078616920118e-01
-3.236391348301121962e-01 2.747632094695990346e-01 -6.972646353683996656e-01 7.167285377642607092e-03 -6.416974747601214002e-01 -4.721714844052423699e-01
3.546199901276279182e-02 3.092723689321476011e-01 4.716466162459148626e-01 4.729677613294929195e-01 -3.225090934500289830e-01 -1.682290683443774526e-01
9.814893347020740844e-02 -1.976729014943136575e-01 6.559321643194570006e-01 -4.521946039446236854e-03 -7.514130435631829474e-01 -1.704034488319201568e-01
-3.571978023003762881e-01 -1.336616699261118368e-01 1.672230619646432048e-01 2.403920394370296365e-01 3.190308530012924138e-01 -4.945592744103040062e-01
3.014637108813067456e-01 7.767858176476545307e-01 -2.305764877747714381e-01 -6.733841545952744534e-01 5.551774007251638610e-01 -2.542692867833488690e-01
-1.607898495116616769e-02 -1.811798341656196132e-01 -6.916719548951039132e-01 4.456918852159942879e-01 -4.256975489652009004e-01 1.609585340121683084e-01
4.194641410283219130e-01 -3.877213081250214799e-01 -2.573943128972527861e-01 -1.413117610924030099e-01 1.118430152078326856e-01 -9.176714323355040781e-01
8.762294418540031993e-01 -9.321065127541156015e-02 -1.239814141761498983e-01 5.795720842778651072e-01 8.294830596126050448e-01 1.222516625695308917e-01
1.502416005112966191e-01 6.532328615011400164e-01 -3.225937861753263580e-01 -6.002252544230444187e-01 -7.521767468859574812e-03 -3.368352727436827454e-01
4.265973018286464136e-01 -1.748011623451536378e-01 -3.266766755079495987e-01 -1.387021022527712422e-01 2.171940997266526563e-01 3.991168889843583201e-01
4.561746788071531222e-01 -1.102778847491687753e-01 -2.938697458532297246e-01 -2.953366004885362717e-01 -2.392328613741606103e-01 3.531243894331762001e-01
2.757041598873651300e-01 5.484678638603571743e-01 1.967523546124595180e-01 -4.162879016208524408e-01 8.267511968853130666e-02 -3.547765261240684032e-01
6.817902507442832882e-02 1.813815216892797066e-01 -6.619815083892128804e-01 -1.823045702512623989e-02 -5.791866435945979275e-01 -1.849921076168448142e-02
1.596153371718928293e-01 -5.173658570091611564e-01 4.294177299780200796e-01 5.103760533638055374e-01 3.680009628271012634e-01 7.345283890995256693e-01
-5.119291163321594285e-01 4.680812354267236408e-01 -1.036534964957358251e-01 -5.172383969609161136e-01 -5.293623152995995396e-01 -3.239218403469598662e-02
1.288998016682840475e-01 -6.580884354831595395e-01 2.249427787981516866e-02 1.868239815801813475e-01 -1.672444199032885326e-02 7.875413465183809247e-01
-9.558550805682863860e-02 -2.629476511417379592e-01 -3.799685591944841900e-01 4.006931544493403385e-01 7.889264858449951401e-02 4.180619531445894377e-01
-5.904196800805466827e-01 2.546952128555217687e-01 1.097009070105068318e-01 8.137835397297421558e-02 9.766282486271120611e-01 -5.613061382748082973e-02
1.963833556914279244e-01 1.136522686717113539e-01 -5.338447553398032452e-01 -3.154047593908002600e-01 -1.126787000446889397e-01 2.949177063224488471e-01
8.536863916610538672e-01 1.261093077067537427e-01 3.484276961764807834e-01 7.229158150038552666e-01 3.052664691896522786e-02 -6.383666143246844449e-01
-2.694582947395712802e-01 3.195210060489281356e-01 2.843745086390348509e-01 5.965233594767203051e-01 1.933927910641939363e-01 -1.995340033191450591e-01
-4.485109241908166178e-01 8.654594746689527052e-02 1.992883914809620016e-01 1.407851041408694215e-01 6.180705644021153855e-01 -4.091619126395701356e-01
1.790702260030155035e-01 2.477184813394052165e-01 5.873402695541298790e-01 -3.075437341460081075e-01 -3.581398275756133565e-01 -4.205830313786351748e-02
-2.887706643933991846e-02 -1.240599555029079787e-01 -5.599453269906705666e-01 -3.069633664595255995e-01 -1.299825859710484754e-01 4.005925078651050297e-01
4.563002866799688029e-01 6.185394021775660889e-01 2.344422884291605738e-03 7.256323216049314073e-01 -3.168064445481270086e-01 -2.269771896518470444e-01
-3.769439205164534790e-01 6.162662064268917828e-01 -1.190312243975286260e-01 -6.756824934099797675e-01 -3.183358252834667113e-01 7.403432765256985626e-02
-7.709158415454638036e-02 2.040476781323785349e-01 4.697960221892724109e-01 4.316119011837980524e-01 -1.926000299292625340e-01 -2.943318203175087078e-01
2.013521613621283568e-01 3.776590204480869684e-01 -3.454228934550934715e-01 -6.191838016760853325e-01 -3.182423928272581914e-02 5.338055858761270311e-02
2.488629305256236102e-01 -6.994080224982247573e-01 -2.022237941483938095e-01 -2.262681393654598361e-01 -1.556384985247202257e-01 -8.940078437056113714e-01
2.231823955424621642e-01 2.715165335750772679e-01 -6.614351642963879341e-01 2.780509125092703870e-01 -5.993768036415685341e-01 -1.730354908346660170e-01
-9.242956877814607897e-02 6.398217011635057849e-01 -2.093395708146481293e-01 -7.142691462515381451e-01 -1.314945464177348367e-01 -7.374168696350705265e-02
3.909061280392627236e-01 6.430113787325493213e-01 3.273655381046126217e-02 -4.699102752540474937e-01 3.122905634033952271e-01 -3.540694209742991649e-01
1.938864748520517933e-01 -3.680612474327820682e-01 3.497433926331302012e-01 2.349002509425588692e-01 -7.169585639043840608e-02 -6.044502067811168278e-01
-2.231014812127756486e-01 -5.702717279584615939e-01 3.587861366496260251e-02 6.381929950550416231e-02 -2.740314036799845199e-01 -8.751198143596941037e-01
-3.425404869103583771e-01 2.006068004036974939e-01 1.957152934310655013e-01 5.008122753314430131e-01 1.498556500903950039e-01 -3.392430593039862385e-01
-5.765508432733402744e-01 -4.045826951951820294e-01 -2.309128236224559580e-02 -6.373829542532477577e-01 5.935073121492686621e-01 -1.233063587224040268e-02
6.912702345774776047e-01 2.429203525417486798e-01 7.978508111345528064e-02 -1.340908953000427006e-01 6.567577515224802820e-01 -3.042951351072786803e-01
-3.128129634903575318e-01 4.433486418247920002e-01 -2.550644889433399398e-01 6.790297044285784622e-01 3.456003947828277245e-01 -1.732512730447428040e-01
-5.522414464861356009e-01 -1.343300580142942346e-01 -1.892019893159355495e-02 1.893024125576040495e-01 4.198570953465896594e-01 3.592190666363697105e-01
1.935583061656398832e-02 5.236470630796917769e-01 2.628252210607975314e-01 7.351706028812712290e-01 -1.246910151897439034e-01 3.466496369453175852e-03
-5.986385209099054361e-01 8.426010519957705114e-02 6.504616766876121503e-02 1.822030429615141278e-01 7.082592565110464866e-01 9.523741297930790606e-02
-5.251353076311113810e-01 -2.291958899486079004e-01 1.463135246152991002e-02 2.232318410927891517e-02 5.106183168265427952e-01 -3.764749492966897870e-01
-8.061727595517052813e-02 3.961262407126286411e-01 -4.450203398394824705e-01 8.365507959543578842e-01 8.692839025495452399e-02 -1.936253972847208349e-01
-1.228300440449356379e-01 -2.337184802031243291e-01 -8.668313438542605276e-01 -4.331117386489556353e-01 -5.745221476514384973e-01 2.062464392622453957e-02
4.652539063180848380e-03 5.289194587524860269e-01 2.299124275550396002e-01 7.822732151800472211e-01 -7.328499843586278040e-02 4.920305918130546408e-02
1.856048209370033952e-01 4.259887767751823762e-01 -5.453355077454744571e-01 -6.016822927409190003e-01 -1.136864782898535098e-01 -2.471248109098736490e-01
-1.989609023960485779e-01 -7.703716411020278265e-02 4.917156478184448454e-01 5.731123708921858073e-01 -1.597479615563691668e-01 -1.384127396232021634e-01
-5.638472797365592371e-01 -2.755995865534222600e-01 1.178709324249918033e-01 -2.625369442391992103e-01 6.246780430540543883e-01 -1.963141584861009536e-01
-2.417041448463950470e-01 5.193391948988156370e-01 7.033285333301363129e-02 7.414482979443701716e-01 3.733444435305071085e-01 -3.965263119770476297e-02
-1.400139049216792171e-02 4.645288624639749564e-01 4.866624890087298261e-01 -3.373984511021958510e-01 -4.427612850804644173e-01 2.178894818863937877e-01
-4.651540997546088629e-01 4.898694277921461504e-01 2.961128112474011725e-02 4.949168625791149356e-01 7.624500629227668469e-01 -3.334540744275896890e-02
-2.942520882995758869e-01 7.689461446508938369e-01 2.447560132245999581e-02 5.955289714795255485e-01 5.398524073998703932e-01 4.191979407089434506e-01
1.865974357906793613e-01 1.657579085862481427e-01 -7.064315874154273311e-01 -1.641650969232779367e-01 -6.711264564539288768e-01 -2.862052136650524714e-01
4.930148205282841589e-01 3.751109075344046806e-01 1.684465314247898526e-01 -3.643670654895172500e-01 3.012156421028657771e-01 -3.409018672920023363e-01
-2.992113269561188504e-01 3.161765687541582825e-01 2.114083131509647551e-01 5.729772067157441473e-01 1.312396874414685499e-01 -2.414553657433152201e-01
1.372251961443127777e-01 -6.111914519368404353e-01 -2.873630913066154147e-01 -4.032031504772377040e-01 6.068138000435496782e-02 -7.938451737806310193e-01
-2.497362442233179436e-01 -4.851901527246845758e-01 1.216556842334649141e-01 -2.947965553785886761e-01 1.442579239660389812e-01 -6.540792493030743726e-01
4.168865336771591101e-01 2.290797793002551930e-01 -3.625537114474607359e-01 -4.455323443189677102e-01 1.493882966087054509e-01 1.373292213101242609e-01
-4.852731954374594481e-01 4.447185468379633716e-02 2.178146983151320604e-01 1.884256622568916684e-01 3.984220041333951245e-01 -4.309141671178259858e-01
5.216321289346320667e-01 6.902482387994600399e-02 -2.060820979278810139e-01 -2.675816286470430461e-01 4.434220462252480011e-01 2.807118674660374347e-01
1.541111702932100869e-01 -3.888651888744984464e-01 -4.113636473652650949e-01 1.499157669370753398e-01 -2.011506524024002929e-01 5.708510192874706179e-01
-2.259959901415293515e-01 7.350105789945444723e-01 -7.558863689428002575e-02 -5.880762894607379776e-01 -1.954413363032018180e-01 -1.317766263908588531e-01
-4.317471207750400164e-01 -3.288565500898081306e-01 6.341001621122947796e-02 -9.338829673950077570e-02 3.773643862438112451e-01 -5.584945546687030138e-01
-5.339789626015046808e-01 3.561479212716572307e-01 -3.707282975663439561e-01 -5.750190283894570653e-01 -6.249977225667071590e-01 -1.818660764179049205e-01
5.485374327599072675e-02 7.744464489078171088e-01 -1.602292550243835934e-01 8.423719780005798352e-01 1.591617140822570997e-01 -1.250195253050683797e-01
-2.853850326244583568e-01 -1.528141296357226481e-02 3.252904145591224427e-01 2.791990775127221047e-01 2.541844825638189809e-01 -4.548588748260753434e-01
1.560359815453847276e-01 3.543526970330057035e-01 -4.748564304301300387e-01 -5.672842468883916300e-01 5.587079573678438438e-02 1.478123432666904602e-01
-4.726826832498270958e-01 1.714169164091471909e-01 1.946727288957692814e-01 3.340625056972147400e-01 3.644893249527666468e-01 -3.637941413570394689e-01
6.285417688900062361e-01 -2.247993378551509935e-01 -1.328172444660113138e-01 1.759676187245909906e-01 5.783363147206022070e-01 2.546743840419749549e-01
4.408898187869091934e-01 -3.425053061456523884e-01 -5.857327059720975754e-02 8.939840668952808711e-02 2.851262597263842236e-01 -7.532187951223480171e-01
-4.992426944203074562e-02 -8.905138603752837945e-02 5.145705009244948558e-01 2.140452429997132533e-01 -3.913594100683325250e-01 -4.013606946944002773e-01
1.993872052869354317e-01 -4.671929475414846600e-01 -2.108601774442884491e-01 1.214963770277496247e-01 3.500806363580422076e-02 6.503756574149018865e-01
-1.677320933698411010e-01 2.087002430704021916e-01 3.574334425937484849e-01 2.826964940411516025e-01 -1.143064226428310293e-01 -4.749010944451498850e-01
4.153586389635796072e-01 -2.053203552118341990e-01 -2.065233367244586060e-01 -7.616954108232998344e-02 4.741781667295922320e-01 3.381617162191417614e-01
-3.883015485970447433e-01 -4.917534781372049357e-01 -1.024923171404187594e-01 -3.831480936188659259e-01 4.686436166943577231e-01 -3.810795784085577731e-01
-1.018364242240024781e-01 9.373982361859479334e-03 5.081870407206081630e-01 2.595831101361690263e-01 -4.197420628235417617e-01 -3.196023889940490248e-01
3.749842506108051060e-02 -1.349060028759837548e-01 -7.315707710956753651e-01 -1.201647054639953249e-01 -5.107875551430565153e-01 1.815860587743797216e-01
9.177716233787016620e-01 3.923322253313429875e-02 -9.417542725505961831e-02 1.599301961160709551e-01 4.592667375918000339e-01 -5.934230785785290507e-01
3.575240331459228482e-01 5.051742190883437011e-01 -2.781000395701657135e-01 -5.393274919673646250e-01 3.143594458176964812e-01 1.209576808208095433e-01
5.310243167427911581e-01 -2.519166953598224734e-01 -1.790803196489126892e-02 8.377774381024122308e-02 4.095040238411114530e-01 -6.199820599812213562e-01
5.495797179132427823e-01 1.260346183926624140e-02 1.576164395284586628e-01 -1.599983544145041625e-01 -9.406687874656931292e-02 -5.388894094857046291e-01
-7.133398184892479621e-02 1.616035567898482794e-01 4.671693097822807728e-01 3.288726825819960342e-01 -2.577116953096632024e-01 -3.476983758586454920e-01
2.853307512150659794e-02 5.076632256185715786e-01 4.005170842970298128e-01 -5.952369070756737823e-01 -2.525711030674117064e-01 2.189825840027291581e-01
-1.158542954471097203e-01 4.794862627225173202e-01 1.307423883984812074e-01 6.853899131808899314e-01 2.015292073576313570e-03 -2.298532165770214852e-01
1.615454877615647988e-01 4.744251915654921770e-01 5.363111009516371430e-01 6.035926180570631017e-01 -3.963657640500095058e-01 3.210962171360516315e-01
2.248252336061447587e-01 5.509950076551011211e-01 2.809912393925785290e-01 7.626285045763372406e-01 -1.773401047669351804e-01 -1.436210611204205567e-01
2.893778967694169424e-01 2.948593018348818484e-01 -3.421143491818008364e-01 -5.585293454386741629e-01 8.354770949970552474e-02 1.440962220276718053e-01
-2.685052604842767116e-02 2.391396264710894393e-01 -5.211022874463060450e-01 4.995169852517538644e-01 -1.618922595849245916e-01 2.286381139020603470e-01
3.179934470287658632e-01 -4.322761210404598708e-01 1.269678745120450189e-02 -1.078814543782236068e-01 5.921805788114015145e-02 -7.469505257394426501e-01
-9.903050481177953779e-02 2.783947664455701521e-01 -5.424238103407715839e-01 7.084076205165291684e-01 -3.459957140396130448e-02 -4.234559821746797237e-02
5.845474269950112767e-01 -2.786067608856584998e-01 8.636758692425343387e-02 3.625614847010976138e-01 1.143264080290079532e-02 -8.445456135901800998e-01
-7.035702316857697092e-01 -1.325062967180207496e-01 3.562029163551288513e-01 -6.085437747716649914e-01 -1.803664052907729132e-01 -6.381206640218810566e-01
-1.251827692606505629e-02 4.174934626160821671e-01 -5.597602316484684426e-01 -5.043027707208364019e-01 -3.573196881379436252e-01 -1.625038999410430285e-01
-1.840637087332891442e-01 -2.262492642060631720e-01 7.269505112658458668e-01 -4.992997781210048447e-01 -4.253030373132027919e-01 -2.009524017421878694e-01
5.991653287388272187e-01 -3.202321646133512445e-01 -2.388303089865135564e-01 4.575227317323523613e-01 6.696310804301995878e-01 -2.492289062530982091e-01
3.415584837406222540e-01 5.965675908874525785e-02 5.121245734551571616e-01 -1.986102809661377533e-02 -7.462989838755528238e-01 4.328422019383604269e-02
-5.547902730279063999e-01 2.355790157861798739e-01 3.971293968105760880e-02 3.374753367672940207e-01 6.122084448764570919e-01 -2.093098599175552965e-01
4.953817467933825380e-01 3.948499050794969101e-01 -2.259420916005723534e-01 -4.354824589177233030e-01 4.350141326596350666e-01 1.372089311829559899e-01
-2.867879074226065694e-01 -2.613812829256415560e-01 -2.370483053344865365e-01 4.026115611605118327e-01 1.216855000091991434e-01 3.777591543870637558e-01
-5.225166442202389128e-01 -5.028095305168076012e-02 -9.469130179111309720e-02 2.520845770591768620e-01 4.132229889016356683e-01 3.356074825276136320e-01
7.157215573861167579e-01 4.833008692717465082e-02 1.456087732843706906e-01 2.721849754445437863e-02 7.623921965423514635e-01 2.724111399838595737e-01
-1.087815570182172342e-01 -1.788184615719025095e-01 6.366642006504604767e-01 -5.427033158439749094e-01 -2.741191352595188091e-01 -2.592318250200675855e-01
3.310057004732719910e-01 -1.374618796580785729e-01 -4.028516207526710580e-01 -9.609803335540850755e-02 8.175715984440609652e-02 4.743743554183539879e-01
3.113548524618754421e-01 -4.126143869114868301e-01 -5.536472339053930547e-01 4.339540456479241692e-01 -4.509518676969090922e-01 4.380682875003966137e-01
2.481104536674560990e-01 1.233458228446406152e-01 4.574790516905334337e-01 -2.330767892327036406e-01 -2.536974261937706143e-01 -3.339103755983969246e-01
3.266246243855728815e-01 -5.556803963328346141e-01 5.991378600042423369e-02 2.204031761957103153e-01 -1.217834184053080415e-01 -8.347651600410079809e-01
-2.250761942754269107e-01 -4.698606387199261158e-01 -9.201267182304774528e-02 -1.788862959967756627e-01 3.866506778506619835e-01 -6.060699233850946888e-01
3.973793741428676557e-02 1.992824028548533521e-01 6.265822869141709495e-01 1.739493919904120389e-01 -6.143522235350536986e-01 6.090925397030055866e-02
7.297931088537893407e-01 -1.008844090057762349e-01 4.766113640227361004e-02 9.912135874744965047e-02 6.077775339625181017e-01 3.639701533559617785e-01
1.157970907385869469e-01 3.619705310934243081e-01 3.844315679970498056e-01 -3.807873725465105719e-01 -4.414173409945118531e-01 5.584094456742488832e-02
-3.290201554153931451e-01 2.852192705526586103e-01 -4.364566494957175524e-01 5.802493403929338545e-01 4.212068172718728132e-01 -4.309120727975435106e-02
-5.241385796973206945e-01 1.073326415195855199e-01 1.068875562978340854e-01 3.218101985705814627e-01 3.991550973508968259e-01 -3.394422755749929577e-01
-5.315348529359333885e-01 1.744847922684612529e-01 -1.887900078324553643e-01 3.145965441152784869e-01 6.944816724761792015e-01 -7.189302969185233649e-02
1.707039637646375341e-01 5.030522212021058814e-02 -5.370889637526817806e-01 -2.055083452285778600e-01 -1.157526684147213297e-01 3.744422071641893002e-01
-2.254487563264366834e-01 1.231993414668298287e-01 -3.963722545652949569e-01 5.517796481690924182e-01 5.869369656005400671e-02 2.295311157887039433e-01
-4.379031623967007403e-01 3.266173128507415258e-01 9.857149264002622313e-02 5.156013181916623278e-01 4.507592386167127430e-01 -1.760518635499234708e-01
-9.868169050628788908e-02 -6.600138607281832992e-02 -4.658741799951660045e-01 5.109647314668426255e-01 4.529413164993313645e-02 3.189471677714351694e-01
7.437349899627840322e-02 3.415980768803691392e-01 5.111508220959856130e-01 4.522107040422397306e-01 -4.164292002528716674e-01 -2.048222202845662032e-02
1.352273907681277865e-01 2.150383045093347545e-01 -7.588497941550161885e-01 -2.217297119637737235e-01 -4.332717563435008468e-01 -8.633533943583371340e-02
6.238379727682075160e-01 -2.265399607806357907e-01 -1.519969612686296150e-02 3.091919189930532053e-01 7.189177931148640344e-01 6.910627307223490834e-02
2.996102588851861093e-01 3.123986824478385271e-01 2.776203094189560461e-01 -3.730149784059616502e-01 -2.671836599432224624e-01 -1.824444670500950938e-01
-5.491083505830181011e-01 2.271168847975432725e-02 -8.643647051309075874e-03 1.886961590011986267e-01 6.888376703083203267e-01 1.005382285971818251e-01
1.911882177357397683e-01 5.730076482192482390e-02 -5.242349785610650459e-01 -2.847167604248175277e-01 -3.278097108806478366e-02 3.506362877504091147e-01
2.483273473474727211e-01 5.429969444563430558e-01 4.042410685431752637e-01 5.872429088291730714e-01 -3.977042422700985957e-01 3.894925270217799995e-01
-4.384338551896396208e-01 1.783804955888348420e-01 -1.392642780042622208e-01 4.621461662543189242e-01 4.617946488064468280e-01 1.903294760808891262e-01
-2.552944834160845167e-01 2.453583192751410125e-01 5.720547600184148207e-01 -2.699931813439993000e-01 -6.649356536751702684e-01 1.583533808938559218e-01
3.265223478653105360e-01 -3.835779885334401618e-01 1.973279879109879065e-01 1.744046505387015777e-01 -1.028948573438710490e-01 -7.503413563360807892e-01
-2.296839931057546511e-02 5.188533592226082236e-01 3.688016111393204732e-01 -5.107053029710640901e-01 -3.243758233535360969e-01 1.427988269537123489e-01
-9.779232927514655560e-02 5.252750124270818555e-01 -3.067818097220694207e-01 8.020320832557301660e-01 1.407645417849181513e-01 -1.007048227002182439e-01
-1.888500386246543816e-01 1.010618969232414538e-01 -3.955174343839087947e-01 3.225805729916377262e-01 -3.832175746655809567e-02 4.524276855328994151e-01
-2.456366111831279342e-01 6.130209415924170457e-01 1.289680876675866061e-01 6.822257734336905077e-01 4.333606679096662639e-01 -1.978247844600506955e-01
-2.538078389523377165e-01 3.279054295495126281e-01 -4.459433576904646701e-01 6.678422609343126481e-01 2.677448507471891226e-01 -6.261347607790784808e-02
1.560283518993505758e-01 1.803455798658051834e-01 4.720985582944656200e-01 -2.983357783593353352e-01 -3.937206100728044000e-01 -2.090778114539543764e-01
7.422535166659198769e-01 1.471404873826900883e-01 -2.990130105795210658e-01 3.363925421295332896e-02 8.447434988144897350e-01 -4.049179938877792706e-01
-4.728226669672853932e-02 5.885828760155146222e-01 -2.685297332361695766e-01 -8.656163030825734239e-01 6.195917434714959260e-02 -3.831921711329658309e-02
5.055641872926602831e-01 2.931079776591299924e-01 1.507606161241016318e-01 -3.329226951629891129e-01 3.761615421311207408e-01 -3.877947230735547812e-01
5.070718659587246657e-01 6.288216445160353940e-01 -1.695140220004148421e-02 -4.917859697995858870e-01 6.699168498332820354e-01 -4.132778511788322284e-02
-2.653772604684142000e-01 -3.201145563658269744e-01 -2.624601455537220115e-02 4.349609268553461527e-02 4.379929505547733859e-01 5.480973145275622738e-01
-2.985108367683274033e-01 1.015643697625333991e-01 3.370194824790905264e-01 3.570303763427394306e-01 1.654784755010407227e-01 -4.154303198336735115e-01
5.588865038096119120e-01 2.866741927416307512e-01 -1.574423577830894871e-01 -3.826196982231238053e-01 5.123443306182856594e-01 9.283560849565594686e-02
-6.750132239157652370e-01 3.400362488936155558e-01 -1.657653216438766119e-01 1.271605244381350808e-01 9.308471195783154517e-01 -2.521354121419212002e-01
4.901943809391688944e-01 -5.373286156313379636e-02 3.073997516763911642e-01 -9.028709964675651900e-02 7.232688810130186718e-01 6.386424557842140803e-02
8.858709574394803277e-02 4.970567448059043381e-01 3.405698900909993054e-01 4.639148570867410726e-01 -3.973732018666928933e-01 9.741532595398347261e-02
-1.859975758894069076e-01 -6.177174065516553014e-01 2.705949649875721841e-02 -8.397851764606155400e-02 -1.986096376874446623e-01 -8.751271747798670120e-01
2.479568910822186889e-01 2.463483187187357759e-01 -4.578758074920985521e-01 -3.455218129577479202e-01 -1.427131758408381468e-02 3.036098673727853914e-01
1.279647274733071716e-01 -9.760011826215497788e-02 5.760665559578070916e-01 -5.553478903755429408e-02 -4.964576245972884827e-01 -3.223991457138810635e-01
-7.099681463545584048e-01 3.632055807634626543e-02 1.134469764489742655e-01 5.320263888239373795e-02 4.824403089285486668e-01 -3.540436870517877921e-01
2.094910903661762747e-01 -1.970945534317578574e-01 5.446424397911784343e-01 5.645559991513392495e-01 -2.063164503336574473e-01 -3.901537236406761311e-01
6.333095917847701983e-01 -4.376076467236356682e-01 -1.272802526150602354e-01 8.642104919853705880e-01 5.184785186521123634e-01 5.323018659455991397e-02
5.241638692491433771e-01 -1.574183728041569225e-02 -3.319539510327782494e-01 -1.041120178055858769e-01 4.060597814571935693e-01 3.217683173472468683e-01
6.809011179043625850e-01 -2.396889333578152703e-01 1.082416453809502931e-02 1.771193424277558437e-01 5.704276110760954088e-01 3.106826430443687670e-01
2.237025912683380247e-01 4.463801816198531003e-01 -4.320547039852253857e-01 7.937460553478500325e-01 -2.360032453796880314e-01 2.555135761863058796e-02
-3.004849562866694912e-01 2.825514765137576711e-01 2.725102935296940254e-01 4.980795765961359978e-01 9.370886774189499113e-02 -2.990079965834956388e-01
-3.581224916538843228e-01 -1.072254782105823701e-01 2.888592817995070949e-01 1.785938192696470139e-01 2.971246017289724262e-01 -4.517057824868869198e-01
-2.271685363798517931e-01 3.521070024728506498e-01 -4.553534052871404669e-01 6.898849073720636493e-01 2.260580985621061800e-01 -7.703521232564375376e-02
-2.865052899228857086e-01 2.958414146115858068e-01 2.215195430407131405e-01 5.539051153050186249e-01 1.057592290327092066e-01 -2.860029820852432736e-01
8.108881155529612528e-02 3.888060058795693164e-01 6.116902166029287713e-01 6.034839483342060440e-01 -3.854960927741030718e-01 2.545353747062207295e-01
9.675598194398406238e-02 2.130998943903578136e-01 5.354210052884937898e-01 -1.671582564785675795e-01 -4.162945484800958384e-01 -1.954770108817758256e-01
-1.582301245027040448e-01 -3.548289782090538469e-02 3.986901942865276882e-01 3.915737306396056550e-01 3.027226284342275642e-02 -4.340114207693472337e-01
3.410615913187617920e-01 -3.100406238317727214e-01 1.363255165833488214e-01 3.620784203604393570e-02 3.899337150277154551e-02 -7.498118664725039739e-01
5.879356732971011690e-01 -9.922434750713775287e-02 2.372572644649272311e-01 1.173796533242186246e-01 7.750200099487358774e-01 1.177841062918595361e-01
-1.222061553993822602e-01 6.662474814857792804e-01 -2.553582915903566120e-01 7.974499718082770361e-01 2.754297534410675707e-01 -2.940120253735149514e-01
-5.799754665792472563e-01 -3.555141242519092026e-01 9.561186399282915749e-02 -4.813335451800964671e-01 5.667522169479994876e-01 -2.781455001251466608e-01
-5.137653208205720246e-01 9.149930922453110294e-02 -1.266858223325528221e-01 1.080949398879702539e-01 -3.995570581301954860e-03 6.505982596364356940e-01
8.673206434868963467e-04 1.917660201000459252e-01 -5.190723362242901651e-01 5.452811925585951958e-01 -1.086939992505220054e-01 2.640862127543036619e-01
1.409893008658317237e-01 -3.104204173438005476e-01 5.954159618127392584e-01 6.087516196619253694e-01 -3.656893005792624662e-01 -2.867086119637803909e-01
1.310059817677094313e-02 2.231845785629118506e-01 -5.130785258081247413e-01 4.924865396455082034e-01 -8.514276295940309547e-02 3.085803873620022175e-01
6.607924488293022147e-01 8.256981270379908089e-02 2.119146090966263218e-01 9.726528045151361379e-02 9.084387496966759290e-01 2.313472983178039843e-01
-2.027521987144337567e-01 8.349703160740638841e-02 -5.505870696663470731e-01 -1.375938070124467505e-01 -5.179875373866759114e-01 2.456356989435524163e-01
-7.516879768703705889e-01 -1.404683716336748711e-01 -5.322893168104481793e-02 -2.342889033533903653e-01 6.270135547062781756e-01 -4.317387617585280446e-01
-6.546789582555885278e-01 -1.960132966321124770e-01 1.896417999180212421e-02 -3.606641485644369594e-01 7.553610855492118858e-01 -7.291659390230215143e-02
-7.506271170599826403e-02 4.565005206643452662e-01 2.773097554417934818e-01 5.688866846393096921e-01 -7.338237548614295891e-02 -2.745537161829231243e-01
-6.009313330556325522e-02 -3.285136116955196250e-01 4.688928751703324016e-01 -3.859806373120252543e-01 -1.579879722171249889e-01 -4.610094535787264691e-01
3.784786170853663423e-01 1.902183000136062896e-01 5.084382881310112179e-01 -3.346313608978453980e-01 -4.152381344235588356e-01 1.550310650873696350e-01
7.602006538985353612e-02 2.960411184638213067e-01 -6.828498788027284050e-01 7.970271820053688172e-01 -1.156289715906191895e-01 -1.254662813185994930e-01
-2.088307492036285407e-01 -1.964468769724411756e-01 -6.672862650315556365e-01 -4.214490981872390796e-01 -2.955282954244252691e-01 3.048126549313391331e-01
-4.409783030561689743e-01 -4.382140511190164567e-01 1.185825474394396756e-01 -3.029675874554035864e-01 5.063218671781051228e-01 4.165841270090422932e-01
-2.352056925651483388e-01 -9.704224667475330746e-02 5.930901635659731053e-01 -7.194903821905870300e-01 -3.718997934743503708e-02 -2.797706761388287777e-01
-1.739592672013131891e-01 -4.219726287209358828e-01 3.009216446292296010e-01 -4.789485976100161801e-01 4.219927182079525885e-01 -1.403311191242136435e-01
7.206778090175857132e-01 2.255194524126713507e-01 -1.093008914864896514e-01 -1.894842880733142998e-01 3.769338981632925911e-01 -4.948895617520034929e-01
4.660966290853221783e-01 1.533391555981216958e-01 -2.703073856747942871e-01 -4.105634582057567372e-01 3.328961994233335941e-01 1.760404152199216976e-01
-7.045793737926440148e-01 -1.612022970592490723e-01 -1.198652125620920314e-02 -2.533093451944493091e-01 6.762999227712989114e-01 2.961455820175149523e-01
1.753939138213851112e-01 3.366075031096992798e-01 5.706523875867203222e-01 -2.919752186787930581e-01 -3.797615755059070008e-01 5.259694925076563443e-02
-7.018296212968826164e-02 -3.519962037559793422e-01 1.971491165205854212e-01 -1.795672393839172765e-01 4.248657949167306547e-01 -4.229480653048218741e-01
-6.866697499200508092e-01 1.961019411226532227e-01 3.247952206720595286e-02 -9.705468529120075960e-02 1.001534829254432601e+00 -2.778604254823133224e-02
2.932875332346208674e-01 -5.165346189288056999e-01 3.474902223878647001e-01 2.925205151612963461e-01 -5.160235150458486464e-01 -6.525093528400931486e-01
4.090946353792682677e-01 -1.019626645673732054e-02 3.445986594997066388e-01 -3.424063346886975223e-01 -1.237267975867747810e-01 -3.052914161963589668e-01
4.883035944557531094e-01 -5.090565703095309980e-01 -7.729090947894813601e-02 6.414951735300793434e-01 4.746110967430126060e-01 1.720914817246677053e-02
-2.006697126348516436e-01 3.313793585128825825e-01 -4.030519500297909952e-01 7.103523072672249805e-01 1.963895634428831638e-01 -1.341540851898803677e-02
-3.623608743094017953e-02 6.435761080524512456e-01 2.663345685381854344e-01 -8.196557844193460562e-01 1.150542452590651576e-01 -6.064894621447525225e-02
-6.226977219335509961e-01 2.179443815215320308e-04 2.332728289008270117e-01 -3.887594016710374523e-01 9.693763431101610761e-01 1.557817940226351450e-01
-1.328930449891776444e-01 4.458316611623305836e-01 1.905068202853787973e-01 7.912069820037558321e-01 8.609095793365889593e-02 6.156587817543290875e-02
-1.061547514942017822e-01 1.576215146614582951e-01 -7.073334431800696320e-01 -4.062160316094158286e-01 -2.499115613765738875e-01 1.551513509529043322e-01
-6.851485178800025000e-02 -7.026301102061665027e-01 3.901357338823426696e-02 3.919634293631137911e-01 -3.401294748798655565e-02 6.228892813148498853e-01
-6.753319989088303332e-01 -2.160966472633190083e-01 1.229309086652920074e-01 -4.025711753553908867e-01 7.256859907182484637e-01 3.195193008224312403e-01
5.006349766923529065e-01 4.364535401529618698e-03 3.059422828114183313e-01 5.575784576823267225e-02 2.022569758788407279e-01 -5.675123069542186149e-01
-1.165479169938462983e-01 4.457217959068881519e-01 2.422036741955826966e-01 6.428032760320235850e-01 -9.334765877125311695e-02 -1.221997954410272147e-01
1.694021160243269486e-01 -1.871661943825046193e-01 6.259212295647954560e-01 -1.255637437602717121e-01 -7.301459269525336637e-01 -1.603154724402128251e-01
3.634955450789522508e-02 6.585879125071260332e-02 -6.541186225310456903e-01 3.457159499462340579e-01 -3.673939842846413728e-01 1.923944995553171777e-01
-5.764921643284245389e-01 1.842834518455434833e-01 3.146397326516935794e-02 2.821886160414324163e-01 5.940845053440790835e-01 -2.763190899057984540e-01
-3.375266987256689832e-01 -5.382891467985637113e-02 2.470932101044107931e-01 2.477857093371730324e-01 3.180762540744737077e-01 -4.733899128217896601e-01
-1.814325526367956687e-01 -4.292649340926060764e-01 -5.090214136807748313e-02 -1.407473194306099740e-01 4.032023616553900847e-01 5.016762814001090032e-01
-2.718666890694593219e-01 -3.764118097539376762e-01 -3.119671411799810334e-01 -7.616079693995198019e-02 -2.311591518454760297e-01 6.578786554064253167e-01
-6.780906929040050324e-01 3.963925163227446369e-01 -2.291472402466334934e-01 -6.238298872797647388e-01 -5.423013343598510616e-01 1.113077783148341549e-01
-2.388021935821830199e-01 -4.363441107703157629e-01 -1.653114406349401599e-01 -2.174056955071304587e-02 3.779523048655540896e-01 -7.036473941578266222e-01
-1.017259941175680249e-01 -4.253640393980943624e-01 3.043222228016594366e-01 2.715665997693342271e-02 -3.099305409203770290e-01 -6.805962351951190259e-01
2.545287498409886662e-01 -4.778858744463533870e-01 2.748665829217076251e-01 2.353791128577610581e-01 -4.587299540830257483e-01 -7.247665208310865026e-01
3.266782451739730364e-01 -4.577812969890020511e-01 -4.973892814907600046e-01 3.730001856980676989e-01 -4.866354515582062001e-01 5.011204658778767307e-01
3.451640701514214760e-01 4.521533249466310744e-01 8.923571028612853340e-02 -4.318615188794258097e-01 -4.182687960899822421e-02 -3.009114305446654591e-01
-1.048566623185675367e-01 7.957753736938688593e-01 -2.273066171529060653e-01 -9.524901496717811389e-01 2.830926340997745871e-01 -9.065421271111298585e-02
7.324399500787845407e-02 -6.638364273743061483e-01 -1.320021940343869271e-01 3.476062947678117965e-01 1.160717564107707211e-01 -6.945575720510789308e-01
1.077888868367391229e-01 -1.488373347409567560e-01 -4.838266724196333413e-01 -2.157249115351279334e-01 1.492587563292900599e-01 4.142142747267905656e-01
-6.386440164008954090e-01 2.226851894121747999e-01 -7.507070276480481974e-02 2.240408637593398478e-01 6.424837152562239417e-01 -3.571061530934536710e-01
1.609217934625417346e-01 3.470868570926013419e-01 -6.018015581733086039e-01 4.193533476597648413e-01 -4.391997041061338480e-01 -4.058272788206152004e-02
4.531884410250226480e-01 4.686696145630275812e-02 2.749598315583003938e-01 -2.519319934341959222e-01 2.539035633871331576e-01 -4.032296835250409606e-01
-4.250573108072188688e-01 -1.754492652921725571e-01 -1.737646970267866520e-01 1.788014356987569498e-01 5.493750214994994607e-01 1.578742143590392555e-01
-9.314296438196840999e-02 -1.923297293824861864e-01 -4.972758639544861969e-01 4.336678618291743281e-01 -1.779134313095269149e-01 3.525844326452577393e-01
3.812613628114612241e-01 -6.331312613556640267e-02 4.391483595607655332e-01 -8.809825647450819641e-02 -3.012266542942015346e-01 -4.112037445130939939e-01
1.638775324647539222e-01 -4.158127114010353731e-01 2.557257718402178304e-01 9.103366617406456751e-02 -2.439251176672610211e-01 -7.266939074538387722e-01
-1.273785415889522044e-01 -5.399978763423256556e-01 -2.002721203112133724e-02 -6.039238585267649173e-02 1.264128853949832987e-01 -7.625967721265881627e-01
4.348744501347080460e-01 1.805590653825310254e-01 -3.546866000029785804e-01 -3.489430643765127904e-01 2.139107143358224550e-01 2.654083697053303270e-01
6.682658041245796710e-02 8.965421403453714688e-02 -7.967070693137949799e-01 3.786463277543973827e-01 -4.111500954135960950e-01 1.073549137135210163e-02
-4.293533749222574469e-01 4.094328022386992116e-01 -1.653949005879409295e-01 5.410756314977560599e-01 6.459734203494167382e-01 -1.172692371383317472e-01
3.977295721208425894e-01 -7.386881129643654287e-01 -1.127788034962980690e-01 6.418415917923128156e-01 1.956583387055904621e-01 -3.724055164972499554e-01
3.235306736383434245e-01 2.800533237090839789e-01 3.162742002335572344e-01 -4.882328132565519896e-01 5.157113222742309988e-02 -2.211603813854324807e-01
6.106887063359909273e-01 4.963079004205777078e-01 -1.907755936308229983e-01 -3.272114970479508278e-01 8.403367861847204079e-01 -1.461960663537945626e-01
4.455528088639800766e-01 5.079867966645925659e-01 2.935870493298686212e-01 7.677118628670469569e-01 -4.146174891765170845e-01 8.141995557717279786e-02
-4.259133433563642296e-02 -5.529904345082795603e-01 -1.233345810078138038e-01 1.312461432455129251e-01 2.773805875840296142e-02 6.719860766494811788e-01
6.129489957066775602e-02 9.184548565802246045e-02 -6.662529364271051469e-01 -3.464986551935997361e-01 -2.757113032645306383e-01 1.695738540083678858e-01
-9.179455564934625722e-02 -5.298500303828206359e-01 2.595147509506127714e-01 -4.456964630765539170e-02 -2.547183979628959705e-01 -7.007312554350511036e-01
2.673142033344444446e-01 3.019022143118310075e-01 4.484911854787524410e-01 -2.468212083747142183e-01 -4.248563860435848327e-01 -7.015911322264423156e-03
4.680124628963883704e-01 -1.982250738603786311e-01 1.145237315918806870e-01 4.001434511015367068e-02 3.251259975494606436e-01 -6.223081808722943364e-01
7.059431235270449689e-02 -1.959636059955200127e-01 6.380612849495420624e-01 1.647197710598777287e-01 -5.671482376923183688e-01 -2.857148606697721416e-01
1.302307588955458895e-01 -3.143660902617344544e-01 -5.714306786012051109e-01 -2.490839490030713199e-01 -3.961234751002154497e-01 3.502178891273837191e-01
-2.309074534133084139e-02 4.671702545135487661e-01 -3.892088003432307985e-01 -7.343210889484563797e-01 -1.183307270856388538e-01 -1.843809568923271414e-04
1.411470776032335284e-01 -6.123280549670311323e-01 -1.223739724980914129e-01 3.978242437969063405e-01 1.505495960553860924e-01 4.710352639697147903e-01
1.795998108686236994e-01 6.638113987503420077e-01 -1.300863738958297211e-01 -5.265628460930080745e-01 1.360199264066026537e-01 3.418992865157094441e-01
3.213088521131460262e-02 3.908779739049758617e-01 -5.487811767221756343e-01 -5.055033263709861613e-01 -2.359112274333106662e-01 1.520885122334658668e-02
5.765415289451517600e-01 -1.637987463035118774e-01 2.516908378679406644e-01 2.991954914873070082e-01 1.838015299103152311e-01 -6.439950576794342130e-01
6.538177948526827654e-01 2.388594311947452864e-01 6.664659460605688868e-02 -2.043035086957541990e-01 7.514899326086293962e-01 3.770186423106376694e-02
-1.141711676019869087e-01 2.658153653095193802e-01 3.815049556263176433e-01 4.362027574804133168e-01 -2.445056539862277556e-01 -2.792983432867114924e-01
-4.984804025925455573e-01 3.883738940481731294e-01 -1.124175823281756137e-01 4.125751588247289492e-01 7.321580790680890516e-01 1.151570167395746247e-01
5.427500032388924422e-01 4.913541755006045619e-01 2.263222939575780523e-02 -3.996509670646881673e-01 4.719095436608054528e-01 -3.112873978552987420e-01
2.689556971731074109e-01 2.772380942092082523e-01 3.975607292408038784e-01 -3.372263364610922354e-01 -1.441910393398302404e-01 -2.769322859159231154e-01
8.106209114912052982e-01 -3.320335408809926836e-01 4.427516769052385406e-03 8.555853184406372325e-01 6.669142746510606790e-01 1.345325504492919134e-02
1.286291027196045655e-01 4.861751379236187165e-01 3.618487282493002000e-01 -5.570571895741753821e-01 -1.925426051900353541e-01 9.883440593373382654e-02
-1.464371898018663742e-01 4.003461676466518737e-01 3.032777313521480833e-01 5.567823762610262239e-01 9.868298969246602770e-02 -3.405246987247336765e-01
3.353637786098760953e-01 -3.055545640062719559e-01 -1.797368172175601853e-01 5.908827535213845294e-02 2.175880328128017571e-01 6.264850317130427060e-01
2.024858473361571543e-01 4.543409168859413039e-01 3.665554540644658799e-01 -5.582171863866856043e-01 -1.095335805876089252e-01 4.503337770917920091e-02
1.518014756798414522e-01 -5.686183817376814220e-01 1.781219803104714949e-01 5.965515905238640837e-01 3.006459714244905657e-01 3.939386146734866756e-01
-1.308964203715896613e-01 3.318650564226903188e-01 -5.683038247405661769e-01 -5.471192171801503301e-01 -2.228306432334135612e-01 1.521621801478566516e-01
1.214920245474179067e-02 4.366598924349287536e-01 4.284968750736896648e-01 5.028583808203810346e-01 -3.881122697455775539e-01 1.475068703407595994e-01
4.041186453558092140e-01 -4.244315351521682489e-01 3.192989468463862668e-01 1.526946123070080374e-01 -3.489153708135247500e-01 -6.456276122911753790e-01
-1.203606106000763842e-01 -3.165275589408313439e-01 -2.200554665497381213e-01 1.785454802497575544e-01 1.687117797578844280e-01 6.016488190859787810e-01
-2.008744072377774137e-01 -2.144564161624308019e-01 -3.054079450920353933e-01 3.026413504477273309e-01 2.307322932236503255e-01 4.350506255231931796e-01
2.007238400488099150e-01 -5.296233382783842591e-01 -2.474263272748791209e-01 2.543469474449258083e-01 8.872498178774890221e-03 5.934938808730100268e-01
3.787482491946460583e-01 7.352195249748937067e-02 -4.192033940635280787e-01 -2.015236973275016941e-01 -9.625290775828994339e-02 3.773271859549218177e-01
-3.410089517222339439e-02 -6.288480002408325213e-03 -7.295887809087464593e-01 4.032804928096339614e-01 -3.628984200757541800e-01 9.595762728884760229e-02
5.255708468724916704e-01 2.585404509092733005e-01 1.322987978957917699e-01 -3.129807150475706345e-01 3.994987735733233070e-01 -3.939730228139641799e-01
-2.726574474127265724e-01 2.166968157818049967e-01 -4.208543093091557385e-01 5.565495427695669184e-01 3.173920150651385885e-01 1.289422387648672674e-01
-5.087107439280234150e-02 4.158332309404694227e-01 7.646929175317725980e-01 -3.119537866760472289e-01 -5.350079966090889316e-01 5.981492976033180309e-01
2.000524233108017802e-01 -5.665383728713311307e-01 -8.038600969993331402e-02 1.471847332089451788e-01 9.663868474983150492e-02 6.662070505331705306e-01
1.317004804240354821e-01 4.447623768469369798e-01 3.198109470056383907e-01 6.980549703930790661e-01 -2.498067408915668475e-01 -1.238289208780548600e-01
-4.207843424568219470e-01 3.919232135097974745e-01 1.534818823414141886e-01 5.332578512720859143e-01 6.554530534177497314e-01 1.080912368363101672e-02
-3.428254530042306181e-01 6.289569623333512993e-01 -1.500639167563834302e-02 6.568270346462112830e-01 6.114145112565271267e-01 -3.468293467739789332e-02
6.735936800826547444e-02 9.007663538902555000e-02 6.862046963120904675e-01 -8.636047476779359910e-02 -6.603916056911530719e-01 4.342352898768409020e-02
7.221380123639935256e-02 5.936597897186958184e-01 -1.261484475438891806e-01 -5.738081444690006361e-01 -1.181594486615888950e-01 1.494763291702529140e-01
3.311025456959425933e-02 3.541551848991895124e-01 4.806422677334152849e-01 -2.644272905436496068e-01 -3.798999122087352021e-01 -1.297957091797675155e-01
-4.393093706711526658e-01 6.108173115795734187e-01 -8.733978971959524551e-02 5.326900530566378578e-01 7.564585045606930791e-01 -2.717463058188894776e-01
1.756642189131798204e-01 -5.250806652666590857e-01 -3.134521503688069699e-01 4.354592976298016227e-02 -2.073405827273014923e-01 6.254759606279329809e-01
9.099252838594183990e-01 3.090567948873131354e-01 -7.038802849001726814e-02 9.005988087455230051e-03 7.169560604230450496e-01 -2.185859086407136442e-01
-9.836924642962308063e-02 -2.962097495840375072e-01 -3.885155950344071352e-01 2.196649726917867529e-01 4.218878719758289986e-03 5.107045530735713212e-01
-3.935676783000734424e-01 5.150156226280773186e-01 -3.824886907441810702e-01 -6.037646631991289148e-01 -4.605284915922888134e-01 -3.182165447605023179e-01
1.456263850449900088e-01 8.390179274255578357e-02 5.271571978145070947e-01 -3.901160009145757113e-02 -4.367237041335282899e-01 -3.064241758061392318e-01
5.704879339018197326e-01 1.234615926810208597e-01 -3.552817346476564997e-01 -1.728022687057458873e-01 7.730285742790438119e-01 -1.953367093257112885e-01
5.606199136674453604e-02 -5.929073575616470304e-01 -7.943598016857598976e-02 4.246973138737272779e-04 6.448633950208837451e-02 6.720545510900340913e-01
-4.553776888651421828e-01 5.604252184651243862e-01 -1.701994466779064019e-01 -6.437544705894028274e-01 -2.348598348846869799e-01 4.060260925214577155e-01
5.704505039385463494e-01 -2.543659115576520913e-01 -3.585398338540418672e-01 3.558352869844474409e-01 -2.168795104223510961e-01 6.174392019769888718e-01
-4.787268219997837804e-01 4.320959426977771106e-02 -1.915980897455283882e-01 3.254567172210135473e-01 3.037994168933803030e-01 3.426132725365853560e-01
-1.536039029346835116e-01 -5.493760157999548754e-01 2.925296561957854702e-01 -2.302463737771373586e-02 -2.963911873605813985e-01 -6.660879589073918083e-01
1.755695172781381042e-01 7.190601279538806345e-01 6.731275045805407142e-02 7.721863059709130894e-01 -3.415718234612941107e-02 -2.096567260449337944e-01
-7.432113048188053739e-01 1.304374811689407720e-01 -1.732411521330574911e-01 -5.460780065502901515e-02 8.231895601525243134e-01 -3.875301418578932511e-01
5.336647342645400860e-01 -1.434243237190910292e-01 -2.097736942352160516e-01 -8.708150896364030835e-02 4.517623802270011590e-01 3.005466845112020335e-01
-4.594338063486771984e-01 2.514216691682339983e-03 -1.517617636531293224e-01 3.195090758832312416e-01 3.661657131183925218e-01 3.591252839091098048e-01
-1.301200624731820021e-01 -6.549898985441714450e-01 -1.416855727248683347e-02 -3.192932134436175518e-01 1.831213760767442800e-01 -5.258159068260840341e-01
-2.634956615193086438e-01 -5.906138255686109728e-01 -1.724355434714719415e-01 -3.559122939398612906e-01 3.089686579323773774e-01 -5.992967872383879735e-01
6.565199914762494260e-02 -4.587862594960408491e-01 -3.710400538422036210e-01 1.277359293269606511e-01 -7.376161349022031244e-02 5.497756755964174902e-01
-4.922716741129285478e-01 4.524013289806597116e-01 -1.484342987520638479e-01 4.295512131872569195e-01 8.393456583799160375e-01 -1.257043538487130907e-01
-9.332668550680484412e-03 -4.621977168384377999e-01 -3.846400175672519683e-01 1.254770860247542974e-01 -2.265812272025717611e-01 5.778106044819951714e-01
1.710830161830705076e-01 -4.529713401962658370e-01 -4.204906123896722248e-01 1.669847215602248969e-01 -4.417200564452846701e-01 5.794376913377196070e-01
1.500741697607554104e-01 8.880631939172927147e-01 4.811431329433174878e-03 8.323189361201602798e-01 1.793939171855786219e-01 1.846167009734294984e-01
1.051339347760361365e-01 -4.553011718402436570e-01 1.613447653509455793e-01 -4.368672124537389401e-01 2.488422305184541106e-01 -2.973673723959475712e-01
-1.126780993595093705e-01 3.318108766004837507e-01 6.461501570822814067e-01 -3.754803188953409476e-01 -5.037151897931186895e-01 1.636243175836344932e-01
3.251963956303990239e-02 1.858098526168023290e-01 -8.007861017746489285e-01 -2.034145756170306074e-01 -4.613685388591140524e-01 -7.587564129417723180e-02
6.900881623172914203e-01 -1.000879375414004679e-01 4.121888017681012151e-02 -5.741931791972254562e-02 5.367865600555320471e-01 2.299606119172101226e-01
4.550073798869015973e-01 -4.524505832123190685e-01 -1.345138760512303300e-01 3.071928850043875725e-01 3.416277643380563611e-01 -7.240818984661951951e-01
-4.582206597160375927e-01 -1.611438870956419245e-01 6.561182242283938870e-02 2.176436890970706028e-01 3.521931603693866930e-01 -4.632477597947095571e-01
-5.152025742805493858e-01 4.086969650065577775e-01 -1.197275191613687145e-01 4.218392769390315600e-01 7.552944018936303960e-01 -7.703342347715907978e-02
2.410575493929099748e-03 -5.710521647890501873e-01 3.050987583500498479e-01 6.574686388952696858e-02 -4.191812486970657448e-01 -6.812702088309189330e-01
1.910445011317004893e-01 5.233402137205631632e-01 1.827686385566438809e-01 -6.615659576691974575e-01 3.028798425696127561e-02 9.693786067052206912e-03
3.746026816524033465e-01 4.336390241020902092e-01 1.154489728333181059e-01 -4.715742669113078267e-01 -3.014836612069166089e-02 -1.470121259789582968e-01
-2.201632831918787780e-01 -4.223575163697275703e-01 1.710584962348189741e-02 1.214751193318030498e-01 9.995025604554591547e-02 -7.642249335891480033e-01
-3.778897245729144483e-02 -6.563444762964589785e-01 5.020171560203443711e-02 -1.507497099543834429e-01 -8.504954275692200305e-02 -7.627324580529848408e-01
1.886440047872107728e-01 -4.417295985488529086e-01 -2.906932541917734425e-01 -1.224687406437703907e-01 -8.892482493693582013e-02 5.917678788600122530e-01
-4.211176635497603238e-01 4.464425104561537960e-01 1.143092409357618633e-01 4.929066911788955174e-01 5.515232199383801603e-01 -2.775038821951206769e-01
-6.245239211338957652e-01 1.660486114688186909e-01 1.168010196997586042e-01 1.003343743542486344e-01 8.006094907468470634e-01 -1.513648654383728531e-01
1.505617892804458346e-01 -3.695545809487706806e-02 5.730300343205282365e-01 8.531151671362544042e-02 -5.920207205251847293e-01 -2.562135706431334370e-01
2.192683008900530861e-01 -5.990226916994116912e-01 -4.369625384771454527e-03 2.927036273704452518e-01 2.746272543120265031e-01 4.766116888665510865e-01
-2.855724165666102127e-02 -5.820465666696979234e-02 -5.989499241733242663e-01 1.301546372442642097e-01 -7.066592633062162010e-01 1.455748656248920803e-01
5.927485648427355258e-02 1.713260405337952309e-03 7.415923279599822004e-01 -6.454607086374491987e-02 -6.671583004880016210e-01 8.599003993942089252e-03
-6.083639317147642167e-01 -2.455994918819462691e-01 1.331074627345982531e-01 -1.849054554530354388e-01 4.906121118187786179e-01 -3.947896801431611813e-01
-3.888934803454994760e-01 -1.784060458331453991e-01 4.243843415038449640e-01 -2.282382772400232129e-01 -2.655122397815285473e-01 -5.587750640306617944e-01
1.529771168133165112e-02 -3.406686951891149673e-01 3.247298656163514763e-01 -2.880893937357439233e-02 8.585854719162194781e-02 -5.786687810728079473e-01
4.191708089153300398e-01 -3.974058086563766468e-01 9.731584035265871541e-03 1.101214018734157918e-01 3.444686673290892065e-01 -5.853404501659152936e-01
-2.600139355466477009e-01 2.849961076329896731e-02 3.858153192161287715e-01 1.277830450895861003e-01 -2.289053667381950319e-01 -4.992587903175734754e-01
-2.679918310161375494e-01 4.399427474797032445e-02 -5.356945111894825251e-01 -1.889195989112659735e-01 -1.858388108118527449e-01 4.343180324881775745e-01
3.046432448973553919e-01 -1.242843211133480147e-01 -4.135818491213927861e-01 -8.570944209292546967e-02 1.060983291214676466e-01 4.777927153745044619e-01
-1.042292309927025373e-01 4.578140203934770169e-01 2.050150755508580447e-01 7.760379634856159337e-01 9.808122798082247185e-02 -1.043746210911995209e-01
-4.793599741767991251e-02 -7.789963551100126393e-01 -2.414617156501347728e-01 -5.211030592418075535e-01 -1.965724600565244007e-02 -6.881350291459364943e-01
6.137342646143815195e-01 -4.074507621016852932e-01 -1.968978551752932904e-01 5.670336756702526460e-01 5.806092160839940730e-01 -3.437192926426679840e-01
-1.639304395638564726e-01 -3.734810423503125976e-01 5.065656564861109601e-01 -3.744872313069061986e-01 -3.538941022798516856e-01 -4.708197277045623741e-01
6.743527869219211046e-02 -3.194790511042139292e-01 -6.742482956476035794e-01 1.731664610403560456e-01 -6.761195293647696003e-01 2.539911596360755475e-01
-7.332756447845030223e-01 1.784521226264584037e-01 1.314835711284276232e-01 3.055402467912859965e-02 7.674480887321131206e-01 -1.324254813088572846e-01
5.575494557225408876e-01 -8.538444194454225533e-02 2.316239800211503941e-01 3.959479527353366723e-01 1.021802775434789423e-02 -7.505904171548172243e-01
-3.836813871490772354e-01 -2.090266057501434516e-01 1.139114381778883467e-01 1.278859960985874733e-01 3.604100888266953406e-01 -5.295484776416916617e-01
1.161232655164827904e-01 1.253164915967342474e-01 5.261044603357221128e-01 -1.078044513343194705e-01 -4.218460488870678371e-01 -2.804124532608239795e-01
5.181238395309921696e-01 4.246910523909297464e-01 -2.089158712059979717e-01 -4.441520615986710441e-01 4.981329753356238399e-01 5.306003237919865168e-02
6.338970083460235827e-01 -1.720235547214425675e-01 1.718348307325496815e-01 8.620609177389970679e-02 6.589274645815947906e-01 2.695848354570009597e-01
5.478825951173040831e-01 2.561401737761497821e-01 2.839703867102092993e-01 -3.936419963667485700e-01 5.811628557349018953e-01 1.951351468381428145e-01
-5.323168416583325957e-01 -3.117047160703735331e-01 -1.480285439924844682e-01 -2.603438604294229242e-01 6.191966553607182178e-01 -3.918590879142248573e-01
2.609518118743673898e-01 1.488047838385954669e-01 5.295788158395162704e-01 -4.390077594859696508e-01 -3.646091914262726275e-01 3.312872926103777038e-02
-1.711741129221832081e-01 -1.996547083277760981e-01 -4.590680639382865857e-01 2.926721336463707912e-01 -6.044168131737037708e-02 4.158412985986931210e-01
3.075336098791038933e-02 -7.111415816488839692e-01 9.221967410193106229e-03 -4.970391913145055796e-01 -1.928768588642271187e-02 -4.834982459486735773e-01
-6.563573604162506459e-02 1.804331495530719365e-01 -5.960425252553285258e-01 7.707778144242086737e-01 -8.140691130535254727e-03 -8.140451732453890532e-02
5.012465960018983591e-01 -5.606762866520550352e-04 1.753062456115120349e-01 -3.034932052496375210e-02 2.068847643858165442e-01 -6.458954170001578454e-01
5.695410757800164342e-02 5.141719628418996157e-02 -6.639718871851856274e-01 3.603071309216210882e-01 -2.391894850180787402e-01 2.435107297341507770e-01
5.096434365305981679e-02 3.167525287379098775e-01 4.147087201472504647e-01 3.785609772099081671e-01 -3.344346890886913948e-01 -2.698609644148622921e-01
2.444270425528044521e-01 6.573284923517171974e-01 2.227812698304015293e-01 7.126106416305832969e-01 -2.231624810308485696e-01 2.972108563293159311e-01
1.367646603025164387e-01 -7.058184105632612226e-01 2.814643293241898131e-02 4.654866035101445365e-01 9.579816544588204419e-02 5.274987625767078026e-01
9.236459607454009513e-01 3.738256812554585640e-01 -1.706096445117091243e-01 -2.467713223101020148e-02 6.827003304197493128e-01 -2.432716182757722334e-01
-3.823255662205746752e-01 2.322444335070643628e-01 -3.401643474034045100e-01 4.870348730532466641e-01 3.988220719284911175e-01 1.250929115443402684e-01
2.115077148032426801e-01 -5.218871365289945441e-01 -1.852146170991726959e-01 8.506446616441420971e-02 -8.305245202185090880e-02 7.044123971866880218e-01
4.185226837348303142e-01 3.956861399841231641e-01 1.878898018052129748e-01 -4.657719875837927348e-01 2.002463277117471907e-01 -2.361694087496656880e-01
1.585205340563478338e-01 2.382512882488586892e-02 5.504615416016924723e-01 1.994593055076054888e-02 -4.793686613522192275e-01 -3.025291317297741367e-01
-6.548480552045772562e-02 -2.583407965861213018e-01 3.863855545950382053e-01 1.868264938431517530e-01 -9.962697700284359192e-02 -5.681556606946599475e-01
3.854620107991639510e-02 6.208462945286639112e-01 -4.305997979368944573e-02 5.362228885896402897e-01 -2.090424472864591543e-01 2.091355612411602560e-01
7.199493527468644460e-01 1.286269810901180810e-01 -3.231630488167215876e-01 -4.585484644157888923e-02 7.680462025479229959e-01 -3.916246273527269617e-01
9.383257969149713662e-02 -2.841730987976051059e-01 -8.167210113856765430e-01 2.880763691542564953e-01 -5.905998651666436450e-01 1.151437787570575022e-01
