2.350405312281073078e-01
2.800701963143561457e-01
3.583014700713857414e-01
3.584034312601390493e+00
1.232415284771378960e+00
-2.398493324046081787e-01
-1.681130080874818772e-02
4.518945993856090526e-01
2.016602473908613469e+00
5.102432266022392859e+00
3.876171060065287111e-01
3.331100353585116358e-01
-1.816666409329031895e-01
1.179339269839504656e+00
3.210919909322683452e+00
3.383527846946168816e-01
8.474327892585672983e-02
-3.161338533007853613e-01
4.522664645820747564e-01
3.323812190459813021e+00
-6.983887058846853513e-02
3.049446157225694370e-02
5.402203670696538174e-01
2.585075011296120717e+00
2.704281919699413894e-01
-4.361282196468233563e-01
5.242898630496362067e-02
4.281893166677385731e-01
1.839637842168597270e+00
1.804363606403626141e-01
-1.893559518050196358e-02
5.465969355241612204e-01
-1.491203887134921399e-02
1.249913902325023640e+00
4.391005750546335129e+00
2.044042563578056804e-01
5.516820469562457863e-01
4.827619210447351566e-02
1.941311246650696098e+00
3.926797983623575572e+00
-5.725872326942137158e-02
1.531156290165204270e-01
5.932035644837058141e-01
2.493830249496734375e+00
5.612569784052678479e+00
-3.947627379111676715e-01
2.349803343435054037e-01
-1.212329869692440054e-01
1.356225060875910549e+00
5.350794805850340730e+00
5.453297584149584543e-01
1.643644644204262650e-01
2.277755731248559401e-01
3.473744425754963228e+00
4.292670319841462301e-01
-5.938153212240999679e-01
2.134397482012231062e-01
-1.040443988300521032e-02
1.337272321255136509e+00
5.391119878138337818e+00
-1.953179483713206044e-01
-5.510452632670738149e-01
2.102682555670699061e-01
1.583354626887209404e+00
1.901527579443568206e+00
4.304487123778851787e-01
3.781487049722509486e-01
7.172089306033734013e-02
1.147106415592012763e+00
3.378304352449881254e+00
-2.889581213161991347e-01
-4.487536161360062281e-01
1.760978139672593201e-01
1.867314472909263445e+00
1.497915705007364373e+00
-4.482328067918840975e-01
-1.074411607837129634e-01
-2.926073185731660753e-01
1.234713111607969482e+00
5.982746964634311659e+00
6.098401669174029899e-02
-4.326887276030088048e-01
2.052450786359147350e-01
2.010191456457471215e+00
1.981183492368495225e+00
-9.253226818986348690e-02
1.630926355949319229e-01
-5.159285467856546958e-01
5.828250546255306919e-01
5.457786472980865611e+00
-4.862775240726325832e-01
2.495616285501942866e-01
1.882309329291937394e-01
1.706232693928421584e+00
6.467252127048160659e+00
-1.213805222494217101e-01
-2.508154571938416844e-01
-2.854850543861935930e-01
7.554358561076705003e-01
1.086347744375221636e+00
1.204377400600833287e-01
-5.399612129871783628e-02
6.341142938994758227e-01
3.435001791351755429e+00
2.109284540152054799e+00
5.328537801142373409e-01
4.304124592810034122e-01
1.260501735832303578e-02
1.132425159039240681e+00
3.017197499914471059e+00
2.193932753895310728e-01
4.490611979257137093e-02
-5.065980040981098442e-01
-3.472574368301495906e-01
4.717224093918856553e+00
-3.529638524946188127e-01
-1.823486304656239121e-01
-3.036097455701127212e-01
1.067218928866336514e+00
1.075900102786990553e+00
1.310422986396575784e-01
1.216057103066669892e-01
-4.438475120637692117e-01
-3.183187053871681660e-01
1.601059786521161543e+00
6.545386988306171050e-01
1.200633570974950493e-01
1.530389375057970014e-01
2.520511101936718568e+00
3.138275131336182078e+00
5.136581478430880532e-01
-2.102606992989440315e-01
-7.644213840901088741e-02
9.461611117013933869e-01
2.619863111884348950e+00
2.835115206238454366e-01
5.302761749230646693e-01
2.408051532842041612e-02
1.272962494198015770e+00
3.683805134085860633e+00
-3.435130985759559663e-01
-4.430440881410309117e-01
-3.611889742657043434e-01
1.617043114879055610e+00
4.096759455939861239e-01
-3.869229006238044666e-01
-3.291583616843858917e-01
-1.217133423123167302e-01
1.380022255771343964e+00
1.195767200373491157e+00
-2.844655626650215152e-02
-3.604971872830056712e-01
-3.139498761143073025e-01
7.265344606955236317e-01
1.454876373400344924e+00
2.757833257769084501e-01
3.186213385607905568e-01
4.612299596886974551e-01
3.012464639850391368e+00
4.553912629335877149e+00
-5.545079618605852634e-01
-1.346014747547380486e-01
-6.240691973161662659e-02
1.557125889467404267e+00
5.897256947510983949e+00
6.232482696402388139e-02
4.822316603561725423e-01
-1.072837093190913693e-01
1.198936912781761732e+00
4.158914080761113574e+00
-2.752438148293853692e-01
-4.652835713363983050e-01
-8.908492194618511384e-02
1.362599917789723225e+00
1.621273000406997511e+00
4.266207994572398521e-01
-2.869579536371483219e-01
7.045830627028480675e-02
1.067816754247485456e+00
2.800142915944215272e+00
5.441674714586881151e-02
6.211573776683415593e-01
-9.199187908511976750e-03
1.513955109055362902e+00
3.872835912978167983e+00
1.870333749843780535e-01
2.335378894439868180e-01
-3.772284153990892452e-01
5.299403806894824598e-01
4.477143587028646898e+00
-4.998887853195096431e-01
8.501761347529014634e-02
-2.501394791097348302e-01
1.412149755601349588e+00
4.935762810369753728e-01
3.022238421175952316e-01
3.832708044291301408e-01
1.447071183270828287e-01
2.169680696188942104e+00
3.749275377166393142e+00
-2.706414634491777563e-02
4.333930360452091235e-01
3.381100608596581680e-01
2.314319004949616509e+00
4.494691111719117949e+00
1.214771300197763776e-01
-4.620088356910970750e-01
2.945945827795610761e-01
2.226871916408952767e+00
2.020080355776018521e+00
-5.403906080828464464e-01
2.096546389477760564e-01
-3.276381883986034804e-02
1.496894654916352874e+00
4.895520904862970646e+00
-3.946382293720102075e-01
-9.017115232843776751e-02
-3.881500387076119440e-01
1.134078370735484897e+00
6.293436100715437131e-01
1.681494555805656821e-01
4.483847382153545169e-01
-1.154420101758728417e-01
1.079896702079844895e+00
4.015497942410259036e+00
-3.517261294678642458e-01
-4.480609840582673864e-01
1.563982278442898333e-01
1.643084512181261170e+00
1.599909891600140854e+00
7.762337638003283247e-02
2.795395660776641700e-01
3.824708738864509572e-01
2.421743686576662391e+00
4.449500029086878250e+00
-5.614796938486966704e-01
3.132835988638638103e-01
-1.113730552596276305e-02
1.829948102092269435e+00
5.318310651910972631e+00
-1.465376182292808249e-01
1.984551227991843969e-01
-4.281143292220671026e-01
7.145643818314513229e-01
5.549823613398572775e+00
4.071879016538881846e-01
2.058942907882780893e-01
-2.597062241172814478e-01
3.720257580853987278e-01
3.948393815547664776e+00
-1.393543235148402282e-01
-3.170398843649047116e-01
4.034114475188443905e-01
2.421659173448742930e+00
1.396614006636594185e+00
5.466193903407480237e-01
-1.474237777932980720e-01
2.579629896679210832e-01
1.230588403274416320e+00
2.739243331067215959e+00
-5.179626634795447132e-02
-3.381291578095243361e-02
-5.291375069956070210e-01
6.000256118768608760e-01
6.314601000040483747e+00
3.038439003657381066e-01
2.765118641489501816e-01
2.391800856174091938e-01
2.412545671551168613e+00
3.903228570202724956e+00
2.221266502338348214e-01
5.314848318961723495e-01
-7.839928400206630510e-02
1.181107022276178808e+00
3.867470702614037137e+00
5.015093019220939752e-02
1.380747863213357789e-02
6.314050660739715104e-01
2.600315392785922608e+00
1.134676739512272409e-01
-1.592057229597911294e-01
-3.134892243788171551e-01
-3.037966000904081532e-01
9.511430676370674631e-01
1.231615379044701530e+00
5.301822018669197778e-01
1.123423907801484739e-01
4.570147052653402153e-01
3.124777420271998007e+00
3.827294193646287201e+00
-3.173346554084201521e-01
-3.404743757891208200e-01
-1.411531792266939311e-01
1.233152446751542008e+00
1.297232735164244311e+00
5.046413465698403877e-01
9.758110898125375854e-02
-4.550775509589249923e-01
1.892254293823903907e-02
2.856341069808751021e-01
-4.576492974948958015e-01
5.442792640781181079e-01
8.349952666558141390e-02
1.570842073001502026e+00
4.351635473705637303e+00
3.505710818548037899e-01
5.898191544525570595e-01
6.564563450396092292e-02
1.178087111238848239e+00
3.654287769195931457e+00
-4.988326217827669939e-01
-2.498574507852049098e-01
-7.301044725663193014e-02
1.680246008229266286e+00
9.415610925647044382e-01
6.273851471933984680e-02
5.734123243743698417e-01
1.082759989984165422e-01
1.947140736528012894e+00
4.267684684937591122e+00
-4.143916596519841011e-01
4.441409817092439316e-01
7.912082954357461950e-02
1.482490374927677212e+00
4.765693040260128299e+00
-4.233793297267268163e-01
3.271554623630070213e-01
1.283889224904262716e-01
1.805830853242462952e+00
5.040977158483992859e+00
4.848794558968811952e-01
2.505581778698942053e-01
-7.724608456257764377e-02
2.173411938515408703e+00
3.298012600249177417e+00
-8.580330972735590589e-02
-5.233687555852263307e-01
1.513478057306942293e-01
1.911492206483469625e+00
1.974803660956720108e+00
-1.767872403013976412e-01
2.836674314403636044e-01
-3.255045194514517015e-01
8.152903707475464001e-01
4.992790932200789733e+00
-2.505897151669863598e-01
-1.822785542677571868e-01
-3.626460147797222477e-01
8.870322775838442864e-01
8.841666569175349322e-01
5.631629553148607137e-01
5.901212000349616293e-02
2.746865034590719734e-01
2.720171061682931768e+00
3.290665120047876702e+00
1.356745606697921103e-01
6.231821488265038012e-01
-1.496102043812200764e-02
1.346800577374964503e+00
3.858940354757845359e+00
1.668172681705069188e-02
2.559995899406850017e-01
-3.861927610033616398e-01
4.989148274341982381e-01
4.895394595999651877e+00
-4.763467532336139731e-01
4.400361206790127933e-02
-1.487899901636074440e-01
1.348558809074060338e+00
5.624047895248215134e+00
-1.487477322218687947e-01
4.397875118947970896e-01
2.756700769586407085e-01
1.699461922463460839e+00
4.647689933970195142e+00
3.305577587786354132e-02
2.726641875765634659e-01
-3.554310269655166499e-01
6.004871432292316902e-01
4.520758756992259819e+00
-2.650119167058655467e-01
5.117916764306668087e-01
-9.561836183608338202e-02
1.827034577976142771e+00
4.598243548118721158e+00
2.822116846137172688e-02
-5.844272996083360594e-01
-1.654866069283223995e-01
1.031291183439654979e+00
2.156458219303456048e+00
1.210546550710481090e-01
-6.086156033900353979e-01
-3.561194567138422501e-02
1.375143232694735929e+00
2.396766393633017689e+00
-1.850052760071332555e-02
5.636955918511263874e-01
1.476440935051767829e-02
1.698180883170239408e+00
4.272166734761301932e+00
-3.785430519578341091e-01
1.483101228723582299e-01
4.924889134026959603e-01
2.127469484326520721e+00
2.236660492831148428e-01
2.803206294194092174e-01
-3.491556729309014950e-01
2.369638182346184840e-01
2.308696377157311908e+00
2.372454547389460267e+00
3.343571712116842343e-01
1.989613808957673424e-01
-1.972336329975471758e-01
5.137346836530091165e-01
3.554145249593586797e+00
5.375591200619322940e-01
2.332379435887138586e-01
-1.115713809817127505e-01
8.434997721284339667e-01
3.038446633199573643e+00
1.024087357064020626e-01
3.841283194792688982e-01
-1.751494093345127290e-01
8.936605866560380917e-01
4.243123186161029459e+00
-8.094475784595588086e-02
-2.749016172808440572e-01
4.418180145251997537e-01
2.541111985933723005e+00
1.379149646487081826e+00
1.209752211586878207e-01
4.000616716065110712e-01
-2.070985715184039677e-01
9.007324686476334552e-01
4.219486412829591693e+00
3.373194467460793322e-01
-2.248914421395316332e-01
5.937639270058021612e-01
3.414494292801487862e+00
1.870587640364756998e+00
-3.347257134238299514e-01
-2.252053524704689669e-01
-2.404188126556425220e-01
1.211526721680876939e+00
1.119962208458646247e+00
-4.778908171454852027e-01
2.221610450829409056e-01
-1.959147983655545877e-02
1.571584138786417562e+00
5.354061631995512549e+00
-1.263555926563288967e-01
2.520439762922977445e-01
4.472773429106639553e-01
2.171548325649014455e+00
5.139302538930389908e+00
-4.695649969708709515e-01
-1.348578096526810155e-01
-4.265968568656914872e-01
1.468478122431722932e+00
6.180669691849444369e+00
1.853557177601388439e-01
-3.596157679474188407e-01
-2.844105525136198520e-01
5.825479771523289774e-01
2.169467223345503459e+00
-4.563250815433397833e-02
-4.332001031069673269e-01
-2.250367050482220410e-01
1.124907955965841477e+00
2.010697794406338001e+00
2.381169375479105788e-01
-9.852937632253035150e-02
6.736848030834972079e-01
2.832054735632318021e+00
5.364673957326151488e+00
-1.521320586386548657e-01
-2.098277800607613146e-03
-5.239220712471909236e-01
8.451438635646825182e-01
-4.868460635599879127e-02
8.189332958647216332e-02
-4.785298120799080790e-01
1.595835805803553775e-01
1.900571773143165499e+00
2.076469219940319189e+00
5.213731447020908405e-01
-3.752433972488739000e-01
-1.666551388169478787e-01
1.669877039274609176e+00
3.176223218322271613e+00
4.489047481278575225e-01
-5.791442537343396979e-02
-1.949807581217248564e-01
5.821816360502858334e-01
3.121264550473082267e+00
-3.879817722001976943e-01
4.340716035316435906e-01
6.264718411560267486e-02
1.461612736757115227e+00
4.878136273780331322e+00
3.982835004799281653e-01
-2.334191779188026228e-01
2.659244364592735013e-02
2.125112673348021453e+00
2.747106118638130923e+00
-3.886086299477223283e-02
-1.769326692585408145e-01
-5.768850284342242896e-01
9.718708888516024436e-01
2.947345805347929004e-01
1.548323534274756996e-01
2.428703800716541187e-03
-5.386596143794052383e-01
3.345850259380377945e-01
5.886683414722549301e+00
-9.081952671986447123e-02
2.401095972894048691e-01
-3.988424766143860434e-01
5.534974255263110932e-01
4.847166601253541707e+00
7.992335032798822403e-02
3.687570175451592713e-01
-3.659860774848786580e-01
2.688799037170603312e-01
5.022260912896367557e+00
-2.090764195309459950e-01
-2.790827916972787315e-01
3.629586760987612015e-01
2.230873272212559932e+00
1.206678175327666747e+00
-4.498384501646039008e-02
3.238404877556640832e-02
-5.297673564041027738e-01
6.611199807532923689e-01
6.184888671599607868e+00
6.522209933320974318e-02
-5.768789782901726504e-01
1.250450904124774942e-01
1.690925543710108725e+00
2.453802654393006932e+00
2.383940893185489407e-01
-2.516235172427035427e-01
-2.605351230483111125e-01
6.482856532570139274e-01
2.522591593601169802e+00
-5.177062048186124033e-01
-2.521264268966171285e-01
1.489531502880916958e-01
1.590377992559254716e+00
1.389958615897481931e+00
-4.083929250381094778e-01
-9.376576806067146372e-03
-2.705256579804701245e-01
1.228829208052916400e+00
7.925781295374334512e-01
-5.338377564914338347e-01
-1.197120185537583759e-01
-1.949999087193257097e-01
1.485286615464454618e+00
5.836201708239749486e+00
3.967747128361311937e-01
1.393991056722652666e-01
-1.051599997964985239e-01
7.741601677939452530e-01
3.498154781435994565e+00
-2.866401196602804125e-01
-1.492303058603502985e-02
4.565559500290453654e-01
2.358078049037986901e+00
7.362163475135855562e-01
-5.056649134879644958e-01
-5.564230094986756525e-02
1.878073281533683692e-01
1.709331003718872921e+00
5.770419590231364859e-01
2.067281210099702893e-01
-5.948696608737284730e-02
-5.187435423204969087e-01
3.358691433458497744e-01
8.595344252583536626e-01
1.665744443436907307e-01
3.443325563271776857e-01
-2.960611091275383577e-01
8.016297194221756461e-01
4.178757838355643628e+00
2.790237843563485032e-01
-4.035314945006207576e-02
7.055505995808832864e-01
2.583109011602113814e+00
6.206479635002366990e+00
2.776733278760264156e-02
3.316782733036351405e-01
5.122731417896201345e-01
2.021709854362163661e+00
6.089986341624705091e+00
-1.242724116627959841e-01
-6.528580596548605453e-01
7.225089438953130605e-02
1.524996460246974550e+00
2.128540304618840029e+00
4.488633810432093862e-01
1.082858519200721459e-01
2.225572035653880787e-01
2.479808800694302651e+00
3.503289713744680789e+00
3.688521374821952525e-01
3.424982955147632957e-01
-7.779070935685120092e-02
1.048268772319780107e+00
3.568924594517478788e+00
-2.951873849379672149e-02
-2.206624687524647022e-01
5.634438958599388148e-01
2.521337840661052265e+00
8.400796092261055836e-01
-9.238565220235056552e-02
1.150298355267463241e-01
5.419367664377366944e-01
2.507982017330511404e+00
5.759974971858795811e+00
1.809658024997787551e-01
-5.145800929492724274e-01
8.189862079230232628e-02
1.851696439318122778e+00
2.221006309007274027e+00
1.097779484002674860e-01
4.089145097205045681e-02
6.972477634335489949e-01
2.716323925624187119e+00
5.258711374806375183e+00
-7.278816362721962641e-02
3.827114395356068233e-01
-2.661186516694309390e-01
8.525024846911879450e-01
4.700152373058741340e+00
6.269305690904880546e-02
6.933618639127190342e-01
6.887086033662707940e-02
1.450465477685953353e+00
3.964708780434853086e+00
2.086102801704059762e-01
3.391582337571391603e-01
-2.496551098358930909e-01
7.893008669053941384e-01
3.995727832970609850e+00
-3.650957974906236525e-01
-2.140649282440288959e-01
-4.422868335958747843e-01
1.137867315474376362e+00
6.066188188749319643e+00
-5.667768041752775376e-01
2.458193292621942694e-01
-1.104432770915718745e-02
1.689208624462900321e+00
5.277469638866825186e+00
2.256531586248835750e-02
8.776329942975238385e-01
-3.202336656803884355e-03
1.842698647882738738e+00
4.118137881557522029e+00
-1.362565146191479885e-02
-5.042609839446507980e-01
1.417410292919550063e-01
1.797868046898518646e+00
2.031824036075864370e+00
-1.974695937004136981e-01
2.596375719510829461e-01
3.899107208352364795e-01
1.967222734352966462e+00
5.698952181257923577e+00
3.353595208206006095e-01
-1.382573662351266885e-01
-3.440257786438261078e-01
-3.792761903031525161e-01
5.459515273805720881e+00
-1.907083661318949575e-01
-2.939610423933007310e-01
-3.182020430232100350e-01
9.670617233833053161e-01
1.456184736200198060e+00
2.846691404537949888e-01
-2.802530527618483647e-01
3.434779751154883320e-01
2.612354368045631148e+00
2.157951628160285740e+00
-5.978320066075492045e-01
-1.123395119191560043e-01
-1.949417024811413712e-01
1.657635087010024044e+00
-3.486991774866743388e-01
-1.235094018158729573e-01
-2.246988513667982079e-01
3.652737717877183043e-01
2.439308712666663492e+00
1.152850256141139784e+00
-1.934671545808608062e-01
5.174529232184683220e-02
5.955721146915945452e-01
2.232932220848223626e+00
-1.423183879520362460e-01
-2.851266831823800474e-01
3.726268038064341481e-01
-1.862161704697533060e-01
1.038654074669454364e+00
4.887542164019931690e+00
-5.822937152128633276e-01
-1.686472566255490524e-01
-4.751728976198369737e-03
1.540014791575257558e+00
9.427724140699523803e-01
-4.040958234337181480e-03
-4.074826111767577697e-01
2.385940568230255077e-01
2.094446113092917727e+00
1.916581828761915851e+00
8.233637731393794734e-02
-3.792961545652013822e-01
3.639826920789424602e-01
2.376142407563667902e+00
1.951052508787732620e+00
3.053770861469316533e-01
4.280327263256378245e-01
-1.033676336581763333e-01
1.520463606469041551e+00
3.399321943171956573e+00
-1.001834793421230441e-01
-3.146515082821506326e-02
8.098097146335303531e-01
2.341401906096292951e+00
-2.971936226773475576e-01
-4.761689421705847525e-01
-2.887078973829622086e-01
3.487993322549961528e-01
1.680252874512864647e+00
-1.634691570809513883e-01
3.368105009564335006e-01
3.557182721297658667e-01
-1.027879945820486113e-01
9.561044007325494309e-01
3.745824794562644389e+00
4.668639798805044872e-01
2.274486351033990217e-01
-2.948602102405024905e-02
1.043936746745444344e+00
3.197513358523303761e+00
-2.132657899793879985e-01
4.113255926800450379e-01
-1.519177855011034362e-01
1.116777093306704494e+00
4.925731038983149013e+00
-1.007282675341602540e-01
3.730693883381307474e-01
3.363888243472956119e-01
2.126087022626971024e+00
4.647056862073691619e+00
4.091601320219941940e-01
8.450257331545363293e-02
-3.202882754124062870e-01
-2.348901881787688328e-01
4.468805054156653189e-01
-4.359045991790155283e-01
-1.209277814228020692e-01
2.449935236797402272e-01
1.803560303351956273e+00
1.056544300944541659e+00
1.062668550179484556e-01
2.691289735676679618e-01
-3.537657474544543268e-01
5.093156848042060814e-01
4.664259609999406031e+00
4.832997209487425172e-01
1.373627643073920546e-01
-5.863831217990118222e-02
2.136493277403102020e+00
3.251729919219504161e+00
1.983876132473625653e-01
-4.513301125369918454e-01
1.717412408419810577e-01
2.113803532068921243e+00
2.213685193772481519e+00
-1.480413076683271267e-01
-4.646217888853561573e-01
-1.024710826819351939e-01
1.125985022931035084e+00
1.545514366004741014e+00
9.278189158344724019e-02
5.187271808835426656e-02
-5.108445659357986335e-01
4.001028758694130105e-01
6.202468934550764423e+00
-2.694694041582635924e-01
-7.389304689582426589e-02
4.679523188314481108e-01
2.387078307087584950e+00
5.707326759548462247e-01
-3.512793879615765946e-01
3.165988050819898980e-01
2.907680463977704299e-01
1.740768530522748936e+00
4.835960834550740550e+00
-1.923811908798234993e-01
1.414264357455216892e-01
-3.670923969147443233e-01
8.564713143781398363e-01
5.735821287855267236e+00
-4.604191197285090187e-01
3.986974851037985990e-02
-1.955763743540563648e-01
1.343591755292897094e+00
5.719919735699703800e+00
2.691697782877772172e-01
-1.817130875303817755e-02
5.434655435958545278e-01
3.409109690430044193e+00
1.378895738013112604e+00
1.257093043419857115e-01
3.910332284971288486e-01
-4.052769303977401538e-01
1.695791529429561961e-01
5.246609601919343113e+00
2.428634260512097798e-01
-2.807001222750424296e-01
-3.263185589420991017e-01
2.461373893531861867e-01
2.122919085909064307e+00
2.062633788403654966e-01
-2.919316219241923083e-01
3.837465352756537218e-01
2.643663856208067653e+00
2.003671010094804306e+00
2.063573837704786862e-01
3.227284995927806599e-01
-2.548593964983023041e-01
7.467820804096793053e-01
4.019980616886365432e+00
2.376591981439024059e-01
-4.505821826584986423e-01
-8.190008454072714161e-02
5.469750001445020660e-01
2.189906959670255837e+00
-3.918867737692894870e-01
1.463489388617705278e-01
-1.785596017258861967e-01
1.352979893412415535e+00
5.513750261112372542e+00
4.971501627623114983e-01
1.588527586187257201e-01
-4.711376510614868895e-02
2.240090923095303665e+00
3.387604937466969446e+00
-3.287854815085537452e-01
8.837752914308473484e-02
5.112265289439271720e-01
1.962975504257177706e+00
6.282190683392016695e+00
1.001501528310025785e-01
-5.551610123744649128e-01
-2.524316827276806927e-03
1.653615722044279535e+00
2.285171473645210227e+00
-1.278529654621715916e-01
-4.609822251181998065e-01
-2.613917394573591069e-01
8.053798232926991929e-01
1.863415950211910532e+00
3.357511031317305661e-01
3.238825302837228248e-01
1.655671153462342504e-01
2.655995734840920441e+00
4.062500311945440146e+00
-3.007881564656273432e-01
-1.064213605690863124e-01
3.718243912175834276e-01
2.120782769849099747e+00
8.022883015637811699e-01
-1.575623326793515466e-02
-5.882847913380971627e-02
6.386479209071381780e-01
2.520583463635239330e+00
6.278993198273344234e+00
2.732248506809644151e-01
5.753175973517974384e-01
-7.964860362935702320e-02
9.647130339882608041e-01
3.796370593901175372e+00
-4.222986541500636237e-01
1.020186702999728301e-01
3.860687647439096648e-01
1.963788735012352182e+00
4.459709054242911863e-01
-1.080008589975723354e-01
-1.808638726634013427e-01
-3.781113092739543102e-01
5.617432082934668003e-01
1.084620674299606735e+00
-1.508161486956627051e-01
3.611176361111870792e-01
2.975136720880140473e-01
1.989347675361040402e+00
4.766070949801967771e+00
1.499620617653788512e-01
-4.149803584898504871e-01
1.874147605342044998e-01
2.151318084458988089e+00
2.135849826843443822e+00
-5.225844265124213184e-01
8.890557357872799771e-02
-8.353594265225296189e-02
1.501600161369423203e+00
5.522614659691666539e+00
4.229610498086729814e-02
-5.813486752747708264e-02
-6.306036106975769773e-01
6.772912847405645476e-01
3.762260718845436558e-02
3.519885541965284692e-01
-2.723420579492708549e-01
-6.891516503314221165e-02
8.121225143218809839e-01
2.745622523407016846e+00
2.277081860054372131e-01
-3.504034091021190900e-02
-6.184186045760116102e-01
3.868510685612265299e-01
5.980789310062124997e+00
-3.319572685685960312e-01
-4.541086358912062582e-01
-1.104866293210085733e-02
1.503278851564640917e+00
1.479138787632626517e+00
-2.700756102599876085e-01
-2.912920258613421742e-01
3.868837415250975242e-01
2.085997491670118720e+00
1.052895837716204097e+00
-5.558428247026795388e-01
1.231343447751447051e-02
-8.255666154294408199e-02
1.345023578953288279e+00
5.575605138989132570e+00
-2.770490086392710660e-01
-3.718723829203881420e-02
-5.709607694798383148e-01
9.957279143808422939e-01
5.669905826828369300e+00
3.519238794378373725e-01
-2.618477476022728068e-01
-3.703411391315136747e-01
2.192359817698370794e-01
1.842589286274183724e+00
1.608705260315863306e-01
-1.990367630960265810e-01
4.071412302041690912e-01
2.673411524760619162e+00
2.292600545537401668e+00
6.100244939374676045e-01
-8.795569386875000395e-02
-8.324761716377253318e-02
2.166446610848900445e+00
3.188943366686287639e+00
4.760763114397770779e-01
-1.427751942737952029e-01
3.053119453055423427e-01
1.627372929187890227e+00
3.364180315686146727e+00
-4.408714342292568977e-01
-4.091531867101829700e-01
-1.449080597310545560e-01
1.598862637821436783e+00
6.353056089562850062e+00
4.794005649216717679e-01
-1.781910792391813159e-01
9.563301206967488033e-02
2.026046101311284264e+00
3.047239363688074576e+00
1.359200023751890307e-01
-4.302265040682233810e-01
2.493647195009702222e-01
2.212118779888742282e+00
2.078181270019888949e+00
2.148733676416339222e-01
2.608105065914670950e-01
-2.650923682873049247e-01
9.534074131835920674e-02
4.345330528868021069e+00
-8.530473792675368205e-01
-9.870236865908960100e-02
2.249551515999805018e-02
1.923909317369526528e+00
5.815028268792575616e+00
1.271091664313545588e-01
1.798618144881553582e-01
-4.111315562039586924e-01
3.314922624773497528e-01
4.603461891172337950e+00
-1.314886561045165436e-01
-6.676862994487257064e-01
1.135763421053149480e-01
1.451991744137283824e+00
1.822463530792804320e+00
1.104535638803194608e-01
-5.942535552247731889e-01
9.172329544695280099e-03
1.510858262198940594e+00
2.456712052719774331e+00
2.774796020707974709e-01
3.541763026303379469e-01
-2.231491703539016103e-01
8.646080842846989301e-01
3.895593747759024783e+00
-4.602014721073238168e-01
2.051480705608281496e-02
3.940918998647277016e-01
1.909350176390791631e+00
4.983769440201464840e-01
3.180100121245014733e-01
-5.055579968169973126e-01
-4.448063661346920300e-02
-3.503101651221514623e-01
5.450131342337470208e+00
-1.320274292628325630e-01
1.700602254893985310e-01
4.898718119587588959e-01
2.381824834703449412e+00
5.162524850840886081e+00
-1.430647226056993571e-01
2.872149809999022807e-01
4.277155318349569191e-01
2.221079671525834076e+00
4.732763739161232053e+00
1.703560753383224213e-01
1.724364548249756809e-02
-6.031173028937416580e-01
4.216734116191090398e-01
3.303106783837195803e-01
5.829387963035308484e-01
-3.507731356966138983e-03
-2.690310503772274653e-01
9.319957986833384000e-02
3.320890251293501905e+00
-4.042773112925923673e-01
-7.928797520534132393e-02
-2.402607199644608282e-01
1.297369271818526348e+00
9.756732890148889226e-01
-2.929654746303471113e-01
3.059121850084214334e-01
-1.911713978688398818e-01
1.155642720581806948e+00
5.167199517642706574e+00
4.225039059765393068e-01
-3.415087456667331156e-01
-1.171014343560017185e-01
1.969943210940301670e+00
2.845055471754304843e+00
-2.367743590440444523e-01
-4.709730661978067667e-01
-1.102773939580063006e-01
1.188131635225310845e+00
1.670031463169890928e+00
-3.924832780367139284e-02
-3.918180614162417030e-02
-7.048795721731264674e-01
6.427974147818725781e-01
6.504717275246708619e-01
-2.856164858032321230e-01
-1.508008271489525709e-01
-4.812733438270838660e-01
9.674983672239607646e-01
5.956029521699064411e-01
-2.042383835699456140e-01
-8.864698597766328125e-02
6.183971192353082680e-01
2.414050900076404549e+00
5.693189146834293446e+00
-2.193948002335741609e-01
-3.392805826723592766e-01
3.419751178654122925e-01
2.171489910491233299e+00
1.473095668025813376e+00
4.185918137668384054e-01
-1.711487905906707851e-01
1.578295316176148710e-01
2.279677062176891589e+00
2.838079836525322808e+00
2.286598023397089785e-01
-2.890068397146747237e-01
-4.018603813892839272e-01
4.510906881921732392e-01
1.333332033837763664e+00
-4.659187012582527432e-01
4.014810527379858440e-01
1.138391017700257982e-02
1.650403174498521475e+00
4.793167729734222782e+00
-1.806297636214249103e-01
-3.818228289028738898e-01
-4.036684135840762355e-01
1.467581587395531795e+00
1.870369867292554777e-01
-1.744015769153556550e-01
4.776190193670752371e-01
2.587145094029931758e-01
2.009095675220002875e+00
4.389876626870989007e+00
-1.148887398542101784e-01
-2.296835715246008103e-01
-4.292216755094372393e-01
6.798397102832526295e-01
9.835016413751643816e-01
1.370729723116533572e-01
2.542663139058208566e-02
5.692707309659248427e-01
2.729747978873752867e+00
4.841686105661012540e+00
2.702881431421669811e-01
1.665378429245576442e-01
-3.373981722760506230e-01
4.149213976970551609e-01
3.945371158658744992e+00
-2.194634453678492025e-01
-2.908897297634099322e-01
-2.346196180452506941e-01
1.124480813823289571e+00
1.315609737268687240e+00
1.987689289484814714e-01
-4.048818238507855827e-01
-1.727879512127797335e-01
7.358242962827485911e-01
2.166950314544290546e+00
-6.633436834052527931e-02
-6.514129112856442694e-01
-2.356856680766911821e-02
1.406763551765222386e+00
2.130161051926681814e+00
-9.678057365884266960e-02
-3.316519980978939186e-01
-2.874362209843431826e-01
9.185697799573969702e-01
1.016412186564155107e+00
-3.931166825252919717e-01
1.826962868254770611e-01
-1.940731239631585670e-01
1.207633114659972584e+00
5.382829478411782276e+00
5.399063495669508272e-01
6.942902868423860745e-04
-1.477645444456190602e-02
7.636734318362198293e-01
3.165663247961429949e+00
3.757353487139475368e-01
1.868156812570822556e-01
3.059104800545507929e-01
2.390617081792328680e+00
3.907086299619345393e+00
-2.668294740644797103e-01
-2.886092998295952672e-01
3.325201617034657109e-01
2.033512338287430055e+00
1.428885933299183231e+00
3.774364154267228488e-01
3.242518935841037786e-01
-5.681607621884052217e-02
2.450587470007074220e+00
3.738884666502306775e+00
4.961247195359606010e-01
-2.185564716329680413e-01
-1.511764777729830145e-01
2.129120337294634346e+00
2.897584043732317927e+00
-4.788336653829932121e-01
3.397408285819416424e-02
2.834385224484775034e-01
1.909593241199045277e+00
5.090652851389319000e-01
-2.998653471927910652e-01
7.937465839989132910e-02
-4.148292087420992202e-01
8.625044547650035920e-01
5.715378356787053526e+00
-4.850983703058370233e-01
-1.348619585112759700e-01
2.222121324606107506e-01
1.876552911660713363e+00
7.235047780105486881e-01
-3.468343054837831341e-01
1.210876528187718876e-01
3.742069050698087485e-01
2.049375641255558378e+00
5.314570508229491175e+00
2.116375244971771263e-01
5.943223978152302189e-01
-7.187108685456199131e-02
1.788981602832503848e+00
3.941310793348942187e+00
4.284752834605465854e-01
-5.118295523097726729e-01
-5.272677604535662421e-02
1.754167585871050594e+00
3.041520826043385917e+00
-3.600168115348523212e-01
8.877410377026870303e-02
-5.083775543747636183e-01
1.089409794324158520e+00
4.743187712600504535e-01
-5.119760175190920526e-01
-1.947798526623255866e-01
-2.826039021180585045e-02
1.469855270417486981e+00
1.073180333863028357e+00
6.271744389214169990e-01
-1.469283580075688989e-01
-2.288658415582253969e-01
2.033260310991124697e+00
3.244027909879418026e+00
2.813283106632866182e-01
-9.325335435830058375e-03
-5.765008633832719998e-01
4.829148197265021314e-01
5.655161567536588052e+00
1.120048336835989394e-01
-2.308886215977140888e-01
4.708977487655838789e-01
2.633878060251037656e+00
1.678818683246224408e+00
4.474256852878844559e-01
-2.810198503568807626e-01
3.900004357062726301e-01
2.948856022371612262e+00
1.839483521689672996e+00
4.808786047750717718e-01
7.520084379602594293e-02
5.756022920495644790e-01
3.329454726691220223e+00
3.459760947652886998e+00
-2.045588509230739649e-01
1.100992730013858195e-01
-5.387731291035460224e-01
9.240198581868468430e-01
5.842045069138406710e+00
2.869413785557893282e-01
9.791326092986138430e-02
-3.631887554418350428e-01
3.754491146623262221e-01
3.634227902202099347e+00
1.686605433188664849e-01
1.350337313440097831e-01
5.459406525701754331e-01
3.297706734195946066e+00
4.496635949811690125e+00
-2.477114188510829151e-01
2.212328179573684883e-01
-3.498179468196792596e-01
9.271695776167749870e-01
5.235646612933227750e+00
2.124649063376006508e-01
-3.888922177145988091e-01
-1.525929498773285209e-01
7.212520390247035840e-01
2.277178055692195446e+00
-4.298731618317714887e-01
1.299498636356246628e-01
-1.728657455034402213e-01
1.346865890056694770e+00
5.559380367682601687e+00
1.532044984063374582e-01
-2.805943281754837981e-01
4.000579944902948881e-01
2.881054116519409014e+00
2.131723621385197553e+00
-3.098437793498227677e-01
-2.409944041542634585e-01
-2.480725240031941836e-01
1.130694719977381135e+00
1.111171635250958412e+00
4.159610400321709922e-01
-4.210508482342791292e-01
9.735233183464729600e-02
1.165767239308997949e+00
2.645215472353579678e+00
-3.568935266582177745e-01
-1.491729823807409240e-02
-3.039740460042074655e-01
1.087451634725419058e+00
5.642946518511317677e+00
-1.534307994193540581e-01
5.915521975749875594e-01
6.629412820391213622e-03
1.569906782373500231e+00
4.091413193022963135e+00
-3.947215622920856835e-03
2.857261351212028733e-01
4.528074619845461890e-01
2.425792783960986299e+00
4.788819513674946293e+00
4.714705877805136502e-01
4.007218671964216800e-02
-2.333218714666576987e-01
5.160096567340274332e-01
3.400562532231591995e+00
-1.009227331768168257e-01
-1.096935098948391835e-01
-6.264541420549587514e-01
9.235379651002680879e-01
1.949505745987313854e-01
-4.240451367585518216e-01
-4.786350080884311242e-01
6.954767534650535543e-02
1.736707895090052967e+00
1.621069640410193413e+00
-3.125915240538775230e-01
-2.499520477391690143e-01
3.175533226846544155e-01
1.742712242041972948e+00
9.759392251366834081e-01
3.013377390828014812e-01
-3.092664911609796508e-01
2.890660016282122213e-01
2.368705403989844971e+00
2.539153479946985925e+00
-5.204658870844076635e-01
4.896141126796049181e-01
-5.177614729578997044e-02
1.640138717949280789e+00
4.592877186393417688e+00
-2.971276690440986523e-01
4.737134792497192659e-02
5.272901111279009179e-01
2.173150852504140307e+00
5.614985688044550116e+00
2.844057417826018064e-01
-6.608558686980861574e-02
-5.182669092113574294e-01
-2.189970177423050945e-01
2.817593279798150885e+00
-1.844521757850004495e-01
5.008490204189728345e-01
1.545037481102647658e-01
1.813788817775656703e+00
4.539931934447785977e+00
3.712615451489766349e-01
3.580675288357876851e-01
-6.045450935470505355e-02
9.131188864653692061e-01
3.493338649146811470e+00
3.629119191256618415e-01
-3.642117627541625047e-01
-2.523051853139409717e-01
1.478581037772388251e+00
3.095318797311202630e+00
4.629702340412879535e-01
-1.323773555981833105e-01
2.152105199762023302e-01
2.704767749269899824e+00
2.967686121871987215e+00
-2.138774238146070317e-01
4.288075914834744151e-01
-2.305617860803134411e-01
1.037983909838083862e+00
4.758704157714482186e+00
-3.800523675179330318e-01
-5.833440402696519339e-02
4.380129066966367835e-01
1.956919248348753637e+00
6.640073664561662703e+00
3.843749834510087338e-01
-2.564726863779169252e-01
4.689916195104494312e-01
3.134802109711496865e+00
5.426367279449839209e+00
2.906340425648007431e-01
-2.592021821200392040e-01
3.307036979090799411e-01
2.726323123044732455e+00
2.271492775068171710e+00
4.235849034197944896e-01
1.072356194851509931e-03
-2.693112181831029406e-01
9.904193126747173892e-01
2.655334857958642214e+00
-1.173007332799169133e-01
-5.596194530759021069e-01
-3.743387810088292383e-02
1.571185367063010707e+00
1.970532143891280397e+00
7.459640682905892273e-02
-5.608218295917526408e-01
4.357676734574762040e-02
1.768231456268921864e+00
2.183709321287781169e+00
4.708158459236623794e-01
1.753404171900442010e-01
1.683741433393020348e-01
2.247447898472587191e+00
3.625655711348055643e+00
2.229772050743768913e-02
5.767091797667480702e-01
-1.515498068265616893e-01
1.267158678315783105e+00
3.887682021745041183e+00
-5.228333379948191251e-01
-9.029925563206010752e-02
-1.312232678731628244e-01
1.490349175775875334e+00
5.810982250025276130e+00
1.775748761003677900e-01
7.374436740339155270e-03
6.359298979082409486e-01
3.479705856396044350e+00
3.986691321684492362e+00
5.883711465500522653e-02
4.752745387131707133e-01
-2.245503418310451638e-01
9.876475978580099291e-01
4.269940895956990445e+00
-7.684119491573308813e-02
2.179445352813486336e-01
-4.203855056438300930e-01
5.302690155347801193e-01
5.133690636825976483e+00
-4.992322750959819477e-01
1.804048121135080548e-02
-1.409581470229409883e-01
1.226162087767885378e+00
8.112772427847425583e-01
5.398441604446375247e-03
-3.443550603445670877e-01
3.603637986466556864e-01
2.412045698184667408e+00
1.819666358974661113e+00
-4.005473750520464615e-01
4.374736500320133836e-01
7.537871180020810913e-02
1.883014441018621143e+00
4.826285853744619381e+00
1.611336206542590965e-01
-3.384021401397510620e-01
-3.344568496471888586e-01
4.948379015891871680e-01
1.611772729259485448e+00
2.002088293533294538e-01
-5.505543394269168944e-01
-9.101402472037395386e-02
1.206363785080063922e+00
2.474995808675521491e+00
-1.532795035177420828e-01
5.037011497554347850e-01
1.747942731894023063e-02
1.327642946395261481e+00
4.618872778106569044e+00
2.257362797569079094e-01
5.879433002439937717e-01
8.386031302779330121e-02
1.778427674509359013e+00
3.676560956428501559e+00
-2.572085512130638935e-02
-5.174021790152775191e-01
9.501085928463419428e-02
1.726849721802405258e+00
2.027013152020950670e+00
3.389826152216832839e-02
-2.665428375058974120e-01
-4.087316113366021852e-01
-6.523925067952272006e-01
4.594236408233011382e+00
-5.272734781034790208e-01
2.793523808500819258e-02
1.823918179063901690e-01
1.799443538048914437e+00
7.212226242374900620e-01
4.335374382071786048e-01
5.381179564990690861e-02
3.212982035221494947e-01
2.499210093002141253e+00
3.460824202968538543e+00
-3.574073752493062139e-02
2.732119635295211513e-01
-3.666851622783670051e-01
6.644682077744331616e-01
4.751977326452013095e+00
5.095498748763840902e-02
3.975647639176330683e-01
3.270655160982112730e-01
2.076415476511660252e+00
4.239050867168325354e+00
-1.137988848894905605e-02
3.262176911949689062e-01
-2.662198232356655092e-01
7.284091195097577298e-01
4.465622822658596114e+00
-5.192163359949284601e-02
-3.483850077760309305e-01
-3.017639494681665924e-01
7.741060258634748781e-01
1.362886211380681223e+00
-8.207485841934598902e-02
4.336571277412782921e-01
2.062761878390026171e-01
1.640635689440631984e+00
4.415442557237888366e+00
4.482356477778177140e-01
4.160933098196046287e-01
-7.271712147028220816e-03
1.114020498671666859e+00
3.210503632336631163e+00
1.448200205915347594e-01
-6.710435845230300345e-02
-5.140773519507296774e-01
-3.863938457661503234e-01
3.113593563402607067e+00
-1.017386328407200446e-01
1.204227481778556708e-01
-5.614316726257959633e-01
8.792220523713837332e-01
6.062022263748348294e+00
-6.079139065772985479e-04
-2.258701835282762582e-01
-4.243254391473251230e-01
5.288124534438801705e-01
1.296752654551282191e+00
-1.487365977424813801e-01
-1.639591151461721463e-01
4.605781809925408865e-01
2.604230226460557684e+00
1.038805753201914817e+00
2.304570507993487505e-01
-1.644414693833687047e-01
-5.500496373305872044e-01
2.997608109544008248e-01
5.018575656849241895e+00
2.804215771303877891e-01
1.468641410787615564e-01
-3.874164267451894461e-01
1.408793774480824323e-01
4.004913342289358802e+00
-2.233620171858757275e-01
4.663084521867011389e-02
-5.210360584991537980e-01
9.363868176205863980e-01
1.011793741911936745e-01
1.596459141331530232e-02
-1.692423964584377216e-01
5.500952251863731046e-01
2.486089710769711303e+00
3.717000553090321624e-01
-2.797661835032241862e-01
-4.268777954346657522e-01
3.739861957868174658e-01
1.493225761553961695e+00
5.018483028213600594e-01
7.222302870304174727e-01
-1.745309650829904302e-03
1.141162044542518017e-01
1.007030746312117531e+00
2.913217396835594108e+00
-4.808324862101438953e-03
-4.323269700103866131e-01
1.948715098907007059e-01
1.946511249409268896e+00
1.840385129394969344e+00
3.165458511855190338e-01
1.862797387161352902e-01
4.326113006380816195e-01
2.670361795633537483e+00
4.293014221854129175e+00
3.986102593927365323e-01
-2.616188802118536369e-02
-3.518901196910917961e-01
3.960930874093155918e-01
3.293339575172473666e+00
-6.602020927120267890e-01
-1.555273092248476291e-02
-7.828927526980218599e-02
1.901249974486892036e+00
6.043393028855689408e+00
4.790004023106830822e-01
1.416710361838474652e-01
6.316423869388375356e-02
2.222510851534990728e+00
3.516804009251401020e+00
4.740534613666660402e-01
2.055301304373760296e-01
-1.477387981058544131e-01
5.067008624788931215e-01
3.400503418444256631e+00
-4.252626122903693101e-03
-6.499615808484394686e-01
-6.037705506134376232e-02
1.180240451351616926e+00
1.980690209784891742e+00
-5.462769086360930171e-01
2.628566048993011273e-02
-1.447378717396076153e-01
1.567474641815441938e+00
5.596474495781468939e+00
-2.335654598790788683e-01
6.093513557883299958e-01
2.611182910914764538e-02
1.398855637942161723e+00
4.516262861795025785e+00
-4.665234841223322992e-01
1.318730139009476054e-01
-3.564485158089083505e-01
1.483354162554024525e+00
4.099611840925139195e-01
4.216205459898738628e-01
-2.448810735410532902e-01
-7.522143412503630444e-02
4.224837869214633779e-01
2.376495810919990515e+00
2.574056702361642857e-01
1.391392118681938558e-02
-5.457945352908606385e-01
2.641178077857140871e-01
5.441153842027206533e-01
-2.446286723165218835e-01
-2.687275322740847461e-01
-3.075368246911978631e-01
1.046728068931141120e+00
1.295387198745203250e+00
-1.487696742549796947e-01
-4.979831608871897464e-01
-1.504494139515761275e-01
1.021275585724626289e+00
1.751674949678776017e+00
6.810371571106642319e-02
-3.931377397841109289e-01
3.264148088163970063e-01
2.314736991295779589e+00
1.969276196273292090e+00
4.085744845475719478e-01
-1.392430955709973162e-01
-2.936459157822696175e-01
2.372110448397483640e-01
2.931861931980117131e+00
-3.892073545697342651e-01
1.584817657064831464e-01
3.186366258429921827e-01
1.787868226663597238e+00
5.284708556466147122e+00
2.421881421529085698e-01
-3.027012990811738247e-01
2.621928188289912587e-01
2.353205677746146307e+00
2.307499861986154421e+00
-3.554019221833086828e-01
1.533168595711601467e-01
3.286813094291093362e-01
1.870816319348907353e+00
5.227393196933689090e+00
-1.072097586391430879e-01
-4.355212588051932121e-01
3.157086955053617916e-01
1.961844602459636100e+00
1.689186731944865016e+00
2.915554357331534563e-01
9.514163740599494712e-02
-5.434721619262176118e-01
2.185721730853180111e-01
8.727939543937098810e-01
-3.932359493861875555e-01
-2.150837284176492226e-01
-3.622259763561163082e-01
1.288140359231259691e+00
-3.445418216095339631e-02
-2.454113591932834681e-01
1.840498508013609924e-01
5.459722332467781269e-01
2.175103397065164756e+00
5.385230734375579864e+00
-2.883592398011500801e-01
-1.577312308824732057e-01
3.780388484864466436e-01
2.228752906624010599e+00
8.904298702767450280e-01
-2.978575709671216765e-01
-3.174770142264955464e-01
2.758641088917412332e-01
1.916984950103157725e+00
1.258054229020260983e+00
-3.255001056271630833e-01
3.539474616602885509e-02
5.637513357150596427e-01
2.153309153392494846e+00
5.702887430161685423e+00
1.366598581718967975e-01
5.966290321928312546e-01
1.584938835258779266e-01
2.073353967019813116e+00
4.189574578614249312e+00
-1.578595259169180143e-01
5.558303294313151621e-01
3.237376447021769049e-02
1.471631510271496524e+00
4.444326191355303379e+00
-1.283732852670239621e-01
2.660766631077043920e-01
-3.705041767429538835e-01
6.507797620085222778e-01
4.920446474821694061e+00
2.548690873396406986e-01
4.181805666111801933e-01
3.944867557413402892e-01
1.423896705204106272e+00
4.258765519563313617e+00
3.539201810680263627e-01
-4.686849332034595528e-01
1.343253249273584048e-02
1.814918386968300767e+00
2.668766051131056916e+00
-3.931027338938424265e-01
-4.219500664052546757e-01
-2.976618241111874535e-02
1.349429869670939919e+00
1.334512750579903928e+00
4.599416786933356316e-01
-2.483951727379422880e-01
3.440919252389117167e-02
2.038305500755540844e+00
3.005654608842205811e+00
4.090462637859013789e-02
-4.841884764692372389e-02
-6.173852647388550219e-01
4.974811663955616692e-01
5.891302134342463859e+00
-4.332873816560047220e-01
3.844048212401120906e-02
-2.636016299857200096e-01
1.230860909290329985e+00
5.788201237959510692e+00
-9.034148433820758661e-02
-2.611717931683976701e-01
-4.999271926889439221e-01
8.303508519481341832e-01
8.568291966765343437e-01
-2.481122795465696626e-02
3.476396639120627463e-01
-2.867956046505911738e-01
8.132790664816339499e-01
4.578365344917854962e+00
8.951890148436530970e-02
-6.621808820595793676e-01
3.226218916180707830e-02
1.583210935832731314e+00
2.529223617422099668e+00
-1.282911231337493796e-01
-4.316493409921997593e-01
-1.878684922002245017e-01
1.152493746061705515e+00
1.747978045736012787e+00
-9.847847617524288499e-02
-3.385413934885945220e-01
-3.289441104867717458e-01
8.442473797051367468e-01
1.592831283956240629e+00
2.446310079191794939e-01
-4.828861220050023606e-01
-4.138190344191858966e-02
1.430224688660199028e+00
2.685123767311665244e+00
-4.952444920612811274e-01
-2.460466147218295652e-01
-1.812986818689481805e-01
1.563087985093029930e+00
6.109327355486962929e+00
1.604841273815960923e-01
5.719957773700485859e-01
-2.518832267828781651e-03
1.704859227678280575e+00
3.804523292153362046e+00
1.400198078749838593e-01
3.817267937811223977e-01
-1.846535207132707912e-01
8.616781409205916953e-01
4.107016383985324204e+00
-4.283935089514970262e-01
7.696723618184538040e-02
-2.301553282554427149e-01
1.332607066583139321e+00
1.144472322567269940e+00
-5.243835707720971850e-01
5.829153201589596517e-02
2.324080874829983490e-01
1.583173793937839191e+00
5.449070722889695073e-01
9.259070409979476557e-02
3.605324222234778664e-01
-2.400380540628800907e-01
8.113760599132664453e-01
4.265799587283765959e+00
8.865319501030055616e-02
4.527678962271608487e-01
-1.533526237861076169e-01
1.115015266409112638e+00
4.348284797884918618e+00
1.041958529750498658e-01
4.980954847876711139e-02
-6.072182531923978610e-01
4.927505882555253680e-01
5.300010891159124604e+00
-3.721565243610138185e-01
-4.385354356510685614e-01
-4.352408449091487580e-02
1.410805613288995453e+00
1.441573425621913707e+00
1.477186141465349975e-02
-7.198626762771807019e-01
-1.135092741469092975e-01
1.163382515220599434e+00
2.197928693930405242e+00
-1.578820773777319438e-03
-1.760421641762077161e-01
5.123505564113683963e-01
3.594062717456738110e+00
4.279457407508952649e+00
9.893398484922356906e-02
-1.457284472484276505e-01
-4.965056471551850259e-01
2.560926402734518548e-01
4.690346792105451357e+00
-7.860575234770600384e-02
-1.342047753929095366e-01
-5.520371195072109050e-01
5.839449200592154998e-01
6.083339563729496469e+00
1.739406555136282784e-01
-3.491159287650943410e-01
3.667386439332698256e-01
2.801422295740402024e+00
2.027838820029970179e+00
8.251949208001695471e-03
-2.497427887633106303e-01
-3.884486721856372782e-01
6.358300047627805096e-01
1.453764079215602800e+00
2.355904738357060269e-01
4.407359254342709254e-01
-1.122605114466153076e-01
1.038125712859683025e+00
3.949687568666929049e+00
4.090956641779579517e-01
1.333716189155478848e-01
-5.534239734516462894e-01
9.260107800851130611e-02
9.186752561326146926e-01
5.562694841991076000e-01
-1.412674536219676591e-01
1.842141502866109504e-01
2.499445463753156460e+00
3.144685197631014173e+00
3.657417540522663324e-01
4.101791970452429714e-01
1.205064210545956499e-01
1.394109956771504288e+00
3.366668987111776090e+00
-1.216621484151853005e-01
-5.089350372152026125e-01
1.425336318574504102e-01
1.861755513518010607e+00
1.879359669691382573e+00
2.795008517651521029e-01
4.913160000287939422e-01
-2.494223415412509179e-02
1.221814991374307269e+00
3.670399339789928828e+00
-4.861109896484387682e-02
1.397821889325048528e-01
-4.734361700879021195e-01
4.979396115035727988e-01
5.515976925111440110e+00
-4.030206907307153363e-01
3.744932788723555339e-02
-4.282226649940995555e-01
1.083886086055001918e+00
5.831766423727139603e+00
3.921079362823421399e-01
1.355569743611193534e-01
4.212769053923073881e-01
2.682932032346952766e+00
3.903525263274621793e+00
-1.564822508905697185e-01
1.323129623736062632e-01
-6.100413385691937362e-01
1.131392379596648290e+00
6.289323381708494587e+00
-6.072230855702522023e-02
-5.542243173965247932e-02
-6.801066062444178772e-01
6.530409045623694064e-01
5.883113825122753049e+00
7.784105129081560215e-02
-4.644303941848094697e-01
2.398433415613185904e-01
2.017598273446385093e+00
1.998692979618823973e+00
4.516996963761373829e-01
-1.545944755697394590e-01
4.185684167436781733e-01
2.912760809777982907e+00
2.546575034689784633e+00
-3.603216189979757678e-01
2.790456496158876254e-01
-2.594605031464130573e-01
9.499701373095132961e-01
4.836398760356789062e+00
-2.585726655054311207e-01
-3.593686351926899669e-01
-2.921949674723905432e-01
9.076832722818780619e-01
1.523722789475143058e+00
6.317770190264432317e-01
-1.074692488715854322e-01
1.163687134614016933e-01
2.923539914829987652e+00
3.039796313330222599e+00
2.658178903770455070e-01
-1.812422835991803483e-01
3.452584372384949196e-01
2.543704732875495367e+00
2.579830359862551603e+00
4.078248565065201725e-01
3.220958429086503427e-01
-5.312403595092789199e-02
1.016007406899102072e+00
3.379806731452557500e+00
-3.757202941663475015e-01
-4.825948486227338297e-02
4.228200319571108756e-01
2.072664742103090152e+00
5.482187515928634625e+00
-3.567988062421055817e-01
4.571589584413091600e-01
-1.221447723260157478e-02
1.330973278195909160e+00
4.783586227398989088e+00
4.116750265094493710e-01
1.888092562870586355e-01
-6.586527139404040054e-02
7.427004970336756884e-01
3.582977898945457262e+00
1.158497481817052088e-01
2.104148189244003653e-01
5.028801530471953551e-01
2.748075552357473583e+00
5.038006845711105797e+00
-5.048294411410330085e-01
-1.005046901964209427e-01
2.294032440996527644e-01
1.808474373541609559e+00
1.000927226954117177e+00
2.723701798938634178e-01
-5.655980674200076219e-01
-1.808883797011296563e-02
1.750384940983348958e+00
2.575854104885198392e+00
2.777146089200577955e-02
-1.403348922188467351e-01
5.014438451539763308e-01
2.789910626548174122e+00
1.121658437661906760e+00
-5.022378171034105193e-02
2.203859631009954523e-01
-4.828230105277629414e-01
6.454128277452338969e-01
5.386354785541908718e+00
-2.235867011856273734e-01
-4.302505051354975629e-01
2.133864281168783572e-01
1.881064679927435535e+00
1.530366000756349765e+00
7.388601381256475198e-02
9.920541429389456017e-03
7.217858733648054859e-01
2.521173195850870741e+00
6.129197341336630522e+00
3.571974009529411687e-01
4.768712955258050945e-01
1.776139857137752631e-01
2.081451872639054734e+00
3.513474372698971226e+00
3.908919252093468466e-01
-1.806510954423994897e-01
-3.310744036167832527e-01
4.804152245964349865e-01
2.268748908618041238e+00
2.196730327996039012e-01
-4.577815752624633250e-01
2.322856136143711114e-01
2.051874258850499899e+00
2.342044275861221436e+00
3.248028072107842501e-01
3.433323666400888152e-01
-2.392579085652436766e-01
8.029485639547288001e-01
3.686212181388761611e+00
-4.655261911825446797e-01
2.634012123060021637e-01
1.022061879016431529e-01
2.140687698653696458e+00
6.031149417686414438e+00
2.249382705690729234e-01
-4.814567718440883604e-01
1.482385657737941287e-01
1.952321452905471988e+00
2.288382852425620673e+00
2.938583997361970263e-02
-3.045834245759826975e-01
-3.270891774376796790e-01
5.526075970770586432e-01
1.654284423298686413e+00
3.719912785019468537e-01
-2.526343575191624113e-01
4.037863325181236807e-01
3.147949421385694890e+00
2.428722039566873825e+00
2.119891874742281523e-01
2.878321156410688086e-01
-2.189874054712409313e-01
3.660623825736685211e-01
4.134382970323438045e+00
2.910011720885620212e-01
3.810858929871564493e-01
1.634887321780782721e-01
2.187684982884352092e+00
3.775498597813604196e+00
1.232256168676250235e-01
-3.916131180595469607e-01
-2.640407818591763989e-01
6.305634315463636286e-01
2.017248531201477846e+00
1.986027434815986481e-01
-5.555397371655483585e-02
-4.899797726942941578e-01
3.334060031877348340e-01
8.242515079757188889e-01
1.107263805513716837e-01
-4.178604245783255622e-01
3.464698718464010452e-01
2.328993471250920155e+00
1.997846717737574940e+00
1.249485093244190881e-01
-1.327681033365985530e-01
5.766874017518583972e-01
3.550261113220200215e+00
3.328205519062894080e+00
-6.802185017007462975e-02
5.338485782793386258e-01
-9.719210901465939745e-02
1.345165370289735041e+00
4.207309958800569127e+00
-5.834295877171525452e-02
-1.479168492162833415e-01
-4.958917897119210494e-01
6.530239675166537028e-01
5.236216131167001908e-01
-3.629951746399571744e-01
4.411459550985813993e-01
2.999819972411288047e-02
1.396395590109321461e+00
4.772565743642100955e+00
-1.413044183026968825e-01
4.597800515287109868e-01
-1.329105201609972475e-01
1.132782206042693085e+00
4.658160100065256159e+00
3.031629886704133581e-01
-4.015558424091336120e-01
1.584341426986372037e-01
2.078893504857866503e+00
2.476498074488986845e+00
5.883620522691476173e-01
-9.645774284106682639e-02
-2.577404460456636862e-02
1.701279973710123405e+00
3.562445174526590819e+00
-3.528414801673023238e-01
-1.443334727661620999e-02
-4.889208705734645055e-01
9.069461654399161299e-01
5.852400730138348273e+00
-6.605801844643870435e-01
9.070490929085260612e-02
2.027166492059414293e-01
1.580365744836366826e+00
5.131266653403645961e+00
-8.097111907385348140e-01
1.128794434670310765e-01
6.770831602928457926e-02
2.022635449012029074e+00
5.631186839423787838e+00
-6.001339606524973280e-02
-3.506445698747755468e-01
3.822929543540243280e-01
2.373218247426048144e+00
1.658921154020788435e+00
-5.883763462023718915e-01
-7.764985401986933267e-02
3.331212072596407420e-02
1.583880998800562656e+00
5.738794319311903536e+00
3.106926694683385601e-02
4.645458712439497484e-01
2.460315436206044759e-01
1.741314799100125876e+00
3.877354949350684254e+00
-3.910753168520889056e-01
-2.636134929587500425e-02
-3.090362090298786613e-01
1.226985782051386975e+00
5.608354245382005665e+00
4.621636068102151773e-01
2.451179022703745269e-01
2.732504414037530416e-01
2.266100527212359772e+00
3.952124320498263454e+00
1.428117657251459227e-01
5.427210783957230056e-02
-5.765109489866896419e-01
4.409414607198022806e-01
6.203367861989425691e+00
1.856192824576081701e-01
-1.644532992845302855e-01
-5.036969871526746356e-01
5.030370816038187698e-01
9.934338772321431588e-01
4.100977506124741656e-01
-1.312191400865548030e-01
3.698244002982872258e-01
2.712221134243338216e+00
3.136771488818994147e+00
-5.006424848941001260e-01
6.911265026928184452e-02
3.716187587264511150e-01
1.720953523933434148e+00
4.963444659653953872e-01
-1.890516015898648372e-01
2.628705667251131639e-01
-5.465361486607158703e-01
1.071220703460044055e+00
5.827976110688009470e+00
3.572557952208076926e-01
3.136174425233659302e-01
2.681035546084444277e-01
2.627524774466821089e+00
3.995910562001602440e+00
2.374548920702563293e-01
-5.042278752889144400e-01
-2.316108288561159745e-01
1.599641266408827533e+00
2.633084353819410861e+00
4.660095513826085223e-01
1.861696619296050043e-02
5.046529776350296981e-01
1.682805967232423816e+00
3.775458351495275533e+00
-2.492940203803230559e-01
-1.557330055279099734e-01
-4.716494237277407131e-01
9.193431901526470940e-01
6.497906505263123522e-01
4.231744588387600370e-01
1.797029593751315879e-01
-3.188669049361615715e-02
7.820672105012050901e-01
3.515896625512838547e+00
-1.822806037131339263e-01
4.939352490327142409e-01
2.638774853284772126e-01
1.752826789524879025e+00
4.359218928516845892e+00
4.480379065487913870e-01
3.821600401996881335e-01
1.418696418929162872e-01
1.196638382067024109e+00
3.365044763531408911e+00
1.953356471145391293e-01
-3.326652683936462407e-01
3.666130123129777707e-01
2.444787944692063508e+00
2.083045324913066043e+00
-6.175551396443437202e-01
5.600137535407240935e-03
8.443670802557894095e-02
1.699131997241809300e+00
5.480003123167452195e+00
4.110099508035802707e-01
-4.266566837189860184e-01
5.879706272419783081e-02
1.178706870449503841e+00
2.884892841583114542e+00
-3.475853608881803170e-01
-1.364442142420568271e-01
-3.502119047432491472e-01
1.042150544016062996e+00
5.617155078481261832e-01
4.369168252413180853e-01
3.545089092098425709e-01
7.611328657580651580e-02
1.952127845509047388e+00
3.412876416420136838e+00
-2.601055582164398250e-01
2.414238266162973059e-02
5.789445271050488451e-01
2.266453906339264801e+00
5.662545755271623626e+00
2.149439389105123888e-01
5.113923903400617865e-01
1.747266155964633527e-01
1.577832872951319576e+00
3.501464157145026679e+00
-6.628335807546816005e-02
1.808656510491702951e-01
4.284093442861499068e-01
2.523655202490321159e+00
4.944621203254987662e+00
3.738325154445821391e-02
5.856938949225952706e-01
-1.691120305546907621e-01
1.149896060060262792e+00
4.215110420652834478e+00
7.376072474000636148e-02
-5.015788477152614000e-01
-1.124000928744252059e-01
1.250115319113446866e+00
2.441287562816035539e+00
-3.507039221168102849e-01
2.332815430022360248e-01
3.361398603987901246e-01
1.907112280478360233e+00
4.911039456939302106e+00
-5.005611991299276919e-01
-2.380702684372886235e-01
1.234672377319452341e-01
1.878644845719354084e+00
1.119908725166809393e+00
5.242335870334023651e-02
2.283434576614032374e-01
-3.998247977998128921e-01
-3.748985305141885882e-01
1.603113808583497724e+00
1.554970230115063357e-01
4.105264051789582203e-01
3.250646802305438565e-01
2.339108741584497331e+00
4.218885426909078085e+00
-3.687729477118951715e-01
-4.848398420937273245e-01
-1.781181530314602385e-02
1.171434937818661037e+00
1.497289972328012198e+00
2.208995113178014724e-01
3.210972390723007552e-01
3.384443581524994582e-01
2.583161047917267528e+00
4.113116028123514845e+00
-1.855143346899892354e-01
1.674796811788108741e-01
6.235235854210214868e-01
2.012946104799516522e+00
5.967043674918569351e+00
1.471058642717304188e-01
5.128745593943189185e-01
1.865504867190319882e-01
1.569205179314949961e+00
3.701653488954201876e+00
7.984220377166374449e-01
1.035380488214183298e-01
-1.600264025520891503e-02
2.023963552095802587e+00
3.646743748491145354e+00
-3.738225904942141242e-01
-3.577453926711823828e-01
-2.653012587363074437e-01
1.349933526124630578e+00
8.797904926088851926e-03
-5.042131444291165776e-01
3.987434905772533900e-01
9.430304893096007335e-02
1.770992112667383100e+00
4.874581531076505492e+00
-1.885894732600244730e-03
-5.996316301800930226e-02
6.920001164483814415e-01
2.542772865290711337e+00
6.221708815730728759e-01
1.494256792691096292e-01
-5.447862221595850540e-01
2.199966257172416007e-01
2.126117385193559528e+00
2.195070087087723110e+00
-3.886091623293171787e-02
6.970202928404863052e-02
-5.103559648160089779e-01
6.580639525691408531e-01
6.086687493399883131e+00
4.226006349809580676e-01
-1.804779712441492712e-01
1.479956503976439242e-01
2.339344222843120935e+00
2.821494724738566440e+00
-1.502356752682648400e-01
7.252763342203129016e-01
1.622882995097207348e-01
1.491392318816968654e+00
4.274955729864749365e+00
-3.756134510875396848e-01
1.386059864066573749e-02
4.978885223014150041e-01
2.211570150702664161e+00
5.758806663839552975e-01
1.245706668486764174e-01
-2.362561239287741532e-01
-3.193910088593502894e-01
4.896041698781266049e-01
1.918754697781068552e+00
1.616839086765837763e-01
5.858170462792797739e-01
1.385376881456160947e-01
2.039403570966983992e+00
4.029107503879104435e+00
2.949337508913979500e-01
-4.961478420349677010e-01
9.360121462517684288e-02
1.868082471574554981e+00
2.413746820169910823e+00
2.291783382309280775e-02
-4.305565120418581304e-01
-2.303878787975671416e-01
8.925094271781305322e-01
2.108285993991992235e+00
3.206902906747944870e-01
3.932030609396851561e-01
-2.484032776536694923e-02
1.131643798644486720e+00
3.818071123184482829e+00
-2.836245629362264542e-01
-1.534828327790464797e-01
4.296673440806397237e-01
2.270201484943905168e+00
7.431980665083839366e-01
-9.332513236952333369e-02
-3.662121255790574126e-01
2.994048994769804573e-01
2.167874594584047188e+00
1.476954449108710543e+00
-1.848868592174911230e-01
-1.428400209758398653e-01
-4.902511422050343515e-01
7.430573621156820741e-01
6.783021210315559602e-01
-2.392310011419092053e-01
4.518801327563585768e-01
2.708882794894736934e-01
1.688890246957443164e+00
4.602702749764212342e+00
-1.536729378161553194e-01
-1.560714552196961480e-01
5.852398505621266844e-01
2.332553007887208985e+00
6.262850006843769801e-01
3.129726469386999721e-01
-1.736667652678873242e-01
3.533258737017462847e-01
2.510725236989438613e+00
2.430436598876747123e+00
-1.094746970537221857e-02
-3.499377186770131209e-01
3.030847544919977321e-01
2.266115057245406739e+00
1.658060071240860189e+00
1.672741965509345896e-01
3.279080000989286758e-01
-2.689699881913991120e-01
7.310951090818949005e-01
4.098708979282017495e+00
5.642977602882132820e-02
-4.374089420685531304e-01
3.062185225771141273e-01
2.271135800966718854e+00
1.899993991767121360e+00
2.159110131014519429e-01
4.314590819433466312e-02
5.382633077157874535e-01
2.781502969682845716e+00
1.859110721049062054e+00
2.278736204126121101e-01
2.096133815258542088e-01
-3.069283822827626462e-01
4.930310891878382229e-01
4.134814262759907599e+00
3.155526497837645161e-01
5.149798816430770643e-01
7.227013975970777993e-02
1.999618844644039273e+00
3.589228662454304608e+00
-2.147050022300525315e-02
-3.395270368269069361e-01
-3.112760135610539436e-01
7.105873273178757721e-01
1.430421387807101041e+00
2.916753827137938404e-02
3.970789399524073948e-01
-2.511151563292085553e-01
1.400353032950379495e+00
4.421421668040191655e+00
-4.830337025412118068e-01
-3.132159163633298493e-01
-4.513547755755978330e-02
1.203756799601984895e+00
9.373437573203188267e-01
-7.067671490672959578e-02
-5.971382685659858136e-02
6.198665701381537163e-01
2.466877141837026333e+00
1.457610474363346120e-01
4.399464405267894396e-01
-2.819326687306860646e-01
1.332385049935396193e-01
2.241544327658111069e+00
2.501403222608402643e+00
1.742426420486237748e-01
-2.709033263280210546e-01
-3.118842166389498849e-01
5.083996963315443596e-01
2.059173179084753613e+00
9.611946151146348594e-02
-5.187002582249993221e-01
1.452423006639389502e-01
1.873168732340701803e+00
2.095729925212814759e+00
1.744569867582171363e-01
3.251612480388232918e-01
-2.509133461682495625e-01
7.783070583103549600e-01
4.138863814020441012e+00
2.276885145510120501e-01
-5.518123263442167303e-01
-1.346268655943447072e-02
1.730528213759501943e+00
2.491771234582291328e+00
-3.836978830714685151e-01
-4.993176403343015934e-01
1.761170224573321563e-01
1.704900216276782565e+00
1.798484447018669607e+00
-6.347956128281208310e-02
7.760448257711606568e-02
-5.077515398697874938e-01
7.025712946960072092e-01
6.020157760422825355e+00
6.358982327821324221e-01
4.186724193901722457e-02
1.337752554615000700e-01
8.783801450658963450e-01
3.163089871577750678e+00
3.427984840082601292e-01
-6.126240578837584272e-02
6.033240809855225928e-01
2.870838831335845498e+00
8.250799185110995193e-01
5.845263906020218420e-02
-5.599958028439615543e-01
-5.052245493660251913e-02
8.989381150559309086e-01
1.894311433438471415e+00
2.546237002405343786e-01
-3.881035354033687823e-01
-1.221084856934885055e-01
7.593548097053731682e-01
2.438353872178256054e+00
-4.936566501961089370e-01
-3.184274472816801538e-01
2.214094166828840804e-01
1.845751436656215549e+00
1.365681423189098798e+00
-4.699542901375182158e-01
1.451245889261784938e-01
-1.381156976301881889e-01
1.536794756735264889e+00
5.564286552148907994e+00
-3.281133418879324526e-01
2.639659000008632850e-01
-1.506902493010811861e-01
1.271946800904343311e+00
5.295303427947311903e+00
2.688791378489110984e-01
-3.092449843506422588e-02
6.719528023351821755e-01
2.610880417953627575e+00
6.754720916875674996e-01
3.969446272353354885e-03
2.188511966244438903e-02
6.161928365619282477e-01
2.621417468611295210e+00
-7.543022062148138120e-03
6.010251540132024450e-01
2.346694172431798009e-01
1.059987859300520335e-01
1.272515336096643246e+00
3.026993683918250522e+00
