-4.662619251511688767e-01 9.539183455395259387e-03 -7.551653441864035780e-04 4.721983247233222936e-01 3.394066345919191097e-01 -1.031261772870243482e-01
-2.088984823123486365e-02 1.869117696240029936e-01 4.271729597415789836e-01 1.529451527752565543e-01 -2.179187219292926525e-01 -4.705428446942069298e-01
5.131365499643212313e-01 -5.598520276818353542e-02 -1.929004082979255408e-01 -3.792304558070708209e-01 2.384846355805024798e-01 1.491063771808119331e-01
-2.557013070868493498e-01 -6.390682869752931095e-03 3.856250540467378585e-01 3.332121085156564133e-01 1.363772027943595533e-01 -4.098611618906530252e-01
-1.105179684422637199e-01 6.571595024131282603e-02 -4.805106704871094370e-01 2.850991024081223069e-01 -6.425529785286915319e-02 4.286618147546081281e-01
1.306914482729172877e-01 -5.357959585714077155e-01 -5.972168433686825262e-02 -1.952581202235716962e-01 3.783810893989886237e-01 1.811874349614351620e-01
2.916966456624662252e-01 -7.035517502956399605e-02 3.830033510621370652e-01 -1.526227660391046848e-01 7.330110631810031474e-02 -5.012721338488326239e-01
3.223607008477163416e-01 2.577939813929063656e-02 3.948273595303080641e-01 -2.378612885687275136e-01 1.147054342388079407e-01 -4.287280318538472801e-01
5.232706884454951801e-01 1.398542962406661150e-01 3.354372581503702738e-02 -4.546412228553325940e-01 2.031404374347580699e-01 -1.656625945383178033e-01
4.325141408148493460e-01 3.659165374970471674e-01 -4.621203633879533874e-03 -4.752110524839461836e-01 -4.717666972592537977e-02 -7.803084603120058471e-02
4.445628279560669971e-01 7.579176851633764866e-02 -3.037579728021139180e-01 -3.740978416779232041e-01 9.717184544129700563e-02 2.701214573093944082e-01
-3.751196620129243486e-01 -1.594745091413850013e-01 5.786498798751137096e-02 3.880472791615044992e-01 4.836689196726757234e-01 -4.926332047656925561e-03
4.463749890636783957e-01 -3.618031245498352227e-02 1.296303209786150434e-01 -4.576810865596978029e-01 2.968302496873620466e-01 -1.382998520704450396e-01
-3.626479311593822086e-01 -1.558697325695759528e-01 -2.556123459881760041e-01 3.711169634707585097e-01 2.981630181240868538e-01 2.498016830078191863e-01
4.260721486807831360e-01 2.381671944785914569e-02 -3.481166029472143597e-01 -3.007959220549436541e-01 1.176526962119070485e-01 3.322197970856366478e-01
3.337453514942078092e-01 4.004983956329814521e-01 1.124234525895679987e-01 -4.180854632518827829e-01 -2.207370267994208102e-01 -1.085221875879751746e-01
-2.344124500131990890e-02 4.467262175953183867e-01 2.813534351951436085e-01 1.854579671606661762e-01 -4.329387596198631671e-01 -1.459060258108308417e-01
-4.224371279748996288e-01 1.499962985432366780e-01 2.374176394157917480e-02 5.755288561706655148e-01 1.402658279561099508e-01 -3.925992199242200886e-02
2.539612854065383396e-01 -3.343738192152528876e-01 5.826585442784534136e-02 -2.784701657823734910e-02 6.233172206453322373e-01 -1.460716079285800939e-04
1.999234940094514190e-01 3.384893092244356527e-01 3.486521820440179886e-01 -1.253250700681343144e-01 -3.027289931962641178e-01 -3.463675732192295631e-01
-1.628146854918501680e-03 -1.447358584933247372e-01 -4.776907797984857318e-01 1.168231137834229438e-01 1.136965872911609166e-01 4.810490023212699029e-01
2.419958082317174297e-01 1.880526074670758885e-01 3.687352173000220668e-01 -1.741109638536046111e-01 -1.704702611544896274e-01 -4.669181240444003067e-01
-4.243056872127479173e-01 -1.151904803847465242e-01 -5.860427952113145787e-03 4.638599857496745194e-01 3.097759340180150645e-01 -1.806897275585223339e-01
-7.716722023714590872e-02 -1.586663684797604001e-01 -4.351627919000540246e-01 1.935929149848685249e-01 1.806917280184756613e-01 4.656840494196291536e-01
-3.942859854851125667e-01 5.266566130323378087e-02 1.246111616810363504e-01 5.326179486996618362e-01 1.852378282210062066e-01 -2.264924090093138886e-01
2.552872574402829248e-02 4.661124818593413988e-01 2.394348271762483937e-01 -5.691444034494379939e-03 -4.849460908368934398e-01 -6.799466441491422430e-02
7.196023638758086705e-02 2.420331867790733241e-02 4.537399921636326994e-01 1.522835509412358013e-01 1.295036956005242955e-02 -5.429653485842061977e-01
2.707180035018022513e-01 -7.422255047675971329e-02 3.937338434563115719e-01 -1.335616125452627201e-01 8.255660471198372763e-02 -5.073645354941455077e-01
-2.381064612008938208e-01 -8.468687153062232076e-02 3.170262128437943971e-01 3.455547713633322360e-01 2.382017219640689687e-01 -4.280123913859652518e-01
-7.002609798841023803e-02 -1.074205937145655126e-01 -4.695218779934109410e-01 2.937458257150008523e-01 1.222037392201124201e-01 4.332198642836502245e-01
-3.476085504331254405e-01 3.483437006197718788e-01 -2.736242076545815968e-03 5.894133919047704895e-01 1.829124455133279703e-04 -3.055611186768575696e-02
3.413289506390714684e-02 -1.324124750918708737e-01 -4.857848762022266009e-01 8.630555175170720461e-02 5.387244008378749838e-02 4.953246713367496779e-01
-4.090566267693105940e-01 -1.243776971689966732e-01 6.425613839719285236e-02 4.282094927947068252e-01 3.626159670715362604e-01 -1.843854028218717689e-01
-3.330898484626854672e-01 6.814865113649956618e-02 2.672081877521829130e-01 4.497866007943827626e-01 1.027840711235617766e-01 -3.540042178555647956e-01
-8.397938812317699842e-02 8.214207914679128031e-02 4.282874220148688016e-01 8.069083412244161535e-02 2.389853485497375751e-03 -5.548317469609215236e-01
-5.575468441027200961e-02 4.877531694064944356e-01 -1.270388651586765727e-01 3.334888654233798544e-01 -4.135827830973546893e-01 6.291628648738034624e-02
2.330503686788909512e-02 -4.525148931012941689e-01 -1.283923166877339872e-01 -5.028880435085872347e-02 4.920705842665566432e-01 1.915173931999450962e-01
1.982665290309619244e-01 1.168512193740931099e-01 -4.866197122356992200e-01 -1.259938985057764138e-01 -6.529777383838934746e-02 4.416458313483394571e-01
-1.220357333362143692e-01 3.946551445963531468e-01 -3.421275222919034076e-01 6.929245381646192969e-02 -2.995121084552012092e-01 3.517927538146026767e-01
3.651911889019763269e-01 -2.595324839855516763e-01 1.423758435626623353e-01 -1.456788141318646757e-01 5.562312484212532659e-01 -1.288092830389308274e-01
-3.728153223301379233e-03 3.086230390591515604e-01 3.732936747664026833e-01 7.686080593773983449e-02 -3.364593068405200560e-01 -3.865577493093283468e-01
-1.126428445616461521e-01 -9.377923459863526934e-02 -4.755558456486382868e-01 2.141212707062334353e-01 1.126253685303329199e-01 4.467360565061909705e-01
-2.186188565741345805e-02 -4.199615131922140310e-01 -5.662699946355859333e-03 -5.098576050074428434e-02 5.778507079203791807e-01 5.368855372585656233e-02
1.498005385403550771e-01 4.895270247316207413e-01 -1.756062492042778367e-01 -2.234415288450679604e-01 -4.139505091500588763e-01 3.515120595433263162e-02
9.706977687802553767e-02 -3.165902512982415873e-01 2.096559655546424705e-01 -1.106941637927008060e-01 4.943584139956650469e-01 -3.373325235518490617e-01
4.337563017256065162e-02 -4.213518276408608210e-01 1.128853503985285250e-01 1.740699994196678868e-01 5.034808844136995365e-01 -2.443308818207076683e-01
1.916945453081034256e-01 -1.327916840344788574e-01 -4.422397519732938487e-01 -5.862052408686369009e-04 6.851766259359060030e-02 5.182302683441046831e-01
-6.174049256271726960e-02 -4.102359620884070135e-01 -1.643876961450835006e-01 2.547511388130417886e-01 4.378125299094040579e-01 2.606379530684070911e-01
2.526707582908953031e-01 2.764429335092485340e-01 3.059917084545740740e-01 -3.295189067619808676e-01 -1.950119449175708453e-01 -3.564171467950918992e-01
-2.554270076816324564e-01 4.153669596246681306e-01 5.084709485051262107e-02 4.987463765892604095e-01 -2.400225403010725622e-01 9.772652133954784492e-03
-2.101698760754492079e-01 4.963508399091455525e-02 -4.523406861351486064e-01 1.309367263986152830e-01 -9.128018368165034813e-03 4.858454273571247151e-01
-1.322321280144408973e-01 -2.127668153237494142e-01 -4.153976781459728929e-01 2.213134033178854043e-01 2.542677199956286382e-01 3.950863131172449028e-01
1.123611079236896404e-01 -4.432163623700496324e-01 -3.414168834154979876e-02 1.837410365764262921e-01 5.417312277508585794e-01 1.232849628346267545e-01
5.322532672142962218e-01 2.416630350507836811e-02 2.359143495737716159e-02 -4.272744958020430195e-01 1.901403072925036131e-01 -2.039148332367796135e-01
-8.443167681961094573e-02 2.485278593235429323e-01 4.019879707885978815e-01 2.489660546851249490e-01 -1.650167623718014620e-01 -4.452586276078492333e-01
-3.204419325794740647e-01 5.360877849190606725e-02 -3.283686815752000498e-01 4.943016532930627482e-01 1.650556195407458793e-01 2.406414157866963999e-01
-2.882785465715208550e-01 -1.665950901452585842e-01 1.679713020142100388e-01 3.484008995863883129e-01 4.303436966157098698e-01 -3.201919572550645521e-01
-1.726317244498894177e-01 -8.599385553546254335e-02 3.845898573083990635e-01 1.804802795707501073e-01 1.734131536029654141e-01 -5.143094230486293661e-01
-5.117500277718631946e-02 4.121976898056993188e-01 -3.802807171470046210e-01 2.703514566873077563e-01 -3.346236696553203660e-01 2.018520794870808377e-01
7.394518186783453906e-02 4.432524791309387924e-01 -3.371660779584465528e-01 1.671015693327129181e-01 -4.202488831057715757e-01 1.585024452401110340e-01
2.723946176708342271e-01 -1.855479549583673449e-01 -4.018853990674815524e-01 -1.363230544703181724e-01 2.875718008728777586e-01 3.785680339582823128e-01
2.403739252258643017e-02 1.613083591195877131e-01 -5.063750672393791952e-01 1.270132941847669783e-01 -1.988636350517136442e-01 4.208099727022329706e-01
2.657308420463438958e-02 -1.235797135484128784e-01 -4.856537228450731880e-01 5.386813102638156325e-02 -2.976396687803109509e-02 5.095616237486564337e-01
-3.621677736781445112e-01 -8.928804038889976563e-03 -1.942327124545188410e-01 5.244199678127174913e-01 3.264718433908775364e-01 1.243086229194405590e-01
4.414720877807303268e-01 3.086529173463927259e-02 -2.662938861881780084e-01 -3.988574217167102365e-01 1.374806545453503559e-01 2.651941003933923624e-01
-4.241077836443475357e-01 6.196181674780065068e-02 2.415915529388225000e-02 5.427757305496280216e-01 2.940931769463049350e-01 -8.191299747158445332e-02
1.888955614848884801e-01 -2.318644860265155483e-01 2.699334944390866520e-01 -6.479167113645853404e-02 3.518742412852153834e-01 -5.013588536633714066e-01
5.024953835636837285e-01 1.990593478111186698e-01 3.334860878340382279e-02 -4.910929021807713957e-01 9.320831492329161028e-02 -6.373894511013375452e-03
4.883375519892742544e-01 2.704636903138377124e-01 -3.955733008980092530e-02 -4.829427713399714883e-01 3.259915385872141913e-02 -4.547305577889295541e-02
3.638824132637656361e-01 2.180556617660412699e-01 2.543754199942384053e-01 -3.905680997166228186e-01 -1.037462190117574290e-01 -3.176804977196684421e-01
-7.647549954258980875e-02 4.123102307283161294e-01 -2.462323033173368647e-01 9.931162256239717268e-03 -5.351134352547943784e-01 6.186230217244792495e-02
2.667875460798272980e-01 -3.352385764500865895e-01 -2.180059125520361352e-01 -5.554958145078336962e-03 5.454462832048765364e-01 1.695811594292478686e-01
9.216605745165344643e-02 4.454032363112459536e-01 -3.451482319286633405e-01 -1.332785096134899705e-01 -3.778579510337490288e-01 1.758275492666999118e-01
5.445137181376632496e-01 -3.740558606729693560e-03 3.161834068731683191e-03 -4.057558981091189398e-01 2.405748248409622925e-01 -1.899641606834004126e-01
1.615124654435783069e-01 -4.026088636568912471e-01 -1.621720383968759949e-01 9.610388665603032676e-02 4.828783678448724248e-01 2.978650043163548755e-01
5.181114401868300995e-02 1.597486042278398466e-01 4.529554347928075875e-01 5.636401590489142216e-02 -2.513172283662467033e-01 -4.586388568914471775e-01
5.813497220797383264e-02 3.939490192953735703e-01 2.693071284426427070e-01 1.530855933196125784e-01 -4.112908606585972682e-01 -3.159903303611937275e-01
2.689802195648220984e-01 4.996806530723271744e-01 -2.649445936681552038e-02 -3.895447012765231865e-01 -2.478204411897457216e-01 -1.135980913686074900e-01
-3.967546525526336465e-01 5.614031099821008286e-02 -2.041846430121208866e-01 5.340844481218409712e-01 1.487620270874061013e-01 1.493118723373627332e-01
2.109691250478121782e-01 3.461170964666051564e-01 3.203386643896526387e-01 -1.839684390770682798e-01 -3.267562409341563390e-01 -3.051737593544860960e-01
4.341948044674628360e-01 2.757092096635017087e-01 -2.427056880495033209e-01 -4.043232888241767853e-01 -6.711991678892181845e-02 1.807982638546333232e-01
-1.671235798658111671e-01 -7.222859235762192631e-02 3.954756445343742821e-01 2.365927466869687801e-01 1.617296887337454914e-01 -4.889884024361636494e-01
-3.976632939641920328e-01 5.927542256557000871e-02 1.688326006980685745e-01 5.024337587983758180e-01 1.673059180219506337e-01 -2.532511678356054174e-01
-3.966650450718245957e-01 -3.585015106704163290e-02 1.120484757001081327e-01 4.851477843149519242e-01 2.910571790738092357e-01 -2.278599405373667453e-01
-1.039290385365499864e-01 1.980715318400118607e-01 3.787475564948338813e-01 5.879102747356238501e-01 6.197076113865135349e-02 -3.303609999516263218e-01
-1.201271225767636466e-02 1.250386480433820779e-01 -5.125109695883941496e-01 1.583588354902142614e-01 -1.593446837552232875e-01 4.309399598791179287e-01
1.057588918333891015e-01 -2.805875640219520073e-01 1.890025098801799974e-01 -1.341963585403994907e-02 5.336194901173569871e-01 -3.792081478234969882e-01
2.006723886789388012e-01 3.479141236667264159e-01 3.097234852745682221e-01 -1.925208076330475471e-01 -3.514228258571126529e-01 -2.872077849774225533e-01
8.411080298592973903e-02 4.741367658238878624e-01 1.354290273568628800e-01 -2.601800910214743245e-01 -4.533414619982257809e-01 -1.033762596115064825e-02
4.616363183036858442e-01 -2.488865382565667583e-01 -3.493540749738512780e-02 -2.373155549811030718e-01 4.536892993190714818e-01 9.868147499346943685e-02
-1.849936431745781151e-01 4.442127072946726041e-01 -1.804284021587697351e-01 4.110235858336360737e-01 -2.060616307750359755e-01 2.906413888206267337e-01
-1.906734629380811008e-01 2.128636245266558313e-01 -4.469660783135682713e-01 3.307618370007436859e-01 -1.017511315555032214e-01 3.462065278908261767e-01
-7.533284573264598105e-02 3.508258743107262601e-01 2.889760960421398073e-01 1.943557406065389292e-01 -4.717185175191614399e-01 -2.117122200463947834e-01
-3.894528400672636614e-01 1.244748957945016471e-01 -2.038443889061059555e-01 5.754641538553481039e-01 7.559535485779095287e-02 5.412069655540890922e-02
2.900939035768152971e-02 5.239344146441069494e-01 1.215167297484675696e-01 3.415457883721009780e-01 -3.787948237627436487e-01 -1.741197396553590404e-01
-1.795723414667416834e-02 5.025748663222200374e-01 8.386087380812352887e-02 2.931791923899085828e-01 -4.417737103314257618e-01 -2.290939290634547154e-02
1.823376133162758761e-02 8.001547709632017558e-02 4.551226574555712889e-01 1.651705092593634960e-01 -1.355364417662375809e-01 -5.102513438429359116e-01
9.601697284654391040e-02 2.204237325827549943e-01 -4.855677740003951359e-01 -8.655741915824073651e-02 -1.787565908749115806e-01 4.129430276866607463e-01
3.343006824628252383e-01 -2.093634804243248715e-01 -2.883292247203925740e-01 -1.895300214602110844e-01 3.616283889892194514e-01 3.437860169018310819e-01
-3.964088861277404452e-01 5.534659562725612048e-02 6.921379321505441440e-02 5.596029380641278639e-01 2.318932618736019857e-01 -1.650353618370770381e-01
3.550040849918879582e-01 -7.863743782897934798e-02 3.698798992754491199e-01 -1.967966423207012649e-01 1.734728813825612836e-01 -4.250769198564787188e-01
-1.495001352319364207e-01 2.031966946215751357e-01 3.697548238790899777e-01 2.881485652223240157e-01 -1.305855125883880752e-01 -4.651422075809231726e-01
2.944504981169436195e-02 -3.530531707806462971e-01 -3.178505934824127910e-01 7.144520859413337754e-02 3.133109500931987035e-01 4.265920470710938273e-01
7.749211619912009519e-02 4.660355011528686392e-02 4.758440389528909575e-01 -2.036119513876749609e-02 -1.197189115731403797e-01 -5.053601030064223121e-01
-6.968302468654166693e-02 3.431109281235268926e-01 -3.953222394055602162e-01 2.208850798273110649e-01 -3.416377630032561563e-01 2.730260280713474597e-01
-1.687557705257492716e-03 -3.048771684740942400e-01 -3.788066638914582285e-01 6.975801562474907846e-02 3.176570957685521113e-01 4.005177999202546024e-01
5.938435990665820452e-02 1.472336212543336534e-02 4.563071283570228065e-01 3.152977249871933285e-01 -2.734550698275387687e-03 -5.102349404909899411e-01
1.173273462604851741e-01 -4.284578736977505131e-01 1.114279796313796533e-01 1.560330927731664041e-01 4.879113049187945861e-01 -2.870307932279144714e-01
-2.600956529719937738e-01 2.268191100939243310e-01 2.439674533853478933e-01 4.886207073137205370e-01 -7.165278418389478543e-02 -3.479264054835567999e-01
2.670438470696372413e-01 1.834594036955599083e-01 3.810083253789982582e-01 -1.870815140340296168e-01 -1.562726354790905936e-01 -4.426131276931628000e-01
4.653427600382294416e-01 1.931484805448160091e-01 -1.844296465566125365e-01 -4.743109368822512883e-01 4.969118570756539399e-02 1.261680585566924973e-01
9.910026958211236303e-02 -2.538280226665453054e-01 -4.082612294717500312e-01 1.492392189498198407e-02 1.826955132429638473e-01 4.874851325566507132e-01
2.335010973078368579e-01 -1.210272742765212128e-01 4.022704358608255037e-01 -9.759374023471728554e-02 2.974210253170142537e-02 -5.292040960344539524e-01
1.000254699161801236e-01 5.469384749266724688e-01 1.569319151330704140e-02 -2.007083942693160261e-01 -4.066525526600011098e-01 3.063625138240796963e-02
4.019457684164612910e-01 -2.152247315396202398e-01 -2.399879111902799844e-01 -2.049186972480360747e-01 4.076863316362172029e-01 2.536691840558957800e-01
4.697292012046855314e-01 -3.859574794138151410e-02 2.071706505395525810e-01 -2.960708215538170318e-01 1.269735467669275975e-01 -4.142286846651691001e-01
-3.123401730244806385e-01 -1.084166679499031644e-01 -2.412787850563663516e-01 4.766091854674036621e-01 3.262531020795506054e-01 1.930265231748202748e-01
-1.965226132115653057e-01 1.754810891400534478e-01 3.984225772002959465e-01 2.980663001193625261e-01 -6.263565715882826734e-02 -4.374495553308501705e-01
-2.958773069686479462e-01 2.408147702349069663e-01 1.430457487829317198e-01 5.720886978638213272e-01 -1.321403700540833837e-01 -1.848863749670620893e-01
1.988164013915562633e-01 -4.211355490922302214e-01 7.498732992367090552e-03 7.691251818311425903e-02 5.416511382227577887e-01 -2.337091399880443787e-01
1.549371986800460732e-01 -3.146962208034453923e-01 -3.379523888670090126e-01 -1.517708081402727172e-02 3.507319146050369429e-01 3.888670718789198344e-01
-4.116554894795820818e-02 2.965943704708240425e-01 3.852327301197479015e-01 2.048060956767310814e-01 -2.301111363403712806e-01 -4.284497995780375268e-01
-4.253053964220133709e-01 1.458486213535504783e-01 -8.715461641021947370e-02 5.494925238753526342e-01 2.586933718364758383e-01 1.052903805950969746e-01
4.653787499290253094e-02 3.972504144934678183e-01 -3.858933017872888116e-01 7.220701836540668883e-02 -4.134216049145273408e-01 1.990442778120091183e-01
-3.624203634812674102e-02 -9.974083049479677554e-02 -4.929822951244560159e-01 1.821921901068711547e-01 1.038922109708384639e-01 4.613866446134534671e-01
-2.301619505061869575e-01 -1.559789190796420366e-01 3.461090131224512922e-01 2.687668735539233689e-01 2.249066472913017478e-01 -4.323485732958974315e-01
-2.192304559896164629e-01 -3.715779298831782818e-01 -9.620600827860767423e-02 1.716806159859690373e-01 5.116245218724290167e-01 1.629116542220073460e-01
2.506802463003112713e-01 -1.449131322446763348e-01 -4.468452614597248629e-01 -1.194951704884280042e-01 2.353493094731470281e-01 4.007222203516541126e-01
-3.262826836952224530e-01 -3.240983725296869345e-04 -3.251090292347318944e-01 4.382829733449286613e-01 1.265068012163728939e-01 3.068350181177466607e-01
-1.543097029040730594e-01 2.776562756790031949e-01 3.216966811240868362e-01 3.276797544201104362e-01 -2.215887656886015855e-01 -3.983314792267413362e-01
4.695036915129229271e-01 2.738721311918849710e-01 3.508491792907234702e-02 -4.785208179992767041e-01 7.887856949299776321e-03 -1.395629999508685715e-01
5.495294042523928280e-01 -1.097703862410296244e-01 1.399084783682799649e-01 -1.373953664953955212e-01 4.824332601996880188e-01 -2.813149783330484710e-01
4.721853038491803378e-01 -7.965271523885561478e-02 2.323043132272459566e-01 -3.050218560676637436e-01 -1.097800087665925517e-01 -3.962188579913551445e-01
1.461602136277915798e-01 5.184327071413845633e-01 -7.476024401137157382e-02 1.875628680044592600e-01 -4.786499763812511743e-01 -1.063581473620750506e-02
-2.097265544127704107e-01 -2.025622297476873390e-01 2.916486749429059167e-01 2.394764898249324425e-01 2.795639535333892534e-01 -4.605288097257074220e-01
2.292789093412667401e-01 1.180763480070827071e-01 -4.610209320570458624e-01 -1.845255111608506693e-01 -3.441892110127821314e-02 4.364817668093561309e-01
6.828482213411368740e-02 5.638657430149160259e-03 -5.232489145191366875e-01 1.225278975426315475e-01 -5.886738213769812655e-02 4.731930856140859065e-01
3.779978095987805986e-01 -2.931284097064623673e-01 9.586409523039900182e-02 -1.786703700219863800e-01 5.334761230257689668e-01 1.312665349915459467e-02
4.371600044001040797e-02 3.774178259441004490e-01 -4.016864940110933535e-01 2.241683524025733787e-01 -3.757619129455703755e-01 2.308933267208571616e-01
-5.940237112350909079e-03 5.895110230633100468e-01 -1.954429380817580483e-02 4.808175755050773659e-01 -2.835195208835949998e-01 1.019627094214202098e-02
2.676113872196872467e-01 6.071503691154610249e-02 -4.769756060244164098e-01 -1.783078335358180833e-01 3.111996406926616915e-02 4.176081967711981480e-01
1.432907932323696509e-01 -1.641885677598658444e-01 -4.528496865045673614e-01 -3.086924671825722055e-02 1.648443726312571189e-01 4.752697048573240046e-01
8.822125344209803821e-02 -4.439789707515310879e-01 -1.434042584119284425e-01 -5.689583945344976745e-02 4.632646201596133939e-01 2.513742821651868131e-01
4.114182184796083552e-01 -3.875075166262328952e-02 -2.108126219913415422e-01 -4.262325687342207736e-01 2.481254133646696725e-01 2.539918795136308360e-01
-4.307547716679969996e-02 -3.255811076487408195e-01 2.285726368581021684e-01 1.532318770842791555e-01 3.994096445126420480e-01 -4.316181173542041893e-01
4.111141222391671568e-01 -2.605562240346086522e-01 -8.301742985742346925e-02 -1.756389477402586219e-01 5.393104951001586045e-01 4.321278241484763361e-02
4.398218221668830918e-01 -8.918393840187932575e-02 -2.620173800797965247e-01 -3.329151775878867459e-01 2.850890221742504727e-01 2.506201918865739731e-01
-2.217085378106613824e-01 -1.117769036806813693e-01 3.234473861982364307e-01 2.625308983894109049e-01 1.891043343301527790e-01 -4.981258905347059063e-01
-2.329226377945871618e-01 1.290353116414308735e-02 3.878783245095756560e-01 3.097357242504243380e-01 8.350668901367948316e-02 -4.491026168530689033e-01
-4.102708982126235249e-01 -8.481016693523470151e-02 1.115486131958424165e-01 4.395692506157846680e-01 3.319538961109376740e-01 -2.110648353653653553e-01
-4.174425486862329282e-01 5.989073732285778856e-02 3.513010742113949203e-02 5.565426994085587165e-01 2.371790410742894983e-01 -1.060137689839935199e-01
3.662508529728470807e-03 -3.555987015517761418e-01 2.661645094683973145e-01 -6.549248788299559532e-02 5.435513019404616397e-01 -1.659776635384324073e-01
-1.521303209638349974e-01 3.852182456588003068e-01 -2.510238526819046911e-01 1.488416966155718946e-01 -4.892190363849357460e-01 1.294696221716657991e-01
-1.218781489578629057e-01 3.566265445390587319e-01 3.487269533719091208e-01 3.078167105744679666e-01 -2.300396346348141385e-01 -3.377023014716032390e-01
8.054568754313781720e-02 1.977483177965869421e-01 4.396570640959443499e-01 2.953806927972523616e-02 -2.658161182116864918e-01 -4.449367616497622024e-01
-2.263100625965084045e-01 -1.732326758574203596e-01 2.458462843783750518e-01 3.393281475226387345e-01 3.321076564412920873e-01 -4.058319827177698791e-01
4.217063012510426367e-01 3.423479901981250073e-01 -8.592171091919778569e-02 -5.004525356908005040e-01 -4.188633415372172708e-02 -4.134522115220501393e-02
-9.113166505650879823e-02 1.098941878640503356e-01 -4.909404206524076719e-01 2.699339948477238460e-01 -1.244945294550795223e-01 4.116633232083266036e-01
3.554512630577842947e-01 -2.659626383904883928e-01 1.064906450546759531e-01 -2.416928536620046586e-01 3.355523489466918363e-01 -4.241680247846990603e-01
3.471377835346976526e-01 -3.170094675893985192e-01 -9.172621926371260503e-02 -5.903777096303219896e-02 5.808886167466477124e-01 7.798073131321614504e-02
3.268924027996360504e-01 4.416772521224099912e-01 -1.084416773349372309e-01 -3.968532572219851673e-01 -2.481812933263341514e-01 -9.148859881772125613e-02
3.125015149733175734e-01 -1.553950401800731351e-01 -4.156555240872643053e-01 -1.859890622897263923e-01 2.271871808614800703e-01 3.622506325427429785e-01
5.138705533756233734e-01 -2.732142704983300807e-02 -2.735331306106502658e-01 -1.688688572157551748e-01 -2.048428434222662464e-01 4.352355509452309756e-01
3.850882729795509496e-01 2.975521022584243225e-01 2.319495824447282695e-01 -3.320614365634332321e-01 -1.277500547061834468e-01 -3.201503807717761552e-01
7.451495860940203497e-02 3.677001610409823540e-01 -4.250881153366825593e-01 5.611463993119986116e-04 -3.753350508209526426e-01 2.400656319976341990e-01
-5.947173549855817865e-02 -3.907926999376902799e-01 1.336430146443989275e-01 3.366686551238603498e-01 5.271296828893305975e-01 1.114779515341399324e-01
-1.395730433905420786e-01 5.027776830560876098e-01 -8.866193880412677475e-02 -1.889797043611650407e-02 -4.784455052842849776e-01 6.179929019057985029e-02
4.313069611694605315e-02 -3.960216907639247386e-01 -2.327328291714734765e-01 1.110740558480886042e-01 3.453798082113375689e-01 4.348804699663423867e-01
-1.619195669738288657e-01 -1.666977039764535595e-01 -3.704461673047707015e-01 2.961795054967071295e-01 2.513046212567829896e-01 4.140404775154213346e-01
-3.582067627532862231e-01 -1.347872116811986987e-01 7.071592173651840285e-02 4.158239608436102852e-01 4.753335875901923968e-01 -9.848528755142867130e-02
2.875793557116990140e-01 1.444002315814662540e-01 -4.529022865028225486e-01 -2.219391539903547983e-01 -7.237964654146386567e-02 3.798025667987572906e-01
2.872723018622952984e-01 1.381544257261147768e-01 4.336255666211186188e-01 2.317922951759898709e-02 -4.095819651007368001e-02 -5.140946018332703815e-01
-3.410155894873550531e-01 1.478835577159189896e-01 2.189556268788396820e-01 5.096266580930801648e-01 6.188080945247476095e-03 -2.873349601302787604e-01
-3.143034857234084933e-01 -1.384626016724675168e-01 1.852874803957844096e-01 3.668916898501403123e-01 3.321149824226540259e-01 -3.755421462489932360e-01
2.427159627773801120e-01 3.170149296695138896e-01 4.167469186296376971e-01 -1.815521492814446969e-01 -2.610990989475946988e-01 -2.802328077657126326e-01
1.256800883957851778e-01 5.414780377890737045e-02 -5.100650518458934579e-01 -1.428607650593982925e-01 2.648271275110802847e-03 4.518255906792597587e-01
2.974098028088655032e-02 5.327137476866851129e-01 4.784218285340105514e-02 2.745222541982381137e-01 -4.119434501037274599e-01 -1.705723464301696912e-01
3.507100319009914119e-02 5.351833646247494691e-01 -1.364379427695164571e-01 -1.481537627323933348e-01 -4.115277376216944782e-01 1.284521741393086780e-01
-1.975173003761280799e-01 2.053973762954638405e-01 3.848084556804253209e-01 3.150941892746401130e-01 -1.155574982607532331e-01 -4.115692368603836027e-01
3.581497573095775988e-01 2.751124838255067373e-01 -2.221690439723022215e-01 -4.405424052008169444e-01 -1.581158667818646779e-01 1.954480363470809945e-01
3.072477555833596496e-01 -3.393990571937545719e-01 1.305380604980668213e-01 -2.438951170520416434e-01 3.329905822659632864e-01 -3.635608230165879307e-01
1.084937100742580651e-01 4.190386415450919055e-01 -3.523121153139542883e-01 1.662266021557128048e-01 -4.519333521028133238e-01 1.356168748607476382e-01
2.102608425946450033e-01 5.105117691117699863e-01 -9.356571305138917938e-02 -3.683685533814768376e-01 -2.915151821210711924e-01 5.455853077271334561e-02
4.566978482716262944e-01 3.425779420509892925e-01 1.201055579430635317e-01 -3.956444606183836532e-01 -4.646640800994061848e-02 -2.294042161144231873e-01
6.199256397920090145e-02 -1.624429011526853373e-01 4.128450193948468017e-01 8.762874064916945094e-02 1.830075287496111813e-01 -5.252417500066113298e-01
-1.389367719907289023e-01 -1.508713260941741963e-01 3.443764398912803615e-01 1.763079880457025239e-01 2.453557427404298164e-01 -5.179604149353649323e-01
-3.406171139945506909e-01 7.268624331234432856e-02 2.057639860021106826e-01 5.128158760906043057e-01 8.775004974025397975e-02 -3.152208632691652079e-01
-1.160871658562844938e-01 -4.082363663408040688e-01 -2.944666349287467302e-02 -3.656851580318888628e-02 5.885943826560989800e-01 -3.173623725377443944e-02
4.490813147273968742e-01 -1.674370722818269847e-02 1.385486068569421747e-01 -4.239432732401383630e-01 2.928789472296795537e-01 -2.382296842514796398e-01
-3.834977990714733553e-01 1.864692435400961412e-01 -1.236382410888150624e-01 6.044413884191195407e-01 7.533533826158690661e-02 -1.581701443109910510e-02
-3.196517517698891364e-01 -2.206672967066498348e-01 -1.644286780175265583e-01 3.897643485070648728e-01 3.803310751215144281e-01 2.037149810718761056e-01
-2.048224816627671474e-01 4.102956152645031440e-01 1.477429444302670591e-01 4.434261978479564492e-01 -2.873130879715947716e-01 -1.574057843592416017e-01
-3.673219989943797836e-01 -1.784607502874663854e-01 -4.743967167133613782e-04 4.234963409930064815e-01 4.334156946773693453e-01 1.413961152158096576e-02
-2.584098240182159389e-01 -2.782042482951953000e-01 1.503287788693061233e-01 2.400847342006061091e-01 4.846717794133287294e-01 -2.614033449367975104e-01
-2.879404583014967822e-01 2.718660243191594050e-01 -2.147693026451140963e-01 6.033733156034970513e-01 -9.624942311481993196e-02 4.990176454531139449e-02
9.094443816511905976e-02 5.316028547591915981e-02 -5.344475625896448756e-01 -6.140373017177684634e-02 -1.284328361074604241e-01 4.370533245936848443e-01
-2.676317164405838667e-01 3.908163883312376630e-01 1.314913506478972427e-01 4.809549910478503887e-01 -2.279513274582793958e-01 -1.067195963470907727e-01
3.522490611191242960e-01 3.721453769555493896e-01 -2.218411109749430510e-01 -3.895915481135069913e-01 -2.092794906166678404e-01 1.122511425449317091e-01
-3.043512985512906721e-01 4.426349261441585997e-02 2.984217364509208492e-01 4.988394946098896887e-01 -4.356443980091938978e-02 -2.907902831725430737e-01
-2.304019671515381562e-01 -3.591969248523768643e-01 1.282942385167665511e-01 6.466639378386623838e-02 5.239061574584978898e-01 -2.364846100859535338e-01
-3.674154155144037093e-01 2.561377717280413635e-01 4.805458599441822520e-02 5.956690030311205808e-01 1.962481802326143665e-02 -8.051456071143073268e-02
1.299924711882440298e-01 4.799323578990117856e-01 2.141004366802982672e-01 -1.418668383488522200e-01 -4.399513772837136960e-01 -6.857681667463738640e-02
-4.096525421201707706e-01 1.058759149321038123e-01 -4.835641687763789394e-03 5.807837046295113437e-01 2.409226778313627859e-01 -3.309184374738472628e-02
-3.353019337856674165e-01 3.838347678448690292e-01 -1.478338577128447406e-01 5.169280979853971836e-01 -2.216953494737294861e-02 1.821123182942062102e-01
1.945144663375230343e-01 3.504234396226179604e-01 -3.773105276355712134e-01 -1.297509877015204094e-01 -3.659367649176032411e-01 2.404920077007168255e-01
4.879276277715902110e-01 1.618920307832296956e-01 2.042644209715587800e-01 -3.648630324754949528e-01 4.064842737991386512e-02 -3.037199079492455822e-01
-3.506257991428346488e-01 1.995293782281015726e-01 1.711687475913198642e-01 5.398150557248342363e-01 -3.677113085813996096e-02 -2.177748902125632158e-01
2.360846234917246267e-01 -3.542281376190917208e-01 6.285562587186109551e-02 -2.340445943351420477e-01 4.402482701851084257e-01 -3.215735041222548274e-01
-6.581974721584680013e-03 -2.919481121013132174e-01 3.192033142634064236e-01 4.613991705910464036e-02 3.513018139856158850e-01 -4.446356312717275605e-01
4.734703801182477134e-01 1.202675396332068269e-01 -2.798182406660471022e-01 -3.919564641740442834e-01 4.084502292409147861e-02 2.148821141123533618e-01
-2.894662145743761017e-01 -1.273526944775565106e-01 2.229415670388881776e-01 4.247422315317890829e-01 2.637884654607454138e-01 -3.575021326536286792e-01
4.671332795450907627e-01 -1.111461401965686685e-01 -2.229277761551936854e-01 -3.411984191341047579e-01 2.724500562323358688e-01 2.236747574198898192e-01
4.723617690494959914e-02 -1.769930406071593132e-01 -4.575613991940436498e-01 6.784292959202181672e-02 1.055814472039211527e-01 5.014625945527235729e-01
1.131662266177237142e-01 5.461503003208900697e-01 -4.521007124703079610e-02 -2.640986431137845036e-01 -3.794785936248296077e-01 -7.491476379369670091e-02
-1.670111012676434303e-01 -3.288288363548590998e-01 2.323988778001172262e-01 1.485418393890217958e-01 4.102251044985964490e-01 -3.627696816449429429e-01
-1.317045738291630075e-01 4.049938045756872884e-01 -1.817574566886648313e-01 7.645224659276306234e-02 -5.369664580851918334e-01 8.164641890864238194e-02
-2.162535139111805282e-01 4.695470803921856229e-01 -1.021426904345250769e-01 5.260259276500930392e-01 -1.938789164458001313e-01 -7.870863492384957971e-03
-2.323240168810379591e-01 -6.164214624762719835e-02 3.428979568807806744e-01 3.356421536808836814e-01 2.106178344389965651e-01 -4.338188074636908920e-01
3.327315634178591996e-01 2.582848493656860756e-01 -4.016318568559715252e-01 -3.095344444907522363e-01 -9.875562360278061780e-02 2.766132874300669120e-01
-3.818323335691838905e-01 -1.089397307397437648e-02 2.273532686701950356e-01 4.470972956208832949e-01 1.653350771907969863e-01 -3.035129966863392426e-01
3.726828572740091827e-01 -3.171635178596399207e-01 -1.736521704728769822e-01 -1.025315917684072042e-01 4.894121480878763641e-01 1.779255912280494900e-01
3.210761102155534896e-01 -2.886569133895292016e-01 2.154783995197463164e-01 -1.146823137371602019e-01 3.841779899305289292e-01 -3.823575218069460435e-01
-7.511149036172592997e-02 1.212788295142691319e-01 4.252233671287334871e-01 1.963500691305036239e-01 -1.661480392388992866e-01 -4.933050302748501204e-01
1.324021928092712908e-01 -2.547224564024122007e-01 -3.730309208762010442e-01 1.305825669462869210e-02 3.018886046747922824e-01 4.491254824919006516e-01
-1.687264149819883985e-01 1.622911904229249191e-01 3.915673045017170617e-01 2.768529806773338819e-01 -6.567021641589146363e-02 -4.741651017046931704e-01
2.975626409274849116e-01 -2.332234931379077447e-01 -2.380435188606463137e-01 -2.105451393028082152e-01 4.025395108545389289e-01 3.430174817442336321e-01
-3.759291653213290424e-02 -4.147876489394753396e-01 5.550213325626436600e-02 -5.141633069886388657e-02 5.455412201716867138e-01 -2.230250222823862427e-01
-6.377835172655871299e-02 1.968192568888126881e-01 4.339418571432975269e-01 1.831148528299309797e-01 -2.192666016204012913e-01 -4.412245863932892642e-01
1.134707740698433082e-01 1.461229159776579467e-01 -4.988482924111246053e-01 -4.822946724106623451e-02 -2.161026102403410809e-01 4.191090596026207926e-01
5.471061322875637734e-01 -9.863434264537977725e-02 1.023310592811155356e-01 -2.644300167998568929e-01 3.177222198916453966e-01 -3.076156342739270189e-01
4.478527454906507388e-01 2.203628257387548472e-01 -2.237449182480910626e-01 -4.548665286975324684e-01 4.332879443517606566e-02 1.683735125474572492e-01
3.237822490839241119e-01 -2.519446994086307345e-01 1.917670396847826475e-01 -1.668044725280043994e-01 3.930647117049831385e-01 -3.941404002346378666e-01
4.288826419641368903e-01 6.000355993750662587e-02 2.735230146634229365e-01 -3.167756135837451192e-01 -2.726980008504918673e-02 -3.870654552356987410e-01
-9.729457884981210225e-02 2.920125181600002895e-01 3.643976721594166523e-01 3.201505029744546871e-01 -2.123255309573901517e-01 -3.915009558808754120e-01
2.368885427695056611e-01 4.695743131409018667e-01 1.397295682191241339e-01 -2.805030004866777560e-01 -3.535124507511674952e-01 -9.443740227984626090e-02
-2.944662405075711420e-01 3.658633828997553405e-01 1.253173241059258314e-01 5.026427009654808042e-01 -1.350600834039232256e-01 -2.118666261794013295e-01
-8.695191841341336214e-02 4.699356012210740285e-01 1.972662357513236264e-01 3.133115154478976483e-01 -3.936952480528614906e-01 -1.092153129525628152e-01
-2.493902784342959603e-02 4.611049361782486034e-01 2.370524478758301579e-01 3.338508099052644451e-01 -3.570627235371789943e-01 -2.122487127325596579e-01
4.236376833624378446e-01 2.033160147424930009e-01 -2.747215620936304670e-01 -4.133843008275986386e-01 -2.176406584829815305e-03 2.323948572418199077e-01
-1.597118578724863180e-01 2.416261740962020732e-01 -4.384445786471430351e-01 3.576123223009977092e-01 -1.398391453552499941e-01 3.276232399326705069e-01
2.622566314006569144e-01 -2.338481811069251237e-01 2.324746630924503510e-01 -1.375066307032009050e-01 2.935475188808968627e-01 -5.172206816352846737e-01
-2.728307308145810905e-01 2.328405853196607311e-01 -3.506452653371834871e-01 4.653714780472916202e-01 -1.110646661231973753e-01 2.296879810493014928e-01
2.304754553316648580e-01 -2.059647667224693279e-01 3.447955227828347069e-01 -6.589461529104528870e-02 2.182440755815987510e-01 -5.108981369752192414e-01
-1.296087115519065081e-01 2.750892504745037354e-02 4.183602694591123661e-01 6.166547213389825255e-02 -5.376894893179722662e-02 -5.598054086633326154e-01
1.780911100834072780e-01 4.245182129916530989e-01 -2.978491792762338886e-01 -2.035506570000663040e-01 -3.698658288803369776e-01 1.747008769469392542e-01
7.252350132354599965e-02 3.302928011439971306e-02 4.679717976414191072e-01 -1.024213874790412676e-01 -6.466026668056587545e-02 -5.117480798382840756e-01
2.430170672440136737e-01 -3.782607491556023716e-01 -8.732249494870897299e-02 4.655460344025824648e-02 6.002375939319606335e-01 -2.452525861579449296e-02
2.438302094276365017e-01 3.561171954040289744e-01 3.028105439957122225e-01 -8.785586411920826011e-02 -4.612098552856596090e-01 -1.683166583880731371e-01
-4.334076399674222091e-01 -7.031218563742813732e-02 3.993787236369451821e-02 4.614226220696508451e-01 3.295792515886009633e-01 -1.584698910327113630e-01
4.893656055254667070e-01 7.407390762507400084e-02 -2.052778336535066583e-01 -4.396194932387667009e-01 1.651667435922297700e-01 1.534543526770044131e-01
-2.743148857464650092e-01 -1.770785258992054190e-01 -3.052373734889203827e-01 3.975622392078976830e-01 2.178246973878134596e-01 3.213666268179580787e-01
-4.033589015841459458e-01 -1.050922281794007540e-01 -1.823354219481381211e-01 4.338792518199005577e-01 2.630799323599946060e-01 2.219930765383474891e-01
4.524752422485954773e-01 -1.874585740590705707e-01 2.144436536366176732e-02 -3.144989448071094928e-01 4.539373619211339306e-01 2.422018023811912252e-03
1.341819269994967978e-01 6.919852596731461414e-02 4.812213245894217395e-01 -2.004184269070335700e-01 -1.314996364270820672e-02 -4.575338774864829428e-01
2.606903525517029752e-01 -9.207143170198682502e-02 -4.514573397590202486e-01 -1.432505131470153126e-01 1.886860773902618305e-01 4.191786336000443702e-01
5.746932513877517357e-02 -4.091554515294478639e-02 -5.046781421117961797e-01 1.514271596158983935e-01 -6.878881089280722283e-02 4.905077733820699670e-01
2.571491170470019960e-01 2.538990528986927453e-01 3.755489691206911340e-01 -1.715794389220965388e-01 -2.079646307447540754e-01 -4.009004902956687655e-01
1.528018181242072615e-01 -2.299983971481692757e-01 3.382083425330279502e-01 1.864753298832788619e-02 1.900531340200969921e-01 -5.593212329924119874e-01
-5.135117976701029929e-02 -3.907844489211890759e-01 1.537735813849195332e-01 4.733625412271251498e-02 4.827365249070267317e-01 -3.229044007733368749e-01
1.402128292930955589e-02 3.938267477578518694e-01 3.498997055851810201e-01 1.412742722768643433e-01 -3.689530651115081605e-01 -2.841142010297253995e-01
4.315847643860662441e-01 -2.709649630411993804e-01 -8.961909996190443872e-02 -2.399094396935722018e-01 4.360987037503032959e-01 1.320935631649628461e-01
1.970199015457949621e-01 3.776550114223788390e-01 2.355977489331635977e-01 -2.153319429083409564e-01 -4.256741639532824473e-01 -1.940860794401326195e-01
-3.673525558160165017e-01 1.039739244961955938e-01 -2.477073423368242600e-01 5.632272899541370670e-01 1.501626220379324028e-01 1.154561950203767118e-01
-4.293467729374868536e-01 -3.834156599300623386e-02 1.186879661284448578e-01 4.210852353181755992e-01 2.127993769833687876e-01 -3.435821130408412416e-01
-3.826463092482413897e-01 -7.157596914587606440e-02 -1.556368780264168472e-01 4.688038356334132128e-01 4.126928238713988284e-01 4.564994938809893710e-02
2.211607898380477943e-01 9.724829561651049392e-02 -4.860116704037653612e-01 -1.609100535103876461e-01 -1.667614042010058528e-02 4.310723462145352736e-01
-2.915466770861462886e-01 1.249181168894889227e-01 -3.169022710663050302e-01 5.191625575561062966e-01 1.356146975386772480e-01 2.684490081056025157e-01
-4.103181721814140870e-01 9.998422795265644869e-02 1.185192582103820752e-01 5.504706175369539212e-01 1.652258080998025014e-01 -1.509773795634814508e-01
-2.180468448686781469e-01 1.958881924859898552e-02 -3.968193660144835877e-01 3.785360823330939373e-01 1.084360056250071591e-01 4.007989565210264282e-01
-6.058328658054326632e-02 3.866114407222639993e-01 3.061298351673830687e-01 2.491768198965828851e-01 -3.322909793531255151e-01 -3.161466201521377362e-01
1.754169541474718541e-01 3.361542063252180301e-01 -4.498459116459569973e-01 -1.269312084237803895e-01 -2.932678244557428981e-01 2.659847217844366618e-01
3.299924482859828423e-01 -3.166171919964077541e-01 -6.370334491430616752e-02 -5.861635481276072923e-02 5.996766922921896725e-01 3.319204078324174134e-02
3.091580403639953012e-01 3.224369928135518149e-01 2.330325030683522425e-01 -3.473419078451432940e-01 -2.369129207736114240e-01 -2.730657998051422286e-01
-3.661778452335802680e-01 -1.976595520498920788e-01 -5.787978099136063120e-02 3.651847545804841055e-01 4.735264627884383515e-01 6.302547562990196139e-02
2.967309956784183744e-01 8.876942505503281067e-02 -4.669245198239164729e-01 -2.081936848031609721e-01 1.534104334634417421e-02 3.931099793679578847e-01
9.668862571990755050e-02 5.205660627360388926e-01 1.041359291800229708e-01 2.394539390145987712e-01 -4.631555348130252936e-01 -4.996485048682358654e-03
-3.767522166342435197e-01 -1.608016061476892980e-02 -1.856026984307888039e-01 5.281314573001164581e-01 2.413166342881986892e-01 1.534141545732091716e-01
-6.875068090740210289e-03 3.986750394751035764e-01 2.895938514963417587e-01 6.843577196877419222e-02 -4.646898089954041855e-01 -2.093344156874563100e-01
1.810524439433079391e-01 -1.555391607729432191e-01 3.551270490904357424e-01 1.581320484747567034e-02 1.645970610461122141e-01 -5.777227744837829526e-01
1.332279182461811318e-01 4.767774433258561428e-01 1.749989251418111180e-01 -2.131427030170143788e-01 -4.138012174115903719e-01 -1.197841167124382988e-01
-2.774056989471005430e-01 3.096975111446819695e-01 -1.974163022881548768e-01 5.985959476831090864e-01 -1.268901703405246328e-01 7.552747757292394004e-03
-1.544814783834566052e-01 7.151660982078368589e-02 -4.254540146452692184e-01 3.417564004026075741e-01 -6.286532878489163589e-02 4.322694036164033138e-01
-3.723442582605828721e-01 2.713446862352830169e-01 1.015414213756045403e-01 5.705180937388945051e-01 2.771454439943621395e-02 -1.257358083924891290e-01
-3.736382227397849198e-01 1.607216495833396208e-01 -2.648976986129056299e-01 5.400421736157141606e-01 4.149649219476646278e-02 1.236553803368411475e-01
2.311432874271856508e-01 2.715047681554091374e-01 3.516194738968473898e-01 -1.698765893432546692e-01 -2.509263698466560610e-01 -4.008755523198632154e-01
5.109466254133953056e-01 -1.279187007599242865e-01 -6.512108425466371642e-02 -2.933009085578520692e-01 4.660723816622388549e-01 -8.410787187433588219e-02
2.826282287414884076e-01 3.906856463193006390e-01 -2.191193666918124783e-01 -3.950549451634788323e-01 -2.692963941194926325e-01 1.051786784832039467e-01
4.840703546380730193e-01 9.981967472535430153e-02 1.799320936780178792e-01 -3.961940990283898678e-01 8.060048351189187665e-02 -2.941618994292392042e-01
5.191548407150938793e-01 1.787317740139578170e-01 -1.458300094012133889e-02 -4.806061691987812967e-01 1.749382886462468034e-01 -3.611280643746583169e-02
-1.085144805130168616e-01 -2.894348044847829260e-01 -2.093051062730256762e-01 1.793263696130001361e-01 4.606719036268014933e-01 3.860834823350648426e-01
-2.529373591837242308e-01 4.333445793247660272e-02 3.654243535885269289e-01 3.628346156046618476e-01 9.151666966104984868e-02 -4.210254855863274082e-01
4.901043954834485294e-01 2.499088127319292960e-02 -1.512465732955955711e-01 -4.429557509211186073e-01 2.445042806335539776e-01 1.337317253391364369e-01
-4.364572134044059637e-01 -1.458555446219140898e-02 -4.851506662052820079e-02 4.703595037009390967e-01 4.069000748669874268e-01 -5.428618845867754644e-02
3.913204075144067762e-01 -1.928275833984486598e-01 1.174167945476940617e-01 -1.866201222316594688e-01 5.877542043713545050e-01 -1.206521380725337073e-01
-7.015111926856183733e-02 4.748490781877680034e-01 1.475621616741362996e-01 3.144433923424698185e-01 -4.233549659835933454e-01 -6.531469632805039782e-02
1.587421570716879239e-03 -2.339643663128579132e-01 3.302561127187294554e-01 9.566948871690598988e-02 3.216135536295716690e-01 -4.958684175513401460e-01
3.525196016426975776e-01 1.864643844533515615e-01 -3.947401347456685472e-01 -2.786506763429418276e-01 -5.779078377489549334e-02 3.414415636015000755e-01
1.575466515842459947e-01 1.511623210578644794e-01 4.496946649067448676e-01 -3.600527528737626493e-02 -2.158245002809862090e-01 -4.601725367045060300e-01
-3.618682803013478222e-01 -9.778477928597387181e-02 2.036229242932809380e-01 3.971952619766463966e-01 3.091436311946168525e-01 -3.045422137554872344e-01
-2.468388599931186159e-02 1.309173061427700707e-02 4.571793933900674678e-01 2.987613414429676206e-01 -6.103390248357393882e-03 -4.888727891981241025e-01
1.696815764136734017e-01 -4.155693594992008744e-01 -1.114939898838082089e-01 1.818980869583687321e-01 5.618217652509349680e-01 9.959212081458809762e-02
4.429960584096863663e-01 -1.254598159984172678e-01 -3.490362772685193238e-01 -2.195765110941508835e-01 2.638611917849192356e-01 2.908283514144936466e-01
3.931305556574140048e-01 -3.315881740232332064e-01 -1.135066877764746990e-01 -7.414602142093429382e-02 5.107682486203395378e-01 1.549858777538675736e-01
-1.034734179881930671e-01 3.945684039437951096e-01 -2.948197857103914132e-01 3.651513803860324536e-01 -3.381843048498601734e-01 1.986011969243939301e-01
-3.286775051269985037e-01 1.560178299171580407e-01 2.648733291908194065e-01 4.588781941148795673e-01 -1.205558642000209568e-02 -3.280072214367013572e-01
-2.539634777639965812e-01 -1.754216647388375239e-01 3.074278252405922007e-01 2.972601314268026873e-01 2.833801860352822555e-01 -3.894605405662358022e-01
-3.612743712348835956e-01 1.764817868418561975e-01 -2.324828041732023565e-01 5.651224237624763447e-01 1.028576044509443843e-02 1.054045424803033704e-01
-3.148757812970076064e-01 1.532500634205644086e-01 2.293848931624525023e-01 5.080543987917360838e-01 -1.181336849730096894e-02 -3.142509979840060197e-01
-1.317329933811787479e-01 4.023960120435270960e-01 2.254261742798598089e-01 3.631546727792395179e-01 -3.248932491174177373e-01 -2.501119719106023043e-01
1.501809250545440289e-01 2.776257288549036084e-01 3.844017601791508976e-01 -7.769527020813563056e-02 -2.865512143287623492e-01 -4.091830282414309905e-01
-1.970291037898687370e-01 5.413910459653546725e-02 3.843377660104340121e-01 3.057916199137119539e-01 4.594339233929907451e-02 -4.800141010638518946e-01
2.356857598708326784e-01 -1.436840634589178212e-01 3.812162406234768097e-01 -7.056901526398867697e-02 1.470984102833426954e-01 -5.252348422659705030e-01
3.707161642988859307e-01 -2.502820441307954114e-01 8.892203810298825173e-02 -1.418560284307352481e-01 5.916952057489581751e-01 -7.943489797413118281e-02
-3.204865069187782800e-01 3.349277422983518160e-01 -1.063904427313749484e-01 5.725449068483452475e-01 -1.101965822940883521e-01 -4.036597998296129197e-02
-1.979583814429106969e-01 -3.918631536913979030e-01 1.127026567073324548e-01 1.072820656892498059e-02 5.383214383568754036e-01 -1.893015364754207230e-01
-3.878705844267122393e-01 2.290693586758917044e-02 -2.619548352831813087e-01 2.499700266099781909e-01 -6.061809167407607168e-02 5.036710032871385412e-01
-2.010090535431493242e-01 1.912684495792248418e-01 -4.116166122811477646e-01 4.082551208674550791e-01 -9.779656853108414927e-02 3.267861105501345120e-01
-9.133473115644723250e-02 2.431943422612983449e-02 4.342891843382595263e-01 3.450005678014682609e-01 -2.008118441458999273e-02 -4.643987993065802899e-01
-1.338428695839791460e-01 2.088667007274941922e-01 -4.347783386311229181e-01 3.280392100377624853e-01 -1.250421440027442155e-01 3.869088451165687559e-01
4.461164875380381201e-01 -1.281114665113582962e-01 9.164449708878991130e-02 -2.900426436566487798e-01 5.361160300167091552e-01 -3.824609693071534533e-02
-1.998299441504996707e-02 2.969589878517233661e-01 -4.505291514166070987e-01 5.622288383530206490e-02 -2.482069423953408016e-01 3.843281852690961786e-01
-3.302968835517101631e-01 -2.448331890984754011e-01 3.755713691044341301e-02 3.302334837900684494e-01 4.675801099253452664e-01 -1.994384858198746668e-01
-2.177958817015237247e-01 -3.526723165898493217e-01 4.019643673471210571e-02 1.162829857999621852e-01 5.785929657769640633e-01 -1.051867952667260298e-01
-2.024487376592376542e-01 3.095827100982180835e-01 2.923058289442549973e-01 4.114225641830598912e-01 -1.750767985076899791e-01 -3.308050644706513332e-01
1.595388668825677425e-01 -8.155313374574188479e-02 4.325753583968818816e-01 -1.546709853937561774e-01 1.022915695792514790e-01 -4.988071053589244741e-01
3.650405742185405256e-01 3.527885471643599780e-01 2.528646892150568370e-01 -2.778348087423461177e-01 -2.633936245237873952e-01 -2.021416550006824853e-01
-2.276793618402257469e-01 2.925865178486919960e-01 -3.515085444184733454e-01 4.397164462238742910e-01 -1.872290637246830092e-01 2.180174366024726362e-01
8.822601041271650735e-02 2.659959830619462728e-02 -5.175085059910420338e-01 -1.055735934735472920e-01 -3.193674935293142753e-02 4.617847133953975058e-01
-6.161233282231238367e-02 -4.101899206419442057e-01 -7.966676981202099050e-02 8.770049107239183406e-02 5.390283915423537131e-01 1.972633232341874931e-01
1.905761452496477770e-01 6.755682520997611205e-03 4.444791611968738620e-01 -2.414407471854373988e-01 5.419946980774049961e-02 -4.561375673278756371e-01
1.194005874858018318e-01 -3.678617187266703947e-01 2.249636266659526540e-01 -1.326262609709702445e-01 4.866399673879631127e-01 -2.292492486295364951e-01
5.402070698499320534e-01 1.661002595355457953e-02 6.912266474809286576e-02 -3.883210271726096341e-01 2.069576584054581836e-01 -2.496301420782196523e-01
4.667314340291587316e-01 3.818640090927440806e-02 -2.369902503104781011e-01 -4.115779589403224525e-01 1.521286509306929435e-01 2.273262084562104324e-01
-3.107613616821516267e-01 -2.840716362235921610e-01 -9.000808399729598452e-02 2.686344486656161434e-01 5.041322824903364808e-01 1.174408915978137902e-01
2.776724058644139959e-01 3.628258314986558264e-01 3.173829379060150169e-01 -2.141794736057132109e-01 -2.877722747071485565e-01 -2.612394198223434438e-01
5.289613290879095764e-02 -2.977677680590319342e-01 2.505168723372110939e-01 -5.700203358941137444e-02 4.833755909927199834e-01 -3.640866141560556990e-01
-3.940586566038418725e-01 -1.550071875775854979e-01 -2.000437473522584299e-03 3.580519257436882707e-01 5.027473790278723653e-01 -4.309304058558436484e-02
2.012164793341238711e-01 -7.415843272699301769e-02 3.408143609900478599e-01 4.300674523144587535e-03 6.097162932149854941e-02 -6.302489902628016782e-01
4.095783460112287777e-01 1.172051422650495500e-01 3.188585475179879225e-01 -3.029485994689834483e-01 -6.881777991673782013e-02 -3.576773527767320715e-01
9.672435302299757509e-02 -4.228213309874995218e-01 -8.291456966157158270e-02 2.733228321004194661e-01 5.572120476008449730e-01 8.450380074397120800e-03
-3.158214022835212353e-01 1.960675437483815065e-01 -2.802249297149463914e-01 5.605289435721443336e-01 1.491715878436922216e-02 1.660873033081307626e-01
3.705953551885833308e-01 3.849167637962173094e-01 1.352091273991582743e-01 -4.077662059713159648e-01 -1.774669850841089636e-01 -1.438568130235925169e-01
-2.219982973286351302e-01 -2.865017241398097325e-01 9.826934464657553769e-02 1.445906142674940886e-01 6.324681418467117400e-01 -4.701298498604052079e-02
-3.366186945171752432e-01 2.890700245212652897e-01 8.872735956215042907e-02 5.667166151741847013e-01 -1.112423674412971186e-01 -6.533531309422814515e-02
1.367279325114578448e-01 1.986841163780488639e-01 -4.995107911012764967e-01 -1.487594961179607711e-01 -1.522648045620817181e-01 3.923029691567274657e-01
-1.305762978066541125e-01 -3.725727138630499646e-01 -2.616435904496033360e-01 3.004272579019185985e-01 3.236418877465011001e-01 3.123957492059827312e-01
-2.546448279761914235e-01 -3.287579714692731581e-01 -3.660571158662243030e-02 1.996066407744791493e-01 5.559924558433508857e-01 6.766453588593228374e-02
3.245699313886709625e-01 -3.661298033047601097e-02 3.859140111146228680e-01 -1.776942752479070409e-01 1.462126166084954937e-01 -4.592519298908329661e-01
-2.391106450787989779e-01 3.503547939586306170e-01 1.690601148159399103e-01 4.884378102489271845e-01 -2.148180448569843581e-01 -2.198523527334284577e-01
1.674835659110919528e-01 2.156343006354141389e-01 4.064567303725946101e-01 -5.785498948675746322e-02 -2.188444542459567488e-01 -4.655815411544892979e-01
-7.990523747182248782e-02 2.080294894723432320e-01 -5.146868206716542771e-01 2.744954993925930453e-01 -1.980901510091500062e-01 3.276117934344963123e-01
-3.921090915547272293e-01 -3.265597410883135793e-02 6.961099355525565691e-02 5.131183450301719517e-01 3.117266539214952892e-01 -1.793144843791215914e-01
-2.219741537766650730e-01 -1.255592087817243019e-01 2.837810419548767449e-01 3.423406713637823229e-01 2.773666032610863086e-01 -4.367739997430826193e-01
-1.020995588439994536e-02 -3.640341832510608500e-01 -2.295706640761803197e-01 7.524925765776864506e-02 4.606798239458771427e-01 3.294852626019318942e-01
-1.144581602856660912e-01 -1.200776326680094847e-01 -4.489153861836834847e-01 1.069504652027353647e-01 1.413862894177908558e-01 4.905604453345346339e-01
-1.569438896396585514e-01 4.506037600974183155e-01 -1.848465001649237660e-01 2.179097232879093071e-02 -4.727728113571141311e-01 1.549027550307162659e-01
-1.107020626990398576e-01 -3.548578498518449864e-01 1.619703778529811289e-01 1.019785571660646456e-01 4.848393462517176511e-01 -3.377050896152646864e-01
-9.129997041321781873e-03 -1.082711876418935848e-01 4.100094238139261327e-01 1.167998717941272357e-01 8.462715376867377404e-02 -5.630948347401810716e-01
1.830237414988215849e-01 -1.280235463164766663e-01 3.971284978726104531e-01 9.868741401966196758e-03 4.450834642297243904e-02 -5.725364400978212309e-01
1.515877957419959066e-01 -7.346578435330065882e-02 -4.633610144974703027e-01 7.590323499258526396e-02 -2.628008694861969780e-02 5.326537229560488473e-01
3.682885384194174438e-01 3.229920389930842628e-01 1.384336750798334792e-01 -4.096679374360984172e-01 -1.761276964208293716e-01 -2.432248259322768724e-01
3.091518042339349015e-01 4.332754253554604862e-01 -1.453355320383898919e-01 -3.869170814199733299e-01 -2.720485689227332138e-01 -1.114846291479285045e-02
-1.862707662778805007e-02 -4.169217774341082428e-01 1.160432771164557758e-01 2.211173766843269606e-01 4.574753781064412883e-01 -3.058005464588944289e-01
1.942655795511707417e-01 -6.118768765441823243e-02 -4.740801821595272969e-01 -1.056247922339274559e-01 1.466022966085627210e-01 4.569886054982835732e-01
-4.338575602614440085e-01 2.119206198882579023e-03 3.529918750434062058e-02 5.127557794326682572e-01 2.616387868306474518e-01 -1.559409034333911759e-01
-1.617644401477832949e-02 4.089222210960388737e-01 -3.702575882080361147e-01 2.509265464281030811e-01 -3.618116094218309375e-01 2.082105224011152611e-01
3.929688546741155752e-01 -8.084177146926380120e-02 2.829509892721214226e-01 -3.014238096577552817e-01 2.084195774022831182e-01 -3.759471058617915307e-01
-2.340016775604018273e-01 -2.958676084665427530e-01 -1.684746456190777120e-01 2.795222061805927583e-01 5.037468728837524168e-01 1.428289072717685015e-01
-1.864669775249066241e-01 4.814261355258838207e-03 -4.424838911005162245e-01 3.331006545398479401e-01 1.888111864022073288e-02 4.118296340392584298e-01
3.371251120186029016e-01 1.452344061784707485e-01 4.027427969960915011e-01 -1.852001236938068396e-01 -1.029362505588894972e-01 -4.130927705495522906e-01
1.231533693600198043e-01 -2.241546110661685742e-01 3.699276821529015602e-01 8.181307026893333556e-03 1.469547615380252248e-01 -5.515164335959534814e-01
-3.429489957945117129e-02 -2.943031493829934009e-01 2.894385952270112639e-01 6.648499659125935157e-02 3.438647577607529815e-01 -4.738340525336636744e-01
4.538958073295529805e-01 4.566912650128906320e-02 -3.242857132628512717e-01 -3.489327207534783093e-01 1.073522330539981307e-01 2.687248674707815033e-01
-5.596272882642877589e-02 2.130977944329030260e-01 -5.183716417538222210e-01 2.247803913922611918e-01 -1.854837756134603277e-01 3.547354722185988019e-01
-4.132479865211957093e-01 1.529658822412938157e-01 -8.601788830573062206e-02 5.772788771103174454e-01 2.207203123989344151e-01 3.342192757796420832e-02
4.720414567552193297e-02 -4.547557841192572670e-01 -4.293546347797023294e-02 2.269005589082428442e-01 5.180695218990638562e-01 -1.889495828009137013e-01
4.106755985866845093e-01 1.840467494814315430e-01 2.605986429844003305e-01 -3.620746732728087891e-01 -7.115475325459921785e-02 -3.205460983170682066e-01
5.314360819737675712e-01 1.132786215066884927e-01 -6.883940998299829805e-02 -4.574653869768496861e-01 2.617243995447231519e-01 -7.498234820455446092e-02
7.776669247929957063e-02 5.041264504735429863e-01 1.340972040814244481e-01 2.269614963672320074e-01 -4.590141062529661253e-01 -8.973572129237161743e-02
-4.803149869475092926e-02 -2.855547637248288528e-01 -3.268519653464141417e-01 1.374861267530392839e-01 3.646239415990112920e-01 4.099321697919779961e-01
2.067605411651517178e-01 2.248718783854165015e-01 -4.364060488117276204e-01 -1.990235793113765694e-01 -1.680833602296988860e-01 3.887760086846943075e-01
-4.549475168904654893e-02 -1.489222821152242915e-01 3.909169003685030730e-01 9.657288849477888015e-02 1.157801897315077766e-01 -5.628909351050943588e-01
2.873697515616273068e-01 3.741018313325735201e-01 2.515723100995144734e-01 -2.297639133324488880e-01 -3.172130856286609624e-01 -2.530626651252542714e-01
3.277870411903435199e-01 -1.866597906682053720e-01 2.495836552512195050e-01 -1.643051330687154143e-01 3.460932729858433587e-01 -4.389070601547452322e-01
1.194367753652919584e-02 9.776507626715957855e-02 4.992008171508066638e-01 8.568772096560842155e-02 -2.382912412167316751e-01 -4.397496434901667639e-01
1.894339257037000734e-01 9.778362304422871798e-02 -4.929731809022058209e-01 -1.048785019819084841e-01 -3.985141459937482922e-02 4.527735036400384883e-01
3.246924563012750786e-01 3.661094831536143568e-01 -2.407568881410880601e-01 -3.697058854906272174e-01 -2.345069297785563611e-01 1.555647835261936562e-01
-1.498301704747505856e-03 -4.078831837516411762e-01 -2.030963379327423435e-01 2.023619240045587409e-01 4.389813751623181104e-01 2.880873621522826444e-01
3.077792865778884446e-01 3.793085154894804689e-01 -2.176447523894661229e-01 -3.637735943907955960e-01 -2.377630009467614491e-01 1.925252997422530754e-01
2.163984832757566701e-01 3.902284127393906843e-01 -3.752968357942552680e-01 -2.123588310100856247e-01 -2.827646444846140250e-01 2.274033470285799496e-01
2.730935863839271671e-01 -1.900101235611852124e-01 3.140688347851506301e-01 -9.461140453416144735e-02 1.839904839907395007e-01 -5.373514992477637087e-01
5.144608965332321260e-01 -5.174865553729951495e-03 2.442825577626621392e-02 -4.182553670346873531e-01 3.498343336725527886e-01 -3.888714630421424845e-02
-1.729140508076436600e-01 2.907746648946619161e-01 2.919253962753970977e-01 4.161356548890413620e-01 -1.748852889220103846e-01 -3.685147990716935440e-01
-3.585319958776777560e-01 -2.342787203375553892e-02 -1.231072300120710367e-01 5.702074820686360290e-01 2.576724192693382043e-01 1.186066676713773554e-01
5.092773886156156671e-01 1.506169495200521125e-01 1.013485351663433176e-01 -4.387796262545512471e-01 1.422238996687695545e-01 -2.166411710658897871e-01
2.984045370801818309e-01 2.756224444887511726e-01 3.696826510829978596e-01 -2.739386072755758961e-01 -1.325767709244516923e-01 -3.415112223755759069e-01
2.649498216327721423e-01 -3.879692908866329004e-01 -5.551417552301539902e-03 1.043059468761554920e-01 5.990421173506201846e-01 -6.974622630575039867e-03
2.775967458107886920e-01 4.077870651465773100e-01 1.658285448293555786e-01 -3.375816052950810220e-01 -3.130250044795162556e-01 -1.535232308225276954e-01
-2.367513924667946079e-01 2.345020113794118455e-01 3.028431706412034741e-01 4.294566269373399359e-01 -8.756937729636554701e-02 -3.697911248552991914e-01
2.225145469155766498e-01 -1.777352571587261232e-01 -3.686389251920989540e-01 -9.268942889652381778e-02 3.126904273891316088e-01 4.438443679087561433e-01
3.624283661250062294e-01 3.358455210087318288e-01 2.269931179363179619e-01 -3.635750400715069275e-01 -2.041229312003421392e-01 -1.988626379364865360e-01
-2.807851077765164197e-02 -4.650795712381307623e-01 -1.249029430935816309e-02 3.548308695715486349e-01 4.497248597041389462e-01 1.160136339145749484e-01
1.957609261157541303e-01 3.357868389199488157e-01 -3.974857374539410571e-01 -1.846363908454824454e-01 -2.509757072999301841e-01 3.173622153320040939e-01
-1.051075173730522533e-01 4.321610103055460450e-01 2.344694998541650144e-01 3.226331427826929499e-01 -3.738063721057876543e-01 -1.747425553672693199e-01
2.265319128651257508e-01 -5.827730103549706719e-02 4.020776707809432526e-01 -6.519449511177044521e-02 2.903802493787664696e-02 -5.504304587061814580e-01
-1.083095043508190275e-01 -2.294042489621204717e-01 -3.501866249221782801e-01 2.199601839380692092e-01 3.224670526553841676e-01 4.164143652948428254e-01
-1.820162472452394320e-01 -1.854847983730585070e-01 -3.487315135288110990e-01 2.908092197329253947e-01 2.856487902933185774e-01 3.958953859364320871e-01
6.986596334883335424e-02 -2.616926653089067245e-01 -3.982348617287880255e-01 8.247642378277175723e-02 2.379841583095723689e-01 4.678852501645863193e-01
2.949836348413217846e-01 1.046490954771170934e-01 -4.582578431643440364e-01 -2.227822803795480033e-01 -8.131724827714029158e-03 3.897981358882561809e-01
-1.160038553598666533e-01 1.749335244269017431e-01 -4.679771374640566139e-01 2.962805822703691305e-01 -1.711323569438549241e-01 3.747920766384766345e-01
4.806922539116338933e-01 6.835529805743480181e-02 1.769651716068249281e-01 -3.927138668721567583e-01 1.173762616881638965e-01 -3.075538613548589595e-01
-3.242371174122261612e-01 9.276711697016519487e-02 -3.060117789632257890e-01 5.139103297722519281e-01 1.033514335525068245e-01 2.393292418857723702e-01
1.112043448600378570e-01 4.674202718593869488e-01 2.402295145573301594e-01 -6.731082955350051189e-02 -4.578075541335019372e-01 -9.456266353615000453e-02
9.458263210290977774e-02 -3.626130494329951603e-01 -2.831902510854115151e-01 8.454295996165481220e-02 3.952371297715842613e-01 3.691611196212675194e-01
-1.734025562137077592e-01 3.908002616070487822e-01 1.855187722594985877e-01 4.338579872436573726e-01 -2.809937990138852704e-01 -2.386596954569830675e-01
-4.137200509765455725e-01 1.120751985439263909e-01 4.776523394142884876e-02 5.713082749746778433e-01 1.936661200364297730e-01 -1.040969358169893111e-01
-3.950868186246860314e-01 3.199886512646749614e-01 -1.667642789748061474e-02 5.792322024151372872e-01 1.008586317083316197e-01 -6.848839340002656206e-02
1.094128911949010657e-01 3.189856553120085647e-01 3.655277778538644773e-01 -6.536708931027812586e-03 -3.708839937286791399e-01 -3.490599057533437799e-01
2.524439247492065719e-01 4.516282557655370566e-01 -1.260752165968723748e-01 -3.707554071567328857e-01 -2.980658009922150797e-01 9.659362714669009198e-02
1.478564245593219917e-01 3.780369781498471582e-01 3.679409906320811330e-01 -1.304537488453073324e-01 -3.288676346158628805e-01 -2.823122798941399281e-01
-4.175978479253490416e-01 1.860290113508490939e-01 1.344602952626409477e-02 5.702391966274765744e-01 1.376617462202676667e-01 -1.343327953199458524e-01
1.057070934062297601e-01 -2.066418489036261630e-01 -4.562415785774825427e-01 7.879945001219995637e-03 1.591761251730827997e-01 4.692891118252487392e-01
5.243056779342881724e-01 -5.469873260132514931e-02 2.289280445596332536e-02 -3.769300155052754953e-01 3.553939368103683494e-01 -1.171008645626755579e-01
-1.241931641172376449e-01 -1.575112089776442570e-01 -4.294263393699541687e-01 2.294648076915339896e-01 2.048262917652234338e-01 4.329178926693854623e-01
-2.428206830494187077e-02 5.090492559766578440e-01 -1.526608821790721993e-01 -8.631530601739142994e-02 -4.791261551013643594e-01 -1.244235858217920820e-02
1.109223138351723287e-01 2.111351201178530701e-01 4.490131843744196716e-01 1.861119724260867914e-04 -2.699154407769858155e-01 -4.206579324621543825e-01
4.808754886595259515e-01 -1.224016848899950188e-01 -1.565468214702231131e-01 -3.156584377578424694e-01 4.659535538755037454e-01 -1.736414624329904455e-02
6.659481443499946918e-02 -3.413287318634908862e-01 -3.300481670404895040e-01 2.666253281185256702e-02 3.141170431331385959e-01 4.241376515237668676e-01
2.054663345755618209e-02 5.465218217645012588e-01 -1.787239784073511306e-01 -5.607174575556428398e-02 -3.097690512835281629e-01 3.320553914789022842e-01
2.864702678024396154e-01 -3.793618128528218614e-02 -4.578686140938347804e-01 -3.544799731068581927e-02 8.795750541670879774e-04 4.881028271486331227e-01
-3.450185705237309719e-01 -4.917036676133842293e-02 -2.786755554048555572e-01 4.396830740060971854e-01 2.060046497088573736e-01 2.862395178952100716e-01
-9.471995010659925440e-02 -1.516969089117375102e-01 3.963262193175848269e-01 1.471027606758522066e-01 1.171170209137473994e-01 -5.360153745639743006e-01
-1.803364452326366996e-01 4.728277698263662621e-01 9.954301893697981019e-02 3.725369347254678942e-01 -3.023124941869388960e-01 -2.062160313609383011e-01
-4.438774537050684255e-01 -1.191454555229648632e-01 -1.054084820108586174e-02 4.019415775886307496e-01 4.015923652779311848e-01 -1.263954479756406180e-01
4.555319530440075648e-01 -2.073728112022835690e-01 -2.350019661269751869e-01 -2.230020388738838677e-01 3.830741419208938403e-01 2.019923328741984603e-01
-3.414319647654234791e-01 -7.147010295044146921e-02 -2.230900803793509080e-01 4.713941899655238466e-01 2.426641279503098381e-01 2.674538291350730401e-01
6.800340799885647158e-02 -4.203080143019583548e-01 1.502734867973710142e-01 -7.670777665891505281e-02 4.484438477215350605e-01 -3.233602063301951879e-01
-1.174860299481922778e-03 -4.335863082517128486e-01 6.545974616142041791e-02 -2.350173126218283934e-02 5.034744555107870667e-01 -2.829920235999845435e-01
2.034398283533932553e-02 -1.749381871316348369e-01 -4.663890357223667849e-01 9.596836197295467719e-02 1.750797322181948390e-01 4.672963553029326755e-01
-4.163972567045524653e-01 8.912682351422827887e-02 -1.011696394080495165e-01 5.405820610609561871e-01 3.606718252583489548e-01 1.074663107284407060e-03
-1.049891894852040403e-02 -1.952207665189704955e-01 -4.550871001987035758e-01 1.356993031758110535e-01 1.549519540952477292e-01 4.701183610829089421e-01
9.429339982069201431e-02 -1.186286670277829913e-01 -4.684250474994214875e-01 3.267417005147014997e-02 2.489907054903975347e-02 5.193010577892493984e-01
-2.110084853682069883e-01 4.574249830021334118e-01 -1.549726753497342006e-02 4.631805346509987875e-01 -2.800536533431107200e-01 2.443299943010086156e-02
2.003496373335834080e-01 -3.472975259686519878e-01 1.766639313763956609e-01 -3.121488572870348421e-01 4.001678405508258263e-01 -2.459952917165151576e-01
1.006762370280825519e-01 4.130321537970488288e-01 3.410124373298519251e-01 -9.967581863047318691e-02 -4.174947071286334577e-01 -1.786838076770977390e-01
1.414548911155428523e-01 3.187751490514675323e-01 -4.652966802335807284e-01 -1.150228648299986556e-01 -3.038864546529925770e-01 2.739676080810442560e-01
4.743017339479655425e-01 -2.149736722451533466e-01 -4.194590733215583511e-02 -2.861176918194038854e-01 4.189597174198736451e-01 9.908867843826180133e-02
2.018194288217237398e-01 -4.171623639219481650e-01 1.199644881099909410e-01 3.730721638075598645e-02 4.605218603586955783e-01 -3.301534235605650403e-01
-3.162193589912423719e-01 -1.762244270163584869e-01 2.107092464404339838e-01 3.483666901311601172e-01 3.553428598923741855e-01 -3.144208353491780850e-01
-3.944341458478976548e-01 -1.342797249464299002e-03 -7.383600221204270064e-02 5.495644111755064731e-01 3.222509585127927845e-01 -9.385978399731750854e-03
1.439165779119524341e-02 -1.409897230787686695e-01 4.025524086039899974e-01 7.827549538300263010e-02 1.261316006030014925e-01 -5.589906500933532474e-01
3.795273328624759746e-01 4.014458088110597345e-01 5.944842917984095171e-02 -4.021869482222663050e-01 -1.955909945812971396e-01 -1.207454612360127910e-01
4.383925647994953434e-01 3.209896841043996529e-01 1.141471659269282929e-01 -4.028390280770862142e-01 -1.325232276325863379e-01 -1.802258050370684761e-01
-1.376778235184030474e-01 -2.294156693259064572e-01 3.451261725120737811e-01 1.945126082017056002e-01 2.587037733723809851e-01 -4.619605184533522868e-01
3.161524455769018638e-02 -3.335589257878678326e-01 2.663441021727531721e-01 -2.835533791505804452e-02 3.694176395478738772e-01 -4.423359933757552431e-01
1.764745566449497649e-01 -1.583569257693599741e-01 -4.139041893240164027e-01 -9.354504684375508639e-02 1.466273112166883996e-01 4.993723454242714466e-01
-3.808513452233038277e-01 9.459451349009065368e-02 1.665830253650499304e-01 5.526864521024505983e-01 1.078833962760003956e-01 -1.916495618719032401e-01
-3.487249924664816980e-01 -1.590577963101487691e-01 9.144972966710544771e-02 4.000313043452690120e-01 4.596154918959371449e-01 -1.464733050416482940e-01
8.341197084697561659e-02 2.621971407640689145e-01 4.015400183284989488e-01 1.977817074798170205e-02 -2.903731052162041304e-01 -4.294935927500553863e-01
3.888201393193829042e-02 -4.119621482775209231e-01 -1.934047951575251223e-01 1.556013271217419891e-01 4.624531142235324688e-01 2.775246588307706541e-01
-2.789631480826449197e-02 2.135841106727412453e-01 -4.736097308652436610e-01 1.012854514013328266e-01 -3.215231743462848013e-01 3.612389169737139638e-01
1.051177792411447515e-01 3.202500715474433379e-01 4.133782055360336605e-01 -2.387967438162356959e-02 -2.860706333334553930e-01 -3.713095411451362571e-01
-2.379981645458872919e-01 -2.979380824766568181e-01 1.802031500557726984e-01 2.106732795248761336e-01 4.141609384128139282e-01 -3.598051088845076739e-01
-1.541025327356312924e-01 1.181706651794692392e-01 4.264706486006281105e-01 1.081143604420981008e-01 -4.426729772902752991e-02 -5.247686531202149229e-01
4.942190560817528999e-02 -1.854794897959618494e-01 4.009605352929066502e-01 6.151553357721752102e-03 2.519451393185275778e-01 -4.972528972832116478e-01
2.429537714264135007e-01 -3.440849597428838891e-01 1.867936545548458116e-01 -1.203167531617804764e-02 4.398983122995291373e-01 -3.792033870515152949e-01
-2.084856552298236798e-01 9.570830331968838145e-02 4.016547358802247669e-01 1.599472706305808678e-01 -8.350833386262571101e-02 -5.105615630856534803e-01
-1.547698855360384318e-01 1.265336195754468152e-01 -5.150396197066329229e-01 -1.568640924497270717e-01 -2.689676338002078282e-02 4.731176207584365523e-01
2.208782905497988225e-01 -8.049285269534164899e-02 -4.636011869665275231e-01 -1.104350447553986980e-01 1.878998664257030271e-01 4.409411404962384484e-01
-3.087958806876792694e-01 2.925019412770663019e-01 1.228629122625819192e-01 5.673634625498120698e-01 -1.196349766178315122e-01 -1.271130189102856189e-01
1.941269970357973607e-01 -4.752445742342513157e-01 2.832591314707011421e-02 -2.176554532312932333e-01 3.823485221282658109e-01 -2.798449724397769067e-01
2.965346256213181597e-01 -4.159338097793403577e-01 -4.490349699065947914e-02 1.983264527339719530e-01 5.763529667370953513e-01 -1.205481129838041066e-01
5.999904504838064062e-02 -4.270073694166200834e-02 4.658134753154660745e-01 -1.266310031653143098e-01 -3.055404141088010825e-02 -5.165416961431241738e-01
2.383866747392111851e-02 1.159041723225000126e-01 -5.105038790982500130e-01 1.178063582930648501e-01 -2.129512686915414066e-01 4.291897794935157773e-01
-3.969532517121982518e-01 -1.222990659174326283e-01 1.211725980736244046e-01 3.837131215073355528e-01 4.270338211057152500e-01 -1.768096043463742162e-01
2.270390885785822377e-01 -3.960955511844273247e-02 4.134485228737476703e-01 -1.178790138515578567e-02 8.914580319721347734e-02 -5.490397765719482459e-01
-2.451803368825037632e-01 -2.219182536622600621e-01 2.555993257334485680e-01 2.944176282264272526e-01 3.346696293236892661e-01 -3.760999417693087210e-01
1.835276051338140257e-01 2.173891195366601248e-01 3.970630889148200615e-01 -1.021950430815707633e-01 -2.405704542286998815e-01 -4.447418748941593392e-01
5.113477923811260428e-01 1.009402982920798997e-01 -1.464116136278581781e-01 -4.578122757973341894e-01 1.891854304019779387e-01 8.367871408547480905e-02
4.068069437878342742e-01 -2.798521685171199147e-01 1.617668099848001972e-02 -1.993907848650475212e-01 5.136397192072074125e-01 6.998130804644614456e-02
4.945538983271199895e-01 -1.476383115575160762e-02 8.522869579351893821e-02 -4.379772232955717048e-01 3.140757619506043818e-01 -6.393641142251457743e-02
-2.174044087150850124e-01 -3.389866756579184015e-01 6.527231674041814036e-02 2.187437032268973180e-01 5.209608244596725113e-01 -1.998033733764801589e-01
3.514967229744119792e-01 2.256374467108430426e-01 3.252101644136328740e-01 -2.950852940580880879e-01 -2.635154244472924789e-01 -2.601625065302166084e-01
-1.669777322628592797e-01 -1.784679038148209024e-02 -4.747907454767017477e-01 2.685723078589167256e-01 7.341704186298939061e-02 4.207353990182383097e-01
1.945756244700507509e-01 -4.267998729750931974e-01 1.566478887780291818e-01 -2.386141320734550264e-01 3.475317561340696693e-01 -3.046081821705580728e-01
-2.405066730046284407e-01 1.732525981164453055e-01 -3.304125021826002651e-01 5.824990310992708142e-01 -3.413386865031048378e-02 1.984092678065392801e-01
3.634024089932685886e-01 -4.866630848801167114e-02 3.211623897221467794e-01 -2.205847488952724644e-01 1.774753652371656165e-01 -4.584650487547449749e-01
-8.252261697081363090e-02 1.530842530347507058e-01 -4.939693905207539482e-01 2.610272608184633913e-01 -1.552313972032390299e-01 3.931128724567550803e-01
-2.319104819231866330e-02 3.600092895483077426e-01 3.301890311987107363e-01 2.949612219697889115e-01 -2.928281388263693219e-01 -3.572572758710382268e-01
-1.492348673575920326e-02 5.365321989191299545e-01 3.285771118444104355e-02 3.362696496457976969e-01 -3.996313498639998407e-01 1.669630999946932273e-02
-1.265934125742948675e-02 -4.452873075488146815e-01 -1.747263585203842617e-01 2.353390777454850147e-01 4.014450393781994753e-01 2.959551865177928454e-01
6.470327737044849759e-01 2.550158254565657381e-02 -6.999368938886975366e-02 -3.306546841185723506e-01 2.213955639564847977e-01 -1.458407912616615232e-01
-3.835600959425841672e-01 2.846128693750893390e-03 -2.741073839871264739e-01 4.884621401057563372e-01 1.996664116056047489e-01 1.740432559451958183e-01
1.537863821635026551e-01 -2.372320583482089851e-01 -3.941886604335436139e-01 -2.467044872413776124e-02 2.313824199460682296e-01 4.710012783905983547e-01
4.885806014726636337e-01 2.351860766132462255e-01 1.574682549442002200e-01 -4.013024973277808383e-01 -2.179559320332061234e-02 -2.194514869739002949e-01
1.409944436829879133e-01 2.222140842885086676e-01 4.309166347124883112e-01 -3.670120618191416439e-02 -2.555840304233216731e-01 -4.293933196626257276e-01
-4.758903044262242227e-02 -4.928167096729267616e-02 4.354936177194470015e-01 1.734335458817249376e-01 1.013095939824978781e-01 -5.280785340552760498e-01
-1.046268157634564072e-01 4.963762506976021616e-01 -1.215152031728778531e-01 3.738174591693626536e-01 -3.496248156377218530e-01 1.138000567307326100e-01
5.213132301345674291e-01 -8.071284034752522485e-02 -8.749065090723455451e-02 -3.439745945573579045e-01 4.205247763150180562e-01 -9.364142991231289015e-02
1.100275075120225182e-02 9.375927116962029517e-02 -5.592767328271397442e-01 1.799033233433392498e-01 -1.334371096502002807e-01 3.998136701695867989e-01
