-8.426229161524319278e-02
5.220459558414549672e-01
7.137555744215254294e-02
1.555881920654116346e+00
5.117874178909146643e+00
-4.531941659662902522e-01
-7.475745897471977597e-02
-9.933489550844006033e-03
1.472850889836535337e+00
3.513963522802692196e-01
4.096110398425361621e-01
-9.009965511747582145e-02
-1.464768527754309879e-01
1.130840722635774842e+00
3.306852188617479094e+00
-1.651592741686666588e-01
2.278927271636646545e-01
5.462320418220177887e-01
2.897248894513360540e+00
5.434943832785042339e+00
2.223993158161303996e-01
6.406827595921939233e-02
-3.239525583729045977e-01
4.918756166872371161e-01
3.533232984146752020e+00
3.500862047449974646e-01
2.656847089274749774e-01
2.586766571396811876e-01
1.835042431051032041e+00
3.776442235278969495e+00
3.109524995632022004e-01
-1.610679724688226511e-01
-1.913940663512136153e-01
8.345992409028286652e-01
2.537348289179856220e+00
1.463626750479272431e-01
3.432188225523774561e-01
-1.726422385561674211e-01
1.039681284657958393e+00
4.561542731244997206e+00
3.173720041463542474e-01
-2.610121886653513079e-01
1.292880623112708793e-01
1.662422786522590235e+00
2.159995388321370502e+00
1.364295339888917658e-01
4.595660153573207785e-01
-1.163967241722176638e-01
1.038756878628041225e+00
4.273036581322494420e+00
-1.565371884724478871e-02
2.998427691677703621e-01
4.524670672464571886e-01
2.351913779709600139e+00
4.796155273111873285e+00
-5.017933380021378786e-01
2.037797151795117667e-01
-1.171297039394593280e-02
1.358941071827861613e+00
5.783961996178661913e+00
-4.307106677840448761e-01
-2.792389088724056209e-02
-1.710595434985632268e-01
1.077611690583028414e+00
6.264863646511794393e+00
-1.198221953391707950e-01
-1.484652127717520087e-01
5.175199173474416270e-01
2.994499281559304560e+00
6.916306288781068901e-01
2.608584583274216051e-01
3.061393294775796581e-01
1.168581335860187920e-01
1.632343770585890086e+00
3.613684320375721626e+00
-8.432467963228561236e-02
-4.022165826226437590e-01
2.292242536720151824e-01
1.962082511884289726e+00
1.383712343025191194e+00
6.171323360641024075e-02
1.254631906749782439e-03
5.930357299112385405e-01
3.479672945462881195e+00
5.138936725939120542e+00
8.098042261822177568e-02
-3.178945217693518455e-01
4.126538757907586286e-01
2.336869514905954404e+00
1.737608268309883908e+00
3.479875254795146144e-01
6.746543743879161725e-02
3.721959621461986001e-01
4.129354803305862909e+00
5.785412172188029167e-01
1.074682584866468171e-02
4.608790851483727802e-01
2.063759146419122670e-01
1.861599638641437515e+00
4.985967110512958378e+00
-2.810633063411165367e-01
-3.622909815063283245e-01
-1.058522752533707090e-01
1.214365564905645956e+00
5.683393112175844086e-01
1.716769100375040991e-01
-9.078629504504251435e-02
-3.719939297815030854e-01
1.122758272570413135e-01
2.809771980435159300e+00
-4.078425801412338680e-02
-5.358153709592330394e-01
8.831639918861727834e-02
1.641848459505292901e+00
1.236486651676420134e+00
-1.440163783445452539e-01
-4.505182799064315624e-01
2.318053972873939383e-01
2.013127544800403790e+00
1.005583910790051050e+00
3.038340294445533996e-01
6.697951224622897270e-02
-2.950385633702338195e-01
3.905405496464134374e-01
3.387599010857083037e+00
-3.411121647876085849e-01
-2.919569269853116156e-01
3.102520040377737542e-02
1.546038567572697309e+00
8.908238870293671008e-01
1.195732148356201119e-01
3.334752272728687128e-01
3.803013976139366092e-01
2.361016132976655246e+00
4.530158779662210478e+00
7.882908081908590603e-02
-4.670462295601420233e-01
2.334473142434208837e-01
1.707549567626482467e+00
2.031135140087143576e+00
4.489622928288786730e-01
-9.260450623053435859e-02
6.796441738220049267e-02
1.866818045758277700e+00
2.843000367527354744e+00
-1.746594734442343255e-01
1.127712363673298579e-01
5.441517573557816956e-01
2.969740818212581068e+00
5.332829417681195672e+00
1.849985309503506259e-01
1.645349507865117300e-01
-2.858106271139824739e-01
4.332542571332868020e-01
3.629691633601741962e+00
4.046911240084548611e-01
2.294607060542966093e-01
-7.061591694202597191e-02
1.401902675097888462e+00
3.391492311748180555e+00
6.484796998456475448e-02
-2.511968119998982951e-01
4.287086254690074538e-01
2.536447556403201631e+00
2.160910717351878674e+00
2.025959030940588379e-01
-4.077349006766560202e-01
2.279401936671157647e-01
1.859996168003061445e+00
2.249970462572724372e+00
-2.252123934913596859e-02
2.435083184991974070e-01
4.110229590470360628e-01
2.474023743728899660e+00
4.695991543043136041e+00
-2.876232070469540436e-01
-2.505854441608857397e-01
2.869174733300144386e-01
1.893261023324867010e+00
9.817997072762034705e-01
-2.717277796239885301e-01
1.716158749385985893e-01
-2.705558419036245277e-01
7.484557886448848230e-01
5.578151727238325641e+00
4.019329786957243078e-01
3.459733143130103161e-01
-7.569401929942441709e-02
1.323893644395865987e+00
3.473385811550813163e+00
4.986741402771999176e-03
3.730218074176989140e-01
4.313405632728715688e-01
2.525329732412660011e+00
4.536040245684785255e+00
-2.874051843033443299e-01
4.153265293469642905e-01
1.256118296959386760e-01
1.883927723910124641e+00
5.542396472189307310e+00
1.893096036298602680e-01
1.667879462038824798e-02
-3.591377787022155266e-01
4.726609650709358568e-01
3.144857781027228238e+00
3.663051148356190057e-01
8.453489424428448085e-02
-1.766378992183251506e-01
9.455516075688105149e-01
3.243073612704502562e+00
-4.144011173413686966e-01
-1.908608124540354112e-01
6.501605922304440864e-03
1.501286129532730440e+00
7.236453576543573352e-01
8.552934137568220241e-02
-4.364874133374794796e-01
-1.250688534171132127e-01
8.776754629439178501e-01
1.593427124666460193e+00
-3.510161974838752474e-01
4.440443756876645831e-01
4.240031974853290531e-01
3.929309601963928422e+00
2.413461560236103587e+00
1.015829787143610920e-04
4.314318115954770549e-01
3.721198868817364169e-01
2.008588844552484876e+00
4.481464018193206833e+00
5.308499079742913171e-03
5.624443356438600938e-01
-1.349200040763921249e-01
8.820334959128441898e-01
4.689873671521209708e+00
3.938003776821913382e-02
-4.807797633996078734e-01
8.031400890531027736e-02
1.665227613927954931e+00
1.644323418458113251e+00
3.810028472696999624e-01
1.218116895220862778e-01
2.778670245254644122e-01
1.887111354109581418e+00
3.423401543611864994e+00
2.093510613446106783e-01
-1.088918715794477687e-01
5.538902682662855126e-01
3.104571261903105839e+00
2.928568340280202964e+00
1.159398726744769875e-01
-3.671467707942819292e-01
-1.415112495990152042e-01
1.140396287867330827e+00
1.886172959665197046e+00
4.875101960407457469e-01
1.400262135759940962e-01
-1.140572646899554593e-01
1.383729468954443487e+00
3.230961012372204344e+00
-4.375651714768257761e-01
-1.856527460690911846e-01
-5.477275774516621870e-02
1.138171722040753897e+00
4.490003943577258738e-01
-2.843605936529797762e-01
-4.337328774081274374e-01
2.099011472588912519e-01
1.860794585598903206e+00
1.439941045704950850e+00
1.140063338762904721e-01
-3.024993226406572089e-01
4.455431550512021777e-01
2.076150550497943392e+00
1.931277176215009828e+00
2.075855591849426474e-01
-4.134732557473983494e-01
-1.580481089729780242e-01
1.125389679815395505e+00
2.387716253659831533e+00
-5.365099767851303492e-01
1.616339105220697750e-02
-1.402723529598574603e-01
1.090619838186829726e+00
5.980128506642941488e+00
-4.608000276422934971e-01
8.634758992511888664e-02
2.425095359839860576e-01
1.853479618490294190e+00
5.927991233581619390e+00
1.475304299606336744e-01
-1.890856726164655832e-01
4.617480671777504653e-01
2.727527463904417804e+00
2.536119982658136429e+00
5.279291128283849360e-02
-1.506653713137671435e-01
5.383653617296110250e-01
2.926785920138496699e+00
1.357925682457024275e+00
1.507990938253003232e-01
-2.758314959517657594e-01
4.369094888954374034e-01
2.396708551330796411e+00
2.190078704607957949e+00
-3.518036126845209832e-01
-2.172453251028395871e-01
1.316601832280774598e-01
1.946380362206875381e+00
5.977151827594097133e-01
-3.835828661375211279e-01
-3.144947302415170287e-01
2.486898841449541875e-01
1.936781936577947283e+00
3.628858379337073781e-01
-1.149704921016884152e-01
-2.725362634813750518e-01
-3.326336453559812778e-01
3.807027787552637599e-01
1.269376220490812335e+00
1.507454465159581702e-01
4.566144052471418080e-01
3.194654765131397234e-01
2.167423329787588671e+00
4.482415013970133089e+00
2.065442643169990433e-01
3.226913981025353317e-01
3.449526699400169982e-01
2.302156688176169030e+00
4.191422407927372085e+00
4.603308163973146572e-01
-3.492470320650027382e-01
5.249307576398760944e-02
1.438673558401320607e+00
2.210004984352299306e+00
-2.750340478143335488e-01
1.389854778967079818e-01
4.619805145637472243e-01
2.588384611257271040e+00
5.735954830337210097e+00
2.304048387690599622e-02
-3.320004046046119983e-01
-2.295883508243614368e-01
8.601925053193013593e-01
1.934975496545130902e+00
-4.012476208666095334e-01
7.197845653651449571e-02
2.382361494295329521e-02
1.474094157553201168e+00
5.878637830962483157e+00
-4.775596948698960786e-01
7.182824673555844586e-02
-4.061601807015176313e-02
1.254985495688882846e+00
6.174822304369564918e+00
-3.307119553301008930e-01
-7.267830775015322875e-02
-2.476096550441578281e-01
7.952346906249031511e-01
5.999165054043015949e-02
-9.774017024482097027e-02
4.166169334167502680e-01
3.384269382764316103e-01
2.351767158473205832e+00
4.963236060137427685e+00
4.055214183964789831e-01
-1.030668198454905010e-01
-1.983919217184241246e-01
1.266135866956025646e+00
2.637854504371265119e+00
2.860814252888226050e-02
1.109562338519845814e-01
-4.306882031869871952e-01
4.346705627267803684e-02
8.763084983168141218e-01
-1.271628642365353334e-01
-7.379581052213483872e-02
-3.335850408734478134e-01
-2.942017926275418693e-01
3.620632026941091652e+00
6.155364937189684166e-02
1.636829039789335360e-01
-4.122999276697226767e-01
-3.768909789589564019e-02
1.515367898780785483e+00
6.122435561688617522e-02
4.549267740707176877e-01
5.828595748409835103e-02
1.384287600091970383e+00
4.617972375606417046e+00
2.157379091983725392e-02
2.859613539489642142e-01
-3.231663739716356121e-01
6.576517018840012385e-01
4.481436930350363390e+00
2.488819993872763703e-01
-3.809924586543467773e-01
2.401496702238735681e-01
2.123246482959865844e+00
2.243329131390778386e+00
3.833342656820151184e-01
1.869330672961965964e-02
-3.057732301198463620e-01
6.171346206266530299e-01
3.210886089947979638e+00
-1.477089500355708573e-01
3.096842756181769629e-01
4.900510229971474785e-01
2.756309809344462902e+00
4.986360883346262263e+00
3.581497054973801775e-01
1.927369943276531494e-01
6.194915944081533232e-02
1.532787223115049668e+00
3.888964703599166128e+00
-1.558686646870879877e-01
3.238468164541942751e-01
-1.977086696808846855e-01
9.040953247062281095e-01
5.218703325682494842e+00
-1.480135856366417979e-01
-1.369903968960046459e-01
-3.494128354708011530e-01
2.556071031476800925e-01
9.790091026464914359e-01
9.616397422964721720e-02
2.910054356620627170e-01
4.175028622768972575e-01
2.469011045889725864e+00
4.218969511030805641e+00
4.623377474683864063e-01
3.439812884001445387e-02
2.925055306846413017e-01
2.034736539015907120e+00
3.350456983047815918e+00
1.135896750578097025e-02
-4.411276799954214622e-01
-8.299827039728993605e-02
1.237793173795658008e+00
1.358444806471523769e+00
-4.667931419085258327e-01
3.009389602501709449e-02
1.868118778453077833e-01
1.921520187730057838e+00
6.197544025435027137e+00
1.645963454878149046e-01
1.517805507177603097e-01
-4.337943186216842717e-01
5.699956029031821858e-01
3.888734725095951639e+00
-3.568010283436012786e-01
1.559340473904380180e-02
-2.094729268528422172e-01
8.791807892913986455e-01
1.070386603546560483e-01
6.412560605307782158e-02
7.420595675779649569e-02
5.511646008979599332e-01
2.869795139966385022e+00
4.360602949773070947e+00
-4.435656399132527072e-01
3.800407738485166442e-01
-3.653516640344952465e-02
1.189888420617337905e+00
5.769719481493963187e+00
5.696807918485297106e-02
1.369414373265361584e-01
5.941939580691759648e-01
2.649256042101694852e+00
4.075072816373354279e+00
4.452264185568056698e-01
-6.246299139649212628e-02
-5.857997271719111304e-02
1.502740277566507743e+00
3.031090267787281078e+00
-4.495625716794004467e-01
-1.071485829920655469e-01
-1.396614062660106736e-01
1.069895373016398699e+00
5.949401507353817564e-01
1.785287390792537621e-01
2.847100922351446517e-01
-2.125864034688155768e-01
9.680113100144047689e-01
4.104190975882621828e+00
-1.168745575196936809e-01
1.960253362205008620e-01
-3.634869264098050667e-01
2.024749758578505421e-01
5.087171589475672384e+00
4.625615548016138168e-01
3.297285446107636048e-02
1.650265063719051628e-01
1.956466231129879274e+00
3.212986907749579846e+00
-2.089054637876749387e-01
-3.187496042187339396e-01
-3.046438988454093777e-01
6.354531444115054661e-01
8.367605718680479754e-01
-2.777112365727511523e-01
3.515086699995549901e-01
-1.782402594726579248e-01
1.228516075780481387e+00
5.561687009745211796e+00
7.321230607969372861e-02
-5.105255102236297970e-01
-3.186651828705235057e-02
1.186964248046090908e+00
1.509134676041657519e+00
-8.977951102070047540e-02
3.080123980188407065e-02
-4.849763486460044182e-01
-4.082991072817843681e-01
2.524380817428733437e+00
-3.450752787747726757e-01
-2.816605138286865651e-01
-1.374396819165688566e-01
1.087530721045657289e+00
9.588816203054886245e-01
1.754991366882796833e-01
4.700121266926289287e-01
1.308805793664939154e-01
1.611061545943312856e+00
4.146523778447558151e+00
-1.358770314365700393e-01
2.635520733333787669e-01
-2.986013577827005272e-01
9.402491079322428114e-01
4.947029622142078864e+00
-3.011417617374885225e-01
2.130169709143034940e-01
-2.480263684179811745e-01
8.215762248014847335e-01
5.693959639766728920e+00
1.349651361560350593e-01
-6.587651482214355869e-02
5.634627880699955016e-01
3.152753058186000601e+00
1.053987677478311624e-01
-4.139117801503974792e-01
-2.290342937133463264e-01
4.139390319477472824e-01
2.419716821197164691e+00
7.868933375060059854e-01
3.006847921741876983e-01
3.529375406134018789e-01
-7.716382131789478738e-02
1.184757772209988680e+00
3.878650715637682822e+00
-1.056513615388211674e-01
-4.573919254860472350e-01
-6.629785235952879996e-02
1.330724149418593294e+00
1.127410444056679450e+00
3.003687251999598851e-01
-2.899019107091703185e-01
3.249473612839907100e-01
2.118268038233462658e+00
2.624173381213235512e+00
1.207948815909625495e-01
-1.699911839790000934e-01
4.749126527061509617e-01
2.665433409958152478e+00
1.986547683165298395e+00
-1.853500817770494524e-01
-7.515735763547287673e-02
-3.549789854969520042e-01
2.330110573077279201e-02
6.623777546827124274e-01
-1.605974667488374585e-01
-3.917204471185602999e-01
-7.605439952545794968e-02
1.343053306512032696e+00
9.609352755695025339e-01
-3.238376004697798294e-01
1.164905781723476474e-01
4.022882557473393961e-01
2.224668055523628230e+00
-4.637598629465484734e-01
-8.720042149177947843e-02
-3.702387702045151774e-01
-1.920599963112594177e-01
1.028612799579415871e+00
1.521237102800398144e+00
1.684001938214068489e-02
3.262108283282621479e-01
-3.111533007097522785e-01
5.012837269797972839e-01
4.701429568956284832e+00
1.220008580808776694e-01
1.429972742258017737e-01
-3.135443224885597346e-01
6.034614044419946977e-01
4.516743957847387136e+00
2.610802574409438748e-01
-2.986256161280072541e-01
-8.389095159291289072e-02
1.060754288473665818e+00
2.618090833642777504e+00
1.987930697010540163e-02
-3.679813628174773421e-01
3.440867097975375266e-01
2.146478943790414817e+00
1.748492529763859160e+00
2.280804560596330910e-01
3.403773039503997788e-01
-1.697791672750650627e-01
8.944770735660690919e-01
4.233052552811952474e+00
6.220673220644030998e-02
2.572640604200987502e-01
4.817842676326333229e-01
2.715634984435092658e+00
4.638778558991507595e+00
1.190089337377581852e-01
2.709404360278336865e-01
5.617270837087648960e-01
2.609947169301495062e+00
3.951642607604998858e+00
2.721985408117757466e-01
-3.325231116292853926e-03
4.302363827369682925e-01
2.484876441249508794e+00
3.098352684003257362e+00
-2.481906153279820892e-01
-3.987396210152637788e-01
1.228505176301648155e-02
1.342633738088066409e+00
7.966357886076592676e-01
-2.765773314761499346e-01
-2.796419047347812881e-01
3.565774048731969459e-01
2.175481693295103547e+00
7.452433674949877629e-01
-2.279025576959079202e-01
2.147582029783959845e-01
-3.477428960364659094e-01
-3.285758938558189235e-01
2.054904741633845511e+00
-4.840594741052364758e-01
-2.311007015467756165e-01
-2.181194343260208224e-01
8.171501779204297655e-01
6.638910427783271118e+00
-2.169782914105067018e-01
-1.538300941883529449e-01
-2.785908042270656693e-01
7.698039804103169459e-01
7.969342583889829079e-01
-1.595428730033414677e-01
-4.304757516025628505e-01
-1.988607592386971434e-01
9.422590979971149361e-01
7.901663275996684277e-01
1.053445495408394245e-01
-2.731876508512722651e-03
-4.601704678028705753e-01
4.289030381143284498e-01
3.829341657662523879e+00
2.822788979123576625e-01
1.625660474150734600e-02
-1.861646710184216014e-01
9.333420795548438287e-01
3.528490401938484844e+00
9.370939523599317034e-02
-2.651222580338546408e-01
-4.008158958615877787e-01
3.264026396056947110e-01
2.329656855505101820e+00
-4.484789618874673867e-01
-7.226348919798733506e-02
2.575926247365767918e-01
1.799672083602864348e+00
2.155049334411565098e-01
2.707673016063621985e-01
-9.145195109222367669e-02
-2.736503713842610153e-01
7.364006551421259372e-01
2.711448389786951907e+00
3.847605638645456541e-04
2.554161328370435115e-03
5.704893215142828877e-01
3.370030422271493631e+00
3.608469509949042142e-01
2.520498029119522809e-01
-4.364081886567454105e-01
-5.503854628362179341e-02
1.141104050506151601e+00
2.208070217429500826e+00
3.589025891288954995e-01
1.911324735953884024e-01
-1.766906519851802193e-01
9.938826665843887298e-01
3.424481090572508268e+00
-2.069590455180259359e-01
4.912103138545311637e-02
5.144237604466859182e-01
2.618412902707637713e+00
5.968870892931450456e+00
2.059602367410751367e-01
1.746546312240289944e-01
-2.775141374436650432e-01
7.004220297295387088e-01
3.402868788478253581e+00
4.501917438958161766e-01
-1.026303474354636897e-01
-9.320628239885967933e-03
1.142896011395387879e+00
2.886130851137913567e+00
-4.123510852934423460e-02
4.642834381251919051e-01
1.098123735536221529e-01
1.696044304042390927e+00
4.554024004173673923e+00
-2.007469906234931045e-01
1.211845576545170916e-01
4.318132395362634379e-01
2.793921813834625123e+00
5.665591505120107563e+00
-2.441926442032217870e-01
-4.094371125864434968e-02
-2.935690108472200910e-01
6.350626765138324137e-01
3.982786806634956434e-01
-2.310566439309567621e-01
4.129710627459565742e-01
-6.421116023244037574e-02
1.405381399622749772e+00
4.926756386849563185e+00
-1.880305857436718672e-02
-5.637613811608815223e-02
-4.141855982714761075e-01
3.509601121836314896e-01
1.434194551824496511e+00
2.326641173402026891e-02
1.774843449492010672e-01
-3.160419205450127333e-01
4.891387473632214378e-01
4.391828102634537601e+00
-4.203312150350656529e-01
8.360058973901371426e-02
-2.428440510300904631e-01
9.310755932350369690e-01
6.217745249908565697e+00
1.134475236920434310e-01
2.057840836156662190e-01
-3.368823263476523056e-01
2.700371350687210126e-01
4.118099787801913436e+00
-3.168599180705883311e-01
-2.936127889567919924e-01
-5.938960737983275257e-02
1.360095047364112908e+00
6.904768757489792019e-01
2.244504244418285208e-02
4.878257260130412498e-01
1.889005996735764192e-01
1.677061288035064601e+00
4.380089387092314546e+00
1.395796247526926159e-01
1.807689928334055562e-01
5.646427058417990974e-01
2.538904216776278311e+00
3.761701653702921977e+00
-3.910814001885834501e-01
2.337491629615192357e-01
-8.945923052084413241e-02
1.037915383389335977e+00
5.573783339427095918e+00
-2.915481627578782042e-01
-1.069323547186488421e-01
4.070668352454565042e-01
2.349001326372038623e+00
4.684111095238279177e-01
-4.431770891615001429e-02
2.240231758573630119e-02
-4.318538598221801084e-01
3.392873817341716669e-01
6.112260932499039789e+00
-8.693701491589664321e-02
1.567002983739941013e-01
5.621489379991425617e-01
3.064878736273096482e+00
5.028704911274481937e+00
-1.603887507297955262e-01
-4.438073659359406675e-01
1.032745781813904223e-01
1.680341143116732772e+00
1.080898520178368738e+00
1.283047088649094669e-01
-2.449711196447545702e-01
-3.631122770269749056e-01
6.699832438830903847e-01
1.956560495590385917e+00
-4.355311366041582088e-01
2.473401635985886943e-02
-9.568120326317949842e-02
1.393364710384521477e+00
1.218514233584944012e-01
3.931502380691913046e-01
1.912241214876315154e-01
-5.926969336859733845e-02
1.072497027880314757e+00
3.625352085456955642e+00
3.568985130680170648e-01
-2.774263535169944062e-01
-1.105513130764828045e-01
1.465387349183144394e+00
2.623706450819908831e+00
4.038851180991980261e-01
-1.678287285754306302e-01
-1.972529447704171879e-01
1.110463964284504668e+00
3.018618352103854541e+00
3.865331206920289420e-01
3.078039129080702985e-01
-1.489087200696162646e-03
1.301162986764324625e+00
3.982865694120072408e+00
-4.405968808328586395e-01
-1.799513132968506290e-01
9.744411970964329817e-02
1.660881377458715891e+00
1.288566008690092690e-01
-7.275884493716587575e-02
-1.342442311125280341e-01
-3.311498691938852823e-01
-3.968842000584945073e-01
3.932241159788615548e+00
1.422851762569627976e-01
-4.251273760451886319e-01
-6.667899139859343426e-03
1.615523575304032011e+00
2.275575861575101833e+00
1.106204958248318271e-01
-4.353982558664976077e-02
-3.697865029242451973e-01
-5.221206051021619610e-01
6.140484242046879260e+00
-1.598045566327040146e-01
-3.968588964650062167e-01
3.099479980179817296e-01
2.234512849927075884e+00
1.290341793489105271e+00
1.905509421372545975e-01
-2.950503656868795344e-01
-2.908198341434451994e-01
9.654400700642429278e-01
2.068370689381729743e+00
2.375120073018499589e-01
2.430474479895211037e-01
4.533948100405030823e-01
2.377347671903794701e+00
3.722662546545563611e+00
2.451361853950279057e-01
-4.508654576132709209e-03
-3.097406501971545212e-01
5.667614430674444703e-01
3.407934690674134792e+00
2.161758811453834972e-01
3.399455805488864613e-01
3.737087074314466295e-01
2.295793774575731749e+00
4.302441858999893398e+00
-1.980741538735857621e-01
2.057092876770738044e-01
4.374213913924865915e-01
2.443824237769244512e+00
5.439736720869480457e+00
-5.263308158443790186e-01
-9.896414009809785528e-02
3.294094111799579505e-02
1.339253250191878575e+00
-8.830483945410590174e-02
1.177852583248626267e-01
3.025444522038127013e-02
5.765610043715351241e-01
3.004192993712171411e+00
4.066874124371309129e+00
2.753211610242649598e-01
5.164610580452217575e-02
4.816793607143780576e-01
2.729113964283148341e+00
3.247056821992851727e+00
-3.411383813961664790e-01
-3.486917853284846047e-01
1.431233076195146670e-01
1.610357406359545607e+00
4.075553690903935822e-01
2.709595229212283241e-01
2.457208432136771536e-01
-2.552533914900635414e-01
7.179617360995192987e-01
3.719288291923046330e+00
-5.172889156961466561e-01
2.135415242304362082e-01
1.456299226074317665e-01
1.580973098688650325e+00
6.121754996930337533e+00
3.629874129312765652e-01
-2.568146915369661776e-01
1.110657404707446616e-01
1.595402023320799945e+00
2.520745686806693975e+00
4.111230727017116393e-02
-2.866863991367067377e-01
-2.523107532788091967e-01
5.278155014428946856e-01
1.641011587818377970e+00
3.603482478522821442e-01
2.414745481392644721e-01
2.809774759797849519e-01
2.248847239537262954e+00
3.790591551748256016e+00
1.462784569149609692e-01
-8.485943314784442915e-02
4.918062119365972928e-01
2.684934646052005380e+00
2.893210679657572282e+00
4.514491620901555646e-01
9.286662110021605410e-02
2.194206597172256024e-01
1.829224970119205151e+00
3.566573834092623851e+00
4.016353902382721053e-01
8.196324877102813614e-03
-4.606744016346453474e-02
1.346787250785500767e+00
2.964636706107657282e+00
2.730827509033461609e-01
-1.168645869375781743e-01
4.673495782684606303e-01
2.554978088832879912e+00
2.711419234780532150e+00
-8.019953879430219423e-02
-4.499183550177417446e-01
-9.331138428360966075e-02
1.073524676348648788e+00
1.710807334032943494e+00
-3.766017012087071181e-01
2.664778713172060720e-01
3.199593975681583324e-01
2.158366293650413770e+00
5.543018015482941152e+00
-6.434659009836807275e-02
1.003476923088170158e-01
-4.122912037054438650e-01
-1.926808539859030389e-01
4.421425665283019946e+00
-8.317549022956659266e-02
3.361615970457040858e-02
6.106549967166896575e-01
2.850619410062137149e+00
2.335079564973367716e-01
3.835506672025725261e-01
-1.508904755914979579e-01
4.501720847365588835e-02
1.405015384305462911e+00
2.682849378064890988e+00
-3.024583821044690007e-02
5.650193420715784315e-02
-4.364861939498582144e-01
-3.188816125496085618e-01
1.440101384834852505e+00
1.071253953124638031e-01
2.550004614888790044e-01
4.981617324518387013e-01
2.418361662638254028e+00
4.037426256805903613e+00
-5.076353184249154937e-01
1.619938359051956711e-01
2.849914515419996741e-01
1.735695703410816471e+00
5.516840530331936776e+00
-1.188720198187179083e-01
3.507338647047026498e-02
5.823984908265414928e-01
3.315465818013850097e+00
4.737503714296653179e+00
1.078105078614551710e-01
-3.388792609353477037e-01
2.473638054423899779e-01
2.011682348093856820e+00
2.074733791294337770e+00
-1.282059849024015374e-01
2.586234984759605005e-01
-2.979096257822949068e-01
6.157795349290778875e-01
5.034063523047190181e+00
1.919960252234279297e-01
1.168976391295502848e-01
3.542655969312426545e-01
2.234518557122317617e+00
3.981683070070774821e+00
-1.304048521165536156e-01
-2.100175901379073840e-01
5.152374949894935607e-01
2.471990893897904051e+00
1.134174702998987927e+00
