5.558124939222748306e-01 -5.046677577280046512e-01 1.411064040781079554e-01 -4.414772782534831519e-01 -5.285542338185190703e-01 7.151799575026851485e-02
-4.280671032871831150e-01 -1.323099564039437182e-01 -4.421186222793742349e-02 3.081601063969379162e-01 5.412004680202902041e-01 2.176695189160832156e-02
-2.294164070894795238e-01 -1.306650603471331239e-02 3.544894455189730453e-01 3.136904923020326086e-01 2.545320968924478788e-01 -4.413911256377611170e-01
5.091246595997453994e-01 2.049508989657559399e-01 -1.642335510242601826e-01 -1.352205484530574209e-01 -3.950397544254070636e-01 3.099293626484938002e-01
6.237301597515137325e-02 1.314305824035841008e-01 5.095010967208045694e-01 -2.856606012066410516e-01 6.914228994264670636e-02 -4.259093853316783251e-01
-7.290084803963892135e-02 -6.989900568435633010e-01 5.425623687146234088e-03 -7.384094935575834517e-01 4.549156622678507400e-02 5.876749890175104324e-02
-3.378127386587882475e-01 4.376856630161046757e-01 -1.444023464898878395e-01 6.491968152397769032e-01 5.111197359727097655e-01 -1.505259598798547316e-03
-3.735243376777747787e-02 1.630167969144244444e-01 6.133961719144361835e-01 -1.633341237540348878e-01 4.317501072640292925e-01 -3.415441517167054908e-01
1.972064045309879221e-01 -1.968178567373134735e-01 -6.543451186366213701e-01 5.061675117511341693e-01 -3.590630501544376241e-01 2.827885598950710122e-01
-1.848372016924094540e-03 2.290978370402088626e-01 5.987188343641525190e-01 -1.606756275895510622e-01 3.598728690204548997e-01 -3.798882338189017993e-01
3.693845025871486665e-01 -5.542732061580210035e-01 2.302772040509496465e-01 6.257490031771617556e-01 4.090409509739306726e-01 1.508852806179531436e-01
-1.885029107942468862e-01 5.909752976909038447e-01 4.833632697209560951e-03 -6.812667177446595224e-01 -2.512680715495940742e-01 2.234884692093493941e-01
2.453327036619082635e-01 -5.336043231511915508e-01 3.091981728605213142e-01 6.672032106571792465e-01 3.375297257344032076e-01 5.790005468264208810e-02
2.117945459155396934e-02 -4.542990541681542482e-01 2.621509298222508000e-01 -5.706085300426796958e-02 3.377479949969078299e-01 -3.432744794365850116e-01
-2.526197631962313617e-01 -4.035496321608306736e-01 1.357374724599423599e-01 -1.836680168345886099e-02 4.449189593234987306e-01 -3.388429730781074012e-01
-1.339248817405160608e-01 -1.120868940072359266e-01 4.720414421236033276e-01 2.941698880763004009e-01 -3.376863500268161844e-01 -4.030812655575288783e-01
6.730852067836051722e-01 1.431399464544001465e-01 -1.316129925683493795e-01 1.899142904231674867e-01 -7.168456514627548071e-01 3.261440148784494619e-02
-2.278671930080681529e-01 3.484804942081783929e-01 -2.022852863033940130e-01 7.258612322008792250e-02 -6.043991003776898463e-01 -1.604728122152093428e-01
8.188694385868235115e-02 -4.839283664318605460e-01 -4.187329542199213495e-01 3.163252068582643739e-01 -2.696150503046784719e-01 5.294803674394557014e-01
-3.819264935294973684e-01 -2.959885453394983101e-01 -3.074152827451493569e-02 1.099590953327048148e-01 5.232687112764593529e-01 2.639890520047959988e-01
-3.087234024471135485e-01 -1.184409537432116744e-01 2.865649992905936472e-01 6.430131269727079601e-01 2.139523219582448177e-02 1.335551982486138378e-02
3.338606658669280303e-01 -1.730399824461273037e-02 5.066754703279712224e-01 1.380519187431422656e-01 4.406121834109162916e-01 -3.604875507515913347e-01
-2.603148506788630634e-01 1.225269507816200976e-01 3.805159917499531530e-01 2.668695516825184688e-01 -1.581918522667005722e-02 -4.578973624843700185e-01
-2.514298021716562248e-01 -5.609103471320371348e-01 2.575661981476085605e-01 5.160619410546422037e-01 -3.244389822251769750e-01 -3.382842173582835676e-01
-2.249543986572095089e-01 -3.658191534805956685e-02 4.431654893512810833e-01 4.645119856417904702e-01 -2.126424721936202855e-01 -2.594288354513711869e-01
1.105641123147488580e-01 -4.864825816247679291e-01 1.926619976756410169e-01 3.910592825959982033e-01 3.973040364311966610e-01 -1.818292214391649120e-01
2.324552751362148895e-01 9.178900172429024437e-03 5.342322130064679486e-01 2.809907469877286346e-01 3.463513453404135078e-01 -4.059587517403718815e-01
2.539437991893324642e-01 -3.361306921150674087e-01 3.470380553046328309e-01 1.215974904359456987e-02 5.475644683810125812e-01 -5.374035780032809795e-02
1.327371161840560920e-01 -1.815374346662095573e-01 -4.942042759183576384e-01 -3.661182969237367080e-01 -7.555792011962436661e-02 3.659768790190913168e-01
4.413927468741744020e-01 2.023166984777662047e-01 1.937026769455094666e-01 -4.360599321929832239e-01 -1.082245713306193291e-01 -1.718666266669017784e-01
3.034572246039795029e-01 2.524890782336281503e-01 4.248498082873606863e-01 2.521495735801468907e-01 -1.873780672879610254e-02 -5.362971637309652539e-01
1.222082598219457611e-01 3.332100619683880383e-01 -3.301494235335288852e-01 4.200069677359873077e-02 -4.292711243831059953e-02 5.929364732600415078e-01
4.732971702018298199e-01 4.073739428914935345e-01 -7.273527032258021718e-02 6.005236238564212181e-01 -5.843812903379628221e-01 -5.740598943720853081e-02
-3.587728776825213073e-01 -1.383919389594732985e-01 -2.895798202106147912e-01 5.565349511646515701e-01 2.481317007707955213e-01 -1.763938918416697310e-01
-2.246907462920193221e-01 -2.669474405041896703e-01 1.489643878239639840e-01 4.788548718752705380e-01 -5.613540068604594424e-03 -5.118897228848440228e-01
-1.738723199269485431e-01 1.535904819239888031e-01 4.134839159972961697e-01 3.822902416648010782e-01 -5.487532278491543680e-01 -3.080936374684123402e-02
-3.720153723457183398e-02 3.097849964687294233e-01 -3.074131919082363495e-01 3.020362874166275802e-01 -4.022665045980086673e-01 3.073228149715681035e-01
-3.113373446875358219e-01 5.497623637643105077e-02 -3.138270061816249568e-01 1.005781066226961729e-01 -3.054426907645962364e-01 5.230862855818639856e-01
2.068786152006144852e-01 -3.984662810528316612e-01 -1.806247791655164192e-01 -3.894060040400967870e-02 3.318990762148772422e-01 4.566658595094440498e-01
1.639761206775874891e-01 2.722909884931364877e-01 -2.097271758962127863e-01 -2.006733820358324039e-01 -2.982823765110214076e-01 5.261238792220683802e-01
2.633195668464697325e-01 -4.667045298977672285e-01 3.176878548776920774e-01 1.883550333230394336e-01 3.270983021817008840e-02 -5.454260516396363112e-01
-2.083919265256492515e-01 4.426976298391553377e-01 9.854120846431538294e-02 6.876457446987882527e-01 2.501699522751926752e-02 2.490715350337731060e-01
1.997064838932891273e-01 4.377709603353944212e-01 -7.940396239268463288e-03 -1.717351355061760843e-02 -4.781665400330713522e-01 -3.456111858072997700e-01
-3.567370636934809325e-02 -2.533723054061409186e-01 6.165147636685852639e-01 -2.181260823256319648e-01 -3.816436934739673159e-01 -3.582967983838248882e-01
7.054331737813588354e-01 -3.243686670429692109e-02 2.529018091780911304e-01 1.564416390386991207e-01 -6.974668207021398336e-01 -2.534019090252475070e-01
5.511571242980386476e-01 -4.832015790439392888e-01 -5.097661666157278504e-02 4.484999987019601120e-01 5.050400238895262905e-01 6.233732244498732533e-02
-3.906755660822202603e-01 -2.670003857959442062e-01 1.670741244950300908e-01 3.192716784576539735e-01 4.193236139658529371e-01 3.249800373710481916e-01
4.698295010411100425e-01 8.781338339180161379e-02 4.098528104734867061e-01 -3.351611484797766827e-01 2.568424638726102827e-01 -1.588467799393720736e-01
4.347518631147853085e-01 -2.179096407179519079e-01 -2.838414885876165417e-01 5.863826347678618989e-02 1.978778429628228752e-01 5.442039984369528849e-01
1.993702982911837659e-02 -1.150067456063993410e-01 -5.425746079798758892e-01 -3.033836042595751126e-01 -2.489964178744523970e-01 3.941807150890591638e-01
2.493833141090590622e-01 -3.827931362774847357e-01 -4.933086298894904242e-01 2.471103293878744167e-01 -5.085849647257095762e-01 4.987454258131762685e-01
-2.640686052174066045e-01 2.202764038049238593e-01 2.613862751386409333e-01 -1.206974334643803048e-01 3.120371769889718205e-02 -7.100540094279483849e-01
1.922950715747745454e-01 3.332250799422980525e-01 -3.108473922978172155e-01 -4.215673888644766443e-01 -3.597852996963297190e-01 6.718632759578402336e-02
-3.934878966136700629e-01 2.102797577496188369e-02 -2.586708327665419582e-01 6.018470514023197548e-01 -6.622450533454260491e-02 -2.998454098529256262e-01
-3.441174238086900372e-01 2.749970636778501509e-01 -1.966113919071189597e-01 5.606649734674503671e-01 -1.259787081472006909e-01 -3.400939482982880957e-01
5.423480885588223277e-01 -3.200649478302000084e-01 2.871354319988712600e-01 -1.740619747578830978e-01 3.583122190568517329e-01 4.501110149088622947e-01
-3.946532971517730838e-03 3.448982430873743371e-02 6.298374262301611459e-01 5.794021143011790498e-01 -2.624890608298125483e-01 -1.261439872364522596e-01
-4.418327141100454603e-02 5.349927985683012865e-01 3.865750850714105846e-01 4.746246423701225847e-01 -3.058050397215003047e-01 5.411627421636606705e-01
3.604770644173272559e-02 1.462406359789175381e-01 -5.061393125577328123e-01 2.852182156462187979e-02 3.611452154507071022e-01 4.704667404538537268e-01
4.936003720311669674e-01 2.764306024507773851e-01 -4.869191306652626006e-02 -8.363422158838512699e-02 -5.313659232002392319e-01 -1.681280762459282929e-01
9.100554105714790676e-02 -2.040485619328847450e-02 -4.652750044079094760e-01 1.701478980519291473e-01 -4.543754523780675347e-01 4.321691492731638551e-01
-2.326948289387467325e-02 1.499348455168291738e-01 4.977648736171990662e-01 -1.085714734846526391e-01 -3.581002039437228279e-01 -3.593371966876539036e-01
2.212504450986815530e-01 3.959258357316072230e-01 -2.784109947706619459e-01 1.695699734218203691e-01 -2.489902193034971845e-01 4.840930450909083915e-01
-2.097023870290670722e-01 -9.276303164948833391e-02 -3.628304669849874431e-01 4.478784673830237262e-01 1.542788128049576990e-01 3.488982362434337459e-01
-6.825318219549847409e-02 4.423251174124782636e-01 8.729372622324586828e-03 6.885409479778542563e-02 -4.717682193611006936e-01 3.903508686909177294e-01
3.481536510148396796e-02 -6.933527826190817589e-02 -5.903969403645993319e-01 -3.687629374773795932e-01 -3.811484537646594450e-01 2.697757732635729377e-01
5.241506013603874914e-01 -8.951570134891975034e-03 -4.726917079881969852e-01 7.349704106515158042e-01 -4.149794485265916044e-02 5.042912711384524016e-01
-8.099135932168740129e-03 -1.765961360403448810e-01 5.642779599421272607e-01 -1.713469588940557675e-01 2.152482737430179982e-01 -3.411545923883775311e-01
-2.783295779870870734e-01 -1.718643082649887466e-01 3.993065213591507345e-01 7.145421854138150897e-02 9.965934256217132137e-02 -4.973127973751833575e-01
-4.121144178975224559e-01 4.697612913860380046e-03 4.307824600772752199e-01 5.233561850569058427e-01 3.579566305872919907e-01 4.206425665630099675e-01
3.262168480075702259e-01 3.298571113658477216e-02 -4.929001651845321130e-01 -2.839069338410624699e-01 3.289329659760409919e-01 2.420584684648128815e-01
5.118499936932974226e-01 1.810302074235766723e-01 -3.315689022616779558e-01 -4.174937663637383611e-01 2.122716160150083520e-01 3.632258993714132522e-02
-3.388066740326943771e-01 -2.253639157812735438e-02 -1.087951711986286929e-01 5.815212199051037478e-01 7.321448511160874584e-02 2.704518950433713043e-01
4.382587877740503624e-01 -8.726000357747462632e-02 5.834960680544442058e-01 -3.379398125591581703e-01 -5.098815130784569716e-01 1.156213064484357678e-01
-3.720148053852414538e-01 -1.405398272736391452e-01 1.429552072834369969e-01 3.978609279968945422e-01 4.706442474353819128e-01 -4.074395431344113305e-02
-4.637627443631787139e-01 7.958996097487995580e-02 2.048139841317738255e-02 3.166051608498470782e-01 -1.441553202772937192e-01 6.044026102481473428e-01
1.419705962923988318e-01 -5.853844086692404636e-01 2.820373946753320510e-02 5.517860678783470529e-02 2.696043653941395668e-01 5.395366513590308388e-01
4.346863286189895509e-02 4.465576642322315326e-01 -2.002529337921289398e-01 -1.738038539029884422e-01 -5.067996152217318917e-01 9.276453662564965175e-03
1.964895852937031950e-01 1.930099997874398232e-01 -3.652130520774827249e-01 -5.607728271451956070e-02 -3.364272294979639977e-01 4.446673078715111527e-01
6.326641734028893849e-01 -1.261307292826306659e-01 3.000631108774458045e-01 2.125591544104468711e-01 -6.884255039239826901e-02 -6.056023006166668665e-01
1.459338375991266548e-02 6.434705695968906403e-02 6.785110748563115690e-01 -5.987738358675279704e-01 5.190463239081511554e-02 -1.111887668287117048e-01
3.664606218333201770e-01 3.723744977714198157e-02 -3.414136208803289496e-01 -2.383759388247999045e-01 -3.337425866448932577e-01 3.632469693810830846e-01
-2.468443710170582783e-01 1.636390261724075812e-01 -2.528979254324111858e-01 3.905061551769484218e-01 2.364950749966799326e-01 5.142241658346426991e-01
-1.546436398230433551e-01 -2.296711114191569703e-01 -3.805608793410779622e-01 3.706204826235839911e-01 -1.275367000088793445e-01 4.642267647898306038e-01
4.429217877885461840e-01 5.218452689852650650e-01 1.030694012221115979e-01 -5.200178327055162697e-01 3.189626922618734595e-01 2.807937589923063526e-01
-3.910998029720717528e-01 3.454455194267158635e-01 8.945868598515840930e-02 6.074736654286472248e-01 2.929197318139674100e-01 9.905398909755704084e-02
-4.152810573433444175e-01 -7.622551386905207504e-02 -2.419822670498765205e-01 1.896429617615378316e-01 1.160888025702508652e-01 5.307286328360250049e-01
2.460904356144285321e-01 3.138349019295095244e-01 3.647254823453018324e-01 -4.794515932379225798e-02 -4.985671723984103076e-02 -5.191701421801862004e-01
-1.983476325008438346e-01 -4.673110319353763753e-01 3.748658591831188075e-02 5.103150119919501737e-01 1.876845215808343736e-01 -2.247691693559477621e-01
-2.265123154727456956e-01 -3.722693230814573262e-01 3.984223763951604269e-01 -1.309026810424059328e-01 -2.701293348590292909e-01 -5.917423677812917449e-01
2.186082032667706621e-01 -5.767162590844319148e-01 3.895997372500797917e-02 -1.693222916441525783e-01 2.580564645708229854e-01 -3.517629856200420457e-01
1.662048170029681859e-01 4.807053026423523112e-02 -6.126848662058539396e-01 -4.882535499274269775e-01 -1.531996732109724979e-02 1.407511899864976046e-01
-3.797248183581397041e-01 1.200108319858846362e-01 2.357636110361866766e-01 4.953954039617489147e-01 2.207557606192219746e-01 -2.375386769801004772e-01
-5.946815595760478190e-02 -6.560168597408462532e-02 5.996428904200599153e-01 -3.331764946540781147e-01 2.697100855256636676e-01 -3.018279971973479858e-01
1.218355071721850952e-01 7.656704869698921501e-02 5.248568902201341535e-01 5.609228573952006469e-01 4.671601445387132956e-02 -3.730914460602707816e-01
-3.238654424132878656e-02 -5.210143395678989986e-01 1.935137061259889707e-03 -3.960616730719754286e-02 4.396479652764487822e-01 2.795604476760024104e-01
4.824516454538434473e-01 -3.039144681405585025e-01 1.332380110848667976e-01 -3.458132216619199673e-01 2.225348628241666238e-01 3.251453111766038351e-01
1.270329401900075761e-01 -3.842847390324173329e-01 -4.003881966090652167e-01 -2.066662945376208371e-01 -7.904543759102178324e-02 4.915051768374270047e-01
-2.380380558017260173e-02 -2.416078802267964398e-01 -5.098423342273578074e-01 8.930913602234107351e-01 3.596585680576605548e-02 -2.230391343920050118e-01
3.536348549450356593e-01 -1.932745949759630544e-01 -3.880836776112843722e-01 -3.580361410214047968e-01 -2.650467382863039845e-01 3.107533226575727170e-01
1.390444696141942826e-01 -4.275093294293661472e-01 4.428639560593056745e-01 4.337901438035018931e-01 3.184533944059192434e-02 -3.950610261044090188e-01
-1.222982938224268096e-01 2.046072847356410762e-01 -3.236352289711317276e-01 4.150004950133910353e-01 -4.756721731299990985e-01 1.748924740921924403e-01
2.820690390092857602e-01 -3.992820752982536026e-01 -3.358873966434964276e-01 3.530933872509918192e-01 4.838852017818156548e-01 1.277623662722382480e-01
3.370032590508677539e-01 3.366686824926535260e-01 -1.874825726421098793e-01 5.551046680235394160e-02 -4.168342949637917072e-01 4.066513103139176577e-01
5.047562061872068462e-01 3.560438292145531314e-01 -1.087742891792240485e-01 -3.525629987020414413e-01 2.024534735006184305e-01 3.825644774164254081e-01
3.679929777284869918e-01 4.676487753644449352e-01 -1.558716101037281310e-01 4.598658581127752498e-01 -4.098939994602441850e-01 3.147429372732939434e-01
-2.304752492538702235e-01 1.243090381244837950e-01 -5.610004516492790305e-01 6.561476411945179610e-01 1.896044680996468723e-01 -1.031398211542516319e-01
1.311893613963965588e-01 -3.690902357352371377e-01 4.544844557969774379e-01 -4.860350589442943292e-01 2.182144120145330657e-01 -6.906808757055932224e-02
5.371659488163346152e-01 1.020423836308553267e-01 -2.994306260667555231e-01 3.352500505188475977e-01 -5.869240690047261566e-01 3.966693647086084740e-01
-2.447663307867633739e-02 -4.943884200538660179e-01 -5.568816013061967940e-01 3.529959779000482745e-01 -7.982055434150228113e-01 3.178809856358009167e-01
-1.743337668759684933e-01 4.403395602481329774e-01 -1.386276438805252031e-01 -2.461668940129823069e-01 -5.263606874308888184e-01 1.069953049313385196e-01
1.427965894615693121e-01 1.906263925215161414e-01 4.186443651196247728e-01 -9.165970056427244494e-02 -4.423776413129197893e-01 -3.191470289862231580e-01
-3.302730451949886098e-02 -1.853208625624331307e-01 -4.467503916073504722e-01 2.753269104182943239e-01 3.383156398343493687e-01 3.474299981579482277e-01
5.273396158748832468e-02 1.099374275609033974e-01 -5.167679578448306499e-01 -1.169845209890462423e-01 -4.561288699721095519e-01 2.899318521645587454e-01
5.850208817019054708e-01 -2.776497678603705443e-01 -1.117214835187417543e-01 -4.017919362781022796e-01 -2.699968420268633040e-01 4.996307046382988948e-02
4.502899517842693516e-02 3.185976551429912651e-01 -4.263330076347962572e-01 1.111522960878539856e-01 -6.272550630529671878e-01 -1.085432271852698749e-01
8.069054269277840807e-02 4.891123873899299035e-01 2.835586090987616270e-01 -7.338726820339736001e-01 2.247260907579728961e-02 -6.101949557083596876e-02
-8.207927455900844438e-02 -4.745358076599034414e-01 -2.477958053889180168e-01 3.189043993669625765e-01 4.297375893354485887e-01 -1.011611685144160333e-01
-2.449560391088818345e-01 -1.454150291970947861e-01 -3.676234392375007931e-01 1.194868011551783737e-01 -1.517431235984105509e-01 5.635808194520268710e-01
-3.416124661446895416e-01 -3.364790967316137471e-01 -2.592269160534688144e-01 4.820323515573062823e-01 -5.419589170311192028e-01 2.693440420234283206e-01
4.500414102745056710e-01 -2.134832883829314021e-01 5.576504060048383948e-01 5.465201733818667584e-01 -2.718041324367335698e-01 -4.359745370285608157e-01
-1.653505990696094857e-02 2.743821783971667205e-01 3.597252178881164553e-01 4.753012101648784044e-02 -3.108072648894066869e-01 -4.486366862483885387e-01
-2.221572777028496190e-02 -7.668392275148651072e-01 8.314059195617055920e-03 -3.592382016658732247e-01 7.949288134416165885e-02 4.207917114430205774e-01
4.643520536515560182e-01 1.572225562063442883e-01 5.306778763910733332e-01 7.366537244430704234e-01 1.174410405412287806e-02 -4.204729108364532175e-01
3.313488963462203896e-01 -2.367425878901496528e-01 -4.847989609309216186e-01 3.505108441711887735e-01 -2.819861556954872395e-01 5.139932293307949429e-01
5.443631250920515779e-02 -4.264707695068674087e-01 3.037912649523017983e-01 -1.041561346694419854e-01 3.607375507961712580e-01 -2.921546186173026305e-01
5.934759473209340053e-01 1.009313993432627843e-01 -8.177045519958342501e-02 -2.158582799452678502e-01 -3.393025423463143508e-01 3.070382190347730189e-01
-3.039404249212663833e-01 -4.975204668614723880e-01 -4.059876107827281588e-02 -2.836418590213667934e-01 5.019842347322798215e-01 -6.464703990216839891e-02
4.774457650261560056e-03 -9.301843358586252275e-02 5.049062256615638455e-01 3.129032866219706999e-01 -3.179915575198640210e-01 -4.194550231280528285e-01
-1.048915165973587221e-01 2.766531106971708009e-01 -4.638385862523881076e-01 -1.384380951285580641e-01 1.794559013965729422e-01 5.308610315081827569e-01
1.694531038919415075e-02 5.086124008646133454e-01 -8.111674692499524011e-03 6.450750501977120521e-01 -2.449526524189543641e-01 1.857767995338386324e-01
1.855062225743705495e-01 -5.728016485068786190e-02 -4.789583205813283673e-01 -2.346453964279204829e-02 -4.309217073007324261e-01 4.247690820650280585e-01
-8.195891170081515131e-02 4.983718901131261036e-01 -3.199386605523939497e-01 4.623585421342885082e-01 -2.786688440947309164e-01 -6.360497277932994908e-01
1.312797180769055272e-01 -1.027592464360916891e-01 -4.353142128643591735e-01 1.870957373682334834e-01 2.354586792116989402e-01 5.040968828551748437e-01
1.465487935572951095e-01 5.180415189165885614e-01 2.125492991264247844e-01 8.260048882545050208e-01 -1.736436225796795796e-01 -3.221810150548892748e-02
-4.279106205930357509e-01 2.231239366275893643e-01 2.196125763346397711e-02 2.074464663099323536e-01 -3.609983896654634927e-01 -4.831352480445762487e-01
-3.376370462409808981e-01 -1.345556989331133935e-01 -4.278831708283700741e-01 5.570621690185169061e-01 -4.274836129065491264e-01 -9.067915034639201233e-02
-2.565807553662510232e-01 1.226266482514883349e-01 -3.747790229152467845e-01 -1.472079593071635439e-01 2.339216824788753479e-02 6.142559155275931770e-01
-4.201147034171297950e-02 2.899505902325515416e-01 3.882571179061797828e-01 1.873475353253514775e-01 9.037156272483914954e-02 -5.644037127667786979e-01
-4.240142856103671504e-02 3.560411971344049631e-01 -1.804248652608690107e-01 5.933840839451937077e-01 -2.988531644992071801e-01 2.280970523735386390e-01
-4.083044598257120628e-01 -2.350493378326063212e-02 -2.844938063119620969e-02 5.228780620425313996e-01 -1.223551228830814797e-01 3.224462606669365461e-01
-6.464696603988327045e-03 -5.838608806391212269e-01 2.360888788290926854e-01 4.578539229630267382e-01 1.127082974659491255e-01 -3.109025284502249242e-01
-2.015030939746545735e-01 -5.871418897300262341e-01 6.985939838317903328e-02 7.760586930478602374e-01 -3.863410280750972925e-01 1.335144571922438628e-01
-4.444578755393120417e-01 2.179054446988560045e-01 -2.645415308136107035e-01 3.622006720833720328e-01 6.845016063672910711e-01 9.821184196677523737e-02
-2.457559529694123002e-01 5.200394451187053679e-01 -1.623565608216873679e-01 -5.156224378367425532e-01 -4.404507416666937347e-01 -2.304056712809743612e-01
-4.140232260051494584e-01 -2.465076454053480859e-01 -2.451153253733065474e-01 5.816347086383615306e-01 -2.171223006401083455e-01 -3.334430033369320534e-01
1.689918317363373057e-01 -4.626914311445292083e-01 -3.518160534253442218e-01 1.555900740311490227e-01 -4.041405670133257910e-02 5.545515386275554626e-01
2.525265770200186832e-01 2.925423578602604491e-01 -2.426305606504898793e-01 -7.547212124626012653e-02 -1.217897364667955840e-01 6.063369119573727151e-01
4.346404008563212185e-02 -4.373633083851926617e-01 -3.057085021268364788e-01 6.767398407560433204e-01 1.231291149260980156e-01 2.279674329647567999e-01
2.901736339975151124e-01 1.918661718177517850e-01 4.056490329949743456e-01 -9.753707176823145364e-02 -3.221186201754934197e-01 -3.595307120547016622e-01
3.226754210738954631e-01 8.640814323971679478e-02 -2.988868049953648520e-01 -1.929773744452862871e-01 -4.188662945842869245e-01 3.930669051290118232e-01
-2.904999674129484233e-01 -3.645468849282666735e-02 2.453148474822992586e-01 2.445758452179155884e-01 -4.417704992105903061e-01 -4.959091188865861755e-01
-4.576428168889854486e-01 8.958312840406093547e-02 -1.190654727633737586e-01 1.601867427278647060e-02 -6.428982253685526782e-01 3.699292697092278481e-01
3.301532852622022784e-01 -5.390631330178520253e-01 9.926492647539067460e-02 -5.076371559060821603e-01 -4.156806588452921503e-02 -1.256924803043422689e-01
5.670438033597333671e-01 -5.180535610621955084e-02 -1.346618742306150973e-01 -1.025807514327075065e-01 -1.744052025862530969e-02 6.072424414841495199e-01
1.987442835299604305e-01 1.646414149063076260e-01 -4.351772191182370908e-01 8.924567716193378131e-02 -7.281711297466464394e-01 1.739037518863839615e-03
3.519701031474968267e-01 -2.284515662994052176e-01 3.513920261190050520e-01 -1.298636931987406373e-01 -4.127389368333073127e-02 -5.046457718622534561e-01
4.227924405619102877e-01 -4.699166723349018082e-01 -1.042661587234539611e-01 -4.412982507265074683e-01 -6.277356064300204652e-02 1.916760042586759250e-01
4.458049288753072603e-01 1.618902876300888360e-01 3.041368849436054123e-01 -1.173517781477980138e-01 -5.800586162484716590e-01 -5.968497719265336565e-02
-2.530756861563620008e-01 2.768149174211897434e-01 -3.004358646017141199e-01 3.770907262209075572e-01 -4.935187255128463124e-01 -3.977825197858457229e-01
1.703664105676761520e-01 -6.614900524354253575e-01 -1.558998154803155345e-01 3.885093832848152129e-01 1.715282922279695033e-01 3.525233162794293440e-01
2.925438429543936736e-01 -6.711711019121321398e-01 7.996640225241917477e-02 7.997794537379836477e-01 1.892179060809815461e-01 3.054181244507723353e-02
-2.312111509105348461e-01 -2.829467713465845802e-01 2.184589863431580792e-01 2.614181641175401527e-01 5.189972424421780417e-01 -1.194791096497893057e-01
2.282540678794841571e-01 -2.494464024309837047e-01 3.882747329121936652e-01 -9.209380067935846181e-02 2.832189700501881457e-01 -3.950801318006648688e-01
5.861208249215872357e-01 2.154400563901308699e-02 7.285248809372453505e-02 -1.264544660336071047e-01 -6.379451272433377396e-01 -1.665437072189938639e-01
-2.642835892039142043e-01 -2.111437174207412004e-01 2.590714417141678494e-01 2.550981078066208441e-01 1.192223391051003556e-01 -5.290281214794817499e-01
5.419117263361066250e-01 -1.382083962165180369e-01 -2.261985121198044346e-01 -2.078270559037678211e-01 3.006454132404630664e-01 2.690782714371940942e-01
5.738068436863286159e-01 -1.034574459408474784e-01 -3.954402411045276899e-01 -1.502324507560224287e-01 -7.317577459176461963e-01 -1.108250040695311633e-01
1.742076278439672332e-01 -3.312792304535890353e-01 -3.485866027530301614e-01 1.700317308530149285e-01 4.694015975332830881e-01 2.504899980073215793e-01
-2.477121210488747727e-01 8.961704435019871018e-02 -5.092822378187074062e-01 -2.909848480064068377e-01 1.203828060606815242e-01 4.893072368945166062e-01
-3.195717745830805034e-01 -1.881643468172083944e-01 -2.210628853713444975e-01 3.504460846520324191e-01 1.705154244567924082e-01 4.288793351258523567e-01
-1.049140130783018932e-02 9.198378820097503905e-03 6.577769502223669296e-01 -2.042221641029877688e-01 3.208997322950986053e-01 -2.724438073339556787e-01
-2.705293693328555960e-02 -3.960299361852335776e-01 -3.197803020307969923e-01 -2.391377775533262695e-01 4.292728019461216626e-01 2.035698778794229336e-01
6.063984723196174098e-01 -7.939479008807646954e-02 2.041661296789710756e-01 3.664739290537355476e-02 -1.751550090517426939e-01 -6.120530124454554022e-01
3.184047272544504592e-01 2.163971455738031291e-02 -3.767825675219043657e-01 4.167777023959129412e-02 -6.935827172615086078e-02 5.798477465250835294e-01
4.855137901923079480e-01 1.776611627146141015e-01 3.065688063300242572e-01 1.379037510406181943e-01 1.734450993880559677e-02 -6.172633383389742878e-01
-1.704505463962435463e-01 1.544197782546653241e-01 -3.000335606430495905e-01 5.467678662838649783e-01 -2.970866360407767859e-01 2.307580240327986032e-01
7.356017863790692557e-01 -2.174908686670614100e-01 4.180164766840633456e-02 1.137250530707395457e-01 5.502170925110225763e-01 1.963778907122516737e-01
4.280928205436566047e-01 -9.178542872279812914e-02 3.483751398773201058e-01 -2.507388158100304354e-02 3.602096917997194003e-01 -4.199609526689658812e-01
1.685110376422630507e-01 7.575050262720531800e-03 5.845696013256177492e-01 2.922658082450330097e-01 4.547015723320163016e-01 -3.012986902478369533e-01
3.026022659633582079e-01 -6.136438795615460906e-01 -2.415719201955604523e-02 -4.107512703995089276e-01 6.902924185511061239e-02 -1.825369301612457529e-01
-4.676741693628593682e-02 4.323189928974281449e-01 -2.690908425147305327e-01 -6.634057991073942506e-02 -8.888723949883958753e-02 5.841154365306497898e-01
-2.157706597670202286e-01 -3.359264202093636964e-01 -3.079550090117277317e-01 -1.090966040420930927e-01 -2.011030955556734334e-01 6.771558055490103367e-01
1.917607112588245732e-01 5.712462804500447744e-01 1.283339797690753181e-01 5.142049343509542680e-01 -2.595238975250999669e-01 -3.253736732208861726e-01
-3.491709722572694519e-01 -3.853441451015730546e-01 1.524977860072586344e-01 -8.037808295301374084e-02 5.776569892454423982e-01 1.719707905476895449e-01
2.679555085689371285e-01 -1.380978863053294869e-01 5.104338237062917560e-01 -1.348644039225130320e-01 -4.778815441057949198e-01 -3.394386278957804981e-01
5.059516045227095971e-01 4.128908638647577067e-01 2.163751422222388310e-01 -4.903598658794647847e-01 4.871048241133503209e-01 1.732968176346070810e-01
4.375370567356387519e-02 5.022833704105225117e-01 1.751525484104105301e-01 7.038816341367355456e-01 -1.530280067299845115e-01 -1.919960823280600637e-01
5.535903195329638926e-01 -2.878666967746844607e-01 2.021949480713609582e-01 -4.105679685772758436e-01 -4.380176634407415559e-01 -1.655944086193703035e-02
2.979322658523479023e-02 -5.786117340983467638e-01 -1.552058879954850423e-01 1.052257349503628314e-01 2.930557836638814084e-02 6.352031693206610097e-01
9.154855961001080733e-02 1.087142804974204485e-01 -4.532133144996379204e-01 5.455497500641149911e-01 -1.449656713564387300e-02 4.292276218195007487e-01
-8.454002901952988036e-02 -2.238091137900838912e-01 4.281748284052441789e-01 -1.001729754662981919e-02 -6.452315939956429491e-02 -5.562409106134487136e-01
-1.218142267137437423e-01 2.086358474194057455e-01 4.020290950026119137e-01 3.770621387489500043e-01 -1.748062705087054802e-01 -3.752060780187441158e-01
3.323303653443543948e-01 -3.006597322428353758e-01 -2.590775230957545472e-01 -9.229819104623065984e-02 2.995627689876388944e-01 4.187303686510745471e-01
5.219469383925573469e-01 1.501966902720806851e-01 3.099944731684379784e-01 -1.098394956021159219e-01 -6.159140350569753952e-01 1.920103286570597478e-01
-3.787373550772794584e-01 2.555894321084696552e-02 4.095207384520919702e-01 5.860821091413722650e-01 -2.325884200851910388e-01 4.593538628588283990e-01
6.356134472626348009e-01 -1.531952701981454112e-01 -7.991061060291479445e-02 -3.281094286012844474e-01 -4.140310767131466507e-01 -1.365047850049297962e-01
-4.081882803160916673e-01 -9.264319127655600006e-02 5.385636164003670956e-01 -4.732821502897112120e-01 -1.022674583370740825e-01 -4.592691158626136527e-01
1.991811740482324899e-01 3.979955982186371144e-01 1.299441275970451004e-01 3.051355046816591754e-01 -5.820586055269136860e-01 -3.818510109534173358e-02
5.086622382718750668e-01 1.130965748942331234e-01 -2.298357153994838309e-01 -9.472316203977926286e-03 -2.326398026816486886e-03 6.176394292390925411e-01
