7.205006178945163597e-01 6.946511258967712488e-01 2.849881634212300119e-01 7.362888350914731372e-01 7.461264363025209567e-01 -7.135612968542104362e-01
-2.476410467910512003e-01 -1.746347794907953943e-01 7.497099205778110509e-01 9.215514329707630292e-02 -1.055746736145042552e+00 4.208022298156199326e-01
2.847093530483538748e-01 1.040428131866463213e+00 -3.881728718941543366e-01 -6.250386029794825493e-01 1.324123558006451651e+00 -8.506305402210978528e-02
6.836912944510172840e-01 5.380837919668620684e-01 -1.124768488293133029e-01 5.423662926945312934e-01 5.380985294349863723e-01 8.774864048631337843e-01
2.624139486669738175e-01 2.711394841291310254e-01 6.889385203589724060e-01 9.345109070477066737e-01 5.452743500331498350e-01 1.089878700683555302e-03
-4.054327462279551098e-01 1.584650434217370341e-01 1.120393520591423497e+00 5.328194749505250627e-01 5.043029647074760424e-01 1.129276180914069672e+00
-7.762065902071614287e-01 1.049938007388193872e+00 -1.443413414185156993e-02 -1.239128115823378895e+00 2.977665131203223181e-01 4.545452943323524675e-01
-4.313937159169380087e-02 1.352686744466679247e+00 -5.522270979708382432e-01 -9.477569571516878399e-01 1.418675400160692268e+00 -9.733120314644314597e-01
7.825044292923755140e-01 1.012838876437449909e-01 1.180233015290070631e+00 1.449956767545597769e+00 -4.291499960240442446e-01 6.575980841790582954e-01
-1.193408961664416568e+00 -4.642488029280125161e-01 -2.376712040647452895e-01 -9.200967587910998668e-01 -1.425186066705123711e+00 -2.812603637847213567e-01
1.185551378906511966e+00 3.485462144597236689e-01 1.684214285203386730e-01 1.875548942457626600e+00 7.168148674961470901e-01 -4.547010004486913282e-01
-1.180527263371254243e+00 -1.483875934557885301e-01 2.370527297292646385e-01 -9.678092583096306045e-01 -1.052455194171141972e+00 6.077450868927046779e-01
-5.008952702727458295e-01 -7.109177113377750379e-01 5.909598460445072421e-01 -9.921192484991439020e-01 1.326186469649459632e-01 8.080897966197670979e-01
4.584126441241710981e-01 8.161864723474587802e-01 3.828402619290962039e-01 -1.283978623396964669e-01 7.392130035325445991e-01 1.188897651078416384e+00
-1.083121016277299953e+00 -2.382431160330114039e-01 3.540995426952999736e-01 -1.158178486266600915e+00 6.615086228549545977e-01 -7.579949727441953611e-02
-4.052862351755022741e-01 -6.796727661613438665e-01 -5.816295793694429284e-01 4.545772028598814019e-01 -1.136933155391911754e+00 -3.545881638288428950e-01
-1.627024109496228721e-01 -5.742171915424916229e-01 2.111368257848503793e-01 -6.859197976600081015e-01 9.492092180223810072e-02 -3.165920359551637198e-01
3.003693402530275419e-02 1.037542059291593488e-01 -6.933468560031741390e-01 4.519174773511309695e-01 -2.089022712698321294e-01 1.576894149210565921e-01
-5.631679062954330073e-01 1.068470965561666874e+00 3.949963642407469666e-01 1.615774339408662108e-01 1.756707727490440796e+00 3.622190651517901983e-01
2.264444411612890132e-02 5.774187774395510460e-03 -4.553222488236590704e-01 3.792879982475734768e-01 5.233819555722631911e-01 3.224229369613769713e-01
3.301543927331317407e-01 -4.969156102474181491e-01 9.175046322377716779e-01 7.372382915894657440e-01 -1.127135274501896767e+00 2.563648027925186090e-01
6.214790729490492494e-01 7.068567047305975848e-01 1.674467796261029484e+00 -1.126652844997142466e-01 9.644837402851820229e-01 2.302687799904258981e+00
4.130501508391601351e-01 6.231656849607056792e-01 -7.998729392669681193e-01 4.753310269917512820e-01 1.196162948915842072e+00 1.731444925881753250e-02
-5.474103441239339674e-01 4.160999370370352946e-01 -4.957586989782902798e-01 -2.944077218957632525e-01 1.274262322152420079e+00 -4.905186679554507378e-02
4.828772137889782989e-01 9.586395545460475731e-02 -3.502399015256621451e-01 5.734108408177168714e-01 -2.590223166808039434e-01 5.802757599367627250e-01
1.067418868545223942e+00 3.846726149531408678e-01 -1.426331371780914792e-01 7.740936046178765739e-01 4.040760102331938941e-01 -1.098448913252936254e+00
1.073068389004086409e+00 7.749189527546392064e-02 1.881691128357505516e-01 4.368606083699804188e-01 4.973774217122563512e-01 8.354216173110310395e-01
-3.546152272170332437e-02 1.112308584255308208e+00 4.617298320821216495e-01 -9.512054297473490072e-01 9.091717501049442207e-01 8.083543023042527587e-01
-3.311430186892094785e-01 -5.268280818926416309e-01 -1.348692333249489561e+00 5.130254545502092034e-01 -2.678822835257156920e-01 -1.818082003243135958e+00
-7.123744988965691194e-01 3.507397380872310233e-01 -4.719430249389645615e-01 -5.154088419177116354e-01 1.330812459844591622e+00 -4.462138578710977965e-01
1.583648611482399993e-01 -4.042633391341349247e-01 -2.939120659485125464e-01 2.342201236483901217e-01 2.115405085505162042e-01 4.903274384937287844e-01
1.134054368134059798e+00 4.493400384814476567e-01 4.589064918401710158e-01 1.144449286793240761e+00 5.206867834932216166e-01 -5.384909152360124462e-01
-8.125849693339067814e-01 -7.859658678178531588e-01 -1.536023373892920763e-01 -8.268240396761183941e-02 -1.468858135044742497e+00 -1.836089438855328937e-01
-4.134302314386148480e-01 8.890861012067149405e-01 -1.387046133763158995e-01 -1.003029052704590862e+00 2.705854698762822919e-01 3.807472121143908872e-01
-1.006850876661788075e+00 -5.940356429482397393e-01 -1.063618949289907994e-01 -1.327701388143107675e+00 3.336567552090029531e-01 8.453536456794237541e-02
4.004580511090993777e-01 -6.447112248936418544e-01 4.765182293483840037e-01 -1.295826338103795994e-01 -4.599063844386969135e-01 1.304107525602578033e+00
-6.164994961602180412e-01 1.392669648234371893e+00 -8.254770054469690727e-03 -1.597792883761210314e+00 1.211945454099453423e+00 5.809319980786253890e-02
4.046296779965018464e-01 3.133866288094749319e-01 -1.882035204155887709e-01 2.817544561346598253e-01 -2.053146942058552971e-01 6.578760369278972009e-01
-6.889186123759143410e-01 4.079557673426311704e-01 -6.899990226576899754e-01 -2.840728423237359745e-02 1.156773191642681775e+00 -7.447461728912312395e-01
3.131173607560643890e-01 8.609427296584571954e-01 -5.606288630740849932e-01 -3.111987711599364936e-01 4.796874428502603260e-01 -1.242445388035340326e+00
2.557483823529268507e-01 4.263612469649510350e-01 2.963991626338577379e-01 1.963631031110912861e-03 -1.557666291461260455e-01 -4.760776563393271377e-01
6.677730449740329477e-02 -6.652204526594905909e-01 7.844866262738606211e-02 -2.896142536075057006e-01 -7.432623791448100814e-02 -6.453117150477349906e-01
-1.247254306995545292e+00 -5.641243998392018316e-02 -1.810044066377503036e-01 -1.307675182349845144e+00 -1.054495003182081003e+00 -1.675688247296507061e-01
-3.298005854324727038e-01 4.240838036929424071e-01 -6.833325115814746775e-01 2.725140446224363355e-01 1.181335676280927949e+00 -4.307722457362564428e-01
1.403275779605177020e-01 8.113678563265726007e-01 2.020538854262138584e-01 -4.064791994108737927e-01 3.172354106258755135e-01 8.779499383267772572e-01
-2.963959296324652826e+00 -4.350699886303897590e-01 8.433059300060175012e-02 -3.911949564949044333e+00 -1.227364738663695443e-01 1.456675814220051712e-01
2.623514513863218212e-01 2.926949573209107203e-01 2.806358670277090406e-01 -7.458124372321894846e-02 -2.817076240357080930e-01 -4.653789005855560879e-01
-1.361245090227284349e+00 1.112923340886956408e-01 -3.472283554853441978e-01 -1.117669302008116539e+00 -7.914358034580958323e-01 -7.018446905218342913e-01
1.001629325900957879e-01 2.105896198362892380e-01 -6.021004024272453847e-01 5.894592818160442338e-01 -2.284509533088230626e-01 1.514461839007467114e-01
7.564257484910149598e-01 6.084355208943896809e-01 -1.405438973396223590e-01 7.264789792966610538e-01 5.824179067686869882e-01 8.586689302251693245e-01
-9.504070807405845533e-02 -2.396606419533591492e-01 4.535883900797683110e-01 -1.607028814949443274e-01 4.486990205273373444e-01 -2.688030924635319008e-01
9.345334502918044572e-01 2.709583795800373229e-01 6.954263375885513243e-01 5.410295854075055644e-01 6.411116270093817349e-01 1.536937645735168001e+00
2.294884313505518858e-01 -2.877482973711526504e-01 -7.929847093936773783e-01 9.281328795255270325e-01 -2.369334393507278314e-01 -7.932247469252085015e-02
8.999795591689253582e-01 2.471309185172318457e-01 -3.102793381562271927e-02 4.857761586641712870e-01 -5.996496369980802710e-02 -8.878404349707098575e-01
2.117238256674321972e-01 8.730498769766057432e-01 2.515260314944502973e-01 -3.656887773737750313e-01 4.117228479086763593e-01 9.251520836187242525e-01
2.228730019368243553e+00 1.995011289404251542e-01 1.760091806131719894e+00 3.208976647709634644e+00 3.760754554256870996e-01 1.849187568385659564e+00
-1.797563022983010017e-01 -4.844942213489406707e-02 -7.577700278314347671e-01 1.469453917421645328e-02 7.075397487375614247e-01 -1.327346338142580962e-01
1.095882652985925132e+00 2.385269428754985821e-01 4.452962317069771303e-01 1.214113722552356611e+00 3.323381719266520484e-01 -5.432485915019098499e-01
-6.382479932968367908e-01 -1.560451882593825446e-01 -5.973731220986577134e-02 -3.925272162019259881e-01 7.715966253434076716e-01 2.215134039840658264e-01
1.160243840556995032e+00 2.013874183757727310e-01 -4.928372397679424144e-01 1.522350085389687413e+00 2.982385761278421588e-01 4.342544065622626070e-01
-1.082206547496509907e+00 7.339214019653551579e-01 3.075147494157215444e-01 -1.618206124616817565e+00 -9.701442005571314642e-02 4.566794671241080072e-01
2.501868881477924411e-01 8.622216573811395390e-01 5.317407894051315864e-01 -6.142851867300904711e-01 6.440346492018307334e-01 9.846011003378629667e-01
-6.778620294053164796e-01 -1.040672730896081699e-01 -7.150042213389388168e-01 -1.558334225648841942e-01 7.005726234714790834e-01 -9.979189973800640656e-01
-2.988721537534498318e-01 9.073553493893792288e-01 -1.751059530983267720e-01 -7.082728375775677598e-01 5.149283058047415818e-02 -4.911604246414787989e-01
-1.405524528559292996e+00 4.210399759904419614e-01 2.718908469755585422e-01 -1.873762883690695880e+00 -4.435705827039816418e-01 4.541034277101361205e-01
-1.203953210203509983e+00 6.862870877907108202e-02 1.687992026457219574e-01 -1.085059317000997225e+00 -8.749462122142848131e-01 -1.402810630321951191e-01
6.170254189229162911e-01 5.685428065908116890e-01 -1.731087528775800521e+00 -9.388247786706371834e-02 5.512379215532933197e-01 -2.434159717982204540e+00
-7.878245313112060000e-01 -7.714320546077108043e-01 -5.004094130424553699e-02 -1.199062700430446604e+00 4.914464597919188105e-02 -4.469503096912460505e-01
-2.614612417995062499e-01 2.857892761295728334e-01 -3.018827076236694218e-01 -1.580977203728759217e-01 -4.220872469503731406e-01 3.968495805314817826e-01
-1.821915336242798666e-01 6.747538662590037151e-02 -7.900563051843835227e-01 1.660849444687785836e-01 8.364588147772897830e-01 -2.539891619685059609e-01
1.372214474011857366e+00 1.598859531139820433e-01 -9.730428615308717166e-02 1.398523704750183283e+00 1.652986068000922293e-01 -1.096943484843310390e+00
-4.502483923993214621e-01 1.090562849074736773e+00 6.931839488311601627e-02 -1.369644983343266009e+00 8.262507062351629461e-01 3.606069111487009704e-01
5.072761698073769976e-01 2.384347460917690398e-01 -4.637589363190955938e-01 6.107809386951529307e-01 -1.224289421155376478e-01 4.630982055053108892e-01
-7.873217778354260066e-01 -4.711043736456686504e-01 -6.035656537065432481e-01 -3.218544187462002992e-01 -1.336156357832013031e+00 -4.164154405680848825e-01
-7.078252870209891245e-01 5.298147992433048792e-01 4.795118059621716888e-01 -1.013494012681826151e+00 -4.181712667098155256e-01 3.906914878384118994e-01
4.838581774714014599e-02 4.365672907860474461e-01 -3.311984479990605634e-01 -4.515862999272258343e-02 -8.464011330738036021e-02 5.170894030369155292e-01
-2.144651282547368254e+00 6.797180042941135536e-01 -1.399171538077309318e+00 -2.640216203190934863e+00 2.835207197861128181e-01 -2.172115987035979412e+00
-1.244868000589827162e-02 -9.645075083947257655e-01 3.187248378443885977e-01 -5.074599517570441698e-01 -3.636533001648594166e-01 9.463696906805871834e-01
-2.389724429068688372e-01 -1.018991812487823223e+00 -1.092790729441855124e-01 -1.184699698296874271e+00 -7.509953978511482164e-01 7.450852226935111844e-02
-5.310839873718056214e-01 8.135554013065645629e-01 -2.747777975903876180e-01 -1.186650713726493223e+00 1.294783702039327133e-01 -5.945759883520098654e-01
-1.993583046068663212e-01 5.244571161375646273e-01 9.542809299433658854e-01 6.961345292606502255e-01 9.213140142857001447e-01 7.527934938979274904e-01
1.654705775868629269e-01 -7.079392673680832138e-01 4.648651911982400187e-02 -2.742890121351436727e-01 -2.034182953453563814e-01 -6.965276745782340573e-01
6.501416012068007566e-01 6.429700053209553845e-01 -3.297435067148489930e-03 6.071575827666837455e-01 6.250213314311650059e-01 9.956170854321471086e-01
1.784442805323299241e+00 5.582908109203849056e-01 1.503240397273356121e+00 1.888750279572630086e+00 4.931929241322636215e-01 2.495652718816899984e+00
-5.403376515087811305e-02 8.505281813031616567e-01 1.292409627048993759e-01 -5.162875261967493357e-01 2.067653228662742482e-01 7.390694980294728600e-01
-1.124073907765548164e-01 6.549694707931967563e-02 5.638259792900165435e-01 8.930513998387396013e-02 5.812867654702115194e-01 -2.688041415790966004e-01
6.336592079316460957e-02 8.918666895574601794e-01 -4.065444023937016260e-02 -3.683059155243159077e-01 2.512780710719476618e-01 5.944090586307166912e-01
6.296861340789962069e-01 -4.408415954102840040e-01 6.971439034415479741e-01 7.348066917282942700e-01 -8.625125441463616927e-01 -2.034910277883686947e-01
-8.311370721242254955e-01 2.425097164021982124e-02 -6.294779583720160332e-01 -3.890120745893569376e-01 9.089705654049238248e-01 -4.818408120855554588e-01
-8.780485956493655486e-01 7.164951110568053110e-03 -3.660648389014137805e-01 -5.200718031600192193e-01 -9.258193926786014716e-01 -4.033854804196405075e-01
-1.257771080913411832e-01 -1.733659424678599473e-02 7.302991461901541248e-01 1.712066703168634851e-01 -8.175783449436037076e-01 2.093252737127728746e-01
-4.723466868433544019e-01 -5.400573452537742458e-01 -8.293708797845062985e-01 4.635115669290448825e-01 -8.779864132658912190e-01 -9.292371595717171529e-01
2.469363237661870714e-01 -4.508041196683804652e-01 1.123885337020746611e-01 -6.729365866512665439e-02 -7.960779154137576086e-02 9.861578420016082758e-01
-5.089912520935804263e-01 -6.707483839044200424e-01 -3.357114427062077300e-01 -1.120309239627995668e+00 9.651060654860876831e-02 -1.417940384180114977e-01
1.229953911835678149e+00 -1.956379369266328383e-01 7.480567498647486824e-01 1.567442506762391607e+00 -5.600827908012837586e-01 -1.198611015351848108e-01
4.005618664535413043e-01 -5.546806039618747824e-02 -1.209300247837011399e+00 1.368030383109289261e+00 -9.960955698576404171e-02 -9.601894340236416525e-01
-1.635867941108732904e-01 -6.904326358108365813e-01 1.310016818107687941e-01 -7.651889854642461852e-01 9.305130372543435335e-03 -2.542798541282288438e-01
5.350675797210171503e-01 -2.377083033088569053e+00 -7.154062989520020288e-01 -3.517078457712649042e-01 -2.608297506888388462e+00 -1.115617757868978988e+00
1.087113142728712178e+00 -1.836652411849515887e-01 2.458699745337684650e-01 8.487718675781625866e-01 -1.610167292216978518e-01 1.216787314715444435e+00
-7.392861723214548819e-01 3.842350556780044224e-01 7.657676271798112833e-01 -9.540496471484236629e-01 -5.487210558926520765e-01 1.054678588832717034e+00
4.981986372159242227e-01 -4.892258956427486538e-01 -1.986818738272369544e-01 -2.164893049213543752e-01 -3.121629699072392405e-01 -8.753426941010011841e-01
6.504698153108863512e-02 -1.455178317079279249e-01 -1.182074327404680325e+00 1.019163183012544716e+00 5.491604762913562809e-02 -9.596141420130184230e-01
8.742842148318435980e-01 -1.341397799168279892e-01 -7.433523231863927716e-01 1.478941656540370353e+00 -3.749486340324924560e-01 1.585810480179028481e-02
3.575497083029364337e-02 3.478787570122358064e-01 -3.788075809020232665e-01 -1.644103597638883751e-02 -1.736600261888899821e-01 4.728219597378759964e-01
7.755257220631097681e-01 8.137552461503985146e-01 -2.529944796278528751e-01 8.214587556425735348e-01 7.118536119304977872e-01 7.407389923702989432e-01
-1.850736270744951228e-01 1.518573477586529219e-01 5.064794610564019584e-01 -2.657150178050898814e-02 8.883422029210542581e-01 -1.511428731094216493e-01
4.413374633731286245e-01 1.334463272942713052e-01 -9.855504859146022589e-01 1.177948064631720415e+00 -6.293788006635278598e-02 -3.383734890947249774e-01
-2.659838971290036103e-01 -1.101104967916041844e+00 3.426804676757178036e-01 -1.099757681288416666e+00 -5.511280855950501101e-01 2.942376584985578192e-01
4.476530758726579018e-01 -5.014766296696828718e-01 2.048212202387261673e-03 2.610638004176524807e-01 -3.836950871166072696e-01 9.774004309003272439e-01
-1.275943216701167726e+00 -2.093589608997919183e-01 4.345173427878947781e-01 -1.386625034517064980e+00 7.780577604758778243e-01 5.474675687845319549e-01
-6.632074644581834599e-01 5.717172270600305861e-01 -5.782852381869290070e-01 -2.279641382707365826e-01 1.456470953996803708e+00 -4.116296361785434232e-01
-1.401270665280520022e+00 -2.358917027783926201e+00 -9.118339574343514720e-02 -1.410961475145390498e+00 -3.357433984499810009e+00 -3.761124481580462031e-02
8.132733678996065807e-01 1.031080428758718581e-01 2.561776546940345289e-01 6.766533456951888681e-01 7.006236589523434644e-02 1.246249850428141404e+00
-3.395030327822663452e-01 4.884452847033112222e-01 6.095355385754948063e-01 1.568241752264679101e-01 1.107263309377876759e+00 6.648175450585380730e-04
-1.004890119415472682e+00 7.900885508116829437e-01 3.404079071211367769e-01 -5.805191335900224958e-01 1.692419793836412722e+00 2.648592853535517988e-01
6.798092404346350870e-01 -3.157650707222812991e-02 -6.898073352862206242e-01 1.105570953423350211e+00 3.788353667690813054e-01 1.165976855085286701e-01
1.435668761659800730e-01 7.044538348597297883e-01 -8.127318916387685221e-02 -1.598468744746847636e-01 2.018051028847240858e-01 7.282231654703384960e-01
7.704969904181385720e-01 -4.342987632607527709e-02 9.170168695477545207e-01 1.608325682725510353e+00 -1.647644983965701193e-01 3.847378150720692780e-01
2.207822110094583568e-01 7.323113099824112293e-01 1.043136076975213600e+00 1.201576607201300995e+00 7.152983723661406890e-01 8.488349901219904847e-01
-9.526457265857447565e-01 -1.101936048242516009e+00 1.383879916859853121e-01 -1.815984635567709837e+00 -6.075408572250425854e-01 2.394786605759783582e-01
9.166000908684864834e-01 5.502328240855074437e-01 -2.308120355115635125e-01 5.889289773871757561e-01 4.937259799948927608e-01 -1.173912569898453384e+00
9.172830934238309641e-01 3.787710820365279840e-01 4.035256936455138832e-01 5.009542820341486014e-01 2.820105814802392752e-02 1.242436284327064433e+00
2.711145794436543577e-01 -8.574988931626714717e-02 7.841646038825688114e-01 5.417597556145395954e-01 4.415448053325002897e-01 -2.126167679785051501e-02
3.144348572924358654e-01 1.869044458268725173e-01 8.350101360969311992e-01 8.795297509118935597e-01 -1.183063544477533091e-01 6.851543383152336464e-02
-6.895017066709643871e-02 -9.518859046319998463e-01 -1.904516553689358238e-01 -7.235769584733340309e-01 -2.738805188546604708e-01 -5.247755485375341644e-01
5.982321185072608793e-01 -1.362028866639911628e+00 8.658838629107599161e-01 9.668808949898959337e-01 -2.001737894684881169e+00 1.914430285630638329e-01
-2.411016570360564604e-01 4.675727776305195205e-01 -2.024200769139490597e-01 -1.880090934223206389e-01 -2.403599462554161237e-01 5.018614279833193415e-01
-1.545392406672905672e+00 1.014478486202156970e+00 4.479102907071502160e-01 -2.495007305111173856e+00 1.229805359612636373e+00 6.756511132474777304e-01
1.633504583103233543e-01 7.351141575611113144e-01 8.772030944361944305e-02 -1.392470171450100880e-01 3.368523399495695347e-01 9.536431076657299055e-01
-1.331970094559778162e-01 -5.352476805654773351e-01 -8.879708011985993910e-01 7.356430643415573511e-01 -9.845444729201668910e-01 -6.800060961564200479e-01
-1.382883861967741490e+00 -2.515542924435886230e-01 -1.633012141586079324e-01 -1.345042166050942622e+00 -1.238281621316588366e+00 -3.212163321976843067e-01
-8.717015440484873201e-01 1.109814032509746307e+00 -4.380856004407965298e-01 -1.721563297269774750e+00 6.694825160899783301e-01 -7.276424274352693011e-01
-3.450483432767359471e-01 -9.845036642062984233e-01 1.473887648047301213e-01 -7.715031016096918215e-01 -1.645560056334196553e-01 -2.344779348380038320e-01
8.917262132596189689e-03 2.520824808972217390e-01 8.948181641744626935e-01 8.124499868439292172e-01 -2.181063334506458951e-01 5.297734557069554429e-01
1.150204244565967260e+00 -1.626932759748387081e-01 -1.494243703062516360e-01 1.035690771729344872e+00 3.540544496150654918e-02 8.240454860849363294e-01
-3.346876098517183040e-01 -1.291287161468288869e-01 -3.352325565235385607e-01 -3.673895968860001471e-01 7.738326675855197179e-01 9.324301983078764344e-02
5.946148973207722177e-01 -7.557252621628048894e-01 1.439709528966993113e-01 5.301810413414955736e-01 -6.429034250204453960e-01 -8.475528800329306112e-01
-8.202304310064717496e-01 -6.783245925647108931e-01 -5.653805417452033577e-01 -1.082596539214198961e-01 -1.316235657095552014e+00 -8.589228493024556599e-01
-1.199878616855666880e-01 1.462903047327890615e-01 6.228745823608557997e-01 1.225912906801617797e-01 6.638808308802234270e-01 -1.976468384929490618e-01
5.216229214393752756e-01 2.091195651002687173e-01 1.142732408713144299e+00 1.453177789668408382e+00 4.455877366491658997e-02 8.185021303599974152e-01
-7.942461403505839401e-01 3.474498479743016177e-01 -2.240424443888630601e-02 -6.530601154154809240e-01 -5.688241435612511054e-01 3.524403617628439900e-01
-2.330473061786888067e+00 4.168994862465555951e-01 -8.337741132036106950e-02 -2.030909294902382811e+00 1.368824293312488560e+00 -1.934061516024676575e-02
-5.547152168004561013e-01 -4.367772061058061706e-01 2.748154353648212811e-01 -8.614482632860687161e-01 3.477989829800562926e-01 -2.640305924698098106e-01
-9.615671189305882716e-02 -5.001488240285442144e-01 3.446585043703129791e-01 -2.696780919302976809e-01 1.930162107560088325e-01 -3.549217735264423856e-01
3.076469597751650409e-01 2.801173563391262888e+00 -9.965305128834557602e-02 -2.567684530346832639e-01 3.626660826411535865e+00 -1.021066963293164459e-01
2.273627837058838641e-01 -2.700840182482658336e-01 1.000281848338289814e+00 1.056471181048250552e+00 -3.780504420859100989e-01 4.517177984953546499e-01
-4.677069516492597945e-01 -9.745198222988883385e-01 8.379825470488424521e-01 4.144954928464902322e-01 -1.405485726379503530e+00 1.027685568758305967e+00
3.998354552992933186e-01 8.402322057248625686e-01 6.539129279883866552e-02 -1.391934034879841464e-01 5.213541640024075274e-01 8.449839325163629455e-01
4.118162906661385070e-01 1.168197852120005820e+00 -1.704748676446336542e-01 -2.118459348960027300e-01 1.786333586813100727e+00 3.080161373933971158e-01
-5.262528109561939171e-01 2.964556822081796938e-01 -2.133238352718488939e-01 -4.924242231060606545e-01 -6.148448071292134109e-01 1.970260700254400366e-01
-2.611631378200972020e-01 2.335499662876816818e-01 7.544450764563268574e-01 -3.383956912641879478e-01 -5.893423877891265095e-01 1.915211861386084680e-01
2.824102692946791393e+00 2.960371227592407950e-02 -2.960213061275434043e-01 3.632799906911721610e+00 2.632495145557714467e-01 2.438105706659320360e-01
-9.662124983969473391e-01 4.795177445893615553e-02 4.513024950322254703e-01 -7.102511110593192623e-01 1.008374496365553430e+00 3.414300078587696463e-01
1.402549424962833136e-01 4.872950601469507315e-01 -2.875432521193528879e-01 -2.949173003120172942e-02 3.834915213204725948e-03 5.712072095553342166e-01
6.402350084061044777e-01 5.069771946293880616e-01 -5.161976538709410756e-01 -1.155574749316731209e-01 4.946289657495175351e-01 -1.170892425022846295e+00
1.765836141886922145e-02 -8.489282053860321975e-01 -2.785472206802953876e-02 -5.215948754199467574e-01 -1.933353916143742968e-01 -5.564415258096855332e-01
-2.436512226415779026e-01 -6.622633420510248836e-01 1.995075846322753033e-01 -3.235499242136570808e-01 7.971780670687800274e-02 8.651502608294965313e-01
9.079618779782233640e-01 8.745865898405767724e-02 -6.854005357506680607e-01 1.507333569413141339e+00 5.296972085852198753e-02 1.143269732506282388e-01
-1.345034061591518504e-01 2.023165855963673099e-01 1.037707328356250791e+00 6.305375440287162014e-01 7.627987581286705954e-01 7.205763162979635927e-01
-1.021034704252838932e+00 1.640070205238043644e-01 7.123108397749994269e-01 -1.172512558318757891e+00 -8.233303156881019991e-01 7.594218177903331313e-01
4.719137882547359136e-02 -1.379276004495207930e-01 -6.012639003070774368e-01 5.806739139546799322e-01 -4.634628436407660645e-01 1.793917152831340234e-01
-6.550345697336884543e-01 -3.637557164385301078e-01 -6.568777822901807895e-01 1.335997209632751037e-01 -9.741208214863237291e-01 -5.826457536442325447e-01
6.889975769493419389e-01 -2.423014422530537504e-01 6.436671904901181129e-01 7.899609037268818801e-01 -5.673057652649373672e-01 -2.966405233299902466e-01
6.145428055425746772e-01 8.210715233382623879e-01 -3.270298587644991373e-01 6.050301293741993103e-01 8.467465364104377334e-01 6.725952223013269560e-01
8.860107695603848255e-01 -7.562808159725147306e-01 -1.878793137125699397e-01 9.786392572384873256e-01 -8.844227227773803213e-01 7.995413742370398591e-01
5.391068699417266297e-01 -8.575842918576168650e-01 1.657508586263566064e-01 4.844495230122120022e-01 -7.344461015773802171e-01 -8.251323638177086028e-01
2.368808203912690369e-01 5.475748170220284816e-01 2.518063960331393125e-01 -1.637912607976377000e-01 8.385350533631941161e-02 1.042011703813487955e+00
5.136016827346117086e-01 -9.624918076006724332e-01 8.416880725081005155e-02 4.000730590935478448e-01 -8.317634675407079570e-01 1.069065427571608939e+00
-6.552543819480751708e-01 -1.912404553177703137e-01 -5.594085298148518959e-01 -3.256739355589033380e-02 -9.292051686228486318e-01 -2.992758782625625225e-01
8.406775061570258556e-01 3.008763708249126978e-01 -2.444418170262639411e-01 2.695951174473766310e-01 9.825883026831627731e-02 -1.039936026662309665e+00
-3.035749120188301758e-02 3.570847789435125930e-01 1.439138860322431768e+00 9.453139475859936303e-01 3.782164111867716283e-01 1.657355948682464497e+00
-2.869583793496307544e-01 -9.349741794883782431e-01 -1.906027122683417452e-01 -1.165758158247301779e+00 -5.564272325022677768e-01 -4.811421373674134028e-01
-1.598377100161408049e-01 -7.281091515505088152e-01 3.992924871275515541e-01 -3.597887640981952129e-01 -6.900767380209793522e-02 1.124278568374175391e+00
7.378237306053385680e-01 1.005789467123583636e+00 -5.100665406456119655e-01 7.668262462783634881e-01 1.039490363355539460e+00 -1.509077603486158825e+00
-5.734725971444487591e-01 3.449068342661387732e-01 5.096224888516422968e-01 -7.242869323348699595e-02 1.056846480075889216e+00 1.758900718809730535e-02
2.502285626357464432e-01 -7.355187568766437256e-02 1.016797530271783767e+00 1.019355649207838166e+00 2.293243930526743524e-02 3.850267635680123535e-01
1.331004791285690936e-01 9.244602925784586311e-01 2.064392688069365822e-01 -4.396280644987985986e-01 4.227083765226175016e-01 8.546884724692060953e-01
-4.873847000450527989e-01 9.283586094392942689e-01 4.731902694549618982e-01 2.106708476032679855e-01 1.559843894051598179e+00 1.356331813713010370e-01
5.907782471923003764e-02 2.456673569646988520e-01 -7.607073733834870399e-01 3.928053480396015429e-01 7.161265234274203362e-01 5.617334793979900098e-02
-4.994657060489676725e-01 3.041161938609986959e-01 1.997247392113385422e-01 -3.627088868242239750e-01 -6.801838612591628586e-01 8.814080718715518181e-02
1.465146818984523064e-02 -6.882108100985430132e-01 -6.959512994513093742e-02 -4.577764142296994465e-01 -1.117037710439919840e-01 -7.362671106321396763e-01
-1.290655793945862051e+00 -6.851192498513162255e-01 -3.102738006367803392e-01 -8.121073295008328641e-01 -1.557611749256518463e+00 -4.090068025103584803e-01
4.017211169588513764e-02 -2.278343609579264184e-01 -7.446219229219948055e-01 7.292071961246444634e-01 -1.204221987606880206e-01 -2.789793152895747586e-02
7.213315878149297866e-01 -6.861719461633586370e-01 3.776784528304955035e-01 4.057567671268028087e-01 -5.799342106933440544e-01 1.320613273541799915e+00
8.877082553802242426e-01 -1.567120074989651057e-01 -8.740109489684182442e-01 1.509148244807181571e+00 -3.480216610484528905e-01 -1.142656258503367273e-01
-9.080877377842146991e-01 -3.436872282689230618e-01 -2.237527616710777503e-03 -1.061470042630854538e+00 6.442864894119999519e-01 -2.177727509891260599e-02
-5.865884163656817085e-01 1.520488979981831634e-01 5.372719469398509196e-01 -1.800895135271973757e-01 8.915637840280083992e-01 7.308251873771043350e-04
-8.799043325415474293e-01 -3.652574040419868662e-01 -2.338512866589747552e-01 -2.360576623935157770e-01 -1.068555101400644025e+00 6.753519981529060301e-02
-3.314911942643391507e-01 -3.483586548813414341e-01 -6.406808281492292201e-01 2.714140279714575277e-01 -8.141260399968150985e-01 7.058344638320113162e-03
5.972450053777486056e-01 -6.358828067065894762e-01 -3.466020419384340662e-02 5.155964163782742471e-01 -4.620067299597111488e-01 9.467166947850904624e-01
3.263137886159636070e-01 -5.108323487275855390e-01 1.221777959311096118e-01 4.323799154798464994e-01 -6.302736064773944991e-01 -8.649816454355008233e-01
8.530222237192408574e-01 -8.131363973920793242e-01 -5.066386081528831964e-01 3.538232267725150981e-01 -9.226690439268191435e-01 -1.366175088350482847e+00
5.236500754411756997e-01 -6.681580732985223925e-01 5.734171855578924504e-01 -4.172797137410958479e-01 -9.973202045101317026e-01 6.528112861298959180e-01
-4.024245704148762814e-01 -9.242217897005620131e-01 -4.735432720229827974e-01 4.998328356515078785e-01 -1.326206508741262446e+00 -6.295556396613495309e-01
6.346745729889700094e-01 -3.546336816356421839e-01 -3.446830939747859701e-01 -9.087040425911085961e-02 -3.923893522956045654e-01 -1.031821359044559516e+00
7.212185496220419045e-02 -5.326344064643674381e-01 6.123625385116712727e-02 -2.880108676966050552e-01 5.865111211233098309e-02 -6.603494012112364198e-01
9.255363606440599744e-01 8.216125500949094107e-01 -3.059064824619939227e-01 1.325206616359966727e+00 1.545919448812915320e+00 2.559148442651834054e-01
-1.623749964668656176e+00 -5.915348424920399140e-01 -1.776322724422167543e+00 -9.399406087136342736e-01 -1.119439772966680291e+00 -2.280030128664892075e+00
6.432206396880562060e-01 3.437900204627487577e-01 -3.212881939374785945e-01 4.965637372941706928e-01 -9.458260893337883113e-02 5.654593410331891778e-01
-5.152377494101441080e-01 -6.530702783389690236e-01 4.654291158550016849e-01 -8.759306149036919509e-01 2.270066629471451103e-01 7.742417357372385345e-01
-3.171829783859270169e-01 -1.097332131034165048e+00 -7.005782902428556690e-03 -1.278179138044971630e+00 -8.294832522520020346e-01 6.186626698506855065e-02
2.562831974995575246e-01 6.951362011003637820e-01 -5.814240407613117251e-02 -1.103347902882652609e-01 3.030693783747270276e-01 7.855843630399963473e-01
-5.036264380403127072e-01 4.268452630054358488e-01 9.586135153743184922e-01 2.462791714714563929e-01 1.046145265444226480e+00 7.259999220438853040e-01
8.659131496487934010e-01 -5.626284862356967231e-01 3.542622418668210926e-01 8.592892647511379822e-01 -5.565381407782776790e-01 1.354221756967843415e+00
-1.801212279504856018e-01 -8.692918828709098045e-02 8.185025911606312876e-01 1.539686058802024748e-01 -8.695804071562857063e-01 2.932968671499851521e-01
-3.345357534938216415e-01 2.499582036594695522e-01 8.435039527202484733e-01 -4.311790543654484553e-01 -5.527020915458366046e-01 2.549493478639385247e-01
9.531331105438622942e-01 2.836443269034218395e-01 -1.057920741826829492e+00 1.692257129973416596e+00 4.908843246571712449e-01 -4.170250660469676518e-01
1.412302366478165316e+00 -1.940210502773384235e-02 -3.880568082207915270e-01 1.817267995318411433e+00 3.783803919076113298e-02 5.244816322560301725e-01
-7.612914868760488618e-01 2.980215080348080914e-01 -9.559336643038597314e-01 -3.022136876726891908e-01 1.184219811252553267e+00 -8.934825502017922361e-01
-8.045885852364728086e-01 4.928963649130155972e-02 -1.715217211428185784e-01 -5.321310210141881880e-01 -7.353050695266187819e-01 3.854145615563002725e-01
3.986117127537813776e-01 -8.145749316120211025e-01 -4.462240906579035271e-01 -4.798442669370702740e-01 -6.951637206431617866e-01 -9.088860130594952347e-01
-6.771906287307403183e-01 -9.283507963479600278e-01 1.094233577339540631e-01 -8.548162472294704717e-01 -9.444306677764346958e-02 6.319623880616641598e-01
5.702849522748476563e-01 1.294731905399691962e-01 -1.159801047070809554e+00 1.317614731708661724e+00 5.940895437826533287e-01 -6.847959470235824853e-01
-1.308060058989693186e-01 -1.582070392948888363e-02 -1.225522646127867432e+00 5.666528064123332875e-01 6.063003769706820645e-01 -8.698309737079048531e-01
6.590707679232137017e-02 -4.032752884240474178e-01 1.110472022894699373e+00 7.264218273353327815e-01 -9.810164109636081431e-01 6.309561632593462255e-01
-6.060237900947387235e-01 -3.504902672305960087e-01 4.473291847665252785e-01 -7.696936788430238652e-01 5.272365788185504609e-01 -3.012631237431728781e-03
5.204257870002048092e-01 -4.277264103628937719e-01 -8.633931208301505456e-02 -1.455475092673805815e-01 -2.156813130704816617e-01 -8.015430909969259998e-01
3.700150551664415643e-01 -6.599884116651636434e-01 -2.502638896122056367e-01 4.038303281300238412e-01 -5.004249688834239151e-01 7.363444597554837934e-01
-1.483716793957905011e+00 2.458331746597181844e-01 -1.383787329328664273e-01 -1.820824785498877496e+00 -6.837723118326165528e-01 -2.873479966168936417e-01
-1.394673546478152892e-01 -7.175524933490610158e-01 -1.380308014092932689e+00 8.541333451234693896e-01 -6.528418490901715110e-01 -1.472883291211679158e+00
-6.720755266505105130e-01 4.684338644196220369e-01 3.900436564360765246e-01 -1.131107408086093447e+00 -3.996089994288887781e-01 2.008577205227940754e-01
1.581592890249283734e-01 4.582380930505445399e-02 -6.909711362269971291e-01 5.850922698046706616e-01 6.970151116683289683e-01 -6.353339616911168886e-02
1.297711619757168089e-01 -1.154583101861367117e-01 1.070828032346684555e+00 1.937922460530484559e-01 -5.449432955302663251e-01 1.700261961154766466e-01
5.223392797120796072e-01 2.730273899869836152e-01 -2.040724392134464216e-01 3.737718903678702853e-01 -1.259652751560841888e-01 7.007659905548067059e-01
-4.203919474073213869e-01 -1.215260933134152677e-01 -3.908659726644995169e-01 -4.325220555801821964e-01 7.915356418237037284e-01 1.677495794000732898e-02
3.534503191474346884e-01 -4.145920231066958506e-01 1.183223863570926487e-01 -3.442294587312655363e-02 2.427950990817473453e-02 9.288445068396041782e-01
-7.106929464443436650e-01 -9.776635392546884074e-01 1.967067073297659729e-01 -1.492554300436847559e+00 -3.734486017125602242e-01 3.503853733311698138e-01
5.058944481155276673e-02 -2.488359922830490900e-01 -4.340114379664934408e-01 3.677235655252732993e-01 3.789484077428556530e-01 2.768420606977884946e-01
-6.956807209880353504e-01 -2.736122472425459029e-01 -3.065213967987351351e-01 -1.195482948503782117e-01 -1.018419427165165203e+00 3.012930094070570552e-02
7.088518643469666758e-01 -1.131224056842449338e-01 6.848499938247986085e-01 1.141988417923009980e-01 -1.057180903133834310e-01 1.488798349678885247e+00
6.594392257584464900e-01 -1.130104914830189627e-01 8.547976938470257247e-02 1.927906411580320167e-01 -4.944825095024459327e-01 -7.124664681267075528e-01
-4.564907088239510968e-01 -5.936067067304220957e-02 5.132961984419384116e-01 -2.152305290979554253e-01 6.845341704782682557e-01 -1.099324842958241399e-01
5.898045351244887158e-01 5.610017831388868226e-01 -2.933050413920756938e-01 6.209246487343844656e-02 2.991320676194319517e-01 -1.101354682815862462e+00
5.205513291087396910e-01 -4.568020158607412617e-01 -6.925114134390358833e-01 -1.334339115451355084e-01 -3.187569385308347547e-01 -1.436317074638164826e+00
-4.889358582671823328e-01 8.938063137818139658e-01 3.346321808619022731e-01 3.311734809483923847e-02 1.680226312431146063e+00 4.474589018981456334e-03
-4.841050782680914599e-01 -6.706759770479248095e-01 -4.643231263106967210e-01 1.218409462142221455e-01 -1.321333433790661260e+00 -6.639513539654418040e-03
-9.593071688418314258e-01 5.607312220666522684e-01 4.173702214805619093e-01 -6.254238759951569193e-01 1.502210483171799726e+00 3.711236252083243703e-01
-5.732975385414820213e-01 -3.941334106340527860e-03 1.072135684395553179e+00 -1.202884980442434637e-01 -8.669652757509541674e-01 8.485904196817459777e-01
3.819366773866301329e-02 1.207178114379297007e+00 -4.747991966281356335e-01 -8.078889967914509862e-01 9.061701164873801062e-01 -9.147290887549635041e-01
4.353781890183567316e-01 -7.165841521859827035e-01 -9.153949341104083981e-01 -4.838960236887474564e-01 -8.373702822263051626e-01 -1.290022259117028725e+00
-5.190787323364300931e-01 6.679736913914525731e-01 -1.158297558708933472e+00 2.018503015092902864e-01 1.360947955523491570e+00 -1.165225574942696296e+00
-1.234226680626657968e+00 4.420448470201072122e-01 6.673733000231388268e-02 -1.038725326732293341e+00 1.420721734703111583e+00 1.297513771710097907e-01
8.392728537420397483e-01 -4.405194860541772894e-01 -1.082293320899631928e+00 6.815751126650260172e-01 -4.713441241942719628e-01 -2.069299533718345074e+00
9.708702828506634575e-01 -1.131638579456518967e-01 -5.094532493579818633e-01 1.430508540959742891e+00 -5.532143805155829153e-01 2.619663571263115553e-01
4.108789313456448489e-01 -1.839868364746246876e-01 5.414292980154935542e-01 4.240329531263654639e-01 2.731548953368484467e-01 -3.478672828546902629e-01
2.307972194033715230e+00 -5.941282205602440580e-01 2.696191242253463960e-01 2.372642310222572437e+00 -7.251715779628546965e-01 -7.196459638843935025e-01
1.113153004024948434e+00 7.031349687596689935e-02 5.542138563652225791e-01 1.657311795114602138e+00 2.158830489759910320e-01 -2.720431953936384151e-01
-2.052960438164710272e-02 -7.728931999053707813e-02 -1.091311991492818434e+00 7.193360813795776076e-01 -4.504346489410065435e-01 -5.315251298074814557e-01
7.283908790570378100e-01 2.275613688759681452e-01 -1.728949918631186300e-01 5.101461852869038083e-01 1.552051112717289516e-01 8.003130155159253745e-01
7.025256577016797399e-01 8.694100931073749372e-01 6.443804331121931739e-01 8.427057727717205404e-01 1.336162485492097485e+00 -2.288272967792044366e-01
-4.634669215216885019e-01 -2.887334054070866268e-02 -6.398451305657376631e-01 -6.982532986597650426e-02 -6.903536251872727236e-01 -1.495594384611997896e-03
2.789483817611193017e-01 -7.373103712504562868e-01 1.959937090308443430e-01 -1.101995197999203202e-01 -3.010998753331099453e-01 1.007340930608747076e+00
-6.229306211013174721e-01 -3.642729161456178533e-01 -3.711457690031791934e-01 -4.396354881013719851e-02 -1.106845984333830524e+00 -3.442278552250954693e-02
2.742998868250721700e-01 -6.009938418535590854e-01 2.579723987572267729e-01 2.873535762884342759e-01 -6.205141836923108167e-01 -7.417518419441240241e-01
-4.926362184582350201e-01 1.255104383376375587e-01 -5.735648401572724930e-01 -1.867367340100296591e-01 9.992515055168726956e-01 -1.954087177173289835e-01
3.604592508455939370e-01 -8.444499950922081943e-01 6.107508063878136495e-01 -4.190698975621927058e-01 -6.494034378299078369e-01 1.205974417548153266e+00
-3.725379778494709582e-01 -4.117080635646321873e-01 -7.266924243467877131e-01 2.142514149129617351e-01 -1.048942385398777599e+00 -2.270819484577481506e-01
-5.862128317879174988e-01 8.590100246017616792e-01 -5.637165187993046361e-02 -1.247229668989463081e+00 1.144365015700226085e-01 -1.494684280656261299e-01
1.718614833818356002e-01 1.330812305661215056e-01 6.046502080001872059e-01 2.670350219959286564e-01 -4.288026438584536804e-01 -2.170726827660977021e-01
1.007857385982653620e+00 -1.613769045528038737e-01 1.380587880683697422e-01 7.780544813186646147e-01 -2.283291784774899302e-01 1.108990308838144312e+00
2.533847140398705067e-01 -1.555238362453561229e-01 -1.050794751991673159e+00 1.195912959902393435e+00 -9.939570988598406265e-03 -7.500527904017321168e-01
-7.502119355064637007e-01 -6.752916475499681770e-01 -2.149088016245933319e-01 -1.335500066848490874e+00 6.010692108621251695e-02 -5.564153880296208721e-01
-3.223049144348379413e-01 -2.811325788649082780e-01 1.392980356704349942e+00 1.952098499105399676e-01 5.088995153599243926e-01 1.721656122131728139e+00
4.129560151907598065e-01 -9.630058687062096334e-01 8.416568511902812466e-02 5.579140422866279980e-03 -5.992408028143250132e-01 -7.535210455512247885e-01
-1.171756274668690034e+00 4.606805877307714736e-01 -8.662144696507331765e-02 -1.637795282698635280e+00 -4.189038002080250900e-01 -1.822192894553573694e-01
-2.917602983681779616e-01 -2.763504873789358607e-01 1.039738731843281583e+00 3.805591416942062377e-01 -9.794033058285300797e-01 8.079989963979246070e-01
2.719507071034762191e+00 -1.592729291299462280e-01 -9.355467534491048731e-01 3.650166642319753851e+00 -4.586712350361669688e-01 -7.252293343033755502e-01
-5.468893244660484321e-01 7.557246441911151802e-01 3.453403966519038581e-01 -1.048957591729483996e+00 -9.407294809517086076e-02 1.848053314744711462e-01
4.042352395664113862e-01 9.674123388161923742e-01 2.142953523968563478e-01 -2.979729492854052975e-01 8.477272824764994219e-01 9.161351822714624005e-01
3.102952203658911334e-01 -9.601422728203298229e-01 -6.437837079613355495e-01 -5.673027869367310849e-01 -1.436080671877985715e+00 -7.012674263596975210e-01
9.615206308971054883e-01 -3.756786384757423436e-01 7.457520921465032870e-02 5.498150418294853736e-01 -2.758547833478661726e-01 -8.312579464370362103e-01
-8.578620240777455885e-01 4.898066547835649986e-01 -1.928372065767575971e-01 -7.790349378898537847e-01 -4.092295604354533323e-01 2.378833225460016687e-01
-3.352876582034365338e-01 3.472636692416261051e-01 1.003869678107785601e+00 5.555337028977651581e-01 7.847266332237363695e-01 8.811363992067912099e-01
7.907749884018566711e-01 -4.367673298482899757e-01 5.742609431271673559e-01 9.957347011018445881e-01 -5.619586335230212226e-01 -3.964700462072412446e-01
6.320170326038950792e-01 -8.446101331255837508e-01 1.384245010169602753e-02 5.667777449717247285e-01 -7.698646604202550314e-01 -9.812238540505970885e-01
6.251905192301353553e-01 6.474029556015845621e-01 -3.798990862423130555e-01 1.144742818828973219e-01 1.291054921755288909e+00 1.900843094600092043e-01
-7.205576229561018176e-01 -8.458197521771113614e-01 -2.550376903953264218e-01 -1.393586946925922554e+00 -1.069833301180642682e-01 -2.889828007311567304e-01
-4.293017427727007229e-01 -8.789993185429791911e-01 -1.249528143253268719e-01 -1.060890010874626643e+00 -2.070564074354624973e-01 -5.117201653367140501e-01
7.273373017138818897e-01 -2.305379830544812894e-02 -5.465469247771650302e-02 3.733748944795159397e-01 -2.263798176778019644e-01 -9.675452358130312014e-01
-3.699992097482327491e-01 1.229642674008688985e+00 -2.753171372293446439e-01 -1.300032112402186080e+00 1.077760933100085250e+00 5.930315020050258568e-02
-7.275164720920062056e-01 -5.007220079897503062e-01 -7.209723133609239332e-01 2.036214567812533183e-02 -1.153214305460478428e+00 -8.431663182204434115e-01
1.079374477451422010e+00 1.468667587096482707e-01 7.855176452842143053e-01 1.551429988349337208e+00 6.626251615460844180e-01 7.056529405056966020e-02
-1.486033913899566794e-01 7.156256930624299573e-01 -2.626851495108696311e-01 -4.444068762500202885e-01 -2.002052685452893055e-02 3.466792221638547167e-01
3.857705881238365220e-01 1.857841491239184406e-01 -4.006249745952651375e-01 4.563571214881963489e-01 -2.669068908256247985e-01 4.882441741870531260e-01
-8.149957608615370219e-01 2.596342296164394492e-01 -4.034181806160387906e-01 -4.380341399666988211e-01 1.113799149906112840e+00 -4.522518051850427101e-02
-4.133434269730117128e-02 -3.584760569304302202e-01 2.974418267582673581e-01 -1.991872329749045933e-01 3.157046830960146822e-01 -4.240585507942340460e-01
-1.151805660795524267e+00 4.019172490125533237e-01 -1.822732842496840033e-01 -1.288127345026752968e+00 -5.439544853925046830e-01 -4.767950329575318946e-01
7.401782439818231918e-01 -4.614156321955568685e-01 -2.883355104248124801e-01 8.570359144048909084e-01 -7.268751468598472210e-02 6.255762662367851945e-01
4.014459329810775301e-02 -2.350930317989149643e+00 -8.507821287836453070e-03 -7.951790742267996759e-01 -1.999344666987859620e+00 4.141290210280424433e-01
-4.554169883610293401e-01 8.201852470256402183e-01 4.713294395260002601e-01 -7.447274907925076626e-01 -5.548924119188436421e-02 8.579734927168155556e-01
-3.840067595469934814e-01 1.362150599358343372e+00 -9.905242418719945041e-02 -1.323441200447015076e+00 1.578052744829600007e+00 -3.652275447972448963e-01
-5.192879988891082599e-01 -9.105069900402513738e-01 7.538938950637835701e-02 -1.155055880569992866e+00 -1.843365262699353524e-01 -1.862891502530082399e-01
5.685348286967344122e-02 -4.325063713651911557e-01 -2.832616536443774979e-01 1.335704849068403421e-01 2.253127061934189768e-01 4.659970218465163683e-01
-7.379780237090767248e-01 1.094844551631960261e+00 2.252726752209157635e-01 -2.735488265914904349e-01 1.960593730585428851e+00 3.876830528254263109e-02
6.975319476880085245e-01 6.755887952452442613e-02 8.814239025540075712e-02 3.801906213653682975e-01 -1.012148812138681936e-01 -8.450295661888590493e-01
-1.740502117998343479e-01 3.560327547743252774e-01 -3.153298530045813286e-01 -8.846921244909844440e-02 -3.322805971548249415e-01 4.050177173433632816e-01
-1.771899203546689061e-01 4.226167353875643351e-01 7.610063297667538640e-01 -4.636016738660192482e-01 -3.703605032343618153e-01 2.232746062483267346e-01
-1.308405748194473028e-01 5.371380782008474686e-01 -6.581790392891551100e-02 -1.954148908166466470e-01 -1.337386789075215576e-01 6.729341075642867320e-01
-1.530747692915088720e-01 -1.168603408866241838e-01 -6.845130507781967966e-01 -1.648597276718150040e-02 6.466853603944184847e-01 -5.337006957720413780e-02
-1.078622316440399409e+00 6.317845904897049225e-01 1.372084447798943840e-01 -1.538421912968858773e+00 -2.537657224485777574e-01 2.034275831552591063e-01
6.654752163272390497e-01 9.235597599983667028e-01 3.934617360685842558e-01 3.195037471721573485e-02 1.212937590069810279e+00 1.111031765073515309e+00
1.044896301030726615e+00 -1.333557397023612812e-01 -8.184479917555291806e-01 1.746298736288449893e+00 -1.946199010139770813e-01 -1.083203086214891142e-01
2.968528097651488840e-01 2.511034232985722148e-01 -9.809085955027883053e-01 1.096295864595018266e+00 2.079408958045425027e-01 -3.817193112990288073e-01
1.816148750431856584e-01 2.626641167640020869e-01 -5.171561646623500375e-01 4.009623469194503742e-01 7.637950898808745226e-01 3.199546012249533389e-01
-3.047597889534397683e-02 9.188176797427879960e-02 6.186368465938951733e-01 1.814020534746593472e-01 5.855246882720722690e-01 -2.248229133466025376e-01
5.300943032497689167e-01 -4.306244479018650484e-01 -5.617985162816897526e-01 8.222052742275618442e-01 -6.538294783465083970e-01 3.681749752860090652e-01
8.375208053203592184e-01 7.021855809746281318e-01 -3.692082759405019288e-01 9.902991406231380633e-01 9.633710807242072960e-01 5.839133925691770699e-01
-5.533402804391981261e-02 1.885045207432805014e-01 -1.008067023129405326e+00 8.239096817653983607e-01 4.342902179948631147e-01 -5.999985364910704888e-01
7.664499313907403577e-01 -3.336914722187452331e-01 9.016049655769868831e-01 1.530135899325094861e+00 -1.265920055265872535e-01 2.901366072165629806e-01
-6.668417362205843191e-02 -6.882541526536235521e-01 2.520391305679713589e+00 4.462771654317865822e-01 -4.967335930484149675e-01 3.357165193826681104e+00
1.059320705082577474e+00 2.970924777187624599e-01 7.547163079512471118e-01 5.236638473116572712e-01 4.745388669496987122e-01 1.580297624159340053e+00
-7.447810901715838927e-01 -5.200770762605803066e-01 1.223836791796637791e-01 -9.695408167126620125e-01 3.944595858361819030e-01 -2.139283173445341857e-01
8.533470944454127904e-01 2.327427956313076196e-01 2.848872918897505380e-01 7.827336051498747782e-01 -9.543780558617387388e-02 -6.570846971386077318e-01
1.004268769887316504e+00 -4.658290286947082137e-01 -1.434343756663062491e-02 9.400616672879029689e-01 -4.966138743806961520e-01 9.831182114464421806e-01
-7.465306898578826234e-01 -2.369174384524169452e-01 -6.624556050865229029e-01 8.052616539505785820e-02 -5.858892616710399404e-01 -1.103131931633101637e+00
9.022419435556301437e-01 2.421144697503938292e-01 -3.653417320579507299e-01 2.469935182792039052e-01 -2.853970913057682357e-02 -1.070604673539375273e+00
8.899416714602133016e-01 5.365167200785627699e-01 2.802464438842440786e-01 5.959758575112676926e-01 4.329946270544933751e-01 1.230439727635108005e+00
-3.840532557821751403e-01 -8.801121941529462811e-01 8.472877173629953518e-01 -8.772888547142787541e-01 -1.879728284113665326e-01 1.374223901674656467e+00
-8.516297341633951579e-01 -2.393839300890428234e-01 -4.530997118347044883e-01 -3.054185520710360757e-01 -1.058857974750427866e+00 -6.266382801230770960e-01
-6.386189079384175793e-01 4.734423489981336997e-01 2.111701697900389141e-01 -9.174917093942752677e-01 -4.582603157293826945e-01 4.438934070221788875e-01
-6.656253386140582595e-01 1.032868585259258509e+00 -5.578751557502230618e-01 1.041931122891299744e-01 1.669662774819359541e+00 -5.146003040288166241e-01
6.355973898860939331e-01 -7.676500439880930005e-01 2.817069531427450757e-01 6.010708625368765823e-01 -7.396960002479409102e-01 1.280719710993102778e+00
1.113433535639242189e+00 3.292937958143351551e-01 -1.220604500016914562e+00 1.982267498561896879e+00 7.851116039417589398e-01 -1.027323174829957386e+00
-4.295879367318198860e-01 2.128753242154861336e-02 -5.500532696505983088e-01 -2.498033715779777730e-01 8.873632085946903114e-01 -8.358737242586089522e-02
-3.188128409739432456e-01 -7.514142663772933606e-01 1.893144175086011183e-01 -4.823676129550263370e-01 -4.863931835128787462e-03 8.342271515720540709e-01
-1.645167633873107979e-02 -5.095440233506448591e-01 2.408852695002745570e-01 -2.999335500215651318e-01 1.440426163270897009e-01 -4.608714773344366744e-01
1.494802464289977983e+00 -4.070147635753578186e-01 -3.077350459193877730e-01 1.846109630303229832e+00 -5.411203737976515438e-01 6.188711058056284298e-01
-1.000844143905439854e+00 -1.248954235886170078e-01 8.032425024851844730e-01 -8.001148804131851255e-01 -1.100131926464226417e+00 8.960946765944017844e-01
1.017891132422466538e-01 -5.616109148229816439e-01 2.567972025627372479e-01 -1.980137116992779500e-01 6.695279204377524440e-02 -4.608558700057588386e-01
-7.056890114891787302e-01 -4.942418294163114512e-01 5.125160132600450336e-01 -4.289456356920482438e-01 -1.451664768325409582e+00 4.303307347542609795e-01
-6.734028937606539866e-01 -4.677324759420383171e-01 4.216597494704227844e-01 -8.568821928186387549e-01 4.362275099131029399e-01 3.540634716830293183e-02
1.302489710772778864e+00 5.015225251189486810e-01 -5.037372139725927456e-01 1.772850641668023197e+00 1.231417157765091641e+00 -7.738806796005970323e-03
-3.474975345810676908e-01 -8.686026173873382383e-01 -6.787371982272824011e-01 6.133795097772708482e-01 -1.093928015857536185e+00 -8.398078983233270289e-01
-4.334587838330434262e-01 -2.566419487308531644e-01 9.032181358419016926e-01 6.317299838789269817e-02 -1.097169808619161468e+00 6.867238180420176530e-01
-4.548081066152389607e-01 2.665039251445763258e-01 5.399434624595182974e-01 -2.484201483550019240e-02 9.402868401905972728e-01 -6.101056515968628080e-02
-9.068318715005939668e-01 5.570700574006863526e-02 5.325727801062024591e-01 -7.342482505331777709e-01 1.039211233197361750e+00 4.784033390216921311e-01
-3.856068748006874491e-01 -7.362117390897752189e-01 5.571154457268421289e-01 3.188017881556720612e-01 -1.362397537255851887e+00 2.229002729307117403e-01
-4.666891158028641656e-02 9.870581768249373500e-01 -1.866162747534712840e-01 -5.196296923261368716e-01 3.183604043432989306e-01 -7.603334428375112530e-01
-9.717050106299230938e-01 6.990510415250575926e-01 4.931347095178480466e-01 -1.351979964947054969e+00 -1.908553827905473677e-01 7.450424606509120640e-01
1.369047502266795141e-02 2.833672416961766638e-01 -4.595465877271371347e-01 -9.427018320334077522e-03 -2.438569869581966865e-01 3.898650876231239404e-01
3.615110597956301408e-01 6.079148235939303424e-01 6.663170871464385581e-01 -5.585317692761188058e-02 -1.323833962354283855e-01 1.193351848449626385e+00
1.513488100216621723e-01 -1.367040527829286090e+00 -2.073634397979451927e-01 -8.035213521677129211e-01 -1.455894849592273443e+00 -4.907851800799427622e-01
-1.054791058243697233e+00 -2.341091661205665642e-01 3.317422822464527465e-02 -9.269411549776148673e-01 7.175806475162220810e-01 3.123532046086625602e-01
8.453759380616674424e-01 -5.309098231014041103e-01 -7.741406108060773228e-01 2.347219885209744783e-01 -4.694975554198598799e-01 -1.563653300563856430e+00
3.154528441707157294e-01 -4.034753221334403950e-01 -1.076974061196772858e+00 1.085861500134604363e+00 -8.108132906745502133e-01 -5.865188826119028809e-01
-5.337420505064092158e-01 -4.690515722764464490e-01 -5.342936313177557572e-01 1.117833243374787289e-01 -1.197722000784747554e+00 -3.055221360431326083e-01
5.472895725013984802e-02 8.981437235910331995e-02 -8.107831996605946445e-01 5.610180997026638083e-01 6.978622343119573745e-01 -1.992694207404047679e-01
-1.441037888803163580e-01 5.049903808661394544e-01 -1.845823311598593641e-01 -1.414480394737454294e-01 -1.599514820352471167e-01 5.623080663927688683e-01
-8.417062961075889582e-01 -1.633392656989359537e+00 2.325266698921436143e-02 -1.836141203832381663e+00 -1.736363802943174495e+00 4.552725787975683835e-02
-2.796587694230726617e-01 -2.127816915834913614e-01 -2.352610600787783390e-01 -5.278345284741980947e-01 6.933935050403738920e-01 1.071645605209322061e-01
-3.824343773336922325e-01 -3.289708981241723507e-01 -3.207877211048525967e-01 -2.722047831451470667e-01 2.236629617794890779e-01 5.053147262060175837e-01
3.612674696982492301e-02 -1.174545734623322124e+00 8.095845109384371130e-02 -9.456534041755413345e-01 -1.082321708020999251e+00 2.470983431554312770e-01
-8.443294938807599515e-01 -1.044324520241680876e+00 -6.963032205775105954e-01 -6.383855983606612217e-02 -1.641197623103476388e+00 -8.822505275065807284e-01
-5.382250415164802071e-02 1.032603700891580489e+00 -2.863522525002477059e-01 -1.018766625526507763e+00 8.012034043936625549e-01 -4.101938666885957541e-01
4.402458581660222137e-02 7.613488577946286862e-01 1.671946965268548413e-01 -4.619872936362992566e-01 2.122532885094812194e-01 8.323608664753586739e-01
-8.821683345455197944e-01 9.553288582420096930e-02 -5.444793348580734271e-01 -7.519204581731921966e-01 1.062591367817836696e+00 -7.631877780070835948e-01
-8.802066187892766402e-01 5.084903068177628604e-01 5.936635118830236868e-01 -2.235100677458998764e-01 1.214105607917237428e+00 8.598527053188798064e-01
-8.523991095162933296e-02 7.176132865565696406e-01 -1.296552158794021803e-01 -4.358824622604463572e-01 1.230233718370774554e-01 5.938865137571893715e-01
-2.165203688453339326e-01 7.462229552121721898e-01 -2.329216513286830326e-02 -5.583415834908000974e-01 3.128743905269404380e-03 5.520071051086905545e-01
8.271927125897542421e-01 -1.623416851688422591e-01 -1.003810506598052266e+00 1.119321359711270336e+00 -8.585200307459897040e-01 -3.480692735797078496e-01
-1.155428929440338148e+00 -4.195397246654150591e-01 -1.212418234895180635e-01 -1.462672693107813338e+00 5.168635608535945281e-01 4.831688774835601885e-02
-1.157779751514766559e-01 -2.146735250072737244e+00 4.202719136683564227e-01 -8.336155256058198626e-01 -1.674079340118305392e+00 9.314525490046887679e-01
4.669475542251435574e-01 7.604532296789234813e-02 4.608563678375366957e-01 7.197328737632724405e-01 5.788005488064812409e-01 -3.657854924127144081e-01
1.062338461020069236e+00 -3.227493202481598877e-01 -5.299733422248767978e-01 1.093029215841856860e+00 -7.083004510947441545e-01 3.922025645691518125e-01
7.875771544724020634e-01 -1.650951085113020467e-01 -1.150304318809418636e+00 1.618267438480662790e+00 -3.095454525020669978e-01 -6.126355079460540365e-01
8.496495673332818965e-01 -7.399026036799285500e-01 3.227458981836189844e-01 7.966118918390789894e-01 -6.199736169570593258e-01 -6.686188394996402939e-01
3.091864282943342090e-02 -3.396561499303732967e-01 -3.341179280847043631e-01 1.750738048000042291e-01 3.080144304266746458e-01 4.140412184992315336e-01
-1.268254308309529066e-01 1.000636660952198165e+00 1.809647329167269891e-01 -7.437479834058290384e-01 3.461247659049071501e-01 6.180239318430317264e-01
9.043687788675685013e-01 6.094595500206259064e-01 -4.760405741699431648e-01 1.152182336918532668e+00 9.644543320294798328e-01 4.253844893781077996e-01
1.014201251149005945e+00 -2.982472274300991821e-01 -6.240967885193483555e-01 9.192645659772593625e-01 -3.014808752671897518e-01 -1.619574849216954160e+00
1.809466745540052601e-01 1.403565212724509736e+00 3.551890344838808389e-01 -7.532513558775461027e-01 1.361811416494078442e+00 7.094920974655007928e-01
-4.656339073569645826e-01 -6.602696763536761715e-01 1.088271401869239791e-01 -9.833033038613088195e-01 1.121542965821440418e-01 -2.591125314399221891e-01
1.585151221233321861e-01 1.021300382306344678e+00 3.820362808331732585e-01 -6.391464866361378228e-01 6.623929930695087176e-01 8.667232353331395522e-01
6.068260103369951253e-01 -2.081944183710244811e-01 -9.267615610691308792e-01 1.018888600319090454e+00 -7.629807040742281332e-01 -2.039776382174318670e-01
-3.975759612828759226e-01 -7.042857310026172657e-01 -6.902386586242783562e-01 3.775103355438579888e-01 -1.255106448441060563e+00 -3.806618996257730148e-01
7.460023147840978419e-01 -1.511995103255761308e-01 2.496264426995919994e-01 3.429932620964817325e-01 -5.118013692875452714e-01 -5.915334723968195263e-01
9.726680681575822218e-01 4.835697196408322296e-01 -2.552574747600531602e+00 1.704298561177494342e+00 8.777515342516695185e-01 -3.108755939941254542e+00
1.514827102228316347e-01 -2.906614868515877137e-01 -9.883252078954637421e-01 7.189919413206258270e-01 -6.814654765967804728e-01 -2.636145661783507732e-01
-4.165938751499728698e-01 -8.610973908947029409e-01 2.151614624463971115e-01 -1.024990405256771542e+00 -1.847373685892168549e-01 -2.000382273185753457e-01
2.677580488116072743e+00 -2.251883871230034029e-01 3.504959025930675653e-01 2.825748656261977576e+00 -3.565461259715899667e-01 -6.297037395170861362e-01
-6.997060279707815189e-01 3.660400001817094573e-01 -8.343378269276008341e-02 -5.578830749691732205e-01 -4.872975585591279302e-01 4.182645936691046784e-01
-3.910777929836242173e-01 -1.781885612537692509e-02 -4.568364160737555246e-01 -3.073502315559323295e-01 8.602724323921552285e-01 1.427438245138140660e-02
1.039225384329770963e+00 -3.269598576801833190e-01 3.276408225849114508e-02 7.679488605420039526e-01 -3.236345873036608478e-01 -9.297316269363853358e-01
1.092748461843876084e+00 -4.964089761923123900e-02 -1.157109373009073960e-01 6.696471439222504429e-01 2.531210342661783241e-01 -9.697135645650148961e-01
5.290895558251212938e-01 9.544889504196970575e-01 2.594342053369333989e-01 -2.218885731414406148e-01 9.689896536657210957e-01 9.196020471917548678e-01
-4.441217898729626912e-01 -5.244877225799128295e-01 9.600249937634750541e-01 8.414447773954136789e-02 -1.263680697604134595e+00 5.422589154641539455e-01
-1.075793881927812112e+00 3.786861123016406205e-01 1.785148053080365116e-01 -1.145992024368931661e+00 -5.150818772581295946e-01 6.215170644852364701e-01
6.489412223304722449e-01 4.777137278468936987e-01 7.218287596014489882e-01 2.337461037583323797e-01 2.355039760391597070e-01 1.598725247017781737e+00
2.654323485381879233e-01 7.001838279538997734e-01 5.141781852502538275e-01 5.085412001490882128e-01 3.251931379230017516e-01 -3.804055551891643017e-01
-6.281334784379769554e-01 8.296842915424737508e-02 6.804923296307813230e-01 -2.828030435235663886e-01 9.787909462046191500e-01 4.007622656988531484e-01
3.161243458520857086e-01 -9.152492267146786764e-01 -5.436387249843998015e-01 -4.911304003885212932e-01 -6.499059090904351077e-01 -1.070831951860630848e+00
2.662169529640055488e-01 -2.561967263315200437e-03 5.326476406611893033e-01 6.030665242870231202e-01 4.611230543744994081e-01 -2.868208254851528638e-01
2.045462282059027359e-01 3.232239575868113834e-01 -7.573858239397210923e-01 8.877217667101494625e-01 -1.720998274161499308e-01 -2.207988956608331055e-01
-5.338083004262796916e-01 -1.095859801774737435e-01 4.078384776554462299e-01 -5.647251714037122561e-01 8.610114672471020913e-01 1.691237061354109172e-01
1.967168051816194030e+00 -4.049315995376521343e-02 1.805357217548879900e+00 2.936434946027620896e+00 -2.367492871160475909e-01 1.953698783999409549e+00
3.566668096266160104e-01 9.610359673949390169e-01 -3.979392984669737898e-01 -3.791877574192765721e-01 8.498326662897948136e-01 -1.065885315732606253e+00
1.052214189808325040e+00 1.013792618018631436e-01 -2.860935673996868878e-01 1.002777663478115810e+00 4.493626213287045257e-01 6.501027855930041621e-01
2.190977645410216723e-01 -9.597316568109764967e-01 -2.946067246665534482e-03 -3.886315672219237127e-01 -3.724321230320550846e-01 -5.374966419709150678e-01
5.167618495377229726e-01 9.204356531856020540e-01 5.178394161432873372e-02 -6.243800204258143083e-02 6.443978136323615935e-01 8.188110878511050128e-01
-4.980758816476703044e-01 1.062227788402817508e+00 -2.434581779619645059e-01 2.370655784561461199e-01 1.008342185247556033e+00 -9.192269071948453441e-01
-1.109436140749777838e-01 -8.216024105508558106e-01 -2.437465325614840070e-02 -6.923148285560503101e-01 -1.044938648370015155e-01 -4.087739829082223109e-01
1.349767497093401214e-01 -2.883963122143303748e-01 -3.166102592839321606e-01 3.002868486940807324e-01 3.101471831820217240e-01 4.672381031512854443e-01
1.082124273594703645e+00 -4.659926268292523543e-01 4.973749228652980525e-01 1.304300933564712661e+00 -6.500624425065996137e-01 -4.600987502563593790e-01
7.441067666312759510e-01 3.941520854579193545e-01 -2.492454200810192144e-01 6.209515993307064274e-01 2.079861749546096927e-01 7.255238133961368074e-01
3.187255518946136013e-01 7.471957920874899850e-01 -6.111723215077694560e-01 -1.144905272508676686e-01 4.417241803059266392e-01 -1.459117439522720883e+00
2.704073505582866854e-01 -7.800777722107841150e-01 3.264992866304174957e-01 7.009293389900750348e-04 -2.582642882779478954e-01 1.135800920348622123e+00
7.858152743847459654e-01 2.871445951461783497e-01 -7.616790210964147212e-01 1.044687256395476549e+00 5.079376814967317966e-01 1.786590616959568001e-01
3.829088523066747490e-02 -6.411272543679716884e-01 2.392400750362845829e-01 -2.776111116057475292e-01 2.499684566988125134e-03 -4.578612747486510703e-01
8.386996594525625293e-01 -1.717683387266485950e-01 1.357530083992230185e+00 1.593508996314162651e+00 -9.767634154775359234e-02 7.057837829359111526e-01
-7.310119131341503707e-01 9.544621474196632871e-01 -2.711786315348804211e-01 -1.579802837329932874e+00 4.368799624682437877e-01 -1.631848871614962893e-01
1.741945682058300970e-01 9.459291517160488272e-02 -9.721996837172353079e-01 8.000136316608996712e-01 4.942216726678062555e-01 -3.023882505524513320e-01
-1.209573613484876686e+00 4.691755234010946407e-01 2.420735518208946835e-01 -1.511533512438147930e+00 -4.488793974256712338e-01 4.989692150187985398e-01
-5.658211946274183113e-01 6.345165354756739928e-01 -5.925623672401349878e-02 -6.672324534121832906e-01 -1.812363369107518052e-01 5.101847240304664410e-01
3.337897481501411190e-01 -1.001044637469585830e+00 -2.366773443060892768e-01 -3.039141100461718037e-01 -4.969255235970568840e-01 -8.190841679868503533e-01
8.958693543104840895e-01 -2.604110025122579941e+00 -6.848532717185630558e-02 8.558234627835759056e-01 -3.593045116004824457e+00 -2.113268918284430531e-01
-2.221163906196607918e-01 -4.118812651535835312e-01 -8.322875762079189332e-01 3.634093762744803335e-01 -7.815764290463895758e-01 -1.108410694610227898e-01
-1.193455380371871932e+00 9.699157420458087708e-02 2.878430489066311493e-01 -1.293535047804183158e+00 -8.805780922844268499e-01 4.731579358618033249e-01
-2.305055354792174160e+00 -3.416893796618214463e-01 -1.339166384896905759e+00 -2.487607687463783801e+00 -1.216001537957708711e+00 -1.788891740744384506e+00
-1.847053620919751060e-01 -3.125383496754420287e-01 4.309145134172462921e-01 -2.553913365510644962e-01 3.961883491688974468e-01 -2.710185028741758373e-01
-1.181065601318057379e+00 -1.123801858910757234e+00 1.233003000530151216e-01 -7.320916479786865327e-01 -2.016728028645034865e+00 1.565455196565742058e-01
-1.590861867600079083e-01 7.684562031685406858e-01 9.720916716252124834e-01 -1.023420424695109077e+00 2.709479125320340409e-01 1.045656784831740405e+00
-5.509095688188335727e-01 -3.038703736815834278e-01 -4.141821319470311291e-01 2.551681773592207048e-02 -1.027883565539720490e+00 -3.531867514653724838e-02
7.028905436137405927e-01 -2.828738860476028294e-01 1.977602476807001630e-01 3.165078878068808277e-01 -9.470335367794346926e-01 -4.422400660937612638e-01
7.816045675940465065e-01 1.657054648988265377e-01 -9.856526006833000730e-01 1.406113581923099209e+00 5.380635803112619742e-02 -2.126926528826614815e-01
7.279727392533673624e-01 -2.353234093525654602e-01 -6.805575735401960813e-01 1.095271063924096566e+00 1.715028673061262943e-01 1.558540005751440916e-01
1.052597932964692840e+00 -2.012720026157861497e-01 -6.573212548400149402e-02 7.245128669185252335e-01 -2.270041036311561677e-01 -1.010029773693937871e+00
-6.144276617720419997e-01 1.205479274413511659e+00 7.466103784161606249e-01 8.618908340561881598e-02 1.914054322902877914e+00 8.306197650045232805e-01
5.027235517023311839e-01 4.198845836609622073e-01 -9.630350062875659978e-01 1.395507625747179681e+00 5.218546487247682775e-02 -7.027775276744554489e-01
7.120521257353716882e-01 8.937355092979718529e-01 -1.548551412797833371e-01 6.341314446811556760e-01 7.953700535668635219e-01 -1.146950199519092717e+00
7.650854898738515542e-02 -8.861471718512853313e-01 -8.730511573646471124e-01 -8.805644044987143149e-01 -7.018142037216812401e-01 -1.096731104087470321e+00
1.397631698039218717e+00 -1.760552898534295974e+00 2.261707372221058776e+00 1.387374799405304504e+00 -2.519500146414506148e+00 2.912778697780300963e+00
-2.606870194480638281e-01 1.213332431543039103e-01 -9.360734396212344599e-01 3.384798534283985916e-01 6.672029261921818000e-01 -3.503897813315671739e-01
8.193601601668910606e-01 4.265130094787791815e-01 4.015709535260266749e-01 5.051839360826519965e-01 3.319151673035512506e-01 1.346210857656675142e+00
-5.401741496738292625e-01 7.522178843220496125e-01 6.228112029740737743e-01 -1.174040886141188622e+00 -2.110081549037590154e-02 6.089855413031501907e-01
4.468825230116301728e-01 2.165965995186902582e+00 1.480524638666047110e+00 -3.084840993201466985e-01 2.633371911020963907e+00 1.939820812948399364e+00
5.037905604655101843e-01 -3.965792706587801253e-01 2.221071061411475922e-01 3.168497325224396421e-01 1.156837934376835908e-01 -6.161289465376080798e-01
-1.256306568394490508e+00 -5.144242372387565210e-01 1.378319354577686034e-02 -9.575383623026575419e-01 -1.453855723275852885e+00 -1.541633517321798486e-01
4.010102551551387173e-01 -2.413696470512797454e+00 5.216022573490747272e-01 -2.523950120826383148e-01 -2.875298289749744551e+00 1.121590021576871266e+00
-3.551329359982460243e-01 3.338574101842332609e-01 -7.765424307301567186e-01 5.079408041439631427e-01 7.417015035529490596e-01 -4.786046610849023497e-01
6.536497606837878838e-01 9.528622897937625291e-01 -5.255651380142603024e-01 -1.484523643337287702e-03 8.185097809397176016e-01 -1.269035697528091422e+00
-1.692131787830078171e-01 -4.379732123387676812e-01 8.050154425155955362e-01 4.292688207091018837e-01 -1.023720727731596725e+00 2.584633914764890017e-01
-3.123682066613953524e-03 1.027478883780295948e+00 5.559484291242131615e-01 -9.663584460277628851e-01 7.857986894999733352e-01 6.732918277000817797e-01
5.400424945569198831e-02 -9.540250064891968654e-03 6.504014085055296324e-01 1.798341887250454740e-01 -6.014791641566111791e-01 -1.456985527853795759e-01
-5.063484014362017449e-01 1.127685032032420320e+00 -1.561601833315462151e-01 -1.113328298853724974e+00 4.423442434383425548e-01 2.461871885006314542e-01
-4.678034095130210734e-01 -1.181370653895094103e+00 -2.068899008313332746e-02 -1.342471211746368853e+00 -8.135079726313410031e-01 2.949584136282352720e-01
-6.297394651333164672e-01 1.080708269619605061e-01 8.795845375786675024e-01 -6.375823654535508478e-01 -8.917711286580144447e-01 8.955392452410099180e-01
-1.293182190369516427e+00 5.061509116673527098e-01 1.474895485893130131e-01 -1.332559802498553658e+00 1.452731841746076391e+00 -1.725634883816134502e-01
2.872055195443416475e-01 1.660381062869492885e-01 -3.336285791926521527e-01 3.563400303908921263e-01 -2.982368253845675277e-01 5.493602130529893213e-01
1.134878923271066820e-01 8.329726131543586654e-01 -1.213380328067925618e-01 -2.741884882179234095e-01 2.030335397870968173e-01 -7.943044419333554762e-01
-3.137135875065346635e-01 -6.583828775301930891e-01 5.410334029499170860e-01 -3.989058225065765795e-01 2.089783332690434703e-01 1.031366772298342838e+00
6.233221779714984701e-01 9.992332797473935102e-01 4.750256685945309504e-02 4.667022854742975957e-01 7.633258748579525577e-01 -9.115688098339057577e-01
5.905148016271444256e-01 2.500909419852654358e-01 1.212003418073869909e+00 1.559033451806194126e+00 2.666236079124945091e-03 1.184569148216417123e+00
-3.015434116974594070e-01 1.194730003553744924e+00 4.680465970205271442e-01 -1.253111492462416487e+00 1.415888750227863202e+00 6.816045433461775938e-01
1.089514822980119257e+00 -4.271329162405722579e-01 -7.119206839348961591e-01 5.425234979695224835e-01 -9.705041162084292461e-01 -1.348747371039514142e+00
-3.960167503919184706e-01 -1.177151720750357011e+00 -5.510715737788842716e-01 5.434096893752047297e-01 -1.497927302279527417e+00 -6.718233462755657248e-01
-1.330639567964781778e+00 5.150888165929044804e-02 6.467548044957768805e-02 -1.516322180693381982e+00 -9.154587778541070087e-01 -1.099541641857558205e-01
6.605472184007050718e-01 2.335558230683616732e-01 1.004696842570650617e+00 1.108356363636349373e+00 6.239850447741814854e-01 2.003138540126444544e-01
1.622924761584146613e-01 -7.748403756945546617e-01 -2.124259892388781490e-01 -3.938058297021619358e-01 -2.619097939012985377e-01 -8.663807984422574604e-01
4.229326914290327810e-01 2.323758987342046042e-02 -1.027570989652309974e+00 1.223376692512974095e+00 -9.647428109619313186e-02 -4.402393379616438285e-01
1.007082479204153946e+00 -4.624932069263833490e-01 -4.021396209631616370e-01 5.486896734032933320e-01 -3.879437081939039467e-01 -1.287757150051622501e+00
-1.214187672752900182e+00 7.344226485487067579e-01 3.455329348294644554e-01 -1.862017137989580462e+00 -8.673545152011352677e-03 5.132381252043056730e-01
-4.670789124743311427e-01 6.665127513614004240e-01 6.392337923772116737e-01 2.223751695760616820e-01 1.269361889908665164e+00 2.377042356857133609e-01
2.251859839547234177e-01 -5.264857529099224998e-01 -2.013267653154941217e-01 1.567439178139438949e-01 2.796746747939082844e-02 6.280689846026621392e-01
8.681032506338925980e-02 9.862920614144680131e-01 -2.003982199563207056e-01 -4.797416160502160354e-01 4.588692646022922705e-01 -8.335207131779943657e-01
1.693289258641701156e-01 -9.081835678811133183e-01 -1.813660515091260472e-01 -4.947898375865181775e-01 -3.577916928868467572e-01 -6.873453514543159670e-01
-1.963016303428309073e-01 -9.994168644912124755e-01 2.083130425399293273e-01 -6.276282189920383559e-01 -3.067052794042037789e-01 7.863338326595246119e-01
2.860416290240314074e-01 1.026537404376222540e+00 1.963534816205141365e-01 -3.714291892359479208e-01 5.987225100076319917e-01 8.166006414632214216e-01
-4.161803213777465760e-01 5.383754979726447232e-01 6.649806506182298627e-01 8.497145121552701630e-02 1.184932709062091583e+00 8.981921796226999266e-02
-4.911977684176560000e-01 -4.109586946471758262e-01 4.619736258653004413e-01 -6.718588712793436279e-01 4.462604648566468324e-01 -2.024715188318959580e-02
-3.982466567857186057e-02 7.831052382661311817e-02 -6.028708092083899794e-01 4.646640309451270379e-01 4.557486844210395516e-01 1.736802772669413519e-01
-8.640776175373632295e-01 3.917388976768783615e-01 1.828585657770211537e+00 -1.210983233395636960e+00 -3.485094607647111764e-01 2.404510011753027143e+00
8.719965745727634165e-02 -8.847947830668266567e-02 8.857912972028344489e-01 5.732543366551194897e-01 4.543482754186530803e-01 2.008906630847252517e-01
4.123267644743816573e-01 -3.115242880608458109e-01 2.027344313722479474e-01 8.455955295544109740e-02 -2.231307923203562638e-02 -6.966684437292698373e-01
3.643832680437991689e-02 -3.922513367909198911e-01 2.147337517905126836e-01 -2.309178687860249379e-01 2.430637623551885063e-01 -5.097628938030991375e-01
2.930545595105936152e-01 7.474966899809135645e-01 2.782390745697853676e-02 -1.802410128081927132e-02 3.878374851583126226e-01 9.075257451193738945e-01
-1.771862147695586059e-02 -6.734969076980622527e-01 1.366740995038914774e-01 -3.431208906124147973e-01 -2.870616485196497703e-02 -5.549603857420890574e-01
4.982029540286091462e-01 4.416408519898700757e-01 5.380374372096455859e-01 4.281334410052705097e-01 7.694139426458324049e-01 -4.041170428977890472e-01
8.009204625325490046e-01 2.987718887668497914e-01 -1.106612778398187308e-01 6.261173059048876777e-01 7.273973355825127940e-02 8.476462517375927819e-01
2.463262503307407925e-01 9.995598492192770967e-01 -2.661186640967078687e-01 -5.989875377343822915e-01 7.765393986246252878e-01 -7.516147797593881741e-01
1.061502034021687968e-01 -4.543014661836133339e-01 -1.388466207437146493e-01 9.519870225555296384e-02 2.198283816628104903e-01 5.996850392852871581e-01
-1.685310201387359430e-01 3.860822561522666008e-01 -2.242484156057263700e+00 -3.870789559980909456e-01 -1.693610052996604165e-01 -3.044805527478505081e+00
-1.057549702504283040e+00 9.053619938757159757e-02 4.220636597529228706e-01 -8.497443567564235689e-01 9.386422001121699221e-01 9.094373867977239012e-01
3.511174404974080621e-01 -3.183851021707539974e-01 1.046958458956661620e+00 1.173504255553226017e+00 -2.935830004907422630e-01 4.785705789182127523e-01
6.916207990883063150e-01 -3.136735975794458509e-01 -1.153091146331107764e-01 1.717560696308508827e-01 1.143157392988214394e-02 -9.052757535008651990e-01
2.554808617398078296e-01 -5.201804083528451805e-01 3.897329112119695127e-01 6.336583108432497502e-02 -1.663174486111672623e-01 1.305086843152561737e+00
-1.874034566061302531e-01 -8.537410197929480304e-01 7.790945734941094603e-02 -7.187312598796238294e-01 -9.972009623561395308e-02 -3.082811850881144733e-01
2.088668166924122771e-01 6.027912039143871192e-01 -7.982192442760999151e-02 -5.977525028407384977e-02 1.334261958404018289e-01 7.613248695663448196e-01
1.489094382768675895e-01 -1.225131694531603088e+00 -1.961928636519650881e-01 -7.921171628886163329e-01 -9.491218042265991972e-01 -3.918647225197058326e-01
-1.043678338064940370e+00 -7.430842451697815543e-01 1.604439939343071664e-01 -1.680930834712951905e+00 2.091735032634456370e-02 5.939540366581326503e-02
5.380535265500152597e-01 1.023335013354535750e-01 -1.030412962319142700e+00 1.346363523680465413e+00 -6.692767038674157787e-02 -4.665108393525757569e-01
6.666157051495354979e-01 3.375669678057765383e-02 5.358651886289478306e-01 7.800443819692792768e-02 1.175094644676135114e-01 1.339931261984370181e+00
9.257841596441932497e-01 1.478864518604394718e-01 8.419189399113149452e-01 1.433669338672446392e+00 5.071090697914131251e-01 5.896826733336957282e-02
-1.909317241642240204e-01 -8.820917960124640134e-01 1.791359141546095546e-01 -5.440498957791046752e-01 -2.040694759661084712e-01 8.238011686815780443e-01
2.748065221204947783e-01 -9.717569096126961181e-01 5.250342344296866637e-01 -1.199434793686698919e-01 -7.031343865112540392e-01 1.403677720951336028e+00
-8.878805660050220760e-01 -3.041915173544743611e-01 1.101492833619168998e-01 -9.790155065930925549e-01 6.885571679924248345e-01 3.176261136972084731e-02
-9.854783340548594062e-01 -7.897145570659623859e-01 -4.435505224146337744e-01 -5.892053626853708259e-01 -1.680740480458367436e+00 -6.650015011993495317e-01
-6.125018054324418149e-01 -7.869618980351808513e-02 -3.060771533796478039e-01 -8.287735937891449467e-02 -8.278005086687785230e-01 9.184327283633397787e-02
9.010912652642811826e-01 4.365249463802539087e-01 8.704582623503770433e-01 1.506131202178294881e+00 8.120364817029811499e-01 1.683772402605797636e-01
2.663511979201274582e-01 3.185426146350106014e-01 9.480005088363780974e-01 8.746154780717803057e-01 3.920412232515397832e-01 1.576761956439861612e-01
7.011776627794958916e-01 1.122023753815358793e+00 3.929467319606159137e-01 -6.649788223039176938e-02 1.493979952665730693e+00 9.147923448870394214e-01
