# rod_radius=0.025
# rod_length=1.0
7.915177337622303355e-01 3.377585531246474759e-01 3.574702412180323918e-01 7.714605360025268421e-01 2.687514122893998048e-01 -6.399442780926564156e-01
-3.213115564505802935e-01 -8.055517562222974659e-02 6.742799307299847111e-01 -2.979600614144706228e-05 -9.188222202500351266e-01 2.337275589321617941e-01
3.139371586087479904e-01 5.872357336877740419e-01 -3.352733354762276186e-01 -6.002512178993171243e-01 6.412116657033868350e-01 6.640590349511132917e-02
6.242105100566022191e-01 2.385250372792919460e-01 -9.152508061358281821e-02 2.308267489946674855e-01 1.949703600305014717e-01 8.268170161142762709e-01
3.499249463624954926e-01 2.003473122095586478e-01 7.140432158141190033e-01 7.933469267649266854e-01 3.761392220022001798e-01 -1.648618710681004629e-01
-3.860387784719914728e-01 1.795633174784729558e-01 7.350965886215381495e-01 5.268636014739889184e-01 5.474793973540160730e-01 5.583283707259621975e-01
-6.627707895389635118e-01 6.304566883060116478e-01 -1.152530067512564232e-01 -1.132402054476988829e+00 -1.742915618299913927e-01 2.478265009268156849e-01
9.785159547471890609e-03 9.652796806712509170e-01 -1.596369316960822571e-01 -7.083994333080324557e-01 4.314130035721727152e-01 -6.059521360843732607e-01
2.218675103923594960e-01 7.269881241195060018e-02 8.785920013908005144e-01 6.044478681757381455e-01 -4.149478107784556613e-01 9.384169668914832396e-02
-1.003522042903360001e+00 -1.146396017302523385e-01 -1.043092897479569597e-01 -6.855580732831489943e-01 -1.053385928100142310e+00 2.856000222875824945e-02
7.389572303390886665e-01 3.016766370479008752e-01 2.414046988055392196e-01 7.192976110522741884e-01 2.903656702900008768e-01 -7.583380488053144131e-01
-9.180282500975027737e-01 -1.544204643172546465e-01 1.882951670759916776e-02 -4.361733984411546583e-01 -9.634817289151255126e-01 3.553347500436244144e-01
-8.395649087842265157e-01 -7.284292083282741803e-01 3.217227303663474092e-01 -1.220097082543621259e+00 1.891859750247838479e-01 4.365166327039009531e-01
4.273007455899680562e-01 8.537082991144481214e-01 1.013044044522397463e-01 -4.209958855446871984e-01 8.004121498404526136e-01 6.281367744506659578e-01
-4.904260979448670787e-01 -3.684408266271482213e-01 2.190545842611863747e-01 -5.692619697805274548e-01 5.072228975492218961e-01 -2.573884317160460844e-01
-4.812562478608675698e-01 -3.411503758606803660e-01 -5.248017723363880283e-01 3.941318101629229242e-01 -7.561230190455291433e-01 -2.768230368014292786e-01
-9.173812679449248886e-02 -5.609369288857967151e-01 1.587916796910195105e-01 -5.189748333996629936e-01 2.260867720473649367e-01 -2.862504426958807358e-01
-5.588633500043352353e-02 2.354205073891586508e-01 -4.785990020919631549e-01 4.158216210244888300e-01 -2.393744809123848349e-01 2.644092908002004805e-01
-6.310726365082818257e-01 6.726090314176036422e-01 3.674650495530044081e-01 3.228653730812006684e-01 9.631488969050141513e-01 2.927063682978230386e-01
2.404189417907891257e-02 -8.245863968107831898e-02 -4.938773138539309659e-01 4.465743083984443085e-01 4.938319644479331472e-01 2.056621764727937229e-01
3.431832143027924165e-01 -3.985667246811878672e-01 9.524185649063920955e-01 6.747898045627844787e-01 -9.284135207512422827e-01 1.718422124651719507e-01
6.447309933901828050e-01 4.541540930422344746e-01 3.300249827330069552e-01 -2.037317053710192560e-01 5.230009372915944699e-01 8.547831754730176312e-01
2.706355545657257999e-01 3.194923078674443140e-01 -6.281122776519738604e-01 3.758273395500826286e-01 7.104619846220515678e-01 2.862604036056207724e-01
-5.409416434494656034e-01 -9.323194370277574153e-03 -4.924829957432262928e-01 -1.082743998585504741e-01 8.180669468627701502e-01 -1.343983541934986592e-01
4.878860346580315421e-01 2.048575304006019226e-01 -4.327781703729332019e-01 5.600543085732648807e-01 -1.566887634587911526e-01 4.967787227953296414e-01
1.044253617963953884e+00 2.067152864548277569e-01 -8.361351912380288187e-02 6.800915515715790782e-01 2.302015936041169608e-01 -1.014652929018639238e+00
7.477113569827650297e-01 -2.137267931804711363e-01 2.292902905038917694e-01 1.887902165197268278e-01 2.124803719329437512e-01 9.405951556281808568e-01
2.325187820172107400e-01 7.900682471306238464e-01 3.905754734526807326e-01 -5.951051531232145475e-01 3.606416430618447633e-01 7.520051536127820846e-01
-3.363655881936413738e-01 -4.043211178999747690e-01 -1.297703242942018775e+00 5.902608084376116393e-01 -4.866136682051058759e-02 -1.419644468654545522e+00
-7.595298247563061489e-01 -1.271954806157841733e-01 -2.805052586794909986e-01 -8.785660361621361325e-01 8.450688593210013977e-01 -7.917857475152004221e-02
-6.665360457306225561e-02 -3.482912207438367269e-01 -3.822417774227971354e-01 8.743498495334539600e-03 2.443234357154965841e-01 4.197078131366593357e-01
6.357241768433821161e-01 3.802551463410843158e-01 4.086796445842268422e-01 6.324040932128917047e-01 3.573422453474255356e-01 -5.910523074973004221e-01
-7.848122999385671594e-01 -5.617175991014609071e-01 -2.727460975335341264e-01 1.417288762281088133e-02 -1.152144554546500554e+00 -3.868455293524989402e-01
-2.799206934746334419e-01 6.687209139403273994e-01 -1.496613115262392102e-01 -8.483448027706083083e-01 7.030612621000797979e-03 3.392762889004580229e-01
-5.914645980147668070e-01 -4.872510945166290686e-01 -1.946436802553864753e-01 -7.839269142741442931e-01 4.306513258389121912e-01 1.523626648242308868e-01
4.401203967596634681e-01 -4.385739679883999265e-01 3.285400822678016253e-01 -2.545789683041350115e-01 -1.119833529720126730e-01 9.694233496130906236e-01
-3.969762019587245172e-01 9.144205421260234168e-01 8.681944214502577972e-02 -1.319515487028903422e+00 5.300202294806013459e-01 1.208439500812892864e-01
1.291344267257246714e-01 4.417351572902264989e-01 -4.094959442881789258e-01 8.829074271430112364e-02 1.078023144437292302e-01 5.322156091849806758e-01
-5.533160829838519312e-01 8.866433121225607561e-01 -2.992310732650100835e-01 -1.493711719946733130e-02 1.728512708079889659e+00 -2.617609604899095443e-01
2.437518877880492374e-01 6.111884290495094296e-01 -1.227125305122003934e-01 -4.333224877453613066e-01 2.023045029905660708e-01 -7.345819814628640199e-01
2.097002107845579444e-01 3.063781286868998976e-01 3.258866480463763482e-01 4.804352344089421467e-02 -3.197638482902039336e-01 -4.368802495732548863e-01
-6.368735474919566498e-04 -5.490613080674344726e-01 2.523812304686197105e-01 -3.115462597699629743e-01 1.228967463110007818e-01 -4.197852122482971238e-01
-7.448646104537748336e-01 2.346528525105846530e-01 -2.072933783891365567e-01 -4.537730405570444825e-01 -7.201944965507305341e-01 -2.667260118966300331e-01
-4.728345940887599963e-01 1.841142260217264737e-01 -5.918321046784623674e-01 2.665842391617580520e-01 8.325614468899363851e-01 -4.107906984125547223e-01
6.572057794578153866e-02 5.782755027614114862e-01 -5.126893530474028321e-02 -4.193534310123873121e-01 -5.289114232676461747e-02 5.539846247520234801e-01
-8.795789112019741784e-01 -4.888692140336087233e-01 3.754143883481994310e-04 -1.113055372510318275e+00 4.793230440001569059e-01 -8.958287315877805357e-02
4.878873929881578919e-02 2.777350330407069023e-01 3.848091113030993604e-01 -1.201788525814347780e-01 -3.033799345642148593e-01 -4.112784136084016717e-01
-8.761357116478211138e-01 1.606898977290032726e-01 -1.498411487355500726e-01 -4.046793843642586541e-01 -6.842101074029627306e-01 -4.025720585829574150e-01
-1.142450408712765569e-01 1.976086370185340946e-01 -4.770736607653116579e-01 4.349347792397341705e-01 -2.792843866311199852e-01 2.092022088214955389e-01
5.480971976811106483e-01 4.638291756611034322e-01 -1.484207848325711232e-01 3.441716074622527266e-01 2.634293755411635241e-01 8.098350650143152363e-01
-1.737894051816734620e-01 -3.578179510020009224e-01 3.561995042830252145e-01 -1.775573608547850735e-01 3.754595125437809044e-01 -3.237195820543933844e-01
9.372356279178002403e-01 2.186073945249751849e-01 5.763286642703155938e-01 2.327499127942110890e-01 6.248382180756115734e-01 1.158287765225165078e+00
1.993431333958491369e-01 -7.178668882973592274e-04 -7.065293070477917103e-01 8.387724447212268064e-01 -4.284342058296543992e-02 6.116568026414248571e-02
6.696821442462836949e-01 1.667789048261618945e-01 6.426474864528122777e-02 2.480764575073899914e-01 -2.749043972531965974e-01 -7.276724367259450599e-01
5.560292066648554049e-02 6.621619052568646913e-01 2.164140445919129213e-02 -5.642437359470927616e-01 3.813108153328848005e-02 4.974309097321046869e-01
5.379759461714360702e-01 7.445865293188964895e-02 1.017042848605341554e+00 1.240300672417340877e+00 1.735994196232462372e-01 3.121236423955341399e-01
-2.687673612500746656e-01 -1.860935212282953666e-01 -5.519977068064468861e-01 8.751491156404445082e-02 5.276468990456713026e-01 5.102596979800200216e-02
9.912263236285393520e-01 3.182199884764295300e-02 4.757142275599033909e-01 1.144464328977948808e+00 1.476069308629334720e-01 -5.056684517424923087e-01
-4.435165068776920627e-01 -2.398921561894190868e-01 -9.604013283493863240e-02 -1.418657792476047952e-01 6.750011087810467991e-01 1.722454467848383297e-01
9.138744296128155087e-01 -3.074030604799654273e-02 -4.443505516737045746e-01 1.100246806145983136e+00 4.712594867922120095e-03 5.374887575220645974e-01
-7.011525265806833884e-01 5.657730264729315950e-01 2.541612796434543631e-01 -1.117531750939245283e+00 -3.429468603361344181e-01 2.834274519295689743e-01
2.496164366539210810e-01 7.159145558391809550e-01 2.201967811360350524e-01 -5.515652820634727727e-01 2.671227605742801936e-01 6.160424304691434205e-01
-7.512616467572047485e-01 -1.188326675212403039e-01 -3.750384183231883495e-01 -2.746889477830214976e-01 7.217616996865001688e-01 -6.324866119682027721e-01
-8.099987486750091781e-02 7.621654729019949892e-01 -5.594786931774124901e-03 -4.094816682554371368e-01 -1.022529053937401011e-01 -3.862266020460872196e-01
-9.791912010564397528e-01 3.161942755931643201e-01 1.039057902690075086e-01 -1.206522064466971189e+00 -6.575699019329583894e-01 9.370750080968355544e-02
-9.920606001315046552e-01 2.205504288121487300e-01 -2.555065539833684465e-02 -7.892628473525754584e-01 -7.533530593054033053e-01 -1.274578057867255532e-01
5.486155029623680512e-01 3.428564537665715339e-01 -8.074749562312846241e-01 -5.473608597355339445e-02 2.908524609525156568e-01 -1.603252842867935568e+00
-3.239783710542367690e-01 -6.746625961695715823e-01 2.774814340102303989e-01 -7.172775550617884743e-01 1.408415667766222956e-01 -1.470991968202653988e-01
-2.431096841084017524e-01 2.732717809571870715e-01 -3.523339354604154705e-01 -1.189963151002373376e-01 -4.423028415377761036e-01 3.350879373910629067e-01
-2.429076429822641381e-01 -3.408634506850857088e-02 -5.010937855962458443e-01 1.776419303970203645e-01 6.470574626229947945e-01 9.822346726239017389e-02
9.251842576550413089e-01 1.276367415674470041e-01 -1.766869019943339558e-01 3.270916935445300489e-01 1.001642262724539156e-02 -9.694357558743753600e-01
-1.452633390159069615e-01 8.255219351468023881e-01 7.891052758983081727e-02 -8.875466998221704928e-01 2.058292881721498491e-01 3.338545127232459553e-01
2.667554105692564459e-01 2.953290719547176368e-01 -4.077121565035593531e-01 3.435356833538484866e-01 -2.079245878753123722e-01 4.530087875769272521e-01
-6.083852481322010730e-01 -2.683597991949466799e-01 -3.343872784356983763e-01 1.392645105987991849e-01 -8.735489799306053182e-01 -6.095375124859664373e-02
-5.389512278302862613e-01 4.014835084656620534e-01 3.942839664939812860e-01 -6.636900364274178621e-01 -5.883356856868102724e-01 3.257406041813651898e-01
7.566840740517674635e-02 3.740953701863259928e-01 -3.258437884459134959e-01 6.498407292542698888e-02 -1.741741448834991379e-01 5.103896621178771742e-01
-5.665190833558093608e-01 5.572577140416213881e-01 -3.298901043925236420e-01 -7.836499932042788608e-01 -3.766168584156799337e-01 -6.140246691784161381e-01
-9.729547088983284131e-03 -7.632207303416009836e-01 1.395672974132629862e-01 -4.138018734249470088e-01 -6.197084019455112447e-02 7.269122953984276103e-01
-1.521807998552584251e-01 -8.593785875947391739e-01 -1.070780581386712033e-01 -1.010517422942494692e+00 -4.407148045220591892e-01 1.895342784396845670e-01
-5.088525540966319927e-01 1.163549490970634759e+00 -2.111060570658255808e-01 -1.107863985401155604e+00 3.940482828096136814e-01 -4.325856177598876862e-01
-1.354406728142733274e-01 2.816765334661612830e-01 1.017765689216579839e+00 7.717641198487025234e-01 5.750456979216714837e-01 7.162462080615423776e-01
3.124844111674641711e-01 -5.053058448664233815e-01 1.593221167663925186e-01 -2.233686668921944785e-01 -6.161843563794128231e-02 -5.590113445356038602e-01
5.646846782522195740e-01 3.967172742705244448e-01 3.173265431479289911e-02 3.486768199124149481e-01 2.814316391790866456e-01 1.001294322016757388e+00
6.984608142259560726e-01 4.914033587816612481e-01 3.302885378190948545e-02 6.394812294275409315e-03 5.893220581375041567e-01 7.481907776052901804e-01
-4.005302907981076604e-02 5.206141923226641488e-01 -1.782016183275619281e-01 -3.703142774733975129e-01 -1.532760030485010860e-01 4.827064784545264664e-01
-1.473649552803971419e-01 -8.503336599029133469e-02 4.939976867738646304e-01 1.049090217706728778e-01 4.607260281800300561e-01 -3.050670941905325173e-01
8.220370149563964446e-02 7.084104364755831051e-01 -1.789717921110532406e-01 -3.604915117936763891e-01 9.375905214442703528e-02 4.738870164153543008e-01
3.593999096477576982e-01 -3.276993003733877363e-01 5.912676411876627292e-01 4.339351391558141646e-01 -4.561327127414986360e-01 -3.976455795499630463e-01
-4.095807865335984732e-01 1.246632132501591383e-01 -4.219825869558909703e-01 2.454205724515712284e-03 9.477090770170425449e-01 -3.105718321359041134e-02
-7.517839276462738862e-01 3.391007871041051142e-02 -1.655449326010582367e-01 -2.297346708169489826e-01 -8.162294474340985317e-01 -2.343007289439067165e-01
-1.618427251558768043e-01 9.059807279251033685e-02 5.953007844408174654e-01 2.158768417950814034e-01 -6.163300456136716621e-01 -2.679620045045072452e-03
-4.454345735816940266e-01 -5.917950180026183560e-01 -5.321780823969640695e-01 4.987678845379964754e-01 -9.205251384261694536e-01 -5.117275076604983486e-01
3.612861267250129238e-01 -3.978729145191928773e-01 -1.887594352441863965e-01 1.031352121978520997e-01 1.614795208251984526e-02 6.841350757633908319e-01
-1.953796832387997562e-01 -5.072779520426820010e-01 -3.739851830957279799e-01 -6.929852632596077422e-01 2.582066296585150411e-01 3.396339443567947258e-02
8.224556905556873465e-01 -1.747851596464330970e-01 6.244712056383291410e-01 1.108778368822939342e+00 -5.469425503094854646e-01 -2.584320735971350480e-01
1.668508979201513420e-01 -3.273458942303464781e-03 -1.010795648991586582e+00 9.881591174212491779e-01 -7.542787732653259691e-02 -4.448923458667769504e-01
-4.184202096639266094e-02 -5.528756640244558707e-01 1.503143610416499132e-01 -4.693275979188982205e-01 2.325011631092241959e-01 -2.973901407215299719e-01
5.185653656071476103e-01 -6.446904536341880876e-01 -4.349064983781457117e-01 -4.449496892564916983e-01 -7.699188355366829439e-01 -6.714579545503728264e-01
7.218514707192417168e-01 -2.513057297317292105e-01 9.399068409161896731e-02 2.612037302864437804e-01 -2.536602173050910292e-01 9.815706047874537266e-01
-9.464991541555732857e-01 4.024689220705007786e-01 3.136761545400029022e-02 -1.078780427290062516e+00 -5.792576514925580344e-01 1.681689295487654445e-01
4.421008738479376143e-01 -1.677597069297738774e-01 7.466276947092252703e-03 -3.075805004829857969e-01 1.623858060030415884e-01 -5.661030538853940586e-01
1.303606055029028488e-01 -3.853772057653183092e-01 -8.319813330351617520e-01 9.221489497834556293e-01 -1.833043582554691187e-01 -2.555806198496886061e-01
6.602225841195579203e-01 2.914944449826149808e-02 -6.842415646936311768e-01 1.104675166686062582e+00 -1.877051832495232886e-01 1.849166328022757710e-01
-3.209923018123597011e-02 3.093500954623583099e-01 -4.009495283097460061e-01 8.725979169881326047e-02 -2.347243655569472565e-01 4.295541771379721152e-01
4.720418439926804544e-01 7.143357968744786790e-01 -3.059956819126182781e-01 5.320709205733221703e-01 5.810605362675272945e-01 6.832637455759574818e-01
-1.454650762644667805e-01 -2.956975763263002266e-01 4.521842351943822780e-01 -5.273198957813046706e-02 5.308638592745427154e-01 -1.029704890141919793e-01
2.243324555990398039e-01 4.801077638194158059e-02 -7.131231033929165131e-01 8.141868470295378080e-01 8.360031858922215009e-03 9.341246021784399556e-02
-1.803392359179775695e-02 -8.253210692030565898e-01 1.656071695625264684e-01 -8.733686834569162061e-01 -3.225866419252784167e-01 4.046507354298395365e-02
3.739536128477636279e-01 -3.741340283573789671e-01 -7.007970745752692410e-02 6.386368955115018231e-03 -6.857618608807042326e-02 8.082873719830031556e-01
-7.459955512172252723e-01 -3.555601235437663155e-01 4.218717065237739816e-01 -6.992707337879715546e-01 6.413838086325274190e-01 4.844783158639421883e-01
-5.743522646262644304e-01 3.143256271358219056e-01 -3.838966622273868867e-01 1.008404189667462258e-01 1.033768618819755680e+00 -2.210574110029371320e-01
-7.045291617986653154e-01 -4.618745750836552033e-01 -1.817725165794810416e-01 7.053807862045735622e-02 -1.093725975585950527e+00 -1.758919968427669067e-01
4.746320959407375195e-01 2.527157215517257249e-01 1.279165450987389818e-01 -4.825586438637330389e-02 9.213515217939738378e-02 9.650557579450925738e-01
-1.872804171834992204e-01 1.950070755839658221e-01 6.193739647409591820e-01 3.204168225193388952e-01 6.006303701664171824e-01 -1.407005419294046211e-01
-8.243419985051017029e-01 3.123193300055230326e-01 2.041830298288706269e-01 -2.855140255198365118e-01 1.149485873600988306e+00 1.102863109670704223e-01
7.451600991050553180e-01 -1.239759518935170113e-01 -4.862583746204452995e-01 9.975923905311210316e-01 1.891240406414630981e-01 4.292995606954915777e-01
2.706224265212924252e-01 3.987233573424227018e-01 1.238304770405533467e-01 -2.651363939348898580e-01 -1.087307644706890786e-01 7.987029098441787989e-01
4.728708965480858395e-01 -7.550541611486988325e-02 8.310498819201918019e-01 1.254870392559881864e+00 -2.385057579684889129e-01 2.294622517341146084e-01
2.970462276588984110e-02 3.839187849491098592e-01 8.952349103451608947e-01 9.352007522046252852e-01 3.483215936096521470e-01 4.723760691933991396e-01
-3.463678846169702674e-01 -8.642559851640874147e-01 9.536744201017990918e-02 -1.114710403219236090e+00 -2.310630200086074559e-01 1.887293345870657002e-01
7.685243054828712062e-01 1.851126348116182985e-01 2.800769442043523860e-05 2.439419386735850459e-01 -7.170079933149806073e-02 -8.116740315271073758e-01
5.830420478164688447e-01 2.379765804188167799e-01 2.854665980758033239e-01 -1.086549802165075462e-01 -5.893001951404988614e-02 9.437991070153608497e-01
1.585997980480387815e-01 -1.162789124165410498e-01 6.854693059302333635e-01 3.957684936435139633e-01 2.880326028087176748e-01 -1.978671013834221171e-01
3.447803288188592830e-01 1.432011505073764179e-01 7.006572246442775986e-01 8.904052870568242017e-01 -1.399911625379731128e-01 -8.807309604831747851e-02
4.100319239585942070e-03 -7.810792941430411140e-01 -5.635311699569855309e-02 -6.578976455807359347e-01 -6.891106960282045168e-02 -2.899662898455652171e-01
2.979658368934388624e-01 -4.183214531600659702e-01 9.260654621076122028e-01 6.783870486723122539e-01 -1.041667859708480748e+00 2.428971379942412856e-01
-1.010171776003194188e-01 3.885009118215668189e-01 -2.895651971196099850e-01 -8.788519026308919124e-02 -2.855699124631325136e-01 4.489847840981278648e-01
-3.254434554704760396e-01 9.678544931919724759e-01 2.013926200226273111e-01 -1.100402972672313684e+00 3.431811654960797986e-01 2.974185559130665402e-01
1.757267391963525660e-01 5.239193766772870520e-01 -1.505621379343510535e-01 -2.427258892908155108e-01 1.312350682552998471e-02 6.004271942499129766e-01
-3.695154589605532669e-01 -4.011477936736145833e-01 -5.456071055926670077e-01 5.493627371003643178e-01 -6.932889266324316901e-01 -2.804346725658295458e-01
-1.395993727323144640e+00 -4.184437239102345441e-01 -8.080475985054097531e-05 -1.314658818724420364e+00 -1.406924333149892847e+00 -1.277159010321181620e-01
-5.175825161130578334e-01 9.522702278715966528e-01 3.880629696782111199e-02 -1.250310832918231974e+00 3.088101733077159849e-01 -1.827075218618487706e-01
-2.437197265408869509e-02 -7.353081191527944815e-01 1.006640984270836953e-01 -5.154296265061524274e-01 8.754244645948883186e-02 -1.853067519490554371e-01
-2.452151643929236652e-02 1.983810606570064194e-01 7.398817195147630033e-01 6.473216836745400160e-01 -3.287581428584183119e-01 2.195443533974249517e-01
5.402615038969488248e-01 -1.611299885682398181e-01 -1.028146244192528480e-01 4.262093611238232382e-01 -3.817954064870748843e-02 8.830227334066945710e-01
-2.668421519229658423e-01 -2.643930853306375450e-01 -2.637574902974728075e-01 -2.260380626392208270e-01 6.481793784319687113e-01 1.431165991699825391e-01
4.516636552922313474e-01 -3.869925067053279766e-01 2.905646240829577454e-01 2.090534340660193946e-01 8.296591266889496996e-02 -5.581281145544423339e-01
-6.364969516486278511e-01 -6.108273326126103520e-01 -2.781777018846173233e-01 2.548779898511557285e-01 -1.020227298287623929e+00 -4.727088864580811789e-01
-1.341205398467277543e-01 5.099647441965739735e-03 4.595149985322035668e-01 1.738391486998332736e-01 5.258613918107862828e-01 -3.367060987970799113e-01
7.315551688499966065e-02 9.395687437118252494e-02 9.974381806062717626e-01 9.850638259117012741e-01 -1.846379077704063398e-02 6.027423103774426361e-01
-4.386329512490737548e-01 3.533310046897453205e-01 -1.392443399056032538e-01 -3.997727772079064934e-01 -5.103609314062698132e-01 3.632754372138721211e-01
-9.178525519077119776e-01 1.898330332298534262e-01 -8.678563842882776325e-02 -5.039779080058740535e-01 1.096942697594592397e+00 -1.633352037523313482e-01
-9.994909735651628935e-02 -4.829183830813827405e-01 1.708727066020251650e-01 -4.944412817056989540e-01 3.140048751250508752e-01 -2.866086995961419914e-01
-4.398693782097562455e-02 -4.874052455987555321e-01 3.372934412475034338e-01 -2.489840251107042768e-01 1.996003833505203273e-01 -3.598431737676148212e-01
3.279245928071403138e-01 8.392941098496783381e-01 -1.177593825672266503e-01 -6.646982903689044875e-01 9.229362893275062651e-01 -2.055306626506058221e-01
5.238731752774206801e-02 -3.884587000076639152e-02 9.278844168697066852e-01 8.377430212805810905e-01 -3.494634997815651012e-01 3.924097613982813204e-01
-4.734971708380569244e-01 -4.483151821196595388e-01 1.195418958133780629e+00 5.095745556259312359e-01 -6.265391917408179578e-01 1.152919746121429112e+00
3.508407513455605864e-01 5.063099381714885050e-01 -7.287369733675659600e-02 -2.492154949413784015e-01 1.312512259992750230e-01 6.337120821095532097e-01
5.111900016957192650e-01 8.310670069499690449e-01 -3.120703050811754128e-02 -3.206958749708928025e-01 9.716358838126606390e-01 5.056414388574788088e-01
-5.614295486618783304e-01 3.869901873439195450e-01 -9.268206560687987372e-02 -5.259859008060145946e-01 -4.886878918655203075e-01 3.889107597328829713e-01
-1.603468914641558996e-01 3.542613968173469741e-01 4.175041365445272823e-01 -2.744855272924063283e-01 -5.334241779903021730e-01 -2.857510763713089208e-02
8.995870174312605716e-01 1.659778992343422521e-01 -3.653748000946778207e-01 1.101327047285965754e+00 2.202412334191097276e-01 6.125599885887880180e-01
-8.037822634154496715e-01 -4.297247544308408634e-02 5.253458911644648399e-01 -6.841714761072518192e-01 9.205877968776075004e-01 2.860869077076509948e-01
2.765269370833960821e-02 3.229816065710605644e-01 -3.618304662953513162e-01 9.685177721391280414e-02 -2.084122814111233346e-01 4.824633348527839205e-01
7.468427888622839461e-01 2.239239696466330531e-01 -4.067615474764538219e-01 1.397436051262201939e-02 1.593975120135602552e-01 -1.084065174362965900e+00
9.561902207949823929e-02 -6.184951752391437685e-01 5.673646661989619616e-02 -4.335745025074104753e-01 6.746127530406820227e-03 -5.168727442949216933e-01
-2.334494036075508983e-01 -5.320656597576841618e-01 2.940647952005676080e-02 -2.458882563320794190e-01 3.046204501119099683e-01 5.769479194989710624e-01
4.772511542698493758e-01 1.328666326044012636e-01 -7.515753051923551586e-01 1.033721560227708114e+00 1.349607650450696528e-01 7.928948639675581500e-02
-1.962623487251441701e-01 2.772203093453425304e-01 8.301045536419797699e-01 3.586497764703046043e-01 7.385745211764096485e-01 1.378438913645356756e-01
-6.081632220535638789e-01 2.552546854513705332e-01 4.700930017847907982e-01 -6.190045568726851855e-01 -7.438472064945992335e-01 4.291311296434511813e-01
-9.626867616020334806e-02 6.938715008450120625e-02 -4.737589006387217250e-01 5.127361872842326473e-01 -4.009798364342876398e-01 1.648865207762112428e-01
-5.730611492050512457e-01 -2.628302607983006856e-01 -3.755727385015830144e-01 2.266179917977321212e-01 -8.417481645048674466e-01 -2.163014849338258938e-01
4.568352743632993485e-01 -4.894179544968735307e-01 7.513266409308727578e-01 5.194915644980051539e-01 -9.222779632185040821e-01 -1.479544064375600820e-01
2.904602154772015776e-01 6.535625540726263116e-01 -3.644925964610010727e-01 3.076874774308845373e-01 6.079691930130702859e-01 6.343189307416399192e-01
6.778773126046186981e-01 -4.070061421672799273e-01 -2.519168149742763152e-01 6.366157683013421442e-01 -3.449070510513514431e-01 7.452999056257567645e-01
1.748110444678572795e-01 -4.386254796603547002e-01 3.462660028776085031e-01 -3.106878281908817541e-02 -2.351684284670940706e-02 -5.399045881256219204e-01
2.366328432281976646e-01 5.517135359885041446e-01 -1.304672330256667345e-01 -2.383967198054780523e-01 7.420388178206005492e-02 6.086751378229251497e-01
3.165861831511869173e-01 -6.686404827818674956e-01 -3.077500814660303133e-02 4.113040563009739969e-02 -2.896888709934878903e-01 8.526953029296896469e-01
-8.480508081037976265e-01 -2.145528375251326281e-01 -2.083215131616679983e-01 -3.235240286418152866e-01 -1.025878547458702661e+00 4.979134980341046179e-02
6.313297669704257542e-01 1.595151470621172241e-01 -2.615954497758444797e-01 -1.358729883533610350e-01 -7.884749675145469316e-02 -8.570643257532493120e-01
-2.144832913155892418e-01 2.623605436870990459e-01 9.017891471742160991e-01 7.601922354034114093e-01 4.128109467101516716e-01 7.363434042696626047e-01
-1.419354370588844505e-01 -8.684968462224562646e-01 -1.181745013161802221e-02 -8.720498854115380505e-01 -1.998898503382035008e-01 -1.528762228518397437e-01
-1.435939104988850912e-01 -6.902259118917369873e-01 -2.348715229270020508e-02 -3.168643407312152216e-01 7.304350968075867812e-02 5.989252094896564405e-01
5.974863480839680552e-01 5.588183361529017734e-01 1.829270360055881006e-01 5.543510647890612653e-01 5.102453271247185951e-01 -8.149607383102495106e-01
-3.788902567106691710e-01 1.819928742419744672e-01 6.163966940210716672e-01 1.892490244884376671e-01 8.059410055614628643e-01 7.982751247829933394e-02
3.217909966498505581e-01 -1.050871509055821273e-01 8.974314898080457681e-01 1.087631167065235882e+00 -6.752792806011449767e-02 2.554983638849650518e-01
2.216798947682082077e-01 7.289255456072780692e-01 -1.780389682909361976e-02 -4.624534400906458731e-01 2.312010019971473818e-01 5.153301002326112767e-01
-5.309430745534788887e-01 4.140199317577930027e-01 4.815944869175208254e-01 2.503495896869993853e-01 8.868638986349046682e-01 7.416307454001136445e-02
8.620338268577812380e-02 -1.265269036103687794e-01 -5.082138145232355519e-01 3.324039889638570333e-01 4.312823799858839235e-01 2.843983634062621224e-01
-5.265349198477283776e-01 2.600845564444365654e-01 2.359451796443133853e-01 -3.660512269183175960e-01 -6.376785637888533476e-01 -1.742576534184606118e-01
6.226912654841705586e-02 -5.542948282633765045e-01 1.692337716851921581e-01 -3.141038962566949921e-01 6.998802433775597187e-02 -5.153202931283442645e-01
-9.436117305715704395e-01 -2.301634785445114961e-01 -2.432728563680865708e-01 -4.404290528618226563e-01 -1.091769920909271940e+00 -1.766280416531454955e-01
7.335491247284182947e-02 -8.539574725137207001e-02 -7.008332773322483167e-01 6.790959589467117086e-01 6.141918723952406733e-02 8.116618534478892144e-02
6.100672899129562232e-01 -5.128065851992910096e-01 1.251370490852844186e-01 1.286140577165627574e-01 -3.792993726064320392e-01 9.913810155250691869e-01
5.924852515753543658e-01 -5.563875917233277596e-02 -7.979719882364396666e-01 1.120535545998882387e+00 -3.392270446270354012e-01 2.490734763256008399e-03
-6.205482480010159341e-01 -4.424618467204821104e-01 -9.584116576898407680e-03 -6.382927605624446610e-01 5.513461976839379997e-01 1.001004454681756334e-01
-4.039806731162378095e-01 -1.077871925535957565e-01 4.609834515855212866e-01 -3.139383433401976564e-02 6.221170353320033541e-01 -1.120949598740284547e-01
-8.039758653983829495e-01 -1.907632679656218189e-01 -2.172186403816077915e-01 -2.872134748174769436e-01 -1.018029650992982038e+00 3.205866409121294058e-03
-1.833560737968966403e-01 -5.349676897371426904e-02 -7.353667679100052146e-01 5.067863765153856059e-01 -5.657914725479846751e-01 -2.242331895112569251e-01
7.019021141560425336e-01 -4.560409764038582670e-01 -2.722467233512113061e-01 6.834840353787789979e-01 -3.711052309523300008e-01 7.239694647920791315e-01
2.301665643276487871e-01 -3.815173415133763513e-01 3.011869206327129622e-01 -1.648101908756629819e-01 5.894940526524627966e-02 -5.050279439234548473e-01
7.506142155177146780e-01 -3.586614473055876329e-01 -3.001619583873907926e-01 1.265998903462395297e-02 -4.478547096387864856e-01 -9.690925389188120853e-01
5.286357028590460416e-01 -4.387258482849212826e-01 6.176084502697211098e-01 -4.087781277643138811e-01 -7.865163635138135989e-01 6.348441014863197562e-01
-3.440579436777793099e-01 -7.587537525441914177e-01 -2.876200557606438113e-01 6.499987731842366001e-01 -7.365649595423546803e-01 -3.941982013939376861e-01
6.338084968881741998e-01 -3.493180051139327946e-01 -3.359272369952123749e-01 -1.354732923787165255e-01 -2.568081715725699099e-01 -9.681039997763831728e-01
5.469210763534430864e-02 -5.316005396880092437e-01 2.234619760983885817e-01 -2.734208773406348603e-01 9.871748994317863790e-02 -4.801295606699340635e-01
4.595694840325142971e-01 5.528343752866243799e-01 -3.414941700888034504e-01 4.782850445633032854e-01 5.873480050528612217e-01 6.577348012457838733e-01
-8.726363892945564471e-01 -4.962958966156441609e-01 -3.011088232394608100e-01 -6.002390102829491259e-02 -9.476712815451063809e-01 -6.697837556575667595e-01
3.886447197917516361e-01 2.719385160779753119e-01 -3.314761612084753950e-01 2.484693671399280934e-01 -1.318811894601086832e-01 5.725595216758188055e-01
-4.544045613325725097e-01 -8.568278542596176051e-01 1.948647940806400580e-01 -8.593565969857651643e-01 -4.465618282636141245e-02 6.148541093514530154e-01
-5.331915206590715633e-02 -9.731454553686159636e-01 1.637169384202477249e-02 -9.448684881801229229e-01 -5.228483593486910053e-01 6.507802392676659275e-02
2.951029465498594129e-01 5.325974246574953774e-01 -1.623552661951413456e-02 -2.133804493792963997e-01 1.403487325562293719e-01 7.503057962125949665e-01
-4.895494839937140075e-01 1.437121324518327581e-01 6.778416925042847208e-01 2.826031302768150510e-01 7.622683395506425486e-01 5.323475038412250893e-01
6.525981476938687020e-01 -5.687386941346253000e-01 3.499482812871510529e-01 5.055481283395968362e-01 -4.327507765030768616e-01 1.329684765279731451e+00
-1.403788761059834578e-01 1.601456612185228334e-01 8.621963124802516365e-01 1.808532037005497750e-01 -5.745200296681225449e-01 2.646377182510186721e-01
-1.731245432419949437e-01 2.815527994505570564e-01 5.484018918147490762e-01 -3.461317594163866307e-01 -4.667963437308641494e-01 -9.194337681087294545e-02
4.785911125803937738e-01 1.333633957238963275e-01 -8.526911675991277750e-01 1.061622735139585050e+00 3.239073516484020088e-01 -6.290187420712634037e-02
9.592567677184077324e-01 9.608336955503437096e-03 -3.807236875583804303e-01 1.154673283624459090e+00 3.735159266355965457e-02 5.996041642717393483e-01
-6.650809519443442452e-01 9.481748748647456093e-02 -5.213371467409281257e-01 -2.419134172077074263e-01 9.995367795421419288e-01 -4.722225854865568229e-01
-6.648268057512179974e-01 1.356329321846687364e-01 -1.985895183000289665e-01 -3.545952793148742233e-01 -7.157757006206583172e-01 2.243286061514302432e-01
4.061320788392929204e-01 -7.211075775641248020e-01 -1.364648529799460386e-01 -4.977507520051775991e-01 -5.411894211221974782e-01 -5.245695876677936020e-01
-4.266179266005462600e-01 -6.171457673277703782e-01 -2.016928717453833619e-01 -4.954261454212437465e-01 3.023150022551217564e-01 1.854212228323765532e-01
3.872188325112013163e-01 -6.233785957388828305e-03 -9.736952759351947817e-01 1.035773221160226187e+00 3.662610797924905626e-01 -3.098995393158119338e-01
-2.639382456959200041e-01 -5.320351588560254946e-02 -6.402522784530573219e-01 4.675450396641309125e-01 4.488767747673692021e-01 -1.788982007896062765e-01
1.286068763347083810e-01 -5.242172855595015474e-02 1.098381063624465970e+00 7.629558177893491777e-01 -4.993973230407503516e-01 4.676558949413570643e-01
-7.782480791898267469e-01 -2.872398646441527981e-01 3.745935734338672884e-01 -7.747907194107407358e-01 5.035520573519363108e-01 -2.374817346525554540e-01
4.807353970293837264e-01 -3.667891320150429291e-01 -2.871567303409641378e-03 -2.151946442811711879e-01 -6.937898812035114826e-02 -6.564988188084460718e-01
2.705647074458580881e-01 -5.371163968330628924e-01 -3.605793206936431239e-01 4.109720743034327994e-01 -1.936634116243677872e-01 5.680356793377792091e-01
-1.551835292579759384e+00 3.412086981599257163e-01 -4.101737643152413709e-02 -1.907120087233646899e+00 -5.581941857464670642e-01 -2.956684457570011304e-01
-6.747216693428392809e-02 -6.670407107129064928e-01 -5.142606848181300316e-01 9.257684887152772824e-01 -5.512580250700983564e-01 -5.224685877274255486e-01
-4.128795304111038122e-01 5.664986538970896435e-01 3.450032805978956452e-01 -8.389492990685303297e-01 -2.307464542799642082e-01 -8.262364760467283409e-02
-1.120360026407414139e-01 -1.737502664304223232e-01 -5.147348872932000496e-01 2.712744219701773707e-01 2.922100420537959709e-01 2.827324219439180109e-01
5.951240329944097462e-01 -1.668200894400078127e-01 6.051333148942681373e-01 6.233976946158649168e-01 -6.807538616725206104e-01 -2.522304805959398877e-01
5.845153912743585867e-01 2.508031333501594129e-01 -1.289682727142182350e-01 2.473651896482854662e-01 -1.243437295256157316e-01 7.345099104600658624e-01
-2.941789916059776022e-01 -2.128391281637251053e-01 -2.934058025305463224e-01 -1.893691707744136754e-01 6.973218423256752896e-01 1.073708300904789859e-01
2.158360785729746822e-01 -5.732512670065247340e-01 8.271030525272596301e-02 -1.715242901501124184e-01 -2.512386482077033634e-02 8.239985728759294803e-01
-4.187545446726962939e-01 -7.428820012645359627e-01 9.256624600178611773e-02 -1.005593399057071791e+00 5.576479781735443897e-02 2.259208458515261364e-01
-2.536032854289922006e-02 -3.780509099894979741e-01 -9.443185832812425740e-02 3.018138028257570937e-01 3.434596359845634161e-01 5.157972951964980846e-01
-4.371467749801629110e-01 -4.996297709165561235e-02 -3.276047375977049203e-01 6.412872576169187377e-02 -7.918278134617968700e-01 1.177708756923655509e-01
7.855516651425147323e-01 2.971921421083511747e-02 2.487351916095741355e-01 1.831502347483463522e-01 -3.490403000381256393e-02 1.044308163100080344e+00
6.116313739718207687e-01 4.513383776529828612e-02 1.441914837961165430e-01 2.345225444368730927e-01 -5.191906901458274159e-01 -5.901972129338011186e-01
-4.587242605907436155e-01 -1.921065779747976043e-01 3.662341625928822175e-01 -2.938959617886540698e-01 7.109682006525233078e-01 -3.036081483525471247e-02
4.969246391142466135e-01 5.174951185750300553e-01 -3.384406903899120356e-01 5.356279921832313162e-02 2.875101117110009374e-01 -1.204776177104991630e+00
5.981448679263925428e-01 -3.963090532608941063e-01 -3.729938438084082208e-01 -1.481122069675026021e-01 -2.901911738810499797e-01 -1.030138708999282393e+00
-4.833948853734068574e-01 3.188948673681858414e-01 3.712729429122982872e-01 2.846035833844705043e-01 8.374380460234635004e-01 -4.614438966418665800e-03
-3.450261956539253383e-01 -1.182958599762478358e-01 -4.855501927052234823e-01 2.905937552107774602e-01 -5.500500566103260214e-01 1.544307380666352092e-01
-7.790410683102781952e-01 1.850392828894252828e-01 3.494692953578411032e-01 -2.598103160692345481e-01 1.032140473102973743e+00 2.362482749332322496e-01
-3.238379942595606686e-01 -2.145689398515439050e-01 7.089613078259430212e-01 1.499193835621859261e-01 -1.030136915210138060e+00 3.766921029198209148e-01
2.923933519792068503e-02 8.203683610458988307e-01 -2.925705343887443077e-01 -7.885164339836314706e-01 2.981132877667121983e-01 -5.344902326450859942e-01
4.509428813000543323e-01 -8.191335766649382455e-01 -2.921196565351722452e-01 -4.854322828528806477e-01 -7.028786740501612451e-01 -6.233089522190646825e-01
-3.834652410882422036e-01 7.087617894079883962e-01 -1.015483896062685076e+00 4.617523978678740315e-01 1.242704556904203228e+00 -9.928506498100744260e-01
-8.009917157197837811e-01 1.968958460589744289e-02 -8.581631163234211546e-02 -3.663821632327114441e-01 9.169675519653719409e-01 -8.312852495110725770e-03
7.625309540437777978e-01 -3.699999473403401962e-01 -4.453617621293410878e-01 -1.617666114511162601e-02 -6.018552890798376520e-01 -1.028334789424509399e+00
6.781941455350907200e-01 9.088800124455700957e-02 -6.986578807221933696e-01 1.204269937482455699e+00 -3.032152749281160631e-01 5.495134748359142840e-02
3.054519957115415796e-01 -2.813534502668943449e-01 4.768829293471409381e-01 3.178069913366008969e-01 2.257342762731628372e-01 -3.849229604421671169e-01
7.024308412017429282e-01 -5.162193014696402349e-01 3.647880485865970801e-01 7.652468222748545212e-01 -6.339843889588182568e-01 -6.262646930424691227e-01
1.245973282486354083e+00 3.027269826597726032e-01 5.154435720009131749e-01 1.748484205134729574e+00 4.384891817085371235e-01 -3.384014946994349238e-01
-1.327239964631227176e-01 3.015829301706749940e-02 -7.800132796757265341e-01 5.835086743024829881e-01 -3.171468536081909484e-01 -1.747117874790070635e-01
4.634856045539497704e-01 2.262839210480730168e-01 -2.869316324149158715e-01 2.258338887500734304e-01 2.380872665354319406e-02 6.630817662434245197e-01
6.720201436992686572e-01 3.983402962204430353e-01 6.325711591098310826e-01 7.802225967393427997e-01 7.705591964111759840e-01 -2.892451563765632283e-01
-3.265304026837242968e-01 7.106774796913967185e-02 -4.413705666036614184e-01 3.318108548915582601e-02 -5.855446623985738341e-01 2.215531000635902470e-01
2.442026955265739763e-01 -7.110025246584380509e-01 2.300190128486893082e-01 -6.684319297183105579e-03 -2.794296189731906299e-01 1.096506481235403285e+00
-5.626224334944348593e-01 -5.430296640702366590e-02 -2.080284785498658362e-01 3.031726696732517379e-02 -8.305504099065558199e-01 6.126647647848953993e-03
3.063277536395495049e-01 -4.131549983991057995e-01 3.049237544601238192e-01 2.193030734804701509e-01 -2.484011819884968386e-01 -6.775643548935463834e-01
-4.164905823886554392e-01 8.050889681673223386e-03 -3.229530455631888786e-01 -8.783722463503867983e-02 8.721585867359985533e-01 5.823569814357870689e-02
6.037955121642389900e-01 -6.623854128700138455e-01 6.695027704167277882e-01 -1.297060494593857971e-01 -4.401744936044544865e-01 1.311840505922636346e+00
-4.135977878745910608e-01 -1.536094909512505657e-01 -5.423078855659766440e-01 1.572403273964760317e-01 -7.978958354909829742e-01 -3.334919137419345425e-02
-2.939670759927367483e-01 7.343619092330428977e-01 -1.059586343498874067e-01 -9.879711277172640305e-01 1.439587352733218140e-02 -1.032598160635112283e-01
-2.526192151065500754e-02 1.871070079743176184e-01 4.324384816871151838e-01 -2.160810244180063830e-02 -4.006129172590559562e-01 -3.766177209897383360e-01
7.378716910147354868e-01 -8.276526590041516362e-02 7.468065394621084367e-03 2.595671041556016356e-01 -3.426655385562988876e-01 8.463223855616632818e-01
1.022727826031741144e-01 -1.794890453242086181e-01 -9.557116062120142308e-01 1.048285610045471827e+00 -5.133915254293558439e-02 -6.579913763068605537e-01
-5.619055660752231285e-01 -5.128042779111102734e-01 -3.067605347695793322e-02 -6.587391139385805339e-01 4.364104116502215414e-01 -3.300332600532812077e-01
-2.227431811024280783e-01 -2.919122781973910730e-01 8.161323926906061121e-01 2.307328631067566693e-01 5.990087652271608443e-01 7.912492314827324069e-01
3.750163286756937331e-01 -4.783777851537073245e-01 1.669629787709805968e-01 -1.871334831451231806e-01 -2.518536422903558392e-01 -6.284453451544382840e-01
-6.980267415838763423e-01 4.550797745432105246e-01 1.033641124287108283e-02 -7.743303808133249477e-01 -5.352837902525995339e-01 -1.052393827854536251e-01
-1.712399540891479666e-01 -1.962767906100741366e-01 1.098369234617949219e+00 3.643037242378152074e-01 -8.212696998521629155e-01 5.304107572614294996e-01
7.148910459588099231e-01 -1.830331094060684560e-01 -6.538878561697888392e-01 1.287968159647116195e+00 -3.824012271308989130e-01 1.409926225196416194e-01
-6.575171182899814948e-01 6.646706048331371131e-01 1.572811082873260269e-01 -9.934660483569759393e-01 -2.188765707342824607e-01 -1.690357698138184317e-01
3.938705460991726026e-01 7.899314300694785240e-01 1.681357701345204125e-01 -1.972457959864788446e-01 5.689899868500412072e-01 9.438717747052708384e-01
3.751322500230147572e-01 -6.118291294394661017e-01 -5.677941458972560751e-01 -6.217601428048636913e-01 -6.587626955737154733e-01 -6.310618113499099069e-01
6.401773413205622543e-01 -2.017529054199594940e-01 2.546514822526113053e-01 4.952816027556035117e-01 -1.382933011457664063e-01 -7.327583129039274557e-01
-4.478208758151293600e-01 4.250073093043472694e-01 -1.233789737455162211e-01 -3.992444001770019124e-01 -4.381238038998985784e-01 3.792590743898968109e-01
-3.541823822909291875e-01 1.935035227012955605e-01 6.780648182955496539e-01 5.168867599543991442e-01 5.138822283542334723e-01 3.057799349170596259e-01
5.562539797075528591e-01 -4.512173284174483268e-01 5.378043701887895711e-01 7.628200372931703832e-01 -6.818018141180630654e-01 -4.130695745629416882e-01
4.792309317540398017e-01 -6.267505739230538886e-01 2.580919915083865201e-01 3.208423085191725033e-01 -4.750696200098317723e-01 -7.175646756905509349e-01
6.849897605103566489e-01 2.222549083565355521e-01 -1.755724961764437708e-02 -5.799435917755713099e-02 6.827069010994596399e-01 4.681984094030674504e-01
-4.351149103640643556e-01 -7.825867427961505918e-01 -2.095300408340781129e-01 -9.361370080012423323e-01 7.677849700532346500e-02 -3.118444694362897396e-01
-2.631891936691094572e-02 -6.771721303769118183e-01 -6.306070150937242991e-02 -6.840092798423125231e-01 3.330739307706642727e-02 -3.133849641974791878e-01
4.553836791066659950e-01 8.645559042620509782e-02 -7.112442909405260368e-03 -1.339511191036573123e-01 -3.296816491107650293e-01 -6.995821487369943137e-01
-1.899442747422811495e-01 1.008997060388763467e+00 -1.711426758418614080e-01 -1.033514305550337298e+00 5.338010850971480759e-01 7.901405140956793693e-02
-6.975772569997855665e-01 -2.190645081463268584e-01 -3.811198867233662191e-01 5.028031164718660406e-02 -8.826240897411053998e-01 -3.611764995686809199e-01
6.034880914456222101e-01 1.101817534741687532e-01 8.875838916498770548e-01 9.858322770621313902e-01 5.502171839460593405e-01 7.506820339846465018e-02
-2.162119076194536360e-01 7.555447121548168887e-01 -2.583644291495703627e-01 -6.730962971943985629e-01 -1.205777495902315977e-02 1.911275911793525739e-01
5.434667331140907026e-02 3.969943223833437562e-01 -4.744719349722623103e-01 2.883834926030853230e-01 -1.207711093466498076e-01 3.484167117602640640e-01
-5.811803256378602622e-01 7.092917948086652213e-02 -2.454482979667732823e-01 1.329271219058780762e-02 8.037004843875525939e-01 8.568312911372763518e-02
-2.112781580762411807e-02 -4.089452701067622375e-01 3.099383812296901963e-01 -2.030600260286564984e-01 2.468484836789966441e-01 -4.227520195397436176e-01
-9.513210383711711016e-01 4.107805576536140424e-01 -2.595025607294641767e-02 -1.013303370031011008e+00 -5.315404139468122846e-01 -3.548717923761172677e-01
4.307016994452991243e-01 -4.007580204596348783e-01 -3.594934527034529537e-01 4.289227865950004381e-01 -2.629458638329312814e-02 5.677465227122020508e-01
-2.353557964175933756e-02 -7.680471710461171941e-01 -2.744565105246342118e-01 -8.028431766866162000e-01 -3.051237009281016488e-01 1.478958660545270365e-01
-3.453004231365228716e-01 6.590747115079316210e-01 2.729667958261529082e-01 -5.588265320078777965e-01 -2.463221810136164702e-01 6.399314642107027939e-01
1.090142120762067762e-01 9.961018543460050667e-01 -6.949958891149209117e-02 -8.154295219041222120e-01 6.395267560564740217e-01 -2.046216891923791081e-01
-2.626791342986325994e-01 -7.230417705546331453e-01 1.275312740483659779e-02 -7.758392010039154574e-01 1.224888516031208407e-01 -1.347077587058573278e-01
7.152906241917415808e-02 -3.659051182210117381e-01 -4.109275396308576522e-01 1.735720258074958666e-01 2.689760453577728083e-01 3.549139203044073265e-01
-6.919060162159025307e-01 4.138101549058150752e-01 4.235048812896043402e-01 1.547191427201322078e-02 1.074290309897880213e+00 1.717462104949503132e-01
5.928564616826793587e-01 1.522614272684409131e-01 1.725270868990599615e-01 1.673059066819324037e-01 -4.819294417036162903e-02 -7.099267476495983997e-01
-1.438280186820433959e-01 3.024332533421413283e-01 -3.389012939958808701e-01 -5.713019442913458423e-02 -3.581980775360781299e-01 4.067861284083623685e-01
-5.841589469204299875e-03 4.815220094687699404e-01 4.416476470225442763e-01 -3.744972477726392079e-01 -2.976807806064407091e-01 -6.524091818668226184e-02
-5.591746956821171122e-02 3.912977288502708095e-01 -2.224748210790252756e-01 -2.194475051831294432e-01 -2.654891313547285137e-01 5.136562458607164539e-01
-1.584397513625487586e-01 -2.326744667361595187e-01 -4.045126635345044352e-01 9.965021603031234965e-02 3.320790829644696407e-01 3.793514808372679958e-01
-3.034967710670348762e-01 4.673265163493766639e-01 2.287927850605815383e-01 -6.882145126187924067e-01 -4.529858773847769693e-01 2.996260913128476755e-01
6.300517688191872301e-01 4.706642121535233314e-01 2.837343877816458360e-01 -2.144988546393999940e-01 5.521751163224648540e-01 8.129698901029406288e-01
7.591233969921179492e-01 -1.267624387260702368e-01 -8.116160522070420269e-01 1.339595588446967689e+00 -2.145585021178071372e-01 -2.082923669044278725e-03
8.882513943493035302e-02 1.240928739935955316e-01 -7.762465510465176299e-01 9.112997277667926888e-01 1.041568235067860670e-03 -2.209142832108957899e-01
1.324309467477625124e-01 -1.600749936962651276e-01 -5.066260219623857086e-01 3.089956871779833136e-01 3.699832496447839070e-01 3.227491350703108886e-01
-6.358945279973035603e-02 -2.930202191746977824e-02 5.396672954252349497e-01 2.660295686685898442e-01 4.136785423026979047e-01 -2.940709850977653028e-01
5.827899940422788250e-01 -3.999551338657554855e-01 -7.320608010962873502e-01 7.356477057288055565e-01 -8.302889986908403852e-01 1.575724293771837425e-01
6.831365879351615211e-01 2.705869550709332216e-01 -3.498906056030521849e-01 6.976830922443039151e-01 2.951471453632416031e-01 6.497019095075751149e-01
-1.987382264008170640e-01 2.255232313214413642e-01 -7.289609830252784528e-01 5.947904049499413981e-01 4.322504612812656521e-01 -1.566182853172269906e-01
3.106244787439276234e-01 -1.975723390216070352e-01 8.441860330667134704e-01 1.003148299400490551e+00 3.416831862353869598e-02 1.610264430605186092e-01
2.435752864118293642e-02 -6.838674642672080140e-01 8.177194566483592109e-01 9.239415479965868983e-01 -2.740940688869330510e-01 9.688298684633523949e-01
9.702611530151052932e-01 2.620818420012941408e-01 5.933831129742819233e-01 2.870356227799218951e-01 4.232819563233978788e-01 1.305575080057169934e+00
-3.197100085378147272e-01 -5.698798015937994732e-01 2.507570583082570082e-01 -7.324977968871965173e-01 2.483747792337884785e-01 -1.493250366976234811e-01
8.731855504909744603e-01 2.054170703452646296e-01 3.967954794313254263e-01 7.639033736632268035e-01 -2.208627712480353278e-01 -5.011705012600257136e-01
9.113761184103945645e-01 -6.760657048100783550e-02 -8.587766470055561985e-02 5.515008473847808901e-01 -2.333835214728720575e-01 8.322768929987907072e-01
-8.835975132593298920e-01 -5.807364128593655445e-02 -9.972284136079653249e-01 -1.662778142534100390e-01 -2.690746098468945746e-01 -1.661254799141246741e+00
7.391358012123312449e-01 2.284550502419332163e-01 -3.412952327620218940e-01 9.655802682741554399e-02 -7.650913593785516054e-02 -1.044211052056358113e+00
6.959592047027162165e-01 3.327366853158206794e-01 -9.388351727917779166e-02 2.610534522055871776e-01 2.431466881835507854e-01 8.021246405289673698e-01
-4.646050667158981295e-01 -1.018151032442659920e+00 1.727803643325047378e-01 -8.963742772708626072e-01 -2.734814599239443478e-01 6.817426189069831777e-01
-7.950551889077716039e-01 -1.964165149536098165e-01 -3.356302778092272732e-01 -5.751737968746761798e-02 -8.602095391450501616e-01 -4.597946889957519323e-01
-4.091121747946254161e-01 5.889082176318040096e-01 2.939446637906766371e-02 -7.412931817881329710e-01 -3.105785475754341274e-01 3.132594656477309392e-01
-5.204022193102857408e-01 1.831422944143817622e-01 -7.732980393153514598e-01 3.846301023427622923e-01 5.992008378341568964e-01 -8.616823434123400682e-01
8.416650139880804682e-01 -3.253225870418089416e-01 -3.944946937869391913e-03 6.165365286618325058e-01 -1.136495501501888494e-01 9.471132482046719092e-01
7.966247915376657440e-01 3.419099808679628566e-02 -6.762639236792074016e-01 1.129517091102006709e+00 2.368921974277914955e-01 2.446567790289504440e-01
-3.957036199522419029e-01 -2.651090962009639007e-01 -4.348723076908523888e-01 -2.517615890291947101e-01 5.877139094798865537e-01 6.709742517680650220e-02
-4.790647190579583325e-01 -5.531976322079502628e-01 -1.905311221859344595e-01 -6.943859666383904727e-01 1.201383161337077343e-01 5.167562741468760823e-01
1.384230947909497172e-03 -4.476924294531351434e-01 2.783512410513995783e-01 -2.283657271179480863e-01 2.012864300037565668e-01 -4.469358722677113094e-01
8.390950163598431821e-01 -2.386972006199125085e-01 -2.761839151623496913e-01 7.888084822684724440e-01 -2.196256406526999050e-01 7.223688075766623307e-01
-8.374421561059335328e-01 -2.544835444512053013e-01 4.199909050926254883e-01 -5.595465392444231023e-01 -1.213709549989666625e+00 3.684205994130142492e-01
2.548750398601120626e-01 -4.759371289943261085e-01 1.740530125719971510e-01 -2.182383837135518090e-01 1.649472655768213780e-02 -5.564773126520917712e-01
-6.870105539206938783e-01 -1.514112938375230255e-01 4.262680055649160638e-01 -3.689254470474623293e-01 -1.084432727127088825e+00 2.580631607841274433e-01
-2.683032054744126649e-01 -4.090042501100331629e-01 4.056123270492771882e-01 -3.979759817027043178e-01 4.284369133501935156e-01 -1.253088242035519384e-01
6.397685024329293757e-01 2.769952145302339575e-01 -5.555078886531771287e-01 8.556517296342649459e-01 6.287800668135282711e-01 3.553388876583808420e-01
-3.573902989763187432e-01 -5.118982895156017898e-01 -5.162468435193836580e-01 6.138568818877174760e-01 -6.848118802592890741e-01 -3.526014836713666778e-01
-2.831227927958986368e-01 6.462871205199750835e-02 8.630435585688750466e-01 1.966184634453230218e-01 -7.216587904244597951e-01 4.736847388287415139e-01
-3.313955290565188117e-01 1.078872982218776200e-01 5.121791320142434767e-01 1.144765983091028394e-01 7.189586574805235664e-01 -1.418773180970949177e-01
-5.590302594064400221e-01 -1.884101016004537804e-02 4.174023775383072787e-01 -2.941474877273945743e-01 9.000214712246908944e-01 1.249492059516207343e-01
-3.058158254285853195e-01 -1.644126510139505004e-01 7.150938407079153736e-01 3.402292753480046228e-01 -7.202502740445769769e-01 1.919588059547181480e-01
-9.880157029063296736e-02 8.001672137214458358e-01 1.553588367592388941e-01 -5.395789058193312115e-01 1.531773729948346929e-01 -4.668304322584577726e-01
-4.324829018916576118e-01 6.696018433323654984e-01 7.927950606961520208e-02 -8.286672775759836851e-01 -1.624605496345767897e-01 4.674935123519060598e-01
-5.933030536516549491e-02 2.561928104830424324e-01 -4.103420840453675944e-01 9.921449842497158389e-02 -2.853067490508442994e-01 4.152739115698781958e-01
3.286976593130120916e-01 4.672442530976761432e-01 6.684061803802570090e-01 -9.753936773653337777e-02 -3.965402756367711889e-01 9.371035653525968678e-01
2.755652952063603056e-01 -9.118384189431916198e-01 -7.419559258652343170e-02 -6.124329085765188863e-01 -5.848174065975710878e-01 -3.974856288741048793e-01
-7.859693264927937184e-01 -3.636543288690430309e-01 -4.470176886096193132e-03 -6.504561058931050965e-01 5.956236191935520008e-01 2.433644159445200184e-01
5.857184062081411957e-01 -3.758958690102632838e-01 -2.926497580354759376e-01 -2.603475996303392659e-01 -2.623171878706488935e-01 -8.134877337583548140e-01
3.554302428467314146e-01 -1.934913603556603356e-01 -7.626197862995613974e-01 8.333345637931049987e-01 -4.102851008794141108e-01 8.861927183305562394e-02
-4.832004324986364230e-01 -2.874124710695245555e-01 -5.648681055727998723e-01 3.750902217124201243e-01 -6.880986937042867790e-01 -2.442628905736636824e-01
-3.402805870477942224e-02 -1.199245395132537834e-01 -6.813086635948734093e-01 3.169177939853093373e-01 4.135209191600434098e-01 8.828405408147144140e-02
-1.275997428194858563e-01 3.327437828781778517e-01 -2.908534181620107684e-01 -1.124721000477539451e-01 -3.422231840697093075e-01 4.468394365907925603e-01
-1.962791032162962135e-01 -9.487937750846914264e-01 5.312065138157762156e-02 -1.120027844104132919e+00 -5.662759199924416453e-01 3.392809439297174434e-02
-3.066721003248988886e-01 -5.578921360846202937e-01 -6.874752619128317310e-02 -6.340774413857339642e-01 2.828191475169942182e-01 3.625415651033658260e-01
-3.531638936829267772e-01 -4.362732642460540600e-01 -1.314862180657654922e-01 -3.855564213713943422e-01 2.895647380387784686e-01 5.556163351161560460e-01
1.680535705259628421e-01 -7.876354262755439484e-01 1.453330259738445582e-02 -7.878983433018582616e-01 -5.036776833630498551e-01 8.885650684052885662e-02
-6.192030433214519292e-01 -6.937751738412269997e-01 -2.473412666100272272e-01 2.761439293575900233e-01 -1.133945089537061746e+00 -3.151958451644379933e-01
5.023915979002957499e-02 8.874817836103927604e-01 -1.919985551138886914e-01 -8.870669844680248994e-01 5.545804285623578966e-01 -2.951192598403466483e-01
2.636020909619012434e-02 5.384016001237311722e-01 -8.453897721476537341e-02 -4.068815264794993225e-01 -1.101285605185562400e-01 5.413286040615404859e-01
-7.845433686715633792e-01 -2.922162490419930730e-02 -4.016770541888451951e-01 -4.988476317637398072e-01 9.278917456986244261e-01 -3.535943990417192984e-01
-8.153510604498642733e-01 3.611705691182622302e-01 3.229370773581025644e-01 -1.153098110238943708e-01 1.036032547266704018e+00 5.563970515543208428e-01
-7.588951260933926579e-02 5.445123619361232903e-01 -2.192092277398415556e-01 -3.625617663020661574e-01 -2.090111678882792257e-01 3.724167596573531025e-01
-1.088353243895616856e-01 5.394751836404613199e-01 -1.566098357244251338e-01 -3.986778503834040865e-01 -2.142202853620223113e-01 4.332498510915455681e-01
4.033367479757720142e-01 -9.569235334680273319e-02 -7.456336689147210484e-01 5.812324159122179701e-01 -5.582670531711584339e-01 1.229155688443440697e-01
-9.597372842291802542e-01 -4.142581197435318274e-01 -6.632115805771134076e-02 -1.135877224345255510e+00 5.426471567557269449e-01 1.645619580503799861e-01
-4.364252269817908703e-01 -1.325457104380919127e+00 -2.815937864629697827e-03 -1.018295657907762441e+00 -6.365101805129615986e-01 4.293633509807555648e-01
2.886618521804951154e-01 -1.476812813358455156e-01 5.171627425249006871e-01 4.285337929553980074e-01 2.559030223900881640e-01 -3.870250421580795352e-01
3.292064861292579026e-01 -4.581798897613517108e-01 -5.279951243229445978e-01 3.363229500438091879e-01 -7.034417277753692854e-01 4.414356296535004720e-01
2.763497222038892587e-01 -3.079852553858283826e-01 -8.100018925015651794e-01 1.004339290829089348e+00 -4.632708033350103061e-01 -1.422312832568802810e-01
3.933740419237203301e-01 -6.384322983187672440e-01 3.138627128083593121e-01 3.514218001264949875e-01 -5.527705583335473793e-01 -6.815779311834819776e-01
1.392406496615228861e-01 -3.398322364325432332e-01 -3.582870591038105346e-01 1.930848873000779453e-01 2.656042941673496527e-01 4.357830923867790363e-01
1.666377169531949864e-01 6.999281517950405318e-01 8.153437048919295882e-02 -5.379653468478297063e-01 2.195267202863931955e-01 6.037881278587801104e-01
5.376195492402345844e-01 3.830926144880760220e-01 -5.072346350631364853e-01 7.195099231884758417e-01 6.542326528849380374e-01 4.379632127143101572e-01
9.033716956016508703e-01 -2.882295889582019432e-01 -1.283473794131371470e-01 3.791375983117850623e-01 -3.109100311771659242e-01 -9.796194914780348428e-01
2.942953965006581685e-01 6.989838640253162039e-01 2.977315012233617275e-01 -6.912694158550124479e-01 7.785656703080238161e-01 4.471595332491949959e-01
-3.065982543932863069e-01 -6.636165385788759252e-01 2.173935410022803105e-01 -6.694674152438437886e-01 1.886036642516606410e-01 -1.594972893333640451e-01
2.516659757500482875e-01 8.255965058078108543e-01 1.172886077786728376e-01 -5.428609891224203121e-01 4.006031566051327375e-01 5.510022866314769896e-01
4.166496173133548142e-01 5.119317457274841221e-02 -7.720859315340655726e-01 7.832289979685079784e-01 -3.399508108032879283e-01 7.208581662067781171e-02
-3.914319802098246148e-01 -1.795959118625299611e-01 -4.640348981580502130e-01 3.765047734716882033e-01 -5.641483335204005023e-01 4.820779563285859659e-02
7.702869200713686748e-01 9.760275237086687983e-02 3.502500487208651814e-01 3.440927273339842163e-01 -2.175537367430270541e-01 -4.977092058700222088e-01
2.599922319430088002e-01 2.094166376071791846e-01 -1.284491363736526726e+00 1.183133976771423956e+00 1.866241177034395349e-01 -9.007078049542528442e-01
1.340278056370460547e-01 4.261668683718172930e-03 -8.298829140812908900e-01 7.879670440198645043e-01 -3.488178793092414076e-01 -1.607803021506643004e-01
-6.336851856053951626e-02 -5.345503968830018771e-01 2.733315936367676224e-01 -4.169324442561327393e-01 2.615114145654723332e-01 -2.178691217536877223e-01
1.074882715361130670e+00 -1.194910757351469177e-01 3.434555225452309846e-01 1.056633069835818395e+00 -1.033054132776259904e-01 -6.562469205692247343e-01
-5.838469676249052887e-01 3.464745040298752299e-01 -1.249628008143642971e-01 -5.051812690047994270e-01 -5.292645605858382618e-01 3.513698545501467430e-01
-3.312901481466768994e-01 -2.347949079878712819e-01 -3.651867911267553946e-01 -2.753003748781820414e-01 6.210631783003760509e-01 1.489844657754187396e-01
1.045013134255866172e+00 -2.024723283704388532e-01 3.989777442401082341e-02 8.022285191262057413e-01 -1.917574664193500700e-01 -9.301232678166777568e-01
5.781085035469106792e-01 -1.112468834348376845e-01 1.682319055831429100e-01 8.996496949377591479e-02 1.459090852874426747e-01 -6.657864982381526131e-01
4.691547760036572923e-01 7.808846873269855715e-01 4.144101551896937213e-02 -3.891299133937961008e-01 7.835024100223715315e-01 5.546081807524895213e-01
-5.230696918414413643e-01 -1.826626066906920365e-01 6.638777463789676814e-01 2.095734398030568713e-02 -9.336064925512225221e-01 2.895545376626366130e-01
-8.059395308638083177e-01 4.464945268191676808e-01 5.767488244578435758e-02 -8.411359548894024041e-01 -4.976097524756332158e-01 3.854374818268840874e-01
6.418070992683563292e-01 2.871521628802273240e-01 2.435292811621035391e-01 3.059692920560182494e-01 1.930933185211530789e-02 1.146564820392788953e+00
2.658839220672323811e-01 2.113975356129557115e-01 6.181266096898208051e-01 5.579640157905595421e-01 -8.159050622950497766e-02 -2.922838615745935176e-01
-7.220365675925234372e-01 1.676339088392334031e-01 3.461602402923434907e-01 -2.603041900143490683e-01 1.030580933503844943e+00 1.409149136256920565e-01
3.004752344279800202e-01 -5.683883111644207897e-01 -4.134813761874182592e-01 -5.472745856263516728e-01 -1.511312543594675595e-01 -7.409211281179324260e-01
2.023425991348971886e-01 -1.125064720160628834e-01 5.596257141734121143e-01 3.427850726600925046e-01 2.922470699603501032e-01 -3.439507805893018411e-01
7.740055207027323261e-03 1.782083663497372739e-01 -7.970950479896874441e-01 3.983123859709370440e-01 -3.141720641553632509e-01 -1.926809673558038671e-02
-4.389083467187800958e-01 -3.710888521910650217e-01 3.798856717913735026e-01 -3.887987661073515344e-01 5.515924690274277564e-01 -2.407683376412728116e-03
4.183862152439521975e-01 -6.571182826406093795e-03 9.459711299357341785e-01 1.154344265866922292e+00 -7.135335965230152344e-02 2.720504986378518009e-01
4.062121259684798313e-01 8.018491672977731133e-01 -2.199897902820555085e-02 -3.707997487559710481e-01 7.324237210975621526e-01 -6.476447685585882130e-01
7.887786217210526196e-01 -2.172502304862163058e-01 -1.902502351003195480e-01 6.460682105311411627e-01 8.586804084235635792e-02 7.519562455209847229e-01
1.327662623993696722e-01 -6.961958836680450791e-01 6.994955327454173422e-02 -3.686198498395190648e-01 -1.285798810524340086e-01 -5.830619627254803872e-01
5.493190555885592019e-01 4.599157667733194677e-01 1.584736696773153541e-01 -1.387591905666928360e-01 2.419235596625978479e-01 8.505919578383120960e-01
-5.092455061243454928e-01 7.839445960160905669e-01 -3.888933752348042866e-02 3.649834486782884690e-01 6.733875337825312446e-01 -5.116481244063675327e-01
7.174675969268703990e-02 -7.137545923057865283e-01 1.796000547937396663e-01 -4.565856783946863340e-01 2.980047189249646067e-02 -2.302666325202442910e-01
1.005250143780173910e-01 -3.575072771941065763e-01 -3.304031091278999965e-01 1.529873643613002820e-01 2.494357637184562160e-01 4.626087740882612320e-01
5.654182789391997144e-01 -5.300894755284730753e-01 4.883708593369197049e-01 8.120033875944157042e-01 -7.296398393834563345e-01 -4.599832077049416101e-01
5.091551218967994563e-01 3.316390184628155158e-01 -2.727692954595212216e-01 3.464996870192458278e-01 3.888447495160135547e-02 6.694822562814851663e-01
2.163813345087656492e-01 6.105632688659085039e-01 -7.817147089007661642e-02 -4.427868030068855543e-01 1.722062723762897152e-01 -6.891874364038657053e-01
1.451006127924828470e-01 -5.984143282565812516e-01 -1.553629294382192216e-01 -1.193286760575996974e-01 -8.631296515862640906e-02 6.618453335593206255e-01
7.393181099980220550e-01 9.647016725039089802e-02 -6.031238588040702675e-01 1.051148119348233489e+00 2.947769746963253557e-01 3.260889561039292950e-01
3.913158444793157081e-02 -5.212223543816589810e-01 2.810169422842924147e-01 -2.534555691159634527e-01 1.216746332829562460e-01 -4.268504328794039404e-01
4.999226736737953924e-01 -1.579013392100419300e-01 8.397582110574878245e-01 1.021434486354603433e+00 -8.226059178551783924e-02 -1.012643203440688477e-02
-2.780296171538620409e-01 8.522611137413234061e-01 -2.037289328965370128e-01 -9.655607455546413309e-01 1.602310143785866670e-01 1.626036015190202022e-02
1.765222785523045124e-01 -2.215009064391837423e-01 -6.623596222733686423e-01 8.987830822996198954e-01 2.586254290427315583e-01 -1.645463707954781807e-01
-8.217808049092832912e-01 4.489384783745138940e-01 1.127073741618402347e-01 -9.091379366624532388e-01 -5.059097990240615239e-01 3.966677563999835843e-01
-3.345847458947460162e-01 4.721878730353646358e-01 -7.721333474662817054e-02 -5.332656402208145741e-01 -3.888203300331572465e-01 3.909648113457630525e-01
2.967920170355505816e-01 -6.196905625359991898e-01 -5.668628531281025285e-02 -4.217474248579985430e-01 -1.878942537228906473e-01 -6.018954361335585590e-01
8.594214886502085093e-01 -6.066968626860369529e-01 -6.370821961888011031e-02 2.046085085997711994e-01 -1.353774320225615391e+00 -1.781426270043561244e-01
-3.815659065665429339e-01 -2.672937127369568455e-01 -5.740050773881021362e-01 4.005003818725972331e-01 -6.794623735377428586e-01 -1.065766705269933223e-01
-7.486995594386235409e-01 8.068441008436480488e-02 1.541342297533313532e-01 -4.058881937553669994e-01 -8.586663343150603422e-01 1.641615202461070289e-01
-9.028397717568099612e-01 -2.270606983692599889e-01 -1.814118127265316183e-01 -3.477773424531316326e-01 -1.001570467236859052e+00 -4.847932846462209566e-01
-3.963096924864842330e-02 -3.787438560622006234e-01 3.525096283541747644e-01 -1.714373135498413192e-01 2.807739865812998170e-01 -3.875331425968144838e-01
-6.676805500831449747e-01 -9.969720851877327261e-01 9.624960597762781400e-02 1.328518587698807041e-01 -1.595737301850338241e+00 1.213110842052811389e-01
-3.834662774791612605e-02 7.855376995078182656e-01 4.290803445560681939e-01 -8.872948018342883270e-01 2.631726864868837445e-01 3.489442672434516224e-01
-4.846731086557265478e-01 -1.660251952592189106e-01 -5.758917573468081974e-01 1.793659137550704941e-01 -7.790690106998076070e-01 -1.478386565920556395e-01
7.448833894151227764e-01 1.437700916430612874e-01 1.039541310943694619e-01 3.006230221722448470e-01 -4.186230868755498324e-01 -5.934314429268865432e-01
2.507034329247762039e-01 1.433968962223397536e-01 -5.550226823057046177e-01 7.557318785910174253e-01 1.533374949901437079e-01 3.080227704742043437e-01
6.010329662166414844e-01 -9.968146215063505844e-02 -5.854015395633012098e-01 8.763316774649562158e-01 2.469696631504119666e-01 3.112832528317381886e-01
7.161801604230828566e-01 -1.564202430073394212e-01 2.294615514932782929e-01 6.423760808503800046e-01 -1.578724662198439099e-01 -7.678101511465625917e-01
-6.409222394506812748e-01 3.776879023991844275e-01 5.227600174897369945e-01 1.553563762879348609e-01 9.785287494018171106e-01 4.525414822547130234e-01
-5.628224165560737763e-02 2.973281007449344315e-01 -8.108391186638382875e-01 8.009986335082169839e-01 6.095589323314498653e-03 -3.862768436447270859e-01
4.361886807403371757e-01 6.650588835741022553e-01 1.979547295456100808e-01 2.273333215792547601e-01 4.024006194646563839e-01 -7.440591107161494966e-01
2.017582683314997349e-01 -6.982561484825592357e-01 -4.497563109503427969e-01 -7.869105078427487410e-01 -5.565839223886845932e-01 -4.993852477888415242e-01
7.024450290536002894e-01 -1.897143535817675253e-01 7.569269345784752634e-01 -2.584243631625759985e-02 -8.748801013835760809e-01 7.448743072990620107e-01
-5.005713236744071398e-02 -7.595603708488354866e-02 -8.586607442747923313e-01 5.507979392527225793e-01 4.926108339477831555e-01 -2.967845158468125355e-01
6.803446950410936278e-01 2.041687761059492734e-01 1.474672059599443363e-01 2.420233605636810115e-01 9.941666670248579252e-02 1.040160548221140457e+00
-4.903155017160195084e-01 5.567720649425671464e-01 4.584394072647775542e-01 -9.860240577451813149e-01 -3.024492287218359943e-01 3.319016816919163060e-01
4.379330054357212232e-01 1.195065310278611959e+00 7.331923683312281670e-02 -4.797176876994051486e-01 1.016273435192097896e+00 4.282145323664259817e-01
3.214330423657916769e-01 -2.467219746732429442e-01 2.907884557238334389e-01 2.256100002181837816e-02 3.426562152343047840e-01 -4.597505849439021408e-01
-1.030245596968369926e+00 -2.800088978159395725e-01 1.747998193713245357e-02 -6.362942192256839657e-01 -1.178513894665731421e+00 -1.761461594038422340e-01
4.167590709249479608e-01 -7.390376257917269376e-01 2.110108885714559734e-01 -4.661939795259633645e-01 -6.865222651261424502e-01 6.775256767546323777e-01
-2.831194255553273198e-01 3.504747398963937999e-02 -6.412597446161295567e-01 4.902857894829586449e-01 4.944571995191857638e-01 -2.044679435936636036e-01
6.036122156037992958e-01 4.059091131320430867e-01 -2.164513436781149991e-01 -2.024574627343018740e-01 2.513525911595548834e-01 -7.877340715630721801e-01
-3.155614925986385266e-01 -3.406121174784664807e-01 7.917335910991437631e-01 3.564440631432856943e-01 -9.274798774541805901e-01 3.400757943624159174e-01
1.295661215059064897e-01 9.213615831754295993e-01 3.551054251955684249e-01 -8.495423385453705345e-01 7.205868770909691357e-01 3.872945670405334440e-01
2.484486531465276028e-03 -6.594329372581769592e-03 5.339665757475694496e-01 6.213245852959478621e-02 -6.071613091335342771e-01 -2.633799124602347330e-01
-8.912411670737929031e-03 6.741560255862439899e-01 2.071083506526120999e-03 -5.305841116470622065e-01 -7.223956063641068237e-02 4.152928959888195215e-01
-2.521835070841618731e-01 -9.068857613107560445e-01 -1.618999201452337999e-01 -1.118956076460236204e+00 -4.969988186101810812e-01 1.221740265319900542e-01
-5.697603284908839827e-01 -2.125085551895408362e-02 5.726486142848685734e-01 -5.682047900332233281e-01 -1.006750816549842664e+00 4.029800930199505249e-01
-9.660289742461960483e-01 1.856833648807286741e-01 1.291954018305421226e-01 -5.812386292992027803e-01 1.051165240702841785e+00 -1.915498445239602887e-01
2.630531714730978687e-01 1.821410780883238600e-01 -3.308881376545563802e-01 2.634866518986884731e-01 -2.787670945681475776e-01 5.565595895233281798e-01
8.319588929371915520e-02 5.809472945499587482e-01 1.493424049992957414e-01 -1.991822599807557548e-01 -1.651851301114892756e-01 -4.536078298303716227e-01
-5.977532964790386316e-01 -5.369429938849651363e-01 2.045571663214167113e-01 -5.232382477789534470e-01 3.147889780255638259e-01 7.232094154658947893e-01
4.463215699186900420e-01 6.308493827935210962e-01 1.895169306836335180e-02 2.547524807689780513e-01 2.955783013840760920e-01 -9.034877824815997771e-01
4.725697350636252903e-02 3.352100665548151670e-01 1.019520724478254259e+00 9.186563825396529825e-01 -4.053012368079256245e-02 7.041124503665223688e-01
-4.546147149124671882e-01 1.237108845395021195e+00 3.590618182762924104e-01 -1.444200219037003130e+00 1.124179315512637167e+00 4.483223992016486248e-01
9.420046025177339910e-01 -2.162488075392310360e-01 -5.722860250547724403e-01 3.549144567126614191e-01 -6.666376823126431983e-01 -1.244948661284047686e+00
-3.811378739217764489e-01 -7.858188894503745914e-01 -3.292411782295751044e-01 5.807611387574246331e-01 -1.005636389743759462e+00 -1.666664078267053040e-01
-1.030110156000460853e+00 3.271726893197188235e-01 5.778563090581676637e-02 -1.060082178472792958e+00 -6.468928921117464981e-01 -1.664863489300500710e-01
3.635123316976062724e-01 1.338181501482428593e-01 9.028914362129647486e-01 6.525965227111631961e-01 4.727666262469475411e-01 7.601393234487718864e-03
9.389509085208336270e-02 -6.204933811109916153e-01 1.294764564753055625e-01 -3.817639215336240954e-01 2.455288788569054415e-02 -4.685735537995153743e-01
2.245075961131674513e-01 1.215004048933508440e-01 -1.067541299608176120e+00 9.223274800530707473e-01 3.865728947987907838e-02 -3.560749070029525232e-01
8.159070724385660833e-01 -3.079752161227106155e-01 -1.810734146462152638e-01 2.878211376586463643e-01 -3.171317438662645261e-01 -1.030214983224329250e+00
-3.781799017779522432e-01 9.150445742157430340e-01 4.411068973641230628e-01 -8.847700083936169690e-01 6.586114949125410067e-02 5.902845600764666800e-01
-5.027620883227102988e-01 3.498315416808268075e-01 5.066856094835557878e-01 1.760164857568898844e-01 8.579247884513594435e-01 -2.350388490184174284e-02
2.332730300674368817e-01 -3.944640726374665229e-01 -2.307739496430800119e-01 1.161919737430430755e-01 -4.702115035577786317e-02 6.995891203496644728e-01
4.347661439145882739e-02 9.256296861083120886e-01 5.183314290887930387e-02 -5.429315948287357640e-01 2.710417202291675043e-01 -4.252832025304362773e-01
1.583378498960828218e-01 -7.301839341817909501e-01 -6.509479897934137074e-03 -5.883725770278772638e-01 -1.852286244586147657e-01 -3.878849493864087727e-01
-4.692777549747317867e-02 -7.917018756114437839e-01 6.200985906527758246e-02 -4.405958491717348324e-01 -1.953792433389983652e-01 7.615988569842399025e-01
2.179217390918415376e-01 9.299445251522329148e-01 8.466429606406944419e-02 -4.813376497713303115e-01 4.278355042322496971e-01 5.935089071168732078e-01
-3.502559655536789385e-01 1.681202224145606494e-01 5.339185935689046980e-01 1.859396651716938575e-01 7.245982750511690273e-01 -1.007674883052671611e-01
-1.660071392729502993e-01 -2.806303907398987607e-01 3.519353135100015129e-01 -1.651777566465546521e-01 5.148496906057429268e-01 -2.540438547019019389e-01
-1.131355998876439062e-01 -3.672498792626875674e-02 -6.363254779535707506e-01 4.456387834518291680e-01 4.492014341142296363e-01 3.572117287247933426e-02
-7.487670052134497434e-01 5.579243179144119935e-01 4.438683881283469468e-01 -1.079315435336146933e+00 -3.768179852818854814e-01 3.135051956286941111e-01
2.886923870819697521e-02 -1.069329425643456011e-01 6.117009395513950398e-01 5.670150797277155874e-01 4.122061148321061186e-01 -5.229732315636126394e-02
4.520391884884192857e-01 -1.334348394434662077e-01 1.830866305614771150e-01 2.230010251051517400e-02 2.433278682639776480e-01 -6.375071666755180999e-01
-1.049719928290977627e-01 -3.528368792340836890e-01 3.132988909385923670e-01 -2.089961058750230138e-01 3.510986188485157866e-01 -3.893061178993827975e-01
1.668288503412267421e-01 5.065564998523687246e-01 -2.044466886112472626e-01 -2.448582117946983550e-01 -8.684236158724378818e-03 5.472452342033045092e-01
-2.094296158276742065e-02 -5.072686551950468248e-01 2.806724128208752389e-01 -2.945002226299894277e-01 1.741345547556103490e-01 -3.981914103405028160e-01
3.117080092323323282e-01 3.843289352328316255e-01 6.424763923011010958e-01 2.107438996916156382e-01 7.693542389643460711e-01 -2.748903631850050377e-01
5.462769045835764725e-01 3.078973539693943273e-01 -1.588970785635023253e-01 3.620683459743166965e-01 -5.473213557463074697e-02 7.546493407541691179e-01
2.478627232882651688e-01 6.006833284841791576e-01 -2.155329631201781046e-02 -5.553872960318475549e-01 1.431380903447936892e-01 -4.029215717600571622e-01
5.511247256235212236e-03 -4.870396281105665026e-01 -1.719873568600896463e-01 2.248836881964727530e-02 1.274031002498879350e-01 6.167913896261363327e-01
6.070799169990897387e-02 3.906763011472823566e-01 -8.091733889641864463e-01 -2.525279613374099008e-01 -5.453446175175297173e-01 -9.696354640681934534e-01
-7.049229727754300345e-01 -1.942825161068161000e-01 3.431562949633907428e-02 -2.431732815478006571e-01 5.613371661546415758e-01 4.988865265941693217e-01
6.255155309913950079e-01 -8.674343973426233700e-02 1.032384019282929888e+00 1.368010243871857545e+00 1.651775842928721039e-02 3.705390780025815678e-01
5.992452144707594019e-01 -2.842181820640811707e-01 -1.304097701871299309e-01 -1.117736176759540623e-01 6.514139946646818613e-02 -7.406557067778811732e-01
2.469906572403019196e-01 -2.688425701861158479e-01 -1.302808543356907822e-01 4.552829936195629257e-03 1.276652597300022007e-01 7.551599628323879543e-01
3.416091884701612236e-02 -6.452229488559652060e-01 2.005714078067025175e-02 -5.131215486296965000e-01 1.187039709633176399e-01 -3.218457137965091697e-01
1.871918468019018456e-01 4.656754499085255516e-01 -1.391483078660421258e-01 -2.258639619832439049e-01 -4.235953526973662564e-02 6.166859019073525072e-01
-1.311208020506602484e-02 -6.804764139120248467e-01 -1.451357192272471619e-01 -7.869307674210825887e-01 -7.650339707766184993e-02 -3.359792002562804747e-01
-4.560250625828606852e-01 -5.999909385503905401e-01 2.186574758363150073e-01 -1.038639581014651814e+00 2.111113920168653513e-01 1.669531988289159607e-01
2.936997442940073033e-01 1.053049933338004313e-01 -7.568471399228040575e-01 9.221987314620594400e-01 -2.153207013888239207e-01 -4.819476603814187854e-02
8.031805344359443932e-01 7.014013838195647110e-02 3.833283916640274347e-01 6.985823562175708101e-02 1.286885579487791892e-02 1.060793081705291963e+00
8.704763337766077136e-01 1.282919909279755209e-02 7.945113424211480702e-01 1.167548278724625410e+00 2.039422580705403387e-01 -1.410227607589400467e-01
-9.442946417199206410e-02 -7.794520255302549439e-01 4.163522963589633141e-02 -3.300243773579105144e-01 -2.077019038208349766e-02 6.490040713598708155e-01
3.214033660204562159e-01 -7.464474432511439828e-01 -5.209408777732762313e-03 -1.725907525949187393e-01 -3.709505987220523826e-01 7.789920516405158812e-01
-6.869352709311477012e-01 -1.087269904306085722e-01 3.090223219368992136e-01 -5.189094282836647087e-01 8.413220123049049981e-01 4.601241983460296892e-02
-7.486980437247703346e-01 -9.478664763853823783e-02 -4.407227158138232737e-01 3.277332406690725009e-02 -7.179101750789748104e-01 -4.087919959348104149e-01
-4.401218865211985465e-01 9.864312417791673560e-02 -2.674229980976566834e-01 6.441699243530796259e-02 -6.839432273882098956e-01 9.726744867018866092e-02
4.601555477874793021e-01 1.988122033674332989e-01 7.648986275301360438e-01 9.467131789863958424e-01 5.105617854200101835e-01 -5.123486008824540416e-02
2.706901122844447838e-01 1.296962171822996779e-01 6.959257809115337867e-01 9.168039635062379400e-01 8.727472450542650417e-02 -6.613544249404557096e-02
7.226184627849054909e-01 1.163352786426583130e+00 7.489653627721467588e-01 -1.984980449354779575e-01 1.299505423872564513e+00 1.113666388986096489e+00
