7.915177337622303355e-01
3.377585531246474759e-01
3.574702412180323918e-01
3.213517552984801462e+00
1.287935795170188413e+00
-3.213115564505802935e-01
-8.055517562222974659e-02
6.742799307299847111e-01
2.027010207839431644e+00
5.078389392018881843e+00
3.139371586087479904e-01
5.872357336877740419e-01
-3.352733354762276186e-01
1.157446546638478457e+00
3.082618656536413759e+00
6.242105100566022191e-01
2.385250372792919460e-01
-9.152508061358281821e-02
4.069252826485958985e-01
3.251861576091275463e+00
3.499249463624954926e-01
2.003473122095586478e-01
7.140432158141190033e-01
2.644358219049681047e+00
3.774369620961426364e-01
-3.860387784719914728e-01
1.795633174784729558e-01
7.350965886215381495e-01
1.748498314598579295e+00
3.831053798023508206e-01
-6.627707895389635118e-01
6.304566883060116478e-01
-1.152530067512564232e-01
1.199225502488119099e+00
4.184133957449971852e+00
9.785159547471890609e-03
9.652796806712509170e-01
-1.596369316960822571e-01
2.033439755923185821e+00
3.780827890499440791e+00
2.218675103923594960e-01
7.269881241195060018e-02
8.785920013908005144e-01
2.473089494543110778e+00
5.377634381908634076e+00
-1.003522042903360001e+00
-1.146396017302523385e-01
-1.043092897479569597e-01
1.437532944649689837e+00
5.038971852550365504e+00
7.389572303390886665e-01
3.016766370479008752e-01
2.414046988055392196e-01
3.164275837656480128e+00
5.220898146991599376e-01
-9.180282500975027737e-01
-1.544204643172546465e-01
1.882951670759916776e-02
1.227593099732871673e+00
5.249546799148042453e+00
-8.395649087842265157e-01
-7.284292083282741803e-01
3.217227303663474092e-01
1.455748798788655485e+00
1.963907894154489853e+00
4.273007455899680562e-01
8.537082991144481214e-01
1.013044044522397463e-01
1.015926842925771290e+00
3.204337439170684920e+00
-4.904260979448670787e-01
-3.684408266271482213e-01
2.190545842611863747e-01
2.067400902980256472e+00
1.660584108908619738e+00
-4.812562478608675698e-01
-3.411503758606803660e-01
-5.248017723363880283e-01
1.320203063833726320e+00
5.840517095848101192e+00
-9.173812679449248886e-02
-5.609369288857967151e-01
1.587916796910195105e-01
2.032017624415044743e+00
2.068134400093433189e+00
-5.588633500043352353e-02
2.354205073891586508e-01
-4.785990020919631549e-01
7.332423074714264910e-01
5.494525641692659335e+00
-6.310726365082818257e-01
6.726090314176036422e-01
3.674650495530044081e-01
1.645624819740989953e+00
6.578828478833081306e+00
2.404189417907891257e-02
-8.245863968107831898e-02
-4.938773138539309659e-01
7.960434690879858444e-01
9.381385550255147976e-01
3.431832143027924165e-01
-3.985667246811878672e-01
9.524185649063920955e-01
3.816801618556304287e+00
2.130009320198313905e+00
6.447309933901828050e-01
4.541540930422344746e-01
3.300249827330069552e-01
1.018365299523184886e+00
3.060626998679961464e+00
2.706355545657257999e-01
3.194923078674443140e-01
-6.281122776519738604e-01
-4.168405460356700010e-01
4.449559484564421297e+00
-5.409416434494656034e-01
-9.323194370277574153e-03
-4.924829957432262928e-01
1.204580630148828213e+00
1.088973330319587873e+00
4.878860346580315421e-01
2.048575304006019226e-01
-4.327781703729332019e-01
-3.775871872273798835e-01
1.767816906940284039e+00
1.044253617963953884e+00
2.067152864548277569e-01
-8.361351912380288187e-02
2.768047233206864188e+00
3.077187745288950449e+00
7.477113569827650297e-01
-2.137267931804711363e-01
2.292902905038917694e-01
7.794434114823187709e-01
2.490105717153828557e+00
2.325187820172107400e-01
7.900682471306238464e-01
3.905754734526807326e-01
1.200995553633480206e+00
3.620219549580006468e+00
-3.363655881936413738e-01
-4.043211178999747690e-01
-1.297703242942018775e+00
1.693041796887527539e+00
3.664826509362836271e-01
-7.595298247563061489e-01
-1.271954806157841733e-01
-2.805052586794909986e-01
1.368084177301470472e+00
1.692621978003984839e+00
-6.665360457306225561e-02
-3.482912207438367269e-01
-3.822417774227971354e-01
6.402447160494566525e-01
1.444248337692975781e+00
6.357241768433821161e-01
3.802551463410843158e-01
4.086796445842268422e-01
3.118438392890024335e+00
4.568490318057365052e+00
-7.848122999385671594e-01
-5.617175991014609071e-01
-2.727460975335341264e-01
1.685144790994840269e+00
5.646780146990756144e+00
-2.799206934746334419e-01
6.687209139403273994e-01
-1.496613115262392102e-01
1.059924893066606977e+00
4.002665152911208502e+00
-5.914645980147668070e-01
-4.872510945166290686e-01
-1.946436802553864753e-01
1.216419112452751916e+00
1.777478403143110786e+00
4.401203967596634681e-01
-4.385739679883999265e-01
3.285400822678016253e-01
8.751479835338117352e-01
2.702135192701925703e+00
-3.969762019587245172e-01
9.144205421260234168e-01
8.681944214502577972e-02
1.536765250593851384e+00
3.536392033948961178e+00
1.291344267257246714e-01
4.417351572902264989e-01
-4.094959442881789258e-01
3.431141902025739432e-01
4.590682415930122495e+00
-5.533160829838519312e-01
8.866433121225607561e-01
-2.992310732650100835e-01
1.533317440410672861e+00
1.001834986988097809e+00
2.437518877880492374e-01
6.111884290495094296e-01
-1.227125305122003934e-01
2.229218288306475504e+00
3.684873472159094110e+00
2.097002107845579444e-01
3.063781286868998976e-01
3.258866480463763482e-01
2.438377374343251969e+00
4.459727405105586406e+00
-6.368735474919566498e-04
-5.490613080674344726e-01
2.523812304686197105e-01
2.307927285684056251e+00
2.004154368957264065e+00
-7.448646104537748336e-01
2.346528525105846530e-01
-2.072933783891365567e-01
1.630264004400874711e+00
5.008295445381576450e+00
-4.728345940887599963e-01
1.841142260217264737e-01
-5.918321046784623674e-01
1.388751074380248474e+00
7.199439649288054133e-01
6.572057794578153866e-02
5.782755027614114862e-01
-5.126893530474028321e-02
9.207119682458470011e-01
4.057130270114725157e+00
-8.795789112019741784e-01
-4.888692140336087233e-01
3.754143883481994310e-04
1.660876389467169645e+00
1.807425363461794277e+00
4.878873929881578919e-02
2.777350330407069023e-01
3.848091113030993604e-01
2.491598810994356761e+00
4.429426527099585620e+00
-8.761357116478211138e-01
1.606898977290032726e-01
-1.498411487355500726e-01
1.826298084987419745e+00
5.221355388130683117e+00
-1.142450408712765569e-01
1.976086370185340946e-01
-4.770736607653116579e-01
8.144399211370098035e-01
5.568120902789781113e+00
5.480971976811106483e-01
4.638291756611034322e-01
-1.484207848325711232e-01
2.899581217650396003e-01
3.918270858215397556e+00
-1.737894051816734620e-01
-3.578179510020009224e-01
3.561995042830252145e-01
2.318448612046599244e+00
1.575934794424855401e+00
9.372356279178002403e-01
2.186073945249751849e-01
5.763286642703155938e-01
9.496606347057419129e-01
2.618530812193851531e+00
1.993431333958491369e-01
-7.178668882973592274e-04
-7.065293070477917103e-01
6.955599660150558750e-01
6.217400446800470881e+00
6.696821442462836949e-01
1.667789048261618945e-01
6.426474864528122777e-02
2.484771408795433789e+00
3.950243744828905168e+00
5.560292066648554049e-02
6.621619052568646913e-01
2.164140445919129213e-02
1.074934898043962361e+00
3.930354613980645340e+00
5.379759461714360702e-01
7.445865293188964895e-02
1.017042848605341554e+00
2.353105557827142036e+00
1.402343101189023611e-01
-2.687673612500746656e-01
-1.860935212282953666e-01
-5.519977068064468861e-01
9.235102409459332584e-01
1.107807927790413149e+00
9.912263236285393520e-01
3.182199884764295300e-02
4.757142275599033909e-01
3.334856083430495666e+00
3.788661057146887057e+00
-4.435165068776920627e-01
-2.398921561894190868e-01
-9.604013283493863240e-02
1.299183401393810389e+00
1.252309058085405269e+00
9.138744296128155087e-01
-3.074030604799654273e-02
-4.443505516737045746e-01
1.908713022991013475e-01
1.879802144289191290e-01
-7.011525265806833884e-01
5.657730264729315950e-01
2.541612796434543631e-01
1.541525975108505531e+00
4.282733462528453217e+00
2.496164366539210810e-01
7.159145558391809550e-01
2.201967811360350524e-01
1.163807789715217256e+00
3.652204521491785982e+00
-7.512616467572047485e-01
-1.188326675212403039e-01
-3.750384183231883495e-01
1.831176774000451646e+00
1.055034929822902701e+00
-8.099987486750091781e-02
7.621654729019949892e-01
-5.594786931774124901e-03
1.961275772530701289e+00
4.349239130246638219e+00
-9.791912010564397528e-01
3.161942755931643201e-01
1.039057902690075086e-01
1.580994793041527346e+00
4.483040937784497970e+00
-9.920606001315046552e-01
2.205504288121487300e-01
-2.555065539833684465e-02
1.672880692049490303e+00
4.917687132993637356e+00
5.486155029623680512e-01
3.428564537665715339e-01
-8.074749562312846241e-01
2.491087337731958229e+00
3.227572014412694923e+00
-3.239783710542367690e-01
-6.746625961695715823e-01
2.774814340102303989e-01
2.009294970398203262e+00
2.020165556448113797e+00
-2.431096841084017524e-01
2.732717809571870715e-01
-3.523339354604154705e-01
8.128631417197402786e-01
4.884126173435889839e+00
-2.429076429822641381e-01
-3.408634506850857088e-02
-5.010937855962458443e-01
9.281483790754024854e-01
1.017668753419753935e+00
9.251842576550413089e-01
1.276367415674470041e-01
-1.766869019943339558e-01
2.486101848076753384e+00
3.335773712878136621e+00
-1.452633390159069615e-01
8.255219351468023881e-01
7.891052758983081727e-02
1.313006553115758868e+00
3.837223266944900235e+00
2.667554105692564459e-01
2.953290719547176368e-01
-4.077121565035593531e-01
5.341121665719954503e-01
4.863789212852824839e+00
-6.083852481322010730e-01
-2.683597991949466799e-01
-3.343872784356983763e-01
1.293835537060312735e+00
5.602705373393773947e+00
-5.389512278302862613e-01
4.014835084656620534e-01
3.942839664939812860e-01
1.639393474549734941e+00
4.587028020676991780e+00
7.566840740517674635e-02
3.740953701863259928e-01
-3.258437884459134959e-01
5.804180953317993330e-01
4.692904070121409532e+00
-5.665190833558093608e-01
5.572577140416213881e-01
-3.298901043925236420e-01
1.858899996119045328e+00
4.483942345943086494e+00
-9.729547088983284131e-03
-7.632207303416009836e-01
1.395672974132629862e-01
9.430218728196253508e-01
2.093544967209013841e+00
-1.521807998552584251e-01
-8.593785875947391739e-01
-1.070780581386712033e-01
1.269652935601704780e+00
2.687783481703887478e+00
-5.088525540966319927e-01
1.163549490970634759e+00
-2.111060570658255808e-01
1.794127777908077537e+00
4.050932591513907610e+00
-1.354406728142733274e-01
2.816765334661612830e-01
1.017765689216579839e+00
1.877082229690319348e+00
3.127632516976742716e-01
3.124844111674641711e-01
-5.053058448664233815e-01
1.593221167663925186e-01
2.372200185261976291e+00
2.450009011227428424e+00
5.646846782522195740e-01
3.967172742705244448e-01
3.173265431479289911e-02
2.473621370082765281e-01
3.631843478486256327e+00
6.984608142259560726e-01
4.914033587816612481e-01
3.302885378190948545e-02
7.739405833991032102e-01
3.001038090153373528e+00
-4.005302907981076604e-02
5.206141923226641488e-01
-1.782016183275619281e-01
8.487681671743750877e-01
4.256707452502829447e+00
-1.473649552803971419e-01
-8.503336599029133469e-02
4.939976867738646304e-01
2.496534462111975827e+00
1.137807111161313722e+00
8.220370149563964446e-02
7.084104364755831051e-01
-1.789717921110532406e-01
8.594438933766116451e-01
4.088209276633750555e+00
3.593999096477576982e-01
-3.276993003733877363e-01
5.912676411876627292e-01
3.290638459690702344e+00
2.096635563380973899e+00
-4.095807865335984732e-01
1.246632132501591383e-01
-4.219825869558909703e-01
1.169159536442824443e+00
1.106651119344504774e+00
-7.517839276462738862e-01
3.391007871041051142e-02
-1.655449326010582367e-01
1.639606410932478608e+00
5.263093367405555334e+00
-1.618427251558768043e-01
9.059807279251033685e-02
5.953007844408174654e-01
2.211775323913105051e+00
5.203107263618056422e+00
-4.454345735816940266e-01
-5.917950180026183560e-01
-5.321780823969640695e-01
1.550344326296381414e+00
5.948153844133688750e+00
3.612861267250129238e-01
-3.978729145191928773e-01
-1.887594352441863965e-01
5.096926432183318534e-01
2.128331749361255021e+00
-1.953796832387997562e-01
-5.072779520426820010e-01
-3.739851830957279799e-01
1.150590286484791003e+00
2.147208833512646020e+00
8.224556905556873465e-01
-1.747851596464330970e-01
6.244712056383291410e-01
2.652806080976311875e+00
5.368165231070209487e+00
1.668508979201513420e-01
-3.273458942303464781e-03
-1.010795648991586582e+00
9.692678700661990776e-01
-8.762805315335106537e-02
-4.184202096639266094e-02
-5.528756640244558707e-01
1.503143610416499132e-01
2.034992861040571199e+00
2.069257689506277309e+00
5.185653656071476103e-01
-6.446904536341880876e-01
-4.349064983781457117e-01
1.809611359595689528e+00
3.270838493131869917e+00
7.218514707192417168e-01
-2.513057297317292105e-01
9.399068409161896731e-02
4.787316197912851456e-01
3.146703863009541635e+00
-9.464991541555732857e-01
4.024689220705007786e-01
3.136761545400029022e-02
1.433564681726769097e+00
4.578452171384344460e+00
4.421008738479376143e-01
-1.677597069297738774e-01
7.466276947092252703e-03
2.181652890782756593e+00
2.726766532470530358e+00
1.303606055029028488e-01
-3.853772057653183092e-01
-8.319813330351617520e-01
9.564791044495528638e-01
2.498767948282341333e-01
6.602225841195579203e-01
2.914944449826149808e-02
-6.842415646936311768e-01
5.172987740494239262e-01
5.829253179890992342e+00
-3.209923018123597011e-02
3.093500954623583099e-01
-4.009495283097460061e-01
5.907849538091982655e-01
4.928347772610971234e+00
4.720418439926804544e-01
7.143357968744786790e-01
-3.059956819126182781e-01
1.466959741776959758e-01
5.135587343945734240e+00
-1.454650762644667805e-01
-2.956975763263002266e-01
4.521842351943822780e-01
2.159345304527924281e+00
1.459072115465026354e+00
2.243324555990398039e-01
4.801077638194158059e-02
-7.131231033929165131e-01
6.325280107858060052e-01
6.216065042773936788e+00
-1.803392359179775695e-02
-8.253210692030565898e-01
1.656071695625264684e-01
1.696267378581310270e+00
2.610219277372823665e+00
3.739536128477636279e-01
-3.741340283573789671e-01
-7.007970745752692410e-02
4.983611711801861910e-01
2.448056877257087205e+00
-7.459955512172252723e-01
-3.555601235437663155e-01
4.218717065237739816e-01
1.508148746467383061e+00
1.523962549275394540e+00
-5.743522646262644304e-01
3.143256271358219056e-01
-3.838966622273868867e-01
1.407228692429257411e+00
8.171164598199981421e-01
-7.045291617986653154e-01
-4.618745750836552033e-01
-1.817725165794810416e-01
1.564915773165757473e+00
5.599231691105903685e+00
4.746320959407375195e-01
2.527157215517257249e-01
1.279165450987389818e-01
5.787642843782639934e-01
3.439553344405276381e+00
-1.872804171834992204e-01
1.950070755839658221e-01
6.193739647409591820e-01
2.434224088710031264e+00
6.740986690254474611e-01
-8.243419985051017029e-01
3.123193300055230326e-01
2.041830298288706269e-01
1.664831570829387042e+00
9.989100933463117560e-01
7.451600991050553180e-01
-1.239759518935170113e-01
-4.862583746204452995e-01
4.139033327168971099e-01
8.922648712799998716e-01
2.706224265212924252e-01
3.987233573424227018e-01
1.238304770405533467e-01
8.300045089027405787e-01
3.899865236979274563e+00
4.728708965480858395e-01
-7.550541611486988325e-02
8.310498819201918019e-01
2.216283453726372699e+00
6.077687240898093535e+00
2.970462276588984110e-02
3.839187849491098592e-01
8.952349103451608947e-01
2.007394106237437637e+00
6.243893178659618570e+00
-3.463678846169702674e-01
-8.642559851640874147e-01
9.536744201017990918e-02
1.477298268841674700e+00
2.452326891301751743e+00
7.685243054828712062e-01
1.851126348116182985e-01
2.800769442043523860e-05
2.517856661801842311e+00
3.596851729135786435e+00
5.830420478164688447e-01
2.379765804188167799e-01
2.854665980758033239e-01
8.521949838896943907e-01
3.547052265233592294e+00
1.585997980480387815e-01
-1.162789124165410498e-01
6.854693059302333635e-01
2.653729305102796587e+00
1.040288846081194096e+00
3.447803288188592830e-01
1.432011505073764179e-01
7.006572246442775986e-01
2.479537184312911258e+00
5.804434779359143981e+00
4.100319239585942070e-03
-7.810792941430411140e-01
-5.635311699569855309e-02
1.806588356709283971e+00
2.319701097748110730e+00
2.979658368934388624e-01
-4.183214531600659702e-01
9.260654621076122028e-01
2.322888824803149177e+00
5.260339308664575775e+00
-1.010171776003194188e-01
3.885009118215668189e-01
-2.895651971196099850e-01
7.398792387174778495e-01
4.731868129904856168e+00
-3.254434554704760396e-01
9.678544931919724759e-01
2.013926200226273111e-01
1.474622199621280938e+00
3.820025208960757368e+00
1.757267391963525660e-01
5.239193766772870520e-01
-1.505621379343510535e-01
7.212372470499200938e-01
4.026039736883500808e+00
-3.695154589605532669e-01
-4.011477936736145833e-01
-5.456071055926670077e-01
1.302413573726713958e+00
5.975359048052583333e+00
-1.395993727323144640e+00
-4.184437239102345441e-01
-8.080475985054097531e-05
1.698780532990645575e+00
4.794486789776740920e+00
-5.175825161130578334e-01
9.522702278715966528e-01
3.880629696782111199e-02
1.794162908651901089e+00
3.862215255456085128e+00
-2.437197265408869509e-02
-7.353081191527944815e-01
1.006640984270836953e-01
1.860815763731355377e+00
2.108842032197643324e+00
-2.452151643929236652e-02
1.983810606570064194e-01
7.398817195147630033e-01
2.118042290395235394e+00
5.617895241217176761e+00
5.402615038969488248e-01
-1.611299885682398181e-01
-1.028146244192528480e-01
-1.685004396400469062e-01
5.460259589691847104e+00
-2.668421519229658423e-01
-2.643930853306375450e-01
-2.637574902974728075e-01
1.151766847469521071e+00
1.526112829754182165e+00
4.516636552922313474e-01
-3.869925067053279766e-01
2.905646240829577454e-01
2.584304971571438347e+00
2.047349497343334601e+00
-6.364969516486278511e-01
-6.108273326126103520e-01
-2.781777018846173233e-01
1.766575808340657083e+00
-4.305529224619792372e-01
-1.341205398467277543e-01
5.099647441965739735e-03
4.595149985322035668e-01
2.491819557686577813e+00
1.036751111089756261e+00
7.315551688499966065e-02
9.395687437118252494e-02
9.974381806062717626e-01
1.976533150983093678e+00
-1.226617567491620486e-01
-4.386329512490737548e-01
3.533310046897453205e-01
-1.392443399056032538e-01
1.044285511127596378e+00
4.757351752009252976e+00
-9.178525519077119776e-01
1.898330332298534262e-01
-8.678563842882776325e-02
1.647420851264671304e+00
1.142751723315770684e+00
-9.994909735651628935e-02
-4.829183830813827405e-01
1.708727066020251650e-01
2.045957089304486942e+00
2.030451232078493540e+00
-4.398693782097562455e-02
-4.874052455987555321e-01
3.372934412475034338e-01
2.342192119996243882e+00
1.860777378352493683e+00
3.279245928071403138e-01
8.392941098496783381e-01
-1.177593825672266503e-01
1.658680694724169902e+00
3.057527440083723125e+00
5.238731752774206801e-02
-3.884587000076639152e-02
9.278844168697066852e-01
2.135865994748754382e+00
-3.766314613235572928e-01
-4.734971708380569244e-01
-4.483151821196595388e-01
1.195418958133780629e+00
1.613308342776015758e+00
-1.793450641522505995e-01
3.508407513455605864e-01
5.063099381714885050e-01
-7.287369733675659600e-02
7.861346999480729458e-01
3.700220200386838521e+00
5.111900016957192650e-01
8.310670069499690449e-01
-3.120703050811754128e-02
1.004099139359954318e+00
2.974197751432972492e+00
-5.614295486618783304e-01
3.869901873439195450e-01
-9.268206560687987372e-02
1.068325046009230395e+00
4.752842558214608992e+00
-1.603468914641558996e-01
3.542613968173469741e-01
4.175041365445272823e-01
2.033176093982662636e+00
4.584510602508681032e+00
8.995870174312605716e-01
1.659778992343422521e-01
-3.653748000946778207e-01
2.104606271332953027e-01
2.627576649763841421e-01
-8.037822634154496715e-01
-4.297247544308408634e-02
5.253458911644648399e-01
1.812398923402839035e+00
1.447293899056828703e+00
2.765269370833960821e-02
3.229816065710605644e-01
-3.618304662953513162e-01
5.655503598699113121e-01
4.841882119698926346e+00
7.468427888622839461e-01
2.239239696466330531e-01
-4.067615474764538219e-01
2.314887722796194147e+00
3.229412630931907113e+00
9.561902207949823929e-02
-6.184951752391437685e-01
5.673646661989619616e-02
2.181701575908004731e+00
2.273186705410932706e+00
-2.334494036075508983e-01
-5.320656597576841618e-01
2.940647952005676080e-02
9.913730479448199517e-01
1.585662040805472017e+00
4.772511542698493758e-01
1.328666326044012636e-01
-7.515753051923551586e-01
5.901363858716822675e-01
6.286948530762800580e+00
-1.962623487251441701e-01
2.772203093453425304e-01
8.301045536419797699e-01
2.335413332260120711e+00
6.935964958885946219e-01
-6.081632220535638789e-01
2.552546854513705332e-01
4.700930017847907982e-01
1.611769662410432069e+00
4.701538325983130484e+00
-9.626867616020334806e-02
6.938715008450120625e-02
-4.737589006387217250e-01
8.780596832755707126e-01
5.625530828112060178e+00
-5.730611492050512457e-01
-2.628302607983006856e-01
-3.755727385015830144e-01
1.410843887135974528e+00
5.656573750240959875e+00
4.568352743632993485e-01
-4.894179544968735307e-01
7.513266409308727578e-01
3.594266057555018268e+00
1.714547444029566270e+00
2.904602154772015776e-01
6.535625540726263116e-01
-3.644925964610010727e-01
4.875875886977538987e-02
5.073652299132506371e+00
6.778773126046186981e-01
-4.070061421672799273e-01
-2.519168149742763152e-01
7.462669048624395729e-02
2.157260546148715097e+00
1.748110444678572795e-01
-4.386254796603547002e-01
3.462660028776085031e-01
2.659810581541360186e+00
2.031211641666408330e+00
2.366328432281976646e-01
5.517135359885041446e-01
-1.304672330256667345e-01
7.390001580374527812e-01
3.929594474163422557e+00
3.165861831511869173e-01
-6.686404827818674956e-01
-3.077500814660303133e-02
4.875776038366615994e-01
2.199341622478830249e+00
-8.480508081037976265e-01
-2.145528375251326281e-01
-2.083215131616679983e-01
1.309727961011672770e+00
5.286303900084083907e+00
6.313297669704257542e-01
1.595151470621172241e-01
-2.615954497758444797e-01
2.208645479663676525e+00
3.442828204303175266e+00
-2.144832913155892418e-01
2.623605436870990459e-01
9.017891471742160991e-01
1.737006292559350573e+00
6.436336049731394837e+00
-1.419354370588844505e-01
-8.684968462224562646e-01
-1.181745013161802221e-02
1.712327126310100978e+00
2.400140232674288665e+00
-1.435939104988850912e-01
-6.902259118917369873e-01
-2.348715229270020508e-02
8.989752426129951068e-01
1.794023886533801404e+00
5.974863480839680552e-01
5.588183361529017734e-01
1.829270360055881006e-01
3.076585428050355286e+00
3.986215195197647887e+00
-3.788902567106691710e-01
1.819928742419744672e-01
6.163966940210716672e-01
2.137162513311592793e+00
8.321800773359752101e-01
3.217909966498505581e-01
-1.050871509055821273e-01
8.974314898080457681e-01
2.267813099555644918e+00
6.332189204860332765e+00
2.216798947682082077e-01
7.289255456072780692e-01
-1.780389682909361976e-02
1.008495713235264324e+00
3.770554339963313684e+00
-5.309430745534788887e-01
4.140199317577930027e-01
4.815944869175208254e-01
1.990435995831315807e+00
5.442395492788260070e-01
8.620338268577812380e-02
-1.265269036103687794e-01
-5.082138145232355519e-01
6.557149977651227646e-01
1.155141759575698091e+00
-5.265349198477283776e-01
2.600845564444365654e-01
2.359451796443133853e-01
1.993472783920158253e+00
4.889280097049916840e+00
6.226912654841705586e-02
-5.542948282633765045e-01
1.692337716851921581e-01
2.324788109905459255e+00
2.113337100325773044e+00
-9.436117305715704395e-01
-2.301634785445114961e-01
-2.432728563680865708e-01
1.504102079042735962e+00
5.240964601648772536e+00
7.335491247284182947e-02
-8.539574725137207001e-02
-7.008332773322483167e-01
6.729289609031837704e-01
2.377869983862804515e-01
6.100672899129562232e-01
-5.128065851992910096e-01
1.251370490852844186e-01
5.231614846693881660e-01
2.871088964761944862e+00
5.924852515753543658e-01
-5.563875917233277596e-02
-7.979719882364396666e-01
6.427295068041601889e-01
5.790340502821784696e+00
-6.205482480010159341e-01
-4.424618467204821104e-01
-9.584116576898407680e-03
1.460890635089040934e+00
1.588649500102170764e+00
-4.039806731162378095e-01
-1.077871925535957565e-01
4.609834515855212866e-01
2.181053718178920242e+00
1.098815856264089064e+00
-8.039758653983829495e-01
-1.907632679656218189e-01
-2.172186403816077915e-01
1.348546666454108367e+00
5.270745652360261602e+00
-1.833560737968966403e-01
-5.349676897371426904e-02
-7.353667679100052146e-01
1.034293173712291125e+00
5.644628605916721220e+00
7.019021141560425336e-01
-4.560409764038582670e-01
-2.722467233512113061e-01
8.701954346839151089e-02
1.784337403021299284e+00
2.301665643276487871e-01
-3.815173415133763513e-01
3.011869206327129622e-01
2.508522375703320151e+00
2.301798094975643583e+00
7.506142155177146780e-01
-3.586614473055876329e-01
-3.001619583873907926e-01
2.303565483937347391e+00
3.261874780264276463e+00
5.286357028590460416e-01
-4.387258482849212826e-01
6.176084502697211098e-01
1.553559822105067489e+00
3.496861233174735073e+00
-3.440579436777793099e-01
-7.587537525441914177e-01
-2.876200557606438113e-01
1.677577279232593810e+00
6.305503056818442253e+00
6.338084968881741998e-01
-3.493180051139327946e-01
-3.359272369952123749e-01
2.255155693092941505e+00
3.021912544712618942e+00
5.469210763534430864e-02
-5.316005396880092437e-01
2.234619760983885817e-01
2.351235459503147940e+00
2.050749622511415904e+00
4.595694840325142971e-01
5.528343752866243799e-01
-3.414941700888034504e-01
-3.927156138114889367e-02
4.215503132423253696e+00
-8.726363892945564471e-01
-4.962958966156441609e-01
-3.011088232394608100e-01
1.948379463076226337e+00
5.776158270827073338e+00
3.886447197917516361e-01
2.719385160779753119e-01
-3.314761612084753950e-01
4.416779543851296896e-01
4.378278944102245163e+00
-4.544045613325725097e-01
-8.568278542596176051e-01
1.948647940806400580e-01
1.137362780186483402e+00
2.033326503997918255e+00
-5.331915206590715633e-02
-9.731454553686159636e-01
1.637169384202477249e-02
1.522070718398083722e+00
2.673895244456695686e+00
2.951029465498594129e-01
5.325974246574953774e-01
-1.623552661951413456e-02
6.973583367227171870e-01
3.798655349234223877e+00
-4.895494839937140075e-01
1.437121324518327581e-01
6.778416925042847208e-01
1.716808784805764043e+00
6.753992825196047933e-01
6.525981476938687020e-01
-5.687386941346253000e-01
3.499482812871510529e-01
-2.016547705496507803e-01
5.536850721201095560e+00
-1.403788761059834578e-01
1.601456612185228334e-01
8.621963124802516365e-01
2.211249158149516614e+00
5.124589002695906892e+00
-1.731245432419949437e-01
2.815527994505570564e-01
5.484018918147490762e-01
2.265744025725851873e+00
4.485195269523345907e+00
4.785911125803937738e-01
1.333633957238963275e-01
-8.526911675991277750e-01
6.603309236277110639e-01
3.158733656167729831e-01
9.592567677184077324e-01
9.608336955503437096e-03
-3.807236875583804303e-01
-1.986805857747613313e-01
3.282620064707042040e+00
-6.650809519443442452e-01
9.481748748647456093e-02
-5.213371467409281257e-01
1.521661998055986897e+00
1.133293463471575446e+00
-6.648268057512179974e-01
1.356329321846687364e-01
-1.985895183000289665e-01
1.134133126369309741e+00
5.061811689058982822e+00
4.061320788392929204e-01
-7.211075775641248020e-01
-1.364648529799460386e-01
1.969370566426183577e+00
2.945110425072462679e+00
-4.266179266005462600e-01
-6.171457673277703782e-01
-2.016928717453833619e-01
1.173296739701281899e+00
1.645492497892770523e+00
3.872188325112013163e-01
-6.233785957388828305e-03
-9.736952759351947817e-01
8.449138247506973176e-01
5.213429287564211867e-01
-2.639382456959200041e-01
-5.320351588560254946e-02
-6.402522784530573219e-01
1.091275523309295892e+00
6.015308721875232134e-01
1.286068763347083810e-01
-5.242172855595015474e-02
1.098381063624465970e+00
2.253283672025513606e+00
5.669364719139850628e+00
-7.782480791898267469e-01
-2.872398646441527981e-01
3.745935734338672884e-01
2.229478577304107478e+00
1.566424332526221486e+00
4.807353970293837264e-01
-3.667891320150429291e-01
-2.871567303409641378e-03
2.283163677750798204e+00
2.737727824427634182e+00
2.705647074458580881e-01
-5.371163968330628924e-01
-3.605793206936431239e-01
3.801337948085696805e-01
1.182717391413454333e+00
-1.551835292579759384e+00
3.412086981599257163e-01
-4.101737643152413709e-02
1.828283186825947260e+00
4.336180499704463287e+00
-6.747216693428392809e-02
-6.670407107129064928e-01
-5.142606848181300316e-01
1.579004321867604865e+00
1.160468754733548769e-01
-4.128795304111038122e-01
5.664986538970896435e-01
3.450032805978956452e-01
2.012662259384227159e+00
4.221580124140278834e+00
-1.120360026407414139e-01
-1.737502664304223232e-01
-5.147348872932000496e-01
6.477104600873028195e-01
8.824113182498485308e-01
5.951240329944097462e-01
-1.668200894400078127e-01
6.051333148942681373e-01
2.600922221750581187e+00
4.767347791855031325e+00
5.845153912743585867e-01
2.508031333501594129e-01
-1.289682727142182350e-01
5.286709583467252838e-01
3.980284146258661782e+00
-2.941789916059776022e-01
-2.128391281637251053e-01
-2.934058025305463224e-01
1.158431948217321095e+00
1.456146071808321896e+00
2.158360785729746822e-01
-5.732512670065247340e-01
8.271030525272596301e-02
7.358086097545250004e-01
2.186003255132869416e+00
-4.187545446726962939e-01
-7.428820012645359627e-01
9.256624600178611773e-02
1.437043279243465310e+00
2.204492711976017372e+00
-2.536032854289922006e-02
-3.780509099894979741e-01
-9.443185832812425740e-02
9.144465149816787264e-01
1.145071136567522574e+00
-4.371467749801629110e-01
-4.996297709165561235e-02
-3.276047375977049203e-01
1.109202591220828094e+00
5.306617006483744348e+00
7.855516651425147323e-01
2.971921421083511747e-02
2.487351916095741355e-01
6.508436141887459225e-01
3.248460002715027439e+00
6.116313739718207687e-01
4.513383776529828612e-02
1.441914837961165430e-01
2.395561909724591043e+00
4.123292293274118059e+00
-4.587242605907436155e-01
-1.921065779747976043e-01
3.662341625928822175e-01
1.978600987236715181e+00
1.390264525971117271e+00
4.969246391142466135e-01
5.174951185750300553e-01
-3.384406903899120356e-01
2.618614377329188780e+00
3.620111598039741807e+00
5.981448679263925428e-01
-3.963090532608941063e-01
-3.729938438084082208e-01
2.287820968520279941e+00
3.000339496160911779e+00
-4.833948853734068574e-01
3.188948673681858414e-01
3.712729429122982872e-01
1.956150523224684523e+00
5.938786562396778379e-01
-3.450261956539253383e-01
-1.182958599762478358e-01
-4.855501927052234823e-01
8.763228785209691285e-01
5.686511623122787462e+00
-7.790410683102781952e-01
1.850392828894252828e-01
3.494692953578411032e-01
1.684260650053837960e+00
1.020909076639865853e+00
-3.238379942595606686e-01
-2.145689398515439050e-01
7.089613078259430212e-01
1.909504782477938756e+00
5.238640407117016728e+00
2.923933519792068503e-02
8.203683610458988307e-01
-2.925705343887443077e-01
1.815140157462761916e+00
3.709943501286251166e+00
4.509428813000543323e-01
-8.191335766649382455e-01
-2.921196565351722452e-01
1.908360052418998531e+00
3.018070540385514366e+00
-3.834652410882422036e-01
7.087617894079883962e-01
-1.015483896062685076e+00
1.548161147731112797e+00
5.634186770990451398e-01
-8.009917157197837811e-01
1.968958460589744289e-02
-8.581631163234211546e-02
1.493215066053876328e+00
1.119735212981199046e+00
7.625309540437777978e-01
-3.699999473403401962e-01
-4.453617621293410878e-01
2.193179383397890536e+00
3.430978229845684346e+00
6.781941455350907200e-01
9.088800124455700957e-02
-6.986578807221933696e-01
7.172605941513731098e-01
5.640236216822654747e+00
3.054519957115415796e-01
-2.813534502668943449e-01
4.768829293471409381e-01
2.609615543565998674e+00
1.546436534463386359e+00
7.024308412017429282e-01
-5.162193014696402349e-01
3.647880485865970801e-01
3.275462982903085685e+00
2.060806106096173540e+00
1.245973282486354083e+00
3.027269826597726032e-01
5.154435720009131749e-01
3.689060971022986912e+00
3.405460747573383795e+00
-1.327239964631227176e-01
3.015829301706749940e-02
-7.800132796757265341e-01
9.206517530880085065e-01
5.831686070089927121e+00
4.634856045539497704e-01
2.262839210480730168e-01
-2.869316324149158715e-01
3.175175164416964568e-01
3.847236758777850874e+00
6.720201436992686572e-01
3.983402962204430353e-01
6.325711591098310826e-01
3.539648568173373366e+00
4.429489899627739646e+00
-3.265304026837242968e-01
7.106774796913967185e-02
-4.413705666036614184e-01
8.460792254275489865e-01
5.213564065632778188e+00
2.442026955265739763e-01
-7.110025246584380509e-01
2.300190128486893082e-01
5.226739054770320747e-01
2.097376034244317289e+00
-5.626224334944348593e-01
-5.430296640702366590e-02
-2.080284785498658362e-01
1.354969519804525291e+00
5.364697837410048464e+00
3.063277536395495049e-01
-4.131549983991057995e-01
3.049237544601238192e-01
2.954172047834268788e+00
2.056756733476241106e+00
-4.164905823886554392e-01
8.050889681673223386e-03
-3.229530455631888786e-01
1.179714543427314410e+00
1.207353630240853404e+00
6.037955121642389900e-01
-6.623854128700138455e-01
6.695027704167277882e-01
8.732517504404166964e-01
2.847435858527568087e+00
-4.135977878745910608e-01
-1.536094909512505657e-01
-5.423078855659766440e-01
1.036821677891170079e+00
5.437415571078434873e+00
-2.939670759927367483e-01
7.343619092330428977e-01
-1.059586343498874067e-01
1.568097505232315170e+00
3.945349810076820063e+00
-2.526192151065500754e-02
1.871070079743176184e-01
4.324384816871151838e-01
2.513340831081744664e+00
4.718605839536980540e+00
7.378716910147354868e-01
-8.276526590041516362e-02
7.468065394621084367e-03
5.756211819707101052e-01
3.639337717204636391e+00
1.022727826031741144e-01
-1.794890453242086181e-01
-9.557116062120142308e-01
1.268492626074276597e+00
1.346435759797029452e-01
-5.619055660752231285e-01
-5.128042779111102734e-01
-3.067605347695793322e-02
1.874815221540710342e+00
1.672459014401929789e+00
-2.227431811024280783e-01
-2.919122781973910730e-01
8.161323926906061121e-01
1.595682056543419769e+00
1.099977134503102416e+00
3.750163286756937331e-01
-4.783777851537073245e-01
1.669629787709805968e-01
2.490477328438841731e+00
2.758536769946543288e+00
-6.980267415838763423e-01
4.550797745432105246e-01
1.033641124287108283e-02
1.686630985596681676e+00
4.635494801916026475e+00
-1.712399540891479666e-01
-1.962767906100741366e-01
1.098369234617949219e+00
2.174819639007780303e+00
5.420863476693632776e+00
7.148910459588099231e-01
-1.830331094060684560e-01
-6.538878561697888392e-01
-6.519857536005713161e-01
2.806798303119864890e+00
-6.575171182899814948e-01
6.646706048331371131e-01
1.572811082873260269e-01
1.903200858351959068e+00
4.349043194919880229e+00
3.938705460991726026e-01
7.899314300694785240e-01
1.681357701345204125e-01
6.829157630181251770e-01
3.499284365678400732e+00
3.751322500230147572e-01
-6.118291294394661017e-01
-5.677941458972560751e-01
1.634106276398717750e+00
3.188637787254867906e+00
6.401773413205622543e-01
-2.017529054199594940e-01
2.546514822526113053e-01
2.982742329203749154e+00
2.728790002348919774e+00
-4.478208758151293600e-01
4.250073093043472694e-01
-1.233789737455162211e-01
1.044148707508397278e+00
4.768609044317591916e+00
-3.541823822909291875e-01
1.935035227012955605e-01
6.780648182955496539e-01
1.952265980076016927e+00
6.635628224850540491e+00
5.562539797075528591e-01
-4.512173284174483268e-01
5.378043701887895711e-01
2.826843110446596530e+00
5.442899179846216740e+00
4.792309317540398017e-01
-6.267505739230538886e-01
2.580919915083865201e-01
2.920492018958211311e+00
2.377823904244897868e+00
6.849897605103566489e-01
2.222549083565355521e-01
-1.755724961764437708e-02
1.063568861763784401e+00
2.586789603284815442e+00
-4.351149103640643556e-01
-7.825867427961505918e-01
-2.095300408340781129e-01
1.673290110281943965e+00
2.098632597432209757e+00
-2.631891936691094572e-02
-6.771721303769118183e-01
-6.306070150937242991e-02
1.823811493487994095e+00
2.317629841832061111e+00
4.553836791066659950e-01
8.645559042620509782e-02
-7.112442909405260368e-03
2.335703047936115606e+00
3.756409844879455395e+00
-1.899442747422811495e-01
1.008997060388763467e+00
-1.711426758418614080e-01
1.317954201060187236e+00
3.654601299094907940e+00
-6.975772569997855665e-01
-2.190645081463268584e-01
-3.811198867233662191e-01
1.550851617360748724e+00
5.557442055856608221e+00
6.034880914456222101e-01
1.101817534741687532e-01
8.875838916498770548e-01
3.763934230326520858e+00
3.997027676574833599e+00
-2.162119076194536360e-01
7.555447121548168887e-01
-2.583644291495703627e-01
1.104599734305911740e+00
4.175499258853302642e+00
5.434667331140907026e-02
3.969943223833437562e-01
-4.744719349722623103e-01
6.043200332969682620e-01
5.136915838876547014e+00
-5.811803256378602622e-01
7.092917948086652213e-02
-2.454482979667732823e-01
1.233293930301794905e+00
8.892230369517235555e-01
-2.112781580762411807e-02
-4.089452701067622375e-01
3.099383812296901963e-01
2.393063114726651452e+00
1.841413697683298878e+00
-9.513210383711711016e-01
4.107805576536140424e-01
-2.595025607294641767e-02
1.905957666317959820e+00
4.646707354148928104e+00
4.307016994452991243e-01
-4.007580204596348783e-01
-3.594934527034529537e-01
3.838225948894449790e-01
1.575546855969469418e+00
-2.353557964175933756e-02
-7.680471710461171941e-01
-2.744565105246342118e-01
1.134757365552631070e+00
2.605582600745110167e+00
-3.453004231365228716e-01
6.590747115079316210e-01
2.729667958261529082e-01
1.195052388000752419e+00
4.480783949264306010e+00
1.090142120762067762e-01
9.961018543460050667e-01
-6.949958891149209117e-02
1.706333018659054845e+00
3.509727138501693933e+00
-2.626791342986325994e-01
-7.230417705546331453e-01
1.275312740483659779e-02
1.718796926703913597e+00
2.116280426016838856e+00
7.152906241917415808e-02
-3.659051182210117381e-01
-4.109275396308576522e-01
-6.984474271794571809e-01
4.553024302602262985e+00
-6.919060162159025307e-01
4.138101549058150752e-01
4.235048812896043402e-01
1.825293356437339476e+00
7.511260317769749006e-01
5.928564616826793587e-01
1.522614272684409131e-01
1.725270868990599615e-01
2.651849768864703361e+00
3.581810873019993569e+00
-1.438280186820433959e-01
3.024332533421413283e-01
-3.389012939958808701e-01
7.292303731104127218e-01
4.842878076338520188e+00
-5.841589469204299875e-03
4.815220094687699404e-01
4.416476470225442763e-01
2.102367765875407191e+00
4.270476475441887132e+00
-5.591746956821171122e-02
3.912977288502708095e-01
-2.224748210790252756e-01
7.434600590243037876e-01
4.468365897741832349e+00
-1.584397513625487586e-01
-2.326744667361595187e-01
-4.045126635345044352e-01
6.699315921359852988e-01
1.142139991645276353e+00
-3.034967710670348762e-01
4.673265163493766639e-01
2.287927850605815383e-01
1.499903653738299258e+00
4.316437181149145985e+00
6.300517688191872301e-01
4.706642121535233314e-01
2.837343877816458360e-01
1.013097040517313863e+00
3.045376728388346610e+00
7.591233969921179492e-01
-1.267624387260702368e-01
-8.116160522070420269e-01
-6.274398994403592722e-01
2.991481035680348732e+00
8.882513943493035302e-02
1.240928739935955316e-01
-7.762465510465176299e-01
9.820338751841811709e-01
6.134675749860526217e+00
1.324309467477625124e-01
-1.600749936962651276e-01
-5.066260219623857086e-01
5.928079757347437528e-01
1.249251814121622894e+00
-6.358945279973035603e-02
-2.930202191746977824e-02
5.396672954252349497e-01
2.556640092205106463e+00
9.310860159751073173e-01
5.827899940422788250e-01
-3.999551338657554855e-01
-7.320608010962873502e-01
4.742549156326857362e-01
5.053695228483463531e+00
6.831365879351615211e-01
2.705869550709332216e-01
-3.498906056030521849e-01
-2.854864502456753994e-02
4.177665445225884788e+00
-1.987382264008170640e-01
2.255232313214413642e-01
-7.289609830252784528e-01
9.614364126148021716e-01
2.548517084490287132e-01
3.106244787439276234e-01
-1.975723390216070352e-01
8.441860330667134704e-01
2.322876864614904058e+00
3.229189330788478363e-01
2.435752864118293642e-02
-6.838674642672080140e-01
8.177194566483592109e-01
1.419104839293734432e+00
4.274301569429808656e-01
9.702611530151052932e-01
2.620818420012941408e-01
5.933831129742819233e-01
7.781805147563667369e-01
2.909890237192317208e+00
-3.197100085378147272e-01
-5.698798015937994732e-01
2.507570583082570082e-01
1.982402747608315918e+00
2.038016363269932629e+00
8.731855504909744603e-01
2.054170703452646296e-01
3.967954794313254263e-01
2.685921730669762919e+00
4.461431080483519551e+00
9.113761184103945645e-01
-6.760657048100783550e-02
-8.587766470055561985e-02
4.073988600754187561e-01
3.573268676457949322e+00
-8.835975132593298920e-01
-5.807364128593655445e-02
-9.972284136079653249e-01
2.296987260715163792e+00
5.997102319184448582e+00
7.391358012123312449e-01
2.284550502419332163e-01
-3.412952327620218940e-01
2.350285001626543302e+00
3.584710478422608038e+00
6.959592047027162165e-01
3.327366853158206794e-01
-9.388351727917779166e-02
4.600998658368161132e-01
3.344749434571972824e+00
-4.646050667158981295e-01
-1.018151032442659920e+00
1.727803643325047378e-01
1.036817541710280066e+00
2.096240293088750040e+00
-7.950551889077716039e-01
-1.964165149536098165e-01
-3.356302778092272732e-01
1.695282008178406352e+00
5.550363466651666577e+00
-4.091121747946254161e-01
5.889082176318040096e-01
2.939446637906766371e-02
1.282973799183374730e+00
4.358624378071713323e+00
-5.204022193102857408e-01
1.831422944143817622e-01
-7.732980393153514598e-01
1.659296110500034782e+00
4.309049573958634860e-01
8.416650139880804682e-01
-3.253225870418089416e-01
-3.944946937869391913e-03
3.141538324492874623e-01
2.386989242817865176e+00
7.966247915376657440e-01
3.419099808679628566e-02
-6.762639236792074016e-01
4.003601052207262367e-01
5.469446764137898542e-01
-3.957036199522419029e-01
-2.651090962009639007e-01
-4.348723076908523888e-01
1.044921602308772846e+00
1.403589217249393117e+00
-4.790647190579583325e-01
-5.531976322079502628e-01
-1.905311221859344595e-01
7.851427023750876533e-01
1.880302224379773790e+00
1.384230947909497172e-03
-4.476924294531351434e-01
2.783512410513995783e-01
2.382247674724772946e+00
1.911045833718914455e+00
8.390950163598431821e-01
-2.386972006199125085e-01
-2.761839151623496913e-01
5.380755518874432569e-02
2.779094358480937998e+00
-8.374421561059335328e-01
-2.544835444512053013e-01
4.199909050926254883e-01
1.622389518381635920e+00
4.994377196266857055e+00
2.548750398601120626e-01
-4.759371289943261085e-01
1.740530125719971510e-01
2.389894555787121622e+00
2.336189364367826649e+00
-6.870105539206938783e-01
-1.514112938375230255e-01
4.262680055649160638e-01
1.739804609711199879e+00
5.040951386294249659e+00
-2.683032054744126649e-01
-4.090042501100331629e-01
4.056123270492771882e-01
2.130483527636269692e+00
1.724420326101094192e+00
6.397685024329293757e-01
2.769952145302339575e-01
-5.555078886531771287e-01
4.254653125206933617e-01
1.020378888376887838e+00
-3.573902989763187432e-01
-5.118982895156017898e-01
-5.162468435193836580e-01
1.406411623626420138e+00
-1.761865599528495696e-01
-2.831227927958986368e-01
6.462871205199750835e-02
8.630435585688750466e-01
1.970731703761445130e+00
5.260227128143344366e+00
-3.313955290565188117e-01
1.078872982218776200e-01
5.121791320142434767e-01
2.283730927161029101e+00
9.404427573899311055e-01
-5.590302594064400221e-01
-1.884101016004537804e-02
4.174023775383072787e-01
1.867587489971498815e+00
1.290133140906052356e+00
-3.058158254285853195e-01
-1.644126510139505004e-01
7.150938407079153736e-01
2.121321681739906317e+00
5.572701824202468401e+00
-9.880157029063296736e-02
8.001672137214458358e-01
1.553588367592388941e-01
2.242332409721498276e+00
4.114341690009810648e+00
-4.324829018916576118e-01
6.696018433323654984e-01
7.927950606961520208e-02
1.172103518900095898e+00
4.268004854920024016e+00
-5.933030536516549491e-02
2.561928104830424324e-01
-4.103420840453675944e-01
5.995032563828621708e-01
4.997216591122733753e+00
3.286976593130120916e-01
4.672442530976761432e-01
6.684061803802570090e-01
1.298755899030550331e+00
4.253992712601822213e+00
2.755652952063603056e-01
-9.118384189431916198e-01
-7.419559258652343170e-02
1.900000496062637989e+00
2.788737341001114256e+00
-7.859693264927937184e-01
-3.636543288690430309e-01
-4.470176886096193132e-03
1.320351851093048756e+00
1.430459079412688128e+00
5.857184062081411957e-01
-3.758958690102632838e-01
-2.926497580354759376e-01
2.118628615999584852e+00
3.008147169402120014e+00
3.554302428467314146e-01
-1.934913603556603356e-01
-7.626197862995613974e-01
5.524544263803565780e-01
5.857313297626871140e+00
-4.832004324986364230e-01
-2.874124710695245555e-01
-5.648681055727998723e-01
1.244427965594432139e+00
5.846414086106213936e+00
-3.402805870477942224e-02
-1.199245395132537834e-01
-6.813086635948734093e-01
6.925932591315718811e-01
9.888978902682702410e-01
-1.275997428194858563e-01
3.327437828781778517e-01
-2.908534181620107684e-01
7.411496811564434184e-01
4.734797648246132695e+00
-1.962791032162962135e-01
-9.487937750846914264e-01
5.312065138157762156e-02
1.589990062255491665e+00
2.748996512518345092e+00
-3.066721003248988886e-01
-5.578921360846202937e-01
-6.874752619128317310e-02
1.124875227866646732e+00
1.942164936976443324e+00
-3.531638936829267772e-01
-4.362732642460540600e-01
-1.314862180657654922e-01
8.133027280861868658e-01
1.615394499561642716e+00
1.680535705259628421e-01
-7.876354262755439484e-01
1.453330259738445582e-02
1.496404525761330762e+00
2.852851945666354361e+00
-6.192030433214519292e-01
-6.937751738412269997e-01
-2.473412666100272272e-01
1.638703083367358815e+00
5.826264650540831092e+00
5.023915979002957499e-02
8.874817836103927604e-01
-1.919985551138886914e-01
1.674100673855000609e+00
3.482864238076764263e+00
2.636020909619012434e-02
5.384016001237311722e-01
-8.453897721476537341e-02
8.945529052097697109e-01
4.123438718742342246e+00
-7.845433686715633792e-01
-2.922162490419930730e-02
-4.016770541888451951e-01
1.522695124963011182e+00
1.280718744909983053e+00
-8.153510604498642733e-01
3.611705691182622302e-01
3.229370773581025644e-01
1.335161852252598313e+00
7.670867241393645175e-01
-7.588951260933926579e-02
5.445123619361232903e-01
-2.192092277398415556e-01
9.377221526985206612e-01
4.348855502967964526e+00
-1.088353243895616856e-01
5.394751836404613199e-01
-1.566098357244251338e-01
9.399112582645767766e-01
4.345261780803131302e+00
4.033367479757720142e-01
-9.569235334680273319e-02
-7.456336689147210484e-01
5.185288253169557660e-01
5.079529521774798440e+00
-9.597372842291802542e-01
-4.142581197435318274e-01
-6.632115805771134076e-02
1.337811102366507576e+00
1.752831131208074655e+00
-4.364252269817908703e-01
-1.325457104380919127e+00
-2.815937864629697827e-03
1.123888313518164095e+00
2.272135067096741068e+00
2.886618521804951154e-01
-1.476812813358455156e-01
5.171627425249006871e-01
3.582914644502028345e+00
4.378769278351505534e+00
3.292064861292579026e-01
-4.581798897613517108e-01
-5.279951243229445978e-01
2.478962473161095970e-01
4.741396623100201602e+00
2.763497222038892587e-01
-3.079852553858283826e-01
-8.100018925015651794e-01
8.395865933085441268e-01
6.073027543709837772e+00
3.933740419237203301e-01
-6.384322983187672440e-01
3.138627128083593121e-01
3.046064387114074901e+00
2.026204757830221581e+00
1.392406496615228861e-01
-3.398322364325432332e-01
-3.582870591038105346e-01
6.533200732273416467e-01
1.482095121897940349e+00
1.666377169531949864e-01
6.999281517950405318e-01
8.153437048919295882e-02
1.021304704002770070e+00
3.740002102355388658e+00
5.376195492402345844e-01
3.830926144880760220e-01
-5.072346350631364853e-01
3.325962854658386370e-01
9.799131310069495449e-01
9.033716956016508703e-01
-2.882295889582019432e-01
-1.283473794131371470e-01
2.589201216919438497e+00
3.184829648949928593e+00
2.942953965006581685e-01
6.989838640253162039e-01
2.977315012233617275e-01
1.420806541939933387e+00
3.061020054839111548e+00
-3.065982543932863069e-01
-6.636165385788759252e-01
2.173935410022803105e-01
1.957233620943768626e+00
1.973338226189935263e+00
2.516659757500482875e-01
8.255965058078108543e-01
1.172886077786728376e-01
1.122186120359044192e+00
3.632769766448595838e+00
4.166496173133548142e-01
5.119317457274841221e-02
-7.720859315340655726e-01
5.657780805819785375e-01
5.465379532331853696e+00
-3.914319802098246148e-01
-1.795959118625299611e-01
-4.640348981580502130e-01
1.033002260474462863e+00
5.818929453167855037e+00
7.702869200713686748e-01
9.760275237086687983e-02
3.502500487208651814e-01
2.582919664301086993e+00
3.778318411954191269e+00
2.599922319430088002e-01
2.094166376071791846e-01
-1.284491363736526726e+00
1.176906182753508556e+00
6.258500159689272202e+00
1.340278056370460547e-01
4.261668683718172930e-03
-8.298829140812908900e-01
8.377957105373267099e-01
5.788108449832352065e+00
-6.336851856053951626e-02
-5.345503968830018771e-01
2.733315936367676224e-01
2.084264019439040716e+00
1.988767484433106247e+00
1.074882715361130670e+00
-1.194910757351469177e-01
3.434555225452309846e-01
3.117197094838306093e+00
2.416060855270585339e+00
-5.838469676249052887e-01
3.464745040298752299e-01
-1.249628008143642971e-01
1.074317269476629200e+00
4.801976318652796394e+00
-3.312901481466768994e-01
-2.347949079878712819e-01
-3.651867911267553946e-01
1.030755210639236141e+00
1.505469953895114177e+00
1.045013134255866172e+00
-2.024723283704388532e-01
3.989777442401082341e-02
2.896113707238748169e+00
3.097488073578316126e+00
5.781085035469106792e-01
-1.112468834348376845e-01
1.682319055831429100e-01
2.557147609537754107e+00
2.656732489593004232e+00
4.691547760036572923e-01
7.808846873269855715e-01
4.144101551896937213e-02
1.031925496731525671e+00
3.138542716184490100e+00
-5.230696918414413643e-01
-1.826626066906920365e-01
6.638777463789676814e-01
1.954463140853769154e+00
5.339341581256802804e+00
-8.059395308638083177e-01
4.464945268191676808e-01
5.767488244578435758e-02
1.236861948385650223e+00
4.675126007566131392e+00
6.418070992683563292e-01
2.871521628802273240e-01
2.435292811621035391e-01
4.440119486528947279e-01
3.814829512991178451e+00
2.658839220672323811e-01
2.113975356129557115e-01
6.181266096898208051e-01
2.715071488725350424e+00
5.496235277708644951e+00
-7.220365675925234372e-01
1.676339088392334031e-01
3.461602402923434907e-01
1.777510690615812905e+00
1.079492121945271110e+00
3.004752344279800202e-01
-5.683883111644207897e-01
-4.134813761874182592e-01
1.904389001192667186e+00
2.684209624565646823e+00
2.023425991348971886e-01
-1.125064720160628834e-01
5.596257141734121143e-01
2.698841684194215773e+00
1.236812057305161527e+00
7.740055207027323261e-03
1.782083663497372739e-01
-7.970950479896874441e-01
6.795955805990687715e-01
5.382989967260295217e+00
-4.389083467187800958e-01
-3.710888521910650217e-01
3.798856717913735026e-01
1.963073228879012699e+00
1.516540971711209274e+00
4.183862152439521975e-01
-6.571182826406093795e-03
9.459711299357341785e-01
2.310299085602139701e+00
6.195387322413780318e+00
4.062121259684798313e-01
8.018491672977731133e-01
-2.199897902820555085e-02
2.246755406661320897e+00
3.230705292008329010e+00
7.887786217210526196e-01
-2.172502304862163058e-01
-1.902502351003195480e-01
3.416399955374705422e-01
2.010818556088338482e+00
1.327662623993696722e-01
-6.961958836680450791e-01
6.994955327454173422e-02
2.282350377180276890e+00
2.294318704348966786e+00
5.493190555885592019e-01
4.599157667733194677e-01
1.584736696773153541e-01
8.063765930432893470e-01
3.448402061462786605e+00
-5.092455061243454928e-01
7.839445960160905669e-01
-3.888933752348042866e-02
2.063215229830411168e+00
6.157390704465064424e+00
7.174675969268703990e-02
-7.137545923057865283e-01
1.796000547937396663e-01
1.993104231297963214e+00
2.188567243163797471e+00
1.005250143780173910e-01
-3.575072771941065763e-01
-3.304031091278999965e-01
6.550591692528404675e-01
1.484573610604991600e+00
5.654182789391997144e-01
-5.300894755284730753e-01
4.883708593369197049e-01
3.464382707199563427e+00
2.461233517822573269e+00
5.091551218967994563e-01
3.316390184628155158e-01
-2.727692954595212216e-01
3.415054425779097125e-01
4.205253876847718786e+00
2.163813345087656492e-01
6.105632688659085039e-01
-7.817147089007661642e-02
2.228139686341051195e+00
3.728451236717757578e+00
1.451006127924828470e-01
-5.984143282565812516e-01
-1.553629294382192216e-01
6.142459625456923034e-01
2.047447081728154039e+00
7.393181099980220550e-01
9.647016725039089802e-02
-6.031238588040702675e-01
3.785193659492887552e-01
5.664313551800009838e-01
3.913158444793157081e-02
-5.212223543816589810e-01
2.810169422842924147e-01
2.357270711844510647e+00
1.997889413651810386e+00
4.999226736737953924e-01
-1.579013392100419300e-01
8.397582110574878245e-01
3.696622631760185129e+00
3.285629517375526110e+00
-2.780296171538620409e-01
8.522611137413234061e-01
-2.037289328965370128e-01
1.348992832146094001e+00
3.930251966200782654e+00
1.765222785523045124e-01
-2.215009064391837423e-01
-6.623596222733686423e-01
1.049720755702859831e+00
5.866778347117399539e-01
-8.217808049092832912e-01
4.489384783745138940e-01
1.127073741618402347e-01
1.282874322773129627e+00
4.621154987789361179e+00
-3.345847458947460162e-01
4.721878730353646358e-01
-7.721333474662817054e-02
1.083568451719053138e+00
4.485604805396851802e+00
2.967920170355505816e-01
-6.196905625359991898e-01
-5.668628531281025285e-02
2.147434915279294643e+00
2.600485109418045226e+00
8.594214886502085093e-01
-6.066968626860369529e-01
-6.370821961888011031e-02
1.685481975090216578e+00
3.992710365993861643e+00
-3.815659065665429339e-01
-2.672937127369568455e-01
-5.740050773881021362e-01
1.084416733688289947e+00
5.798151996461871072e+00
-7.486995594386235409e-01
8.068441008436480488e-02
1.541342297533313532e-01
1.560768868259599040e+00
5.062315308571393224e+00
-9.028397717568099612e-01
-2.270606983692599889e-01
-1.814118127265316183e-01
1.879035711987065538e+00
5.334210790146305392e+00
-3.963096924864842330e-02
-3.787438560622006234e-01
3.525096283541747644e-01
2.403930277183044417e+00
1.768050135386829202e+00
-6.676805500831449747e-01
-9.969720851877327261e-01
9.624960597762781400e-02
1.545732224399597898e+00
5.640991881468401026e+00
-3.834662774791612605e-02
7.855376995078182656e-01
4.290803445560681939e-01
1.651018422438211841e+00
3.693192413652814921e+00
-4.846731086557265478e-01
-1.660251952592189106e-01
-5.758917573468081974e-01
1.128458888484284550e+00
5.537696950455242906e+00
7.448833894151227764e-01
1.437700916430612874e-01
1.039541310943694619e-01
2.342539431688126061e+00
4.043808525166289414e+00
2.507034329247762039e-01
1.433968962223397536e-01
-5.550226823057046177e-01
5.295282639998671881e-01
6.302866011086256215e+00
6.010329662166414844e-01
-9.968146215063505844e-02
-5.854015395633012098e-01
4.585736924704988393e-01
8.996225317762578388e-01
7.161801604230828566e-01
-1.564202430073394212e-01
2.294615514932782929e-01
3.067707081728615393e+00
3.161266848342839886e+00
-6.409222394506812748e-01
3.776879023991844275e-01
5.227600174897369945e-01
1.641072694190659709e+00
6.464138106799783845e-01
-5.628224165560737763e-02
2.973281007449344315e-01
-8.108391186638382875e-01
1.132317957019982391e+00
5.955700890273421422e+00
4.361886807403371757e-01
6.650588835741022553e-01
1.979547295456100808e-01
2.799378132532376995e+00
4.040606200935781267e+00
2.017582683314997349e-01
-6.982561484825592357e-01
-4.497563109503427969e-01
1.620445659185252740e+00
2.999265599803741633e+00
7.024450290536002894e-01
-1.897143535817675253e-01
7.569269345784752634e-01
1.582849245899192958e+00
3.896492215238550383e+00
-5.005713236744071398e-02
-7.595603708488354866e-02
-8.586607442747923313e-01
9.741441598811675373e-01
7.577947823039288267e-01
6.803446950410936278e-01
2.041687761059492734e-01
1.474672059599443363e-01
4.675097064660313495e-01
3.376177445800531363e+00
-4.903155017160195084e-01
5.567720649425671464e-01
4.584394072647775542e-01
1.697674191628878226e+00
4.189107197279745343e+00
4.379330054357212232e-01
1.195065310278611959e+00
7.331923683312281670e-02
1.207994256544765888e+00
3.334018442656915493e+00
3.214330423657916769e-01
-2.467219746732429442e-01
2.907884557238334389e-01
2.419673735639408907e+00
2.040105579323517659e+00
-1.030245596968369926e+00
-2.800088978159395725e-01
1.747998193713245357e-02
1.765653223006730999e+00
5.125598258858760303e+00
4.167590709249479608e-01
-7.390376257917269376e-01
2.110108885714559734e-01
1.085449920792589174e+00
3.082185681460876125e+00
-2.831194255553273198e-01
3.504747398963937999e-02
-6.412597446161295567e-01
1.118767153003991544e+00
5.360027720635767157e-01
6.036122156037992958e-01
4.059091131320430867e-01
-2.164513436781149991e-01
2.178864199983219674e+00
3.331034301177932200e+00
-3.155614925986385266e-01
-3.406121174784664807e-01
7.917335910991437631e-01
2.039418911937469048e+00
5.565314469692342669e+00
1.295661215059064897e-01
9.213615831754295993e-01
3.551054251955684249e-01
1.538601623609011648e+00
3.343847580588603208e+00
2.484486531465276028e-03
-6.594329372581769592e-03
5.339665757475694496e-01
2.493681973709787947e+00
4.811383759005392058e+00
-8.912411670737929031e-03
6.741560255862439899e-01
2.071083506526120999e-03
1.144807090443639597e+00
4.102387408789796019e+00
-2.521835070841618731e-01
-9.068857613107560445e-01
-1.618999201452337999e-01
1.282755880798189807e+00
2.699868367678288195e+00
-5.697603284908839827e-01
-2.125085551895408362e-02
5.726486142848685734e-01
1.741289630688300116e+00
4.713967404765547542e+00
-9.660289742461960483e-01
1.856833648807286741e-01
1.291954018305421226e-01
1.897312526837169999e+00
1.152444902672175031e+00
2.630531714730978687e-01
1.821410780883238600e-01
-3.308881376545563802e-01
-4.790185098709756617e-01
1.571736818466554775e+00
8.319588929371915520e-02
5.809472945499587482e-01
1.493424049992957414e-01
2.217990351624035128e+00
4.350592008675728373e+00
-5.977532964790386316e-01
-5.369429938849651363e-01
2.045571663214167113e-01
1.025522475071609874e+00
1.483532011823613272e+00
4.463215699186900420e-01
6.308493827935210962e-01
1.895169306836335180e-02
2.745147452746246941e+00
4.193275213058750062e+00
4.725697350636252903e-02
3.352100665548151670e-01
1.019520724478254259e+00
1.891683185097904119e+00
5.876081947330588306e+00
-4.546147149124671882e-01
1.237108845395021195e+00
3.590618182762924104e-01
1.481416788982909960e+00
3.255219116923230072e+00
9.420046025177339910e-01
-2.162488075392310360e-01
-5.722860250547724403e-01
2.308597659177102912e+00
3.795982577968333160e+00
-3.811378739217764489e-01
-7.858188894503745914e-01
-3.292411782295751044e-01
1.407496745208058009e+00
-2.246665786920949981e-01
-1.030110156000460853e+00
3.271726893197188235e-01
5.778563090581676637e-02
1.796992248600462805e+00
4.681628660650028806e+00
3.635123316976062724e-01
1.338181501482428593e-01
9.028914362129647486e-01
2.679878178477057560e+00
8.646295491362230301e-01
9.389509085208336270e-02
-6.204933811109916153e-01
1.294764564753055625e-01
2.211862169968034308e+00
2.206186447372288306e+00
2.245075961131674513e-01
1.215004048933508440e-01
-1.067541299608176120e+00
7.792135778887534503e-01
6.165021313968682470e+00
8.159070724385660833e-01
-3.079752161227106155e-01
-1.810734146462152638e-01
2.585154182607220630e+00
3.158930002850417029e+00
-3.781799017779522432e-01
9.150445742157430340e-01
4.411068973641230628e-01
1.421059749325366273e+00
4.174501651695427640e+00
-5.027620883227102988e-01
3.498315416808268075e-01
5.066856094835557878e-01
2.129620368728046831e+00
6.425663681279211170e-01
2.332730300674368817e-01
-3.944640726374665229e-01
-2.307739496430800119e-01
3.753944590961420524e-01
1.895824611814654226e+00
4.347661439145882739e-02
9.256296861083120886e-01
5.183314290887930387e-02
2.068166900710825207e+00
3.981875179351829441e+00
1.583378498960828218e-01
-7.301839341817909501e-01
-6.509479897934137074e-03
1.962080094063811675e+00
2.511140102534278551e+00
-4.692777549747317867e-02
-7.917018756114437839e-01
6.200985906527758246e-02
7.959741860051945395e-01
2.154280455776233616e+00
2.179217390918415376e-01
9.299445251522329148e-01
8.466429606406944419e-02
1.036954205621234415e+00
3.764335760650792562e+00
-3.502559655536789385e-01
1.681202224145606494e-01
5.339185935689046980e-01
2.258398554541478198e+00
8.039582268738468818e-01
-1.660071392729502993e-01
-2.806303907398987607e-01
3.519353135100015129e-01
2.221792532105852924e+00
1.569753708198507791e+00
-1.131355998876439062e-01
-3.672498792626875674e-02
-6.363254779535707506e-01
8.338271494867908196e-01
7.157799223146715795e-01
-7.487670052134497434e-01
5.579243179144119935e-01
4.438683881283469468e-01
1.701531616234376321e+00
4.372488245394663409e+00
2.886923870819697521e-02
-1.069329425643456011e-01
6.117009395513950398e-01
2.296949649357585610e+00
7.674231251043948099e-01
4.520391884884192857e-01
-1.334348394434662077e-01
1.830866305614771150e-01
2.533245565608706062e+00
2.421786882381683270e+00
-1.049719928290977627e-01
-3.528368792340836890e-01
3.132988909385923670e-01
2.349848118231761429e+00
1.717509590524140428e+00
1.668288503412267421e-01
5.065564998523687246e-01
-2.044466886112472626e-01
7.201725777625694880e-01
4.038246584653172988e+00
-2.094296158276742065e-02
-5.072686551950468248e-01
2.806724128208752389e-01
2.317010484513843060e+00
1.952562116719107177e+00
3.117080092323323282e-01
3.843289352328316255e-01
6.424763923011010958e-01
2.732210068867931163e+00
1.827249431365388643e+00
5.462769045835764725e-01
3.078973539693943273e-01
-1.588970785635023253e-01
4.188766561044417469e-01
4.242377703293919389e+00
2.478627232882651688e-01
6.006833284841791576e-01
-2.155329631201781046e-02
1.962072311857519624e+00
3.659372405549117246e+00
5.511247256235212236e-03
-4.870396281105665026e-01
-1.719873568600896463e-01
6.619766907826919455e-01
1.543173242468960593e+00
6.070799169990897387e-02
3.906763011472823566e-01
-8.091733889641864463e-01
1.731955103226940018e+00
4.389457206541890422e+00
-7.049229727754300345e-01
-1.942825161068161000e-01
3.431562949633907428e-02
1.087646345800038272e+00
1.022264165022481963e+00
6.255155309913950079e-01
-8.674343973426233700e-02
1.032384019282929888e+00
2.294073522645224461e+00
1.381869510783007848e-01
5.992452144707594019e-01
-2.842181820640811707e-01
-1.304097701871299309e-01
2.227167323503828733e+00
2.684888417373690217e+00
2.469906572403019196e-01
-2.688425701861158479e-01
-1.302808543356907822e-01
4.833546715882094946e-01
2.119579794158767072e+00
3.416091884701612236e-02
-6.452229488559652060e-01
2.005714078067025175e-02
1.919737363949361786e+00
2.192448930667350027e+00
1.871918468019018456e-01
4.656754499085255516e-01
-1.391483078660421258e-01
7.138690788613534233e-01
4.029743633148993531e+00
-1.311208020506602484e-02
-6.804764139120248467e-01
-1.451357192272471619e-01
1.762817675744158930e+00
2.478849518883087466e+00
-4.560250625828606852e-01
-5.999909385503905401e-01
2.186574758363150073e-01
1.622523668678743203e+00
2.193698645127997171e+00
2.936997442940073033e-01
1.053049933338004313e-01
-7.568471399228040575e-01
7.832099694000912438e-01
5.811454576207355061e+00
8.031805344359443932e-01
7.014013838195647110e-02
3.833283916640274347e-01
8.264859847552288308e-01
3.219532827544310916e+00
8.704763337766077136e-01
1.282919909279755209e-02
7.945113424211480702e-01
2.780564404098217146e+00
5.716666706714466084e-01
-9.442946417199206410e-02
-7.794520255302549439e-01
4.163522963589633141e-02
9.180519955205113103e-01
1.871887191462649813e+00
3.214033660204562159e-01
-7.464474432511439828e-01
-5.209408777732762313e-03
6.693881645029343685e-01
2.491643532627838553e+00
-6.869352709311477012e-01
-1.087269904306085722e-01
3.090223219368992136e-01
1.836936947579419055e+00
1.395746322305615017e+00
-7.486980437247703346e-01
-9.478664763853823783e-02
-4.407227158138232737e-01
1.538860178486262109e+00
5.610048750001376483e+00
-4.401218865211985465e-01
9.864312417791673560e-02
-2.674229980976566834e-01
1.197495994788445151e+00
5.285034265135385212e+00
4.601555477874793021e-01
1.988122033674332989e-01
7.648986275301360438e-01
2.525484328237883602e+00
5.698272702305893223e-01
2.706901122844447838e-01
1.296962171822996779e-01
6.959257809115337867e-01
2.437286838316824689e+00
-6.556227434249323194e-02
7.226184627849054909e-01
1.163352786426583130e+00
7.489653627721467588e-01
1.197484632805628557e+00
2.994842643649812786e+00
