2.933286323853695476e-01
-4.640264868731152487e-02
-3.351785093090231538e-01
6.934073380738493553e-01
3.469376469066460800e+00
2.282520445012808374e-01
-3.014518179570931378e-01
4.119182220337543887e-01
2.561224313582262546e+00
2.428725508391707866e+00
-7.179288074844107637e-02
-5.947336444688891000e-01
-1.672761685365085349e-01
1.071979212486614763e+00
1.290760488087921543e+00
2.733050678608172634e-01
-3.741584954102135097e-01
-3.758510504552460829e-01
8.379402921362708589e-01
2.407070788390376581e+00
4.029005464537411263e-01
-1.961474781099073195e-01
3.310990073807139056e-01
2.260006792754045701e+00
2.912916118441819968e+00
1.137522958125205125e-01
-5.451905968213159870e-01
-2.605468269531603376e-01
9.048744228415389612e-01
1.667959312955715756e+00
-3.125357470823892925e-01
-3.697860239068216925e-01
-1.689643472933181068e-01
1.121091343170877996e+00
6.888795786962241818e-01
4.082448506595112159e-01
-3.712589031336765988e-01
-1.046433184966438223e-01
1.403961600592007919e+00
2.506743561254554997e+00
-5.220095918137668961e-02
4.104558073431948118e-01
-2.261006983981357979e-02
1.479939367198433775e+00
5.033057620092071360e+00
4.394250887458696075e-01
8.443394697109370128e-02
9.177903326552482033e-02
1.795455838571893281e+00
3.553492738036256426e+00
-9.465548107877172490e-02
2.800602429735346566e-01
1.920211174565854551e-01
1.905462588398288082e+00
4.977917103205046878e+00
2.036488793937382968e-01
-1.946779820025924534e-01
-4.220598110935556702e-01
5.743062030520077466e-01
3.001688298629831220e+00
-1.109774782768815221e-02
-2.085030235550603891e-02
-4.430420925332202442e-01
1.709729061749851453e-01
4.595289025294374774e+00
4.729729063523913646e-01
-3.270774578105810626e-01
1.633477606414304173e-01
1.904998089681634088e+00
2.883662784085122777e+00
-4.129031104903048699e-01
-7.881929980987066597e-02
-8.600445966747373439e-02
1.292466303283701379e+00
6.116311921374038008e+00
-3.954867840227981046e-02
-3.287427893438641391e-01
4.025246047434054564e-01
2.746065786366559625e+00
1.208356381242969180e+00
2.858962420025727980e-01
1.312481042560010303e-01
2.850240159937238449e-01
2.171018943071648000e+00
3.957974076872406766e+00
-4.328288484072387865e-01
-3.267458836908583297e-01
-2.059957475325157883e-01
1.097683737715774877e+00
2.443228046641506279e-01
4.113383992657886346e-01
-6.641435313351516830e-03
1.314826444937185757e-01
1.779733120198898622e+00
3.402543475101335702e+00
2.312468393860428462e-02
-4.073659054562432380e-01
4.542664986050672371e-01
2.643091746264301989e+00
1.378915942257902261e+00
-2.072372321606669177e-01
1.804719132549708893e-01
3.454173010497968987e-01
2.174578627377830031e+00
5.464750135842002088e+00
1.598434190770700938e-02
2.077284926726063741e-01
3.821054872037555894e-01
2.427807562300393407e+00
4.672141034140298466e+00
9.685284124979597065e-02
-5.408476124693027964e-01
2.684274482577042511e-03
1.591256544546790996e+00
1.955551447737486681e+00
6.449790281341201414e-02
-6.790891245146193911e-02
-4.555796870700662970e-01
2.339170823424107648e-01
4.468446414248894882e+00
2.268806886708476522e-01
-1.677861907848535450e-01
4.325905564852245422e-01
2.655501227902002714e+00
2.874365024699926607e+00
-3.532532876993004223e-01
-2.897516369612221365e-01
2.183858268791824542e-01
1.969463119365053583e+00
3.102633657773229969e-01
-4.414994387607055204e-01
-6.277706218839028407e-02
-1.941971624457745349e-01
1.227910892876540094e+00
6.257461526178388134e+00
3.546787375073399140e-01
-5.127602125723073057e-01
9.713700898490472413e-02
1.904725064029045400e+00
2.236104767794529824e+00
3.153778575856129862e-01
-4.427363480301932941e-01
2.107652193376217675e-01
1.919411154252044227e+00
2.419148875476967220e+00
-3.491434938073773586e-01
-4.112500192726358805e-01
-9.246760742471499261e-02
1.248904211768663064e+00
5.553929410041991144e-01
4.393297517418184306e-01
-4.360809066551107338e-01
7.516600519336787134e-02
1.620447459056216566e+00
2.317865601317574242e+00
3.472452547470111228e-01
2.442202960115000543e-01
-1.373837369651885291e-02
1.601542475118316045e+00
4.111379100415804899e+00
-1.185060126556661958e-01
1.515553774811602139e-01
-3.824277361953361543e-01
6.946245178467744807e-01
5.227824516517835640e+00
-2.156257583456635540e-01
-3.167520571407842489e-01
4.389259848958022014e-01
2.652558976174514083e+00
7.591166427503601710e-01
2.012627574321795842e-01
-6.025662976183483038e-02
-4.056846144641517160e-01
3.874517387952676195e-01
3.349110640177868969e+00
2.929658867080054963e-01
-5.448594661985579624e-01
2.051495114336641945e-01
1.991080228156998144e+00
2.290860545399242554e+00
2.747469834717314319e-01
-2.976123609408146131e-01
-4.069526725357758834e-01
6.620223031293268612e-01
2.462122980485028645e+00
1.982433072264953577e-01
2.740577450642809332e-01
4.608899458936180360e-02
1.599950951760104045e+00
4.441255468152016661e+00
-1.808188444281385587e-01
-3.231099658934082353e-01
-4.161052616207508437e-01
6.511222112663533901e-01
6.720179806188961713e-01
8.883499981448985880e-03
-3.299666411585781556e-01
-3.943323523766288918e-01
-4.995033849791792879e-01
4.718528558501995818e+00
3.948173163203373970e-01
1.944530440359475421e-01
6.964668129966876398e-02
1.723719460463569275e+00
3.922771177145056853e+00
-4.129913697976067555e-01
-1.378059943251769559e-01
2.269316155545579028e-01
1.949690888706745451e+00
8.224379561717183595e-02
-2.763692586924356154e-01
2.767413073179844640e-01
4.470834479708426373e-02
1.569012525907607092e+00
5.172680785591635022e+00
3.147148756791507407e-01
-5.211900381877603294e-01
-1.128734066748571518e-01
1.279209579492480708e+00
2.400952640289125029e+00
4.686355784296672988e-01
6.967147232365657195e-02
3.296417574724120891e-01
2.208011041822712794e+00
3.413666168882758534e+00
4.192522969685379824e-02
5.152013084003641274e-02
-3.885379489263347530e-01
3.977904231391741208e-01
4.592023919211518646e+00
8.234041187415307161e-02
-5.684541454250618964e-01
7.383487542897891609e-02
1.531709288133999092e+00
1.766647982440296749e+00
3.568075631875690656e-01
3.452891783147335469e-02
3.690895117942167292e-01
2.298419871769976641e+00
3.633270783027048978e+00
4.560125210842197463e-01
8.256808604963679354e-02
-2.084168123758243785e-01
1.210930080856886581e+00
3.650403031396350695e+00
5.100436103483921846e-01
-9.631252134744330839e-02
-3.939656824084933340e-02
1.499947536476476495e+00
3.372105893224275786e+00
-3.716135450263380324e-01
-2.698556010044255715e-01
-2.564530299142818159e-01
9.815900614652295353e-01
5.212844883968049681e-01
-2.401140685536304886e-01
-4.723178379915889957e-01
1.391376300996044757e-01
1.876267856406589107e+00
7.880985660392075820e-01
-1.212782392660777114e-01
2.999529931413710271e-01
-1.680479429775610101e-01
1.233591839223222797e+00
4.911168358747186602e+00
2.317981603669846125e-01
-1.152985135077911755e-01
-4.451012631479539516e-01
4.661690691908907946e-01
3.225460739553803524e+00
-2.561061637075275760e-02
-1.241051203115005053e-01
5.132438987503435968e-01
2.978903976451398705e+00
4.305406273620520641e-01
2.812550675967680491e-01
-1.510490071206718465e-01
-3.495277829923124080e-01
5.841460139427875342e-01
3.352919527417713930e+00
2.437725846727185341e-01
2.818980997045515413e-01
1.534474638436877231e-02
1.591744736987027231e+00
4.269082748780057557e+00
-2.508578251533338799e-01
-1.135465918762210979e-01
-3.261428184442636269e-01
7.082288183031174578e-01
6.116296416195737606e+00
3.079014829509645577e-03
-8.888178545969485644e-02
-4.419637355917783172e-01
3.169645646644239645e-01
5.721786529260555199e+00
-3.028113989330535882e-01
-3.122848471721836883e-01
-4.067618930027127599e-01
6.231259659478372015e-01
4.064611606620390227e-01
-4.296600294152069233e-01
-1.976459847314198937e-01
1.302193005372567214e-01
1.833991658743324260e+00
-1.068361864333780553e-02
-4.935412843181032072e-02
-2.464244652473924699e-02
-3.954257794093845590e-01
4.524169001767202047e-01
5.222737441662184565e+00
-1.360203218097639777e-01
1.919169943309767812e-01
3.026005188978688198e-01
2.302409947036589521e+00
5.137329172915244158e+00
9.662600525644580302e-03
-1.992511609684181062e-01
-4.641219683235058846e-01
1.352579563713553756e-01
5.891790278009565895e+00
-3.937806156613861130e-01
1.633486717295353774e-01
-4.872860135051990116e-02
1.559402148601681359e+00
5.608785131268494872e+00
-4.246524845115463020e-01
3.614884695061108821e-02
3.921513675737538229e-02
1.519840404766714448e+00
5.868462539139992273e+00
1.076318382646566929e-01
-4.142019493884973591e-01
4.242899205708930421e-01
2.605679347305864368e+00
1.824227976398041129e+00
2.667895197463631685e-01
2.861113226505855311e-01
-1.111241683500381605e-01
1.223462620443184212e+00
4.167123321970553462e+00
4.237159288239161770e-01
-3.134316865766656468e-01
3.573837116460084062e-01
2.121715374161929013e+00
2.718301955252712343e+00
-3.432715170576882691e-01
-3.400306137716798682e-01
-1.894739527906576793e-01
1.146162288981670052e+00
3.569417492932065450e-01
2.782185168270644160e-02
2.411270499389495114e-01
-9.677983328064981849e-02
1.364282074917542831e+00
4.886167316755959611e+00
-1.970721304686111064e-01
-4.824760255384834551e-01
-1.934709540710869147e-01
1.178221297275544144e+00
9.895633086408431867e-01
-3.741491752439474738e-01
-4.493119345212912563e-01
1.588125704880303524e-01
1.790340990039918312e+00
5.120412329029430110e-01
4.322961394875678987e-01
-9.438482101497160104e-02
-2.099093498739419417e-01
1.081152057153771384e+00
3.072951000138550715e+00
2.690284429468042804e-01
-4.526120317033529572e-01
2.696351292638784480e-01
2.162204866526868940e+00
2.194670213605081077e+00
-2.789725776801553203e-01
2.517625698211672369e-01
-8.655843424317447021e-02
1.300081558908232848e+00
5.245016137725174055e+00
9.684527772946351087e-02
-3.347020224484064527e-02
4.608189952706603365e-01
3.268289446130498987e+00
1.463974781949280102e+00
9.139642581151390111e-02
-1.175719604567357635e-01
5.038948252754050783e-01
3.405303339315818967e+00
2.875162879064001656e-02
3.239063448172482818e-02
-8.877400901463672334e-02
4.982939616940071370e-01
3.052597968617628776e+00
1.753411739975991201e+00
1.159573770826295702e-01
-4.344742546258982263e-01
-3.120570159079246730e-01
6.988068420122284241e-01
1.847691161351286970e+00
-8.665384026882237689e-02
-5.771961037377097981e-01
-9.154743315264865511e-02
1.437698646353821941e+00
1.422003482430752808e+00
-2.167995410617346574e-01
-4.830589995180888108e-02
3.881985350749305175e-01
2.476144466128942678e+00
6.010526401729709534e+00
1.939632467224385037e-01
-3.220834850704067387e-01
-4.152230133717906835e-01
5.059562593046588175e-01
2.471323992710921402e+00
4.536955698725511077e-01
-1.472247146578266053e-01
3.021118804718778139e-01
2.076601212748373282e+00
3.137203252035385415e+00
-3.988097449991888643e-01
3.237396787798687420e-02
1.910858039633024641e-01
1.891458108713116371e+00
5.636825715380703095e+00
6.128548581490781549e-02
-4.806461393054309861e-01
-3.264041505291535028e-01
7.953391871013888448e-01
1.719406957423558424e+00
-2.048506697987789449e-01
-3.422354532673642369e-02
-3.509296940783694363e-01
5.645752162949952968e-01
5.977897810375012888e+00
4.975396023351214558e-01
-5.392102737800368029e-02
1.441069469014010507e-01
1.940066972516909960e+00
3.285348068743834560e+00
9.287530409001638898e-02
2.831152381728279099e-01
1.110048720577584414e-01
1.785968513035601779e+00
4.380940535705168948e+00
-2.641076112146581445e-01
1.705869693016273947e-01
-4.769921783804541987e-02
1.392720268404868289e+00
5.527656496844126188e+00
-1.636861505539347339e-01
-3.230449483413792844e-02
-3.615531996203430465e-01
6.031205017621550368e-01
5.756138473679386358e+00
2.331062585580616006e-02
-3.657719537627116546e-01
3.753917719426583255e-01
2.495341328359211630e+00
1.697042624548814604e+00
1.617277291766848757e-01
-1.479552340815347700e-01
5.073790212549174061e-01
2.746039775471230904e+00
2.991102474058777272e+00
-3.812589964612566468e-02
2.473374365825636856e-01
-2.402576171493618906e-01
9.801727274601145234e-01
4.887650257070824011e+00
2.857552871601076183e-01
-1.335645542642819456e-02
3.496483667417795704e-01
2.403421159014039965e+00
3.746773601636681938e+00
-3.398459536595088704e-01
2.670914812052990750e-01
2.421691801063192984e-01
2.021486484791558791e+00
5.641869042962553316e+00
-1.311580906267414103e-02
-1.526358356851791886e-01
-4.823345873795553684e-01
2.145481180954612321e-01
5.637956553656638725e+00
4.604215882425588546e-01
-2.104897587739871234e-01
2.578569214519043085e-01
2.120245321095068025e+00
2.990321353444227004e+00
-3.451998735725703843e-02
-5.068397026830864238e-01
2.038847257284826242e-01
2.066465721768556030e+00
1.382284373410547884e+00
5.513541164625526680e-02
1.365420526132857804e-01
-3.766311684121708692e-01
5.463694452028858839e-01
4.440729416902961191e+00
-3.338315208754934482e-01
-1.765868994639108180e-01
2.756333219461428174e-01
2.210463676239452280e+00
6.271162643162320194e+00
-3.841692907555333547e-01
-2.187087533486418989e-01
1.861760909414654774e-01
2.051960180990129778e+00
2.375143105576359159e-01
7.021255531688731788e-02
-1.629033156442729890e-01
5.010793521911952597e-01
3.039150031542382724e+00
2.609388474881818576e-01
-4.105573449764753358e-01
8.463693593832443286e-04
-5.189974234071569742e-02
1.480830677372722892e+00
-1.672874150480369304e-01
-4.659812333860294253e-02
-4.881241618292550544e-02
5.491812008428843539e-01
2.766504678275939710e+00
5.232028716361640797e+00
-2.207416916313697727e-02
-4.958421746240361250e-01
1.059273095875759713e-01
1.907828869909933944e+00
1.634193632526465878e+00
7.652261150854577920e-02
2.948202316888012819e-01
-1.375593092963482422e-01
1.227660811913177108e+00
4.505618396128874714e+00
-4.965415123367965082e-03
-5.341206515312453273e-01
2.826245782035124443e-01
2.223259825414701130e+00
1.569704314919198485e+00
-1.316991116365711090e-01
-5.094134269004211291e-01
-1.824403831988494207e-01
1.224982173310595224e+00
1.182717525405367454e+00
8.556111053593555560e-02
-9.906482841857887356e-02
-4.688644779545387831e-01
-1.373696690536046205e-01
1.496947704114714117e+00
-2.776769253915286617e-01
-4.578899717440867989e-01
1.574443218375762635e-02
1.478275783718657310e+00
8.768670124809753164e-01
4.134308682395381740e-01
1.626297539658671243e-01
1.507798497447714881e-01
1.850081538004433979e+00
4.020864513296699805e+00
-1.878008328535701599e-01
-4.182921159432814728e-01
3.729431142971417756e-01
2.389566454268246876e+00
9.594409245779860207e-01
-2.474373971835186758e-01
2.143034614778833447e-01
2.890518362914750727e-01
2.048775876472695323e+00
5.208486587289396397e+00
-5.719853390742640070e-03
1.626980952895989707e-01
-3.657629102961116319e-01
5.315575819561629833e-01
4.839846833529165337e+00
1.689902189732488402e-01
1.228306578562197993e-01
3.565348967354953769e-01
2.375848013925450974e+00
4.132227493790826323e+00
2.395238381134257022e-01
-5.948621517248580126e-01
-6.044110553070448227e-02
1.533311425546942219e+00
1.878715513613216537e+00
2.164220723310214256e-01
-4.120156051087863758e-01
-2.954309477120761751e-01
7.439192921899567823e-01
2.150935702043279552e+00
1.809017738871147585e-01
-4.859446875405637467e-01
-2.344487674125147192e-01
9.608938506124082846e-01
1.862333495922122717e+00
-2.551191371962702181e-01
3.179620429156441302e-02
3.218888020327501098e-01
2.353859184738476884e+00
5.738532661061675810e+00
7.845927178123840440e-02
1.231304231311495107e-01
4.268417213093785856e-01
2.835534178000065797e+00
4.463025034247744216e+00
-1.224467978483373687e-01
-2.624567171789019548e-01
-4.425198402836529876e-01
4.884467547038865987e-01
6.393906461621260418e-01
1.452882265578721854e-01
1.072511620326869197e-01
-3.978488476494237425e-01
4.694326122048528838e-01
4.137521803653538832e+00
1.328314331651755942e-01
-5.260549657180489946e-01
-1.592537444307209338e-01
1.237431590065467546e+00
1.965395513594408561e+00
-7.771215589240714101e-03
8.273464831861195024e-02
4.751574180305957462e-01
3.525289447210893545e+00
1.537500608928293433e+00
4.981935476985256961e-01
-1.555233144034097181e-01
-1.677283703961592043e-02
1.512531694354023237e+00
3.223362021717958825e+00
-1.042918077858342035e-01
-4.735529396064971364e-01
2.694880948764155626e-01
2.107339658879405331e+00
1.140551348140793397e+00
-5.370092940346720550e-02
-2.023786083450395956e-01
-4.585121570768082577e-01
1.392161464701441032e-01
6.164838368898851728e-01
3.062402704395972841e-01
-4.696849994577051435e-01
4.930168883576362820e-02
1.720304064224525753e+00
2.072620043856611360e+00
-1.370990802705556455e-01
3.025107407170858353e-01
2.598978709269074705e-01
1.966502154275533876e+00
5.162961720950908884e+00
-1.905052058184455166e-01
-4.876135882153727619e-01
3.248921664315355118e-01
2.254997510056346410e+00
1.091914028947539972e+00
4.193453149873039854e-01
-6.297743432368281546e-02
3.577910040598237251e-01
2.357240835336733564e+00
3.274589988892158576e+00
4.872409143671411202e-01
1.088704682451523999e-02
6.599028774149309383e-04
1.573232771505855832e+00
3.588042801659036218e+00
1.021207527857899075e-02
2.701057279840362590e-01
2.168215802759965449e-01
2.070562096217567039e+00
4.638900632485625231e+00
-7.069762654149981673e-02
-6.103218418284724889e-01
-3.045704252830749512e-02
1.397446002408201160e+00
1.566250947929924475e+00
1.987659350750672071e-01
-3.293427751397404180e-01
-3.451437566611688657e-01
5.588729067860412902e-01
2.286422444597987269e+00
1.938128526664580076e-01
-9.800936278765258469e-02
4.843857145395358832e-01
2.751498073534264233e+00
3.519750155519145718e+00
-2.028186177173108840e-01
-2.490290757813635458e-01
-4.151418942428586889e-01
5.892911433757501705e-01
5.463504530405326465e-01
3.195912485287437099e-01
-4.551741167771897190e-01
-2.240451742793477252e-01
1.172125020026151931e+00
2.230722534680384062e+00
-3.885433644921924556e-01
-2.161910399062885457e-01
1.597094575798490290e-01
1.788464029139706257e+00
6.574402921133291500e+00
5.614283883453004276e-02
2.094668228345097361e-01
-3.464113740195678970e-01
7.201766069983075447e-01
4.748093083039838014e+00
1.747484375595298456e-02
-1.791782388671479542e-01
4.975524626706567255e-01
2.889292677574822221e+00
6.515014682530665402e-01
-9.491062594336475977e-02
2.852503517528340859e-01
2.568753405249076249e-01
2.160102984070733534e+00
5.178191831982703164e+00
3.051953295341065520e-01
-1.013972269017851396e-01
3.990368983994232455e-01
2.639611375723018405e+00
3.295277188955826553e+00
1.902583357224854332e-01
-5.896980797189873558e-01
1.469775209888599388e-01
1.788255671835524474e+00
1.799055603642395917e+00
-3.577060389150718556e-01
-4.087369384787693516e-01
3.332954709125016818e-02
1.640530797809141905e+00
6.529002989434428139e-01
1.658082620991364609e-01
5.580338907721147518e-02
4.428372026974967124e-01
2.572677046120425359e+00
4.096475819274753682e+00
7.402641402228800349e-02
-2.842153262635388478e-01
-4.458764420048985655e-01
3.128604406851080988e-01
1.658958392798140613e+00
2.271607934431424669e-01
2.098620759116545942e-01
2.506012290101935491e-01
2.193800107494217499e+00
4.261425795696478502e+00
1.096921499633705666e-01
-5.457691576976827497e-01
2.186374283116807871e-01
2.009048257062671539e+00
1.561637679330082351e+00
-5.584257856438868961e-01
-9.680348047095749253e-02
1.907537120827044186e-01
1.942260106758153082e+00
-1.732605619316599510e-01
-3.512680206941483085e-01
3.214662250561393930e-02
-1.542584278618593097e-01
1.160202160758283529e+00
-2.822515641427383870e-01
3.126211792674001289e-01
2.444595852102098288e-01
-1.832691063383760921e-01
1.104338857805747809e+00
3.918444821508368037e+00
-1.364930132296055809e-01
-2.676273370724141509e-02
-3.993816566525359990e-01
5.076012616475981121e-01
5.786713240934362901e+00
3.357128337571285009e-02
-2.838428102662349239e-01
4.627070343858589729e-01
2.641300569829704958e+00
1.593763757715921159e+00
3.043133089214562492e-01
-2.612998257750155373e-01
3.578991436894568556e-01
2.427143102723649193e+00
2.825325074578001416e+00
-2.720634489234972087e-01
-1.682407626423756686e-01
4.292107058189081337e-01
2.413988676689037050e+00
8.432132647282018778e-02
2.217898694126047843e-01
-5.657135661195832749e-02
4.381009236441312238e-01
2.568407854793646639e+00
3.447261359400254577e+00
5.032513412978913969e-01
-4.666702250231712784e-02
8.304567505739074429e-02
1.638348717429155554e+00
3.189097665958533501e+00
1.118344457274560999e-01
-5.523497326053549150e-01
2.133029481413873663e-01
1.924114538628580950e+00
1.938973651198975690e+00
1.889392177224508973e-01
1.873985105338218660e-01
3.291052342598548841e-01
2.224167376771232441e+00
4.375678891953533878e+00
-3.516940512776667305e-02
-4.639422489930171700e-01
3.749206232156815366e-01
2.440560166595195479e+00
1.334759875144610364e+00
2.036956727731251138e-01
1.871325940999723492e-01
-3.480913458245837866e-01
7.028710006002085731e-01
4.309327216629800006e+00
-2.874698002678797160e-01
-3.089951702333349967e-02
3.108538783192602017e-01
2.275154521396044682e+00
5.915746812618935202e+00
1.458464854913944508e-01
-1.543736860269275812e-01
-4.577104210315263155e-01
-2.962804296865164111e-01
2.499508709762775782e-01
-1.031014520874777990e-01
-6.030339969923804305e-02
-4.086902906511134526e-01
3.865981502336215403e-01
5.457831978212813517e+00
6.401444437771078300e-02
1.536979222485335972e-01
4.223876951373617405e-01
2.543006935711447536e+00
4.672898879402005434e+00
-2.593237831719573672e-01
-2.478276866133678757e-01
-3.013945074662899293e-01
7.804047711196807624e-01
3.403889127263166614e-01
-3.724935837415960793e-01
5.600199127469615568e-02
1.397234577733031669e-01
1.861681132288973917e+00
5.841727225732925355e+00
-1.406745520471088529e-01
-2.157332623716318731e-01
4.862780175525574511e-01
3.657724031349891991e+00
3.498827612407249266e+00
4.394319575962236657e-01
8.340910665199467722e-02
-1.736704945610424988e-01
1.338536423536997644e+00
3.545999559111893795e+00
2.232758589534106497e-01
9.878712633447012115e-02
4.233869836645249296e-01
2.596482983119177579e+00
3.868612633300063663e+00
-2.165046923458296135e-01
1.691738613881462600e-02
4.055644117367774304e-01
2.556990473878595793e+00
5.766318077615246729e+00
-7.640542672557798509e-02
-1.624835620664444868e-01
-4.304864808394900377e-01
2.772828783958232179e-01
5.055716111517501998e-01
4.587244010175930281e-02
-2.505844583004931403e-01
4.885427451556488276e-01
2.873719446034854297e+00
1.635569812310976756e+00
2.553703278603241533e-01
-1.599430600769735367e-01
-4.341534251814800904e-01
3.061403071179653601e-01
3.020971106873492129e+00
5.053813406010229659e-02
-5.730161823073097738e-01
-1.717992691438772479e-01
1.216258911854564584e+00
1.552515296125313027e+00
9.038944829032311001e-02
2.841065017979211293e-01
2.890462854008268856e-01
2.188437243617610051e+00
4.616045054796392044e+00
-5.265458394002772019e-02
-3.989798967325031143e-01
-3.141328774719377992e-01
7.763590548881080800e-01
1.364633604153674851e+00
-1.465817846674558889e-01
-5.393902712653128040e-01
7.598981115546703247e-02
1.731927353678601067e+00
1.259939051513123465e+00
-1.301750888130596140e-01
5.265853773719932768e-02
-3.962035541917396375e-01
4.894297502593913385e-01
5.467744387046147736e+00
1.569873454919624434e-01
-2.221174115409110528e-01
-4.596613523485845731e-01
4.308733220276668163e-01
2.810036993904893254e+00
-1.097116269567702529e-01
-3.949995152236105422e-01
3.666072477739614754e-01
3.808883462438864775e+00
4.074637418296151559e+00
-3.623932723698033986e-01
1.211370101487257850e-01
4.475224074718895523e-02
1.631375625695900666e+00
5.764112790558619359e+00
4.493932133976739907e-02
-1.574635488858977250e-01
-4.656044605212949494e-01
-1.207955645042919635e-01
4.251107129102975613e+00
5.073547165570874151e-01
-3.186672514300590286e-01
-5.940532127233657904e-05
1.515650506313162893e+00
2.907524889101828158e+00
1.279675950587975397e-01
1.720628327284146053e-02
-3.887103632044703883e-01
2.893167255353020217e-01
3.920436307171700552e+00
3.202973656507931421e-01
1.373481487103616339e-01
-2.522993876100979027e-01
9.518286017567978430e-01
3.875987194273565084e+00
8.010413551656410391e-02
-3.566172848928357286e-01
-3.630109585692319896e-01
4.490999236038574760e-01
1.891403907235433612e+00
-3.014268906677936566e-01
-3.914198977104577093e-01
-2.598430350382264775e-01
1.050040900223692342e+00
5.894726100188045770e-01
-3.384562965236143639e-01
1.186236837685002710e-01
-2.541205929422978294e-01
1.104315153031734331e+00
5.811515716590518466e+00
-4.361787355197839222e-01
-2.169345101158115796e-01
-1.284318591204453852e-01
1.335850359919130925e+00
6.224511185047273187e+00
-5.478659728631206371e-02
-2.711143426947993373e-01
4.536155779599170823e-01
2.789635912532694384e+00
1.476214394994257217e+00
-3.694564229656936982e-01
6.193145355568017985e-02
-7.032148057051523793e-02
1.253128001279021797e+00
5.744298538961054135e+00
2.918770985458431569e-02
-5.561754229887807544e-01
-9.789950911370036424e-02
1.247456074915886282e+00
1.405435792925708416e+00
4.946325027972539763e-03
-1.034632323480935145e-01
-4.490415423492795655e-01
-2.532822422778776075e-02
5.133046918445077544e+00
-2.792208358743815677e-01
-2.987266305384111420e-01
2.905170432475899789e-01
2.225539121351406191e+00
5.238574823899683208e-01
-2.973153164879596133e-01
2.394382110745633604e-02
-2.594380342233157943e-01
9.283299738631225484e-01
5.762919182584165689e+00
5.178708786564960587e-01
-2.371705275579356897e-01
-5.378901460039308552e-02
1.404760332563951497e+00
2.832314839867854595e+00
-1.587535438296795165e-01
-3.246464057253227176e-01
3.601017099889881612e-01
2.455918878091353896e+00
6.914471463572360310e-01
