2.158222178862811147e-01
3.780717790979817305e-01
3.439729576832180058e-01
3.382034380303386989e+00
1.272121457589671323e+00
-3.055712164371702233e-01
1.514756416855740639e-01
3.921247724656425349e-01
1.990738023253819211e+00
5.055726034881944386e+00
3.608211056650828530e-01
3.512276516892039457e-01
-2.185018874896384189e-01
1.230676963169476723e+00
3.164602950430927653e+00
3.845940633720320023e-01
1.542578153562806087e-01
-2.602310425443454811e-01
4.789666108242447429e-01
3.173843017969485203e+00
4.798388808882386725e-02
1.251526857238426382e-01
6.143795439607783182e-01
2.739713265062015513e+00
1.881985222910167455e-01
-4.343778732613929883e-01
5.040132899945837242e-02
4.555073624759000128e-01
1.660188213873519780e+00
2.912826394257792550e-01
-3.393927316416240347e-01
6.141192958421900494e-01
-6.678879870710512090e-02
1.208876589686225689e+00
4.322217786662828409e+00
1.714733152522406323e-01
6.785514570754769270e-01
9.813878739219940306e-03
1.957620392785195174e+00
3.914319460872861978e+00
2.580625446418939248e-02
1.036556190437472186e-01
6.991702028498258947e-01
2.498359765207778249e+00
5.606990469627496587e+00
-5.525954622507198710e-01
1.776690161846410654e-01
-3.995737888135406091e-02
1.373486416336429539e+00
5.280634302762750920e+00
4.519717415883517941e-01
1.684699093836614092e-01
3.162929473683743220e-01
3.336143863002717147e+00
6.897187195159779627e-01
-6.395992762027160605e-01
1.803093371260349187e-01
1.216342300196224420e-02
1.369335702053435799e+00
5.419959961615343325e+00
-1.126770768800172406e-01
-5.337744930282884992e-01
2.089851148145442372e-01
1.542828266516969249e+00
1.953333292107906294e+00
4.035930390541767609e-01
5.287992578131945898e-01
-2.044977775923299476e-02
1.133001001972382404e+00
3.326143439163829818e+00
-3.495432417491141641e-01
-4.505075738707996491e-01
1.517381953395471050e-01
1.877258955950350527e+00
1.470733261094029576e+00
-4.757658229588199172e-01
-2.337183330619106991e-01
-3.052592529277189937e-01
1.228356344365278296e+00
5.942432595611734314e+00
-3.370213890745515223e-02
-4.252413867304678519e-01
2.329845497774519214e-01
2.018614144301297042e+00
1.944697820946158728e+00
-2.797194639953638415e-02
1.920190860506967023e-01
-4.982466777841428329e-01
7.135275719861777777e-01
5.376438801044118421e+00
-5.023329804357775652e-01
2.787796986949865330e-01
2.752507990980745389e-01
1.715484337180666063e+00
6.594617548579766897e+00
-1.271656787945364409e-01
-1.932201435882018037e-01
-3.107755553538205651e-01
7.472088942630679131e-01
1.063179113834880729e+00
9.486552494598758656e-02
-3.931358829954407358e-02
5.919828076984355869e-01
3.503926059079073507e+00
2.060469258141446769e+00
5.614079464292899280e-01
3.087846228869656762e-01
1.243970284130984788e-01
1.035461059026783648e+00
3.110302864099765419e+00
1.753075418203110525e-01
2.172442631872083252e-01
-5.898945416317646906e-01
-3.389927669522672105e-01
4.613613360226547222e+00
-4.395034822995275703e-01
-9.422054209634030120e-02
-3.400604495963772123e-01
1.087314432109861562e+00
9.800949743843831996e-01
1.715133005143945344e-01
1.305383937173603404e-01
-4.434476958764482779e-01
-2.792706073743956297e-01
1.826291027276518264e+00
8.298444328751928278e-01
1.321625950099414859e-01
1.019608075513623452e-01
2.677811259678313238e+00
2.960332614879723767e+00
6.044210325604262302e-01
-2.005267284396184124e-01
-8.441342786941126441e-02
9.722053436872464260e-01
2.535491242209267249e+00
2.659292905587264388e-01
6.132494422156611336e-01
1.791198510441598946e-01
1.308172194586570303e+00
3.751350055778476467e+00
-2.936713403336451700e-01
-5.497381547717702377e-01
-3.550757526675853981e-01
1.586604011108252221e+00
2.696448832811774166e-01
-6.117189367792010835e-01
-2.579940175483008691e-01
-1.183704675897354480e-01
1.426866965618966532e+00
1.182064386322523530e+00
-3.858118016791237115e-02
-3.243097449720149794e-01
-3.098602139472310113e-01
7.001958119798749047e-01
1.388451982147028696e+00
4.740635349340681093e-01
2.093782952847920154e-01
4.802100244116604411e-01
3.110369323388399998e+00
4.531272405365276867e+00
-5.614136198225772034e-01
-1.480970825413409075e-01
-1.251162579289594456e-01
1.551826710906098139e+00
5.830045596761923576e+00
-1.806260300939319802e-02
6.512237087008668768e-01
-1.528374386060024070e-01
1.157716757103517180e+00
4.108038523703441136e+00
-3.994242219536193739e-01
-4.669652280501824793e-01
-6.676381476598788889e-02
1.304714497972835563e+00
1.576005401162599240e+00
4.248486221390488371e-01
-3.419909964042011086e-01
1.062963449925548864e-01
1.038993281839430516e+00
2.745431277449210228e+00
-1.124393935056050842e-01
7.959138920926615013e-01
3.075672241910605911e-02
1.537246473932674995e+00
3.686391919849354881e+00
1.347532339341860341e-01
2.879725419102296957e-01
-3.526399444064930999e-01
5.082289023472189582e-01
4.458964924905650662e+00
-5.076181609669618844e-01
6.129639544099491077e-02
-4.115031952818395400e-01
1.470472827552926409e+00
5.396693577339524150e-01
2.881946037954388751e-01
4.640614617327980529e-01
1.059677329337199575e-01
2.189046194169645076e+00
3.770868445494406362e+00
1.316740721957481049e-02
4.200732849789930445e-01
3.262198109831535020e-01
2.324171228828062929e+00
4.534914635631031032e+00
1.192675190217508813e-01
-4.595907328287526794e-01
2.761434473293281622e-01
2.213837709673496246e+00
2.065335158656564030e+00
-7.585980149123519034e-01
2.379078157942086935e-01
-7.906875150514124095e-02
1.549048071080055822e+00
4.896951656091670380e+00
-3.841652288091910172e-01
-9.641292711471190213e-02
-3.989397486151629590e-01
1.111922623513522446e+00
6.960491406381722479e-01
1.394961356844775235e-01
5.338532589290440056e-01
-7.837082941834372374e-02
1.081483640937555002e+00
4.001293753218839733e+00
-4.102438685718476918e-01
-4.628172124015622058e-01
1.235028063773574436e-01
1.576483620547422859e+00
1.703738312291438683e+00
1.073696797041683998e-01
2.898872210063921373e-01
3.607731656907048889e-01
2.418898217970495423e+00
4.385167990430121066e+00
-7.488505383344962185e-01
2.687435157674867847e-01
-2.758636657546035056e-02
1.886735783584534420e+00
5.224359323899848917e+00
-1.301587903770882459e-01
1.785275971959214281e-01
-4.479053643870559709e-01
5.962479381523693167e-01
5.606699030264422845e+00
2.375163335486784599e-01
2.950755576290086668e-01
-2.550363109079891166e-01
2.506702719512302613e-01
3.805617584518259822e+00
-1.388921230708782262e-01
-2.992072950082282912e-01
4.178977532070022316e-01
2.407421006393156482e+00
1.482914721681831693e+00
7.019802161042458799e-01
-4.271107516735050263e-02
2.694838608222203113e-01
1.122127225684961926e+00
2.722540423958144107e+00
2.302223057941671022e-02
1.333655276950090245e-03
-5.480320284598972913e-01
6.195957605648614308e-01
6.335593077312528187e+00
3.562937192096038430e-01
1.917129530502908186e-01
2.407712161496150249e-01
2.440534610046202868e+00
3.860128817644135513e+00
2.293298933241307014e-01
5.466279703921803623e-01
-5.420315315188198313e-02
1.109576858813525746e+00
3.890175542353655924e+00
8.176769671895429969e-02
9.920103858396398661e-03
6.464488442907799781e-01
2.614087970690138985e+00
1.998168888671585375e-01
-1.660348845405228979e-01
-2.523884732906832573e-01
-3.835583554039640464e-01
8.729849406449948779e-01
1.233608086460306286e+00
5.842296224054976950e-01
1.139895711318782423e-01
3.362543775112478150e-01
3.045746080698926495e+00
3.826606691966205620e+00
-4.363628047345742278e-01
-3.493475008874582510e-01
-1.011927011018524253e-01
1.240341595572922673e+00
1.317298201164807336e+00
5.795325851486635704e-01
3.560649658320078764e-02
-4.517916650291669001e-01
2.247134041443650532e-01
5.774284184877296333e-01
-3.885645959100390012e-01
7.527556433483252318e-01
2.495361773559571228e-01
1.485609461326543812e+00
4.422870938343167246e+00
3.159163392758344013e-01
5.451325441899830260e-01
-5.725628020455694397e-03
1.244527811155127450e+00
3.712980449482081724e+00
-7.063637596627218018e-01
-1.187203816059162892e-01
-1.864776877767329033e-01
1.692422207596083750e+00
8.361652727323666268e-01
2.414535544232754988e-02
6.863845455322562517e-01
5.116575741949615230e-02
1.940681488776978325e+00
4.245668171719410466e+00
-7.445162375859682991e-01
4.361251357939218698e-01
7.987011565583106154e-02
1.484455360738254237e+00
4.723126794220721791e+00
-5.819256202557120394e-01
3.107637896283869106e-01
1.356776325288316098e-01
1.733829051350291639e+00
4.944996465699198041e+00
5.130833828078619208e-01
2.623894502657335703e-01
-1.970320214180003859e-01
2.085619045932018079e+00
3.180798115925699054e+00
-1.374360917573811958e-01
-6.007901282281995492e-01
1.181614625713630767e-01
1.950797479083228758e+00
1.971141067871325481e+00
-1.947318327016340500e-01
3.079820499283782431e-01
-3.094241169955087578e-01
8.607227203751949274e-01
4.973139995404987523e+00
-2.640968063035839530e-01
-1.558970719907625535e-01
-4.000997421352410210e-01
8.777485137043861130e-01
9.520265948772154152e-01
4.875595316900565579e-01
7.592895555776948968e-02
2.528168644876718774e-01
2.631186338224205556e+00
3.439575362665138858e+00
8.936639461216529245e-02
6.437025429436787904e-01
-4.790417881302412584e-02
1.299836596757836693e+00
3.882457609225840489e+00
4.183059408854317152e-02
2.649326314368113944e-01
-3.793793554694102066e-01
5.525621667782469881e-01
4.796582885897499260e+00
-5.012978178023800302e-01
-1.682300122612957055e-02
-1.951883384508838470e-01
1.321101859314796068e+00
5.676152164593751159e+00
-3.045987841447822531e-01
4.481362159041072935e-01
2.143576982381440454e-01
1.656381334708051600e+00
4.641294685751067739e+00
-3.255428015301579329e-03
2.791308543394087072e-01
-3.547565432705314659e-01
6.702736721150057697e-01
4.580212954170496786e+00
-4.328097826877452814e-01
5.118566782923386072e-01
-1.049631860080331713e-01
1.802018484121280295e+00
4.617015508637564380e+00
7.828684359036026941e-02
-6.480138818599434636e-01
-6.119114279936176820e-02
1.047323209455850668e+00
2.055402316182965539e+00
3.863689505826926884e-02
-6.395974438214170332e-01
-6.935211773901223120e-02
1.363558516548858845e+00
2.470191371419865778e+00
2.126856982137478522e-02
5.952293503935328634e-01
-1.216698918035589300e-01
1.717376227858651960e+00
4.214553140684123456e+00
-3.596006738683513171e-01
6.981450739441616427e-02
5.479586357723242873e-01
2.036930926009029807e+00
2.186573463328006228e-01
2.474449092234141945e-01
-3.575047282270653604e-01
2.941013218933362650e-01
2.275242364555774888e+00
2.460427673003044546e+00
4.129855984703567073e-01
2.280002056426044255e-01
-1.719895130090924318e-01
4.759186660329743357e-01
3.581142198318496561e+00
7.099316814394894815e-01
2.702683949502526772e-01
8.937081955956203971e-02
8.257364432407883204e-01
3.119067744027738343e+00
5.057645103770812278e-02
3.870801272525140613e-01
-2.092885062712764033e-01
7.944009800646774089e-01
4.274641494900849992e+00
-6.437036149189662160e-02
-2.329927973369234628e-01
4.748890984361412992e-01
2.583379680971090053e+00
1.413479859409944916e+00
8.526933839406518334e-02
4.685324456180701147e-01
-2.170978829437945623e-01
9.775201026949291716e-01
4.152713887680115512e+00
3.422325092134247959e-01
-2.161993344040543386e-01
5.786684096785463804e-01
3.280364887763081772e+00
1.877080548183391651e+00
-3.870168937008547361e-01
-1.867570449348410766e-01
-3.058395215566029890e-01
1.157836418719424998e+00
1.040117067008027085e+00
-6.610802029735590724e-01
1.556053211642130230e-01
-4.013524492847995312e-02
1.679154041315501500e+00
5.240540710004093050e+00
-2.094605805494210715e-01
2.584658986256829216e-01
3.534485956777505544e-01
2.182900151325127158e+00
5.226311914678665183e+00
-4.741270706585651862e-01
-3.153947423317569054e-01
-3.902339546925100988e-01
1.504825980884401115e+00
6.175589859879355714e+00
2.310860241796099390e-01
-4.948791046020167839e-01
-1.405135431418332581e-01
6.622590579465659211e-01
2.269431761775394296e+00
-1.117910999229519975e-01
-4.797552252964837338e-01
-2.572891905709048244e-01
1.138144419172999688e+00
2.205941998731105524e+00
4.724929567008890330e-01
-9.350073282384131768e-02
6.749592169723379609e-01
2.790699828023665674e+00
5.360284239744731671e+00
-1.884667644815862103e-02
8.394260342315705906e-03
-6.972237691554999950e-01
9.399791490851454601e-01
-5.084968831559585900e-02
3.022444966895347293e-02
-4.798019326750474489e-01
1.712673377891621718e-01
1.949408735975715512e+00
2.083106106239984712e+00
6.196166240163425432e-01
-3.795718088282908353e-01
-1.638573166603683740e-01
1.791323561310864010e+00
3.292597454873745555e+00
4.838255945148891568e-01
-7.841798581213435537e-02
-1.329301104986349846e-01
5.516935954335129288e-01
2.960530969315187999e+00
-4.836068757677356444e-01
4.111398931446613725e-01
1.301911670426497518e-02
1.328638804035917831e+00
4.831437990598682397e+00
3.939690829926674187e-01
-2.090497374642010520e-01
-1.898393119731135378e-02
2.159095041779383717e+00
2.752328834919892220e+00
-1.106014927651683549e-01
-1.475851418753479083e-01
-7.190694550077595393e-01
1.071029153077683205e+00
2.997648738035632032e-01
2.326437679221186328e-01
2.777895373738910323e-02
-5.673997466395769296e-01
3.103692693145166936e-01
5.660281118687343849e+00
5.217646710540401953e-03
2.778609293221850907e-01
-3.838330439241934844e-01
6.427923141566315168e-01
4.896603042884736467e+00
4.006225560933586449e-02
5.611654243705518352e-01
-3.251217517423960479e-01
2.589622297355906877e-01
5.085815537923313201e+00
-1.780570593803333379e-01
-3.030920721556314423e-01
3.940649908789262135e-01
2.269418937199655595e+00
1.364338088489834178e+00
-1.215435637018217607e-01
9.775212328021715136e-02
-5.092568165389991242e-01
7.462709622467851300e-01
6.285914990914501566e+00
-1.920792224680029775e-02
-7.348375559652537969e-01
1.319315201721325270e-01
1.661392388921381302e+00
2.436432912008228868e+00
3.086802392282113061e-01
-2.485419205800836195e-01
-1.761248113220955161e-02
6.150291395511687798e-01
2.455626434457073959e+00
-5.457239032413844226e-01
-1.055884875205232165e-01
1.726561856306749743e-01
1.623302827993861053e+00
1.470020197299784614e+00
-4.501345846767701442e-01
8.165089260826784157e-02
-2.792578644324532622e-01
1.226864989261853944e+00
7.741261941178471107e-01
-6.150306581399470618e-01
-4.534551385939785129e-01
-4.593003222781980033e-02
1.424747207950804784e+00
5.690658099312103424e+00
4.489699254442950371e-01
2.170268719943543867e-01
-7.712847477646728178e-02
5.542139071628093827e-01
3.425651742729082017e+00
-2.647031995783987179e-01
-9.009436949502795666e-02
4.571829992294204614e-01
2.304941683055799384e+00
7.468413931507668080e-01
-6.106774623909253519e-01
2.535446989719175037e-01
2.157253150422784038e-01
1.767172414964087501e+00
7.549752845027744019e-01
2.420015132930453117e-01
-6.383040244328605506e-02
-5.133614683623679564e-01
3.222542418092988470e-01
1.050525328331561647e+00
1.687163906725498985e-01
3.664349822231537379e-01
-2.703700416869585510e-01
8.111135080039819645e-01
4.085350403416122766e+00
2.757956697445756444e-01
-5.002080023335614412e-02
7.039502330834722654e-01
2.629054355905357632e+00
6.113093683642937926e+00
1.346635824328876532e-02
3.896977979488394639e-01
6.866552767774839472e-01
2.016632902501276359e+00
6.121688714111782836e+00
-3.056238489621926346e-01
-8.089796601501694218e-01
3.519682007152049458e-02
1.614718306296338390e+00
2.415788717168245281e+00
6.100698346573435460e-01
1.533140025714852805e-01
7.931525803161898480e-02
2.473423236174692619e+00
3.466849040781992741e+00
4.285877259409190954e-01
2.997492470753232996e-01
9.736548103409077559e-03
9.388805559409117985e-01
3.655177125196922727e+00
-3.718399375873079893e-02
-2.048621175271512496e-01
6.169942286326993708e-01
2.564870608916921313e+00
1.094924453764972494e+00
-4.078943679990190696e-02
8.490191130302963962e-02
6.093891499539854095e-01
2.526972015730336363e+00
5.738842913930404244e+00
1.071888763024189811e-01
-5.580076633026298527e-01
1.016703188503612632e-01
1.885441342929865316e+00
2.219879089926344307e+00
2.562002294183173268e-01
3.879026991875778041e-02
6.363146349084535247e-01
2.662055251667780453e+00
5.249589349709193442e+00
-1.202273353310221726e-01
3.771831268328348363e-01
-2.725801748879445041e-01
8.774116528065287746e-01
4.712170245136192648e+00
-3.554899013253490225e-02
7.618141723147755506e-01
1.434725822515952876e-01
1.490907502464987822e+00
3.946285171385594204e+00
2.278247793192539061e-01
3.459193486417082020e-01
-2.147994274399972203e-01
7.667201931111723434e-01
3.944814444770447182e+00
-3.343284887931456950e-01
-1.069370667795237484e-01
-5.527978146035534834e-01
1.094009696537999066e+00
5.968690913360694239e+00
-8.051600970211262309e-01
1.095630418030089370e-01
-8.604603141827951024e-03
1.736612075754988993e+00
5.196593542852755654e+00
-2.695081742486725163e-01
7.403840397929464245e-01
1.050380717309513934e-01
1.851513103690731077e+00
4.158951132777035653e+00
-1.181157378100148175e-01
-5.527670187490246745e-01
1.150733052758990821e-01
1.803515785572789243e+00
1.960900982137322224e+00
-2.192852159816496282e-01
2.673422419097536418e-01
3.946838236399771715e-01
1.855113871298497585e+00
5.684105353018614082e+00
3.853879162302325523e-01
-1.390393950841185000e-01
-3.308544307164126286e-01
-3.742371734366410352e-01
5.484233656169070770e+00
-2.312626064015879668e-01
-3.195917502824947021e-01
-2.916261095708462814e-01
1.043967672449357620e+00
1.448889912451168938e+00
3.359157238330195416e-01
-2.707792296300456369e-01
3.550621023491286055e-01
2.666407237156378507e+00
2.028837784554268886e+00
-6.585627608432457203e-01
-3.254466429514025205e-01
-1.100666459007165893e-01
1.639022084500856069e+00
-3.089682413069489431e-01
-1.008972054783779104e-01
-1.935182867125881112e-01
3.997889197784810222e-01
2.451401330404938239e+00
1.206016295889201340e+00
-1.231220402113343826e-01
5.613974088434633275e-02
6.447213996469018937e-01
2.191426794588947402e+00
-1.930587008489080547e-01
-3.468331208447180125e-01
3.579475886823807462e-01
-2.217343773265314233e-01
1.032903287222705080e+00
4.883148601451465787e+00
-6.838728530765708635e-01
-2.827599934415566882e-02
9.119859277679201806e-03
1.578349983476784013e+00
9.988658961809193659e-01
-1.306388275235836893e-01
-4.371515946109074680e-01
2.264491589357220946e-01
2.083935391906066137e+00
1.928748455095067538e+00
5.777918797152045011e-02
-4.182926409044139260e-01
3.395332681797780250e-01
2.311344273034927621e+00
1.978258313827102155e+00
3.479985934121421209e-01
4.462626806310413530e-01
-1.182339462018752035e-01
1.580754804330019025e+00
3.339564640382090666e+00
-4.604653919751263563e-02
-3.642654059587525223e-02
8.588853371248361679e-01
2.356803898233724492e+00
-2.668040050350001802e-01
-4.703724479833444327e-01
-4.830748415993991740e-01
4.675594010363258723e-01
1.632457172861417005e+00
-1.171573300569550419e-01
3.224918540807900080e-01
4.291653600478528285e-01
-1.399023276797120019e-01
9.141318895993123528e-01
3.734845301158015385e+00
4.470881875351960799e-01
3.321021960113751947e-01
-9.580012681887746517e-02
9.891853539230498482e-01
3.132489363877217325e+00
-3.105955755698179277e-01
3.671379223088304666e-01
-2.032580740689529930e-01
1.076472761826643643e+00
4.867620592497864607e+00
-1.773196915785005545e-01
3.387871136815413520e-01
4.179547144985351625e-01
2.123942879137837636e+00
4.685332333386504011e+00
4.986227368746278255e-01
1.382890571423650017e-01
-3.598537270320328330e-01
1.795040959691963645e-01
3.057506998634908491e-01
-4.377043096743237771e-01
3.920198575306565320e-02
3.229375557967633092e-01
1.860370983808159462e+00
1.148478336882492012e+00
7.588422938742987733e-02
2.448395546904886810e-01
-3.693371521475461439e-01
4.657197265937306208e-01
4.673312965463499502e+00
5.620628569953084464e-01
1.708523622285471888e-01
-1.825375552030464588e-01
2.301934367123253722e+00
3.198757550936085714e+00
1.662648491287259389e-01
-5.140167372895283471e-01
1.578590291188751993e-01
2.133348187442865029e+00
2.271477747165000061e+00
-1.359561250012746025e-01
-4.846705216730389787e-01
-3.614597061817764051e-02
1.087717827154721206e+00
1.608330952091633570e+00
1.319423893056838326e-01
2.917441984113752426e-02
-5.091791415539503873e-01
3.589370951181626301e-01
6.312789320225761891e+00
-2.430046042747477653e-01
-6.916149833563313420e-02
5.084957635847109358e-01
2.340954396746209643e+00
4.505207010026354708e-01
-5.429720689403206846e-01
2.752203837224643235e-01
3.272725475541390372e-01
1.691789278502485283e+00
4.769383603772559432e+00
-1.613286734506776399e-01
1.438426908627005452e-01
-4.147725405690459444e-01
8.446450849502822322e-01
5.671603785714715684e+00
-4.648133029675847183e-01
-1.625451786177690289e-02
-2.444527126370190651e-01
1.371928112651769505e+00
5.662669219577306734e+00
3.390005095686708936e-01
2.508344692180228958e-03
5.495865230239153076e-01
3.448381503908807044e+00
1.813547399601925347e+00
1.244897797852013432e-01
4.764091438813069512e-01
-3.895904019501221782e-01
1.980878487427819579e-01
5.191842855188355088e+00
2.661515063933483360e-01
-2.897179447954609244e-01
-3.082965334077960584e-01
1.863846676963194782e-01
2.197463522273640280e+00
1.614549309419127943e-01
-2.852085041045261393e-01
3.588621264606436378e-01
2.667520316998079899e+00
2.066448393872335032e+00
2.033438181309649706e-01
3.352157792786121804e-01
-2.141171490893825358e-01
7.620057030448605939e-01
3.935322029448416359e+00
2.078586250326031060e-01
-4.850751852620066584e-01
-2.501927517765603279e-02
5.325889722040795249e-01
2.208144695303772664e+00
-6.034893321680033784e-01
-1.748540080879327774e-01
-1.818535992116844247e-01
1.325845696555368658e+00
5.461146702424492183e+00
5.028251616449868067e-01
1.804271126569697015e-01
-7.408052145155642754e-02
2.220559988109214178e+00
3.454865248928268961e+00
-3.372710314913565099e-01
2.689203403946043291e-01
5.590433324154494565e-01
1.783307996602443657e+00
6.267686718708864291e+00
2.689810105966261924e-02
-6.325970548650737824e-01
-2.539559394991646422e-03
1.725445424323401422e+00
2.278899661595206627e+00
-6.068868548167852955e-02
-6.074703893547801492e-01
-1.806968394122283328e-01
8.523785285863333394e-01
1.824076782859098467e+00
2.991192451646547124e-01
2.994370510153658849e-01
3.077501200860195962e-01
2.753288605098280772e+00
3.929228219291323487e+00
-3.436635981142974194e-01
-5.615977614271386309e-02
3.837732051341531947e-01
2.160863113644024835e+00
8.125306247009538296e-01
1.528457846766523853e-01
-8.537730001129643920e-02
7.823392316095274523e-01
2.430000775783910161e+00
6.253497142144677667e+00
2.563622171240954595e-01
5.082953431655662380e-01
-1.056404628011025082e-01
1.058358240361462421e+00
3.756289868185142655e+00
-4.345384628144868810e-01
1.481549594907913547e-01
4.258654912072011300e-01
2.052547353419166498e+00
6.115064510712987511e-01
6.223799734923339544e-02
-1.253862813243448171e-01
-4.975951343319842679e-01
5.752250481267027205e-01
1.158384306370396022e+00
-2.377129470776601361e-01
3.543577846404007969e-01
2.659382202173277698e-01
2.134920342489273537e+00
4.888134977166004091e+00
1.118347454200315366e-01
-4.369635751267725854e-01
2.328783837774067167e-01
2.202745913401226829e+00
2.165463547425120261e+00
-6.768500729471961241e-01
-3.669777855099943392e-02
-1.427095268476397116e-01
1.588440234296191411e+00
5.400431896722608371e+00
-1.341760764192546397e-02
-6.596590703096850972e-02
-5.714549904147487869e-01
6.775577024457095643e-01
9.007892509569284667e-02
5.119899689520402974e-01
-4.139334298530966127e-01
1.312648665081389554e-01
6.955941455250270744e-01
2.805187884297735579e+00
4.017709355547993688e-01
-1.120718029769924608e-02
-7.173956668674490444e-01
4.240959919154703162e-01
5.813215270726534101e+00
-6.027761093966672590e-01
-4.555657920914396586e-01
1.772933992331595515e-02
1.494775635966776761e+00
1.623820375628207024e+00
-3.661487768564493095e-01
-1.689672694003381825e-01
3.412414749842254125e-01
2.117965363797608802e+00
9.930118005401880055e-01
-6.441433418079303141e-01
-4.255429491336924774e-02
-3.634427713555898887e-02
1.405601671375674711e+00
5.575045494740987984e+00
-2.981808650214851641e-01
1.587505361889459006e-04
-4.536358613833030295e-01
9.456834980226879184e-01
5.691088550451198103e+00
2.042197785948079436e-01
-3.686715367552038658e-01
-3.585403536238202515e-01
2.268590817869848009e-01
1.559551852420798967e+00
2.068237857231367272e-01
-2.499895663531593870e-01
3.467934265921107650e-01
2.612566663943701073e+00
2.284459670419111799e+00
6.400213103146932259e-01
-1.579874981698604630e-01
-1.054495241576639264e-01
2.112159481888946200e+00
3.185769020931444206e+00
5.171588093720959067e-01
-2.116891173688653371e-01
5.633277525492699223e-01
1.462724146718072493e+00
3.386824221934888968e+00
-4.431441985600589328e-01
-3.411501117529761040e-01
-2.998472459236417587e-01
1.659825715684161374e+00
6.316849902680700346e+00
6.123382909254695416e-01
-1.595332286141003530e-01
-9.439992684848909354e-02
2.131317695605998264e+00
3.148847407069295556e+00
9.565062599187615366e-02
-4.318425625513692134e-01
2.751392166424789787e-01
2.248972260700214942e+00
2.111858223065743445e+00
2.445378422900374715e-01
4.243831073746269222e-01
-3.277743225468857102e-01
1.003245151585013262e-01
4.511577769721397679e+00
-7.364994823214117137e-01
-1.670559295599740868e-01
-7.217781255116482997e-03
1.937473645803339029e+00
5.950533165011761660e+00
1.350300291775069494e-01
2.175052008193509856e-01
-3.898449575114139587e-01
3.869081559855618857e-01
4.514400435640602005e+00
-2.368542183597992512e-01
-5.976572656369247838e-01
1.826626174240915945e-01
1.430728067608169507e+00
1.892726354078727802e+00
4.645943619957531440e-02
-6.941879307492062612e-01
4.339791393018507110e-02
1.547821789692331196e+00
2.443917028643936451e+00
2.756321662914043014e-01
3.962241347050264317e-01
-1.755816903792753181e-01
8.365641531989114199e-01
3.888386326382841762e+00
-5.001575484408756767e-01
2.391989941802545871e-01
4.363855785023247891e-01
1.838509900799479624e+00
5.325198830579054299e-01
4.680238503444215103e-01
-3.585480979199268114e-01
3.820529211152297322e-02
-3.907957669367152498e-01
5.627993677967588759e+00
-1.402312692874213285e-01
1.511177746614599526e-01
5.338483609605956248e-01
2.308540014733429846e+00
5.202969894595900868e+00
-2.253352076083615096e-01
2.495293879828206218e-01
4.720554613714357250e-01
2.340711573187542083e+00
4.765527363616131495e+00
1.862324349447400940e-01
5.505033222731581244e-02
-5.999864593991828254e-01
5.380112638132904523e-01
3.191187567827694638e-01
5.741134374598690915e-01
4.532615138964776053e-02
-3.737867178860961870e-01
6.976024899532684564e-02
4.264493308212581546e+00
-4.567789806545591857e-01
-9.041633891913232468e-02
-3.006710690760795446e-01
1.315554815168730851e+00
1.002460945071176335e+00
-4.444088781980463643e-01
2.474217777719663613e-01
-2.087477215906296535e-01
1.112587498250157569e+00
5.140659044537320810e+00
4.187735684234192290e-01
-4.626266915031175819e-01
-1.537666794986671803e-01
1.933952467798672359e+00
2.905372598811724494e+00
-3.232718226845746612e-01
-4.701200719013838847e-01
-1.081027574325482965e-01
1.199502942683058349e+00
1.599593875220574057e+00
1.974436972898588605e-01
-7.556569716260183589e-02
-6.827119892896541531e-01
7.513148260656800081e-01
6.570449971649089393e-01
-2.502242395092826865e-01
-1.408257312429929409e-01
-6.874876611981369789e-01
1.046529988446653681e+00
6.372827978724872056e-01
-1.260752699829742751e-01
-3.818026680743273615e-02
9.081070889301280369e-01
2.371910882082600480e+00
5.663417285959039482e+00
-3.262736687685641179e-01
-3.262769061036933649e-01
3.349203410557081151e-01
2.224264578351323962e+00
1.452044894031233380e+00
4.340630253098318181e-01
-2.874263158430543919e-01
3.861209350494870102e-02
2.191781406757929318e+00
2.821453876490534807e+00
7.862041148447694583e-02
-3.033629079900257985e-01
-3.833392104821514157e-01
4.251621149424007484e-01
1.303444867385135986e+00
-6.552918062390454823e-01
3.959917042728614556e-01
-7.119160522148176504e-03
1.771388152846431252e+00
4.808176925621302722e+00
-2.183747835474816323e-01
-2.924240221787697269e-01
-4.803983380278430415e-01
1.390652530334809178e+00
1.365571197462109032e-01
-1.284087749424629166e-01
5.261594552211720233e-01
2.270626039477360580e-01
2.008882066837630376e+00
4.225749580011925133e+00
-2.260806885226913643e-01
-1.673403454512966126e-01
-3.730813418396774495e-01
7.890331627704862960e-01
1.027321657172657332e+00
3.007736089042007399e-01
-6.413310396088089949e-02
6.161101607437654559e-01
2.773496558336269402e+00
4.907955384998262005e+00
3.259151217353423169e-01
2.105427983210148013e-01
-3.266568027231952498e-01
3.883273080602235305e-01
3.936523392929475396e+00
-2.668845180974410702e-01
-2.736978357557835473e-01
-2.594458079617607549e-01
1.140593078859319265e+00
1.329727773576539596e+00
2.245330358612652732e-01
-4.712171463350526279e-01
-7.043807137896293535e-02
7.449460942397324592e-01
2.213268660772880203e+00
-2.485020101719559449e-01
-7.716809913105678875e-01
4.028844606628487202e-02
1.399313153223896045e+00
2.147975854194905221e+00
-6.689732494627019521e-02
-3.809698172592013155e-01
-2.435314754462121756e-01
9.367997612709615396e-01
9.635860309643847765e-01
-4.129007021846602954e-01
1.139495680089128299e-01
-2.166113269001812836e-01
1.192293132903625041e+00
5.422081824683363749e+00
5.929679815444774960e-01
7.623652137281848725e-04
-2.547030371302603721e-02
6.821387202434335828e-01
3.136904492447398773e+00
3.874734040223352660e-01
1.617082077601844914e-01
3.474351710151943329e-01
2.409718748841897185e+00
3.997177564587951704e+00
-2.938786844592313763e-01
-3.290034012878257363e-01
2.776218884599948589e-01
2.019871116050718118e+00
1.407822027027772815e+00
3.980486781202879354e-01
3.275485301381501069e-01
3.403299662635152212e-02
2.432455225729269088e+00
3.702740199767717844e+00
4.245391340490122234e-01
-2.829955750862973574e-01
-2.910747804325753210e-02
2.123179669015760496e+00
2.859653790082481883e+00
-4.409133529925349237e-01
3.849066489920797279e-02
3.764438984945725486e-01
1.961379038334022384e+00
6.110479580623275897e-01
-2.917432400416691829e-01
2.501390851298560328e-02
-4.482812462542085097e-01
9.307740814928420203e-01
5.657411063345638702e+00
-5.364248651516945188e-01
3.534198290641903800e-02
1.981511244620353107e-01
1.875330662896507183e+00
7.646395488162756049e-01
-3.845032071062988166e-01
-5.174231865210136838e-02
5.177772144506197494e-01
2.048288864770268169e+00
5.223072473007717598e+00
1.286655489672293151e-01
6.673664693262115755e-01
-1.299226848526569278e-01
1.841979223121542164e+00
3.880123967596412538e+00
4.148348490477005712e-01
-5.763017748365349968e-01
-5.317343177922097264e-02
1.764554531452355413e+00
2.963213425581968874e+00
-3.678465779958611792e-01
1.088378964894367584e-01
-4.741640131999848018e-01
1.138162208253866936e+00
5.014972873534435660e-01
-6.818620490966216252e-01
-1.037418961533284473e-01
8.528000508429410976e-04
1.515664062103710297e+00
1.054028095534886855e+00
6.676691727567577450e-01
-2.149461307296628987e-01
-3.781569264337512615e-01
1.947082234546596347e+00
3.324952728242288824e+00
3.330681742193697392e-01
4.514907471115897630e-02
-6.191123175740170792e-01
4.820815205258793812e-01
5.622641962163134721e+00
1.012751857715228077e-01
-2.385849474347370713e-01
4.627948196072023124e-01
2.625046571620482272e+00
1.577710730426696850e+00
5.218365804963311927e-01
-3.965259761493520885e-01
3.070844915629487581e-01
2.916141439732932827e+00
1.967425496105518645e+00
5.084838408886274141e-01
7.094592571210571463e-02
6.115927585595501981e-01
3.433708059377260646e+00
3.423309924646121605e+00
-2.470623252367780409e-01
7.345935457354305087e-02
-4.759104237221545297e-01
8.746943383380543224e-01
5.853052451439205051e+00
3.059277793507934606e-01
1.840955979100813156e-01
-3.310970053660789447e-01
4.122762614792768177e-01
3.729573330724060831e+00
3.413775744561760583e-01
2.568476120205063218e-01
6.063850450452623608e-01
3.379938863453137543e+00
4.410845653477228900e+00
-2.585571973032337878e-01
1.869584069004009697e-01
-3.535414606449118757e-01
9.100537142647771027e-01
5.229389939302823365e+00
2.534583889057780981e-01
-4.408252969114436759e-01
-1.560288229427817842e-02
6.705384209449657407e-01
2.315710495315234319e+00
-4.722951149466646514e-01
4.846672050113247365e-02
-1.810254850472086952e-01
1.316141566699507548e+00
5.538381528949368082e+00
1.836054036072414242e-01
-3.055282146280465794e-01
3.863745566986802049e-01
2.811664874914555856e+00
2.161512905945325524e+00
-3.424147492605887355e-01
-2.262682378547057060e-01
-2.677974891777697986e-01
1.172950288279098086e+00
1.109332696366659432e+00
4.414116060019171450e-01
-5.215310113452751306e-01
2.239509869609116466e-01
1.034132636922655557e+00
2.709622582635755172e+00
-3.590895728576034007e-01
-5.854722273700189300e-02
-3.585555185542029788e-01
1.102523352162783743e+00
5.554219945544265791e+00
-1.620828272165342199e-01
5.812839386687690402e-01
-1.296485557110231730e-02
1.535117324467116129e+00
4.171486307146307304e+00
2.449377977441305476e-02
3.244589042184711225e-01
4.182458441390215498e-01
2.410095824309919532e+00
4.749206839348822484e+00
6.594389731561000056e-01
-1.607708824479739049e-02
-1.579328218266725370e-01
6.420343215443403695e-01
3.308473562900705822e+00
-5.237065305922077724e-02
-7.833332175250466711e-02
-6.978890428472132035e-01
9.434361500493815278e-01
1.513077927249192878e-01
-4.542458002196168576e-01
-4.809483325777462182e-01
8.562967456478567940e-02
1.786188717346401056e+00
1.643809963655418205e+00
-3.231343175686521296e-01
-1.434571343240446384e-01
4.395642610474567169e-01
1.734720879040553942e+00
9.769218833820010328e-01
2.857056682426518113e-01
-3.532313170216654918e-01
2.863305130622784134e-01
2.440884329606808123e+00
2.506428715906580340e+00
-5.959753867600718902e-01
4.971382795281373834e-01
2.720410550364288794e-03
1.603256092562521218e+00
4.630951390309547833e+00
-2.739992506811513850e-01
1.006531436872454104e-02
6.364950678847827170e-01
2.089350336445566558e+00
5.598750494308147196e+00
4.939361716599773300e-01
-9.512546410651626094e-02
-6.123521539070193587e-01
-2.447270471514587376e-01
2.815145392677807390e+00
-3.083178153208863681e-01
5.404669053220627628e-01
1.752882198925306279e-01
1.827793857757739948e+00
4.487067159534808169e+00
3.077032748688904307e-01
5.725969841831050067e-01
-1.055158118082040047e-01
7.946174652500517244e-01
3.490532478499266844e+00
3.293658593790141365e-01
-4.104420444893984721e-01
-3.110915692732621474e-01
1.437726973456137314e+00
3.125876670098748367e+00
4.746715161980028519e-01
-2.663355795647001645e-01
2.982727425430821144e-01
2.786134345515403510e+00
2.928424203468132703e+00
-3.366366724086949924e-01
3.979328134626545221e-01
-2.304466754452362265e-01
1.026151189456974366e+00
4.874159089620019536e+00
-3.696145866759024123e-01
-6.746430006458675049e-03
5.205183944246140060e-01
2.003927772943562502e+00
6.646792655533518612e+00
3.961500196475494229e-01
-3.315855795559055075e-01
5.096880982652575165e-01
3.041207695056415972e+00
5.438404226613001491e+00
2.986003334767475259e-01
-2.914444891494419876e-01
3.682279849496469804e-01
2.808384292190750031e+00
2.252314886869556165e+00
4.821094394353909740e-01
1.191543777854863206e-01
-2.676630532402176632e-01
1.078739935318306919e+00
2.715520161537745558e+00
-2.709825175317569501e-01
-6.264286125278611950e-01
-4.660194632164606915e-02
1.590553832296821568e+00
1.975865507570588209e+00
6.611749365651449495e-02
-5.645596221968508521e-01
1.396322858923183460e-02
1.754417740965906525e+00
2.244223219091658894e+00
7.137674319157046865e-01
1.191769977658650899e-02
1.603957976049888989e-01
2.246783237314935455e+00
3.595992511706548100e+00
-3.244008821825675182e-02
7.545879502857616439e-01
-1.563427155081265341e-01
1.331747825278448927e+00
3.776950889353006602e+00
-4.976553171946584420e-01
-5.590216391377344357e-02
-1.951879120793432454e-01
1.542159250563029493e+00
5.705193459460252470e+00
5.365126634741254064e-01
-1.069967741600844208e-01
6.039409668076410886e-01
3.656445850648875062e+00
4.012669509330162754e+00
1.129443216115502691e-01
5.047385758731683936e-01
-2.017638260493698210e-01
9.315434997412761486e-01
4.093529365080230242e+00
1.328115018052360326e-02
2.455073049982257616e-01
-4.204895954734396701e-01
5.404065082418216814e-01
4.977668288638169791e+00
-5.415063568127950200e-01
1.498229017010668969e-02
-1.625060220328561622e-01
1.243186770299435029e+00
8.756827049906362737e-01
-1.489751179659358320e-02
-3.449496629628862054e-01
3.650619584101993387e-01
2.408293953251001707e+00
1.790497692721981338e+00
-5.180390793729328092e-01
4.276043867752828964e-01
5.925122178297693304e-02
1.938587762345423515e+00
4.705614374467853800e+00
1.658918527318275771e-01
-3.635595847406252190e-01
-3.126490142190092580e-01
4.750160566092299641e-01
1.600581161928976037e+00
8.215376057176303204e-02
-6.969927227717149787e-01
-1.187043861396838151e-01
1.220734980387099045e+00
2.568137038241344428e+00
-1.612234173582373919e-01
5.332958059897504599e-01
4.285078770128464276e-02
1.339875365754557901e+00
4.534754693455054664e+00
2.208079038439794139e-01
5.747461555669702848e-01
4.177472289107021786e-02
1.779989757854230303e+00
3.569472287999609694e+00
-1.079543667188028327e-01
-5.629872157333141169e-01
7.125133385924307949e-02
1.760526944406349159e+00
2.003415737085182613e+00
-3.021574864198883076e-02
-2.606136630656839537e-01
-4.187436980116436280e-01
-6.205363984684416634e-01
4.530249733182197147e+00
-5.771642936085791264e-01
1.312930127827095228e-01
1.978680435587033271e-01
1.684689201805045000e+00
7.950383464782602161e-01
4.544165747829629898e-01
1.242759744331514149e-01
2.324196898702966807e-01
2.495089938964169640e+00
3.556587493787790599e+00
-1.025407626106062814e-01
3.137996525088920241e-01
-3.365222205562840019e-01
6.884619229196869972e-01
4.772105475373889405e+00
-1.766879656465566648e-02
4.115517096497247618e-01
3.716941438608508119e-01
2.084850592951430492e+00
4.369320227411870761e+00
-3.325210541931574587e-03
3.505152529789635207e-01
-2.613370116795301068e-01
6.781724355498837120e-01
4.430392747755278471e+00
-1.315809888469660904e-01
-2.874124407196296249e-01
-3.341542028282324384e-01
8.082144672175636257e-01
1.374547387264276166e+00
-1.386853260559741396e-01
4.762414809327586984e-01
1.420803612181427422e-01
1.625182892439493987e+00
4.283615389275656327e+00
4.277458235486683580e-01
5.790784087148643788e-01
-5.154582132613698409e-02
1.015846781793892983e+00
3.165619814422724776e+00
2.554465368100081735e-01
-5.327576378919752359e-02
-5.429181026183053094e-01
-2.946803845444413983e-01
2.860760319809831032e+00
-4.378907157555153411e-03
8.570484438644927760e-02
-6.134581723800673903e-01
8.249666924970858739e-01
6.057977447483454014e+00
9.080309768828763450e-02
-1.727419293615432005e-01
-5.302664921485159555e-01
5.589001688608026264e-01
1.322283637245837973e+00
-8.460940698893328060e-02
-9.171264723030773947e-02
5.682279986794991355e-01
2.608770631820779951e+00
1.132336233690605320e+00
2.403319175457554191e-01
-2.048076962288643277e-01
-5.726675356887166446e-01
2.621803928249549775e-01
5.226757746155279882e+00
3.154749528766572220e-01
2.413906253250752976e-01
-4.019873679414506795e-01
8.623490086071636251e-02
4.240807661942761264e+00
-2.331518620703950107e-01
4.030328444803383398e-02
-5.310387631339931191e-01
8.941980661661680374e-01
9.849900149529042248e-02
1.537425999726502734e-01
-1.563001600343656983e-01
7.494112679299655966e-01
2.511195809992428973e+00
2.168050732844938877e-01
-2.567488694042150410e-01
-5.153682477596968070e-01
4.777501717928447356e-01
1.462517246718024300e+00
5.045366970351334857e-01
7.503711158961035022e-01
5.188272543153228666e-02
1.913367025702602808e-01
8.396237226364915429e-01
3.019890857595757705e+00
-2.205219367535454500e-01
-4.680492524834846679e-01
1.673796718736068889e-01
1.951933383993461169e+00
1.760539067578272165e+00
6.650744585511625395e-01
2.251307283007309701e-01
3.863253827377948202e-01
2.691295489869625523e+00
4.335962845696849755e+00
6.383806016608587486e-01
-6.371972450923009401e-02
-2.389128456951973845e-01
2.847802297529540838e-01
3.398851276029194235e+00
-7.574764493032842827e-01
-1.504277741455077588e-02
-2.258942754135048192e-01
1.893576237206672674e+00
5.962275032849623457e+00
4.833297270937992884e-01
1.730217163128686120e-01
-1.703988782024383128e-02
2.254640088221667504e+00
3.502458280031119031e+00
5.176825638328177437e-01
2.960346234766875750e-01
-3.936752143951331023e-02
3.560606305927853654e-01
3.535170539011429636e+00
-9.567403475911594180e-02
-7.703967330714421857e-01
-8.952932138454293420e-03
1.173081917477817537e+00
1.992958406866140564e+00
-5.700780314659971149e-01
-1.466710260058527379e-02
-2.236050512873555274e-01
1.538854125169756282e+00
5.666802005454467661e+00
-1.859232230968185240e-01
5.397577670458777455e-01
1.483101703420659431e-02
1.423270193281368945e+00
4.460224503804244733e+00
-4.916325472293937016e-01
1.796325811010045792e-01
-2.993514339341123431e-01
1.478429176787650290e+00
3.702939729083896125e-01
6.684699144679348004e-01
-2.888668753141774848e-01
-1.280482249668828121e-01
2.603516121875718015e-01
2.506912981572368526e+00
2.776835650399112621e-01
1.376759181181792108e-02
-5.799348086633814292e-01
4.126753001447256985e-01
5.733727105432764315e-01
-3.063173632274160396e-01
-2.776350228753677873e-01
-3.094991152291534653e-01
1.029028707474116899e+00
1.277992033344818923e+00
-2.138346019605520398e-01
-6.116614833513589478e-01
-1.005842964108492193e-01
9.764886357918376447e-01
1.820678564206258176e+00
1.995409316864525315e-02
-4.276595228522863668e-01
3.202783677725506983e-01
2.271275715247766058e+00
1.926208673061164500e+00
5.644634857877206535e-01
-1.954027022654289680e-01
-2.321883837980962817e-01
2.336526221093014055e-01
2.778618887346373967e+00
-4.403538530531570516e-01
1.870059243629712195e-02
5.456244438484186832e-01
1.762453826752583108e+00
5.192411497954776856e+00
2.214527140140286621e-01
-3.751783944620354361e-01
2.430613349084810026e-01
2.337348193152728015e+00
2.242972574225015947e+00
-4.714296057423199571e-01
4.994435201030993782e-02
2.899266062348971884e-01
1.824263422200963047e+00
4.992124716420989650e+00
-2.366258165279210568e-01
-4.504411032794455871e-01
2.604916215086986453e-01
2.013356992552336688e+00
1.686916736745742273e+00
3.564979495784658114e-01
2.207611119018732249e-01
-6.296567975826508068e-01
1.905557831288989812e-01
9.437173355051420298e-01
-3.739487119700032336e-01
-3.087999688231483075e-01
-4.809848874193548007e-01
1.425632589334685729e+00
-1.311886018651200192e-01
-3.023547060155334365e-01
9.747086311422556437e-02
7.131959265666423242e-01
2.108791158314544223e+00
5.393985716863982205e+00
-3.429862025516844937e-01
-7.851162004007886108e-02
3.765091142635207944e-01
2.197674558319997917e+00
9.214532667126313914e-01
-3.849135561920828397e-01
-2.928451502874624413e-01
2.383119954707268728e-01
1.904206878931305136e+00
1.247587775008649258e+00
-2.616714200744822971e-01
-4.447062134606737799e-02
7.116429336774235948e-01
2.135807973503654367e+00
5.623581399042874907e+00
5.198984708327030607e-02
5.983711379947593834e-01
1.806467565028758993e-01
2.095135561786982237e+00
4.121270595100418710e+00
-2.741339695973402657e-01
5.883652511502229787e-01
9.993244003418896848e-02
1.460412811116533982e+00
4.491772807209006402e+00
-3.073255960719110252e-02
2.712293371485859916e-01
-3.932490374349955076e-01
6.741357816101611888e-01
4.999781081475967781e+00
2.115863538170306424e-01
4.788139078736735610e-01
3.609526222817990848e-01
1.312211967577199268e+00
4.275483231760054181e+00
3.266633937646085672e-01
-5.063909220756006579e-01
-5.664698660929082946e-02
1.736746048161671219e+00
2.618461456413005983e+00
-4.729965581677597064e-01
-4.006539893484546977e-01
-6.100860201749760264e-02
1.409277117390120848e+00
1.352755832153380133e+00
4.993203539953894876e-01
-3.057655337321915079e-01
-2.514982883305344474e-01
2.160810490248682214e+00
2.961896895513628447e+00
5.107653189570968838e-02
-9.511963839574553992e-02
-6.677403397221347570e-01
6.057077411710231063e-01
5.812704441016478540e+00
-4.457307681246012177e-01
-1.506099135706823059e-03
-2.175662044494592884e-01
1.236535850418092108e+00
5.824792253251936280e+00
-1.069225741118609851e-01
-1.824444391223173367e-01
-5.308605577724251345e-01
7.768557750098321613e-01
8.531695938732046791e-01
-4.450264853469881182e-02
3.536480760995735495e-01
-2.876021673313010618e-01
7.794107686785807232e-01
4.577938697720922434e+00
-5.575192645232570493e-02
-7.748728743303199273e-01
4.187074196280649030e-02
1.556414475187986479e+00
2.414349466386121357e+00
-7.875796400453044521e-02
-4.526787207845289207e-01
-1.725542492082667856e-01
1.149498476774360567e+00
1.736073333838567434e+00
-7.476120924057595707e-02
-3.446010758880039826e-01
-3.199692902751593016e-01
8.496721150324597627e-01
1.528877221177490364e+00
1.326028511801388421e-01
-7.898606922108991624e-01
-7.051225753323184242e-02
1.434954653455699169e+00
2.770443307889536300e+00
-5.622691106388755244e-01
-3.029578322431881188e-01
-3.250592252504523882e-01
1.536609214298000792e+00
5.887826255106670459e+00
1.386693349208878434e-01
7.643327978344888196e-01
-5.568247805669742506e-02
1.715252308969893225e+00
3.574489490077876752e+00
1.166003605642366298e-01
4.885648035486789831e-01
-1.475542669898144699e-01
9.584364440638620808e-01
4.055638527740283550e+00
-4.473223009044510201e-01
-8.886200612421535361e-02
-3.778288680261280286e-01
1.437998847327706997e+00
1.258858704781101290e+00
-5.278596038167340243e-01
8.955722254160274065e-02
2.581151300916113556e-01
1.619725289553166858e+00
5.525904860142950570e-01
7.513247975930431588e-02
4.362123793655484083e-01
-2.351596088723332534e-01
7.947074968631914205e-01
4.252447330124176972e+00
3.569069166998375259e-02
5.229221717338662367e-01
-1.571067446102026310e-01
1.094877290328897468e+00
4.382347562804500107e+00
1.093772195783615925e-01
3.603291455145449240e-02
-6.025995578886812476e-01
5.016524810537756895e-01
5.223418605440516949e+00
-4.750918484791272767e-01
-4.490862298793393270e-01
-9.569484159141189439e-03
1.419748103716879317e+00
1.469639846025449614e+00
-2.762953734396091376e-01
-8.066521552646418458e-01
-1.395133805711397668e-01
1.158391565641126997e+00
2.419097332073824713e+00
3.839872075884337432e-02
-1.424943579787461279e-01
5.215095136851956026e-01
3.594481092037284498e+00
4.422872151766990889e+00
1.850117558974900545e-01
-2.562019629471876114e-01
-5.232123121349021577e-01
2.258803500542983511e-01
4.707432282955328340e+00
1.236288319192701685e-01
-1.626694126255765205e-01
-7.069810719976220570e-01
6.043005983107877510e-01
6.180864206900323232e+00
3.933639427179850823e-01
-4.513316361777175434e-01
3.247944240762601353e-01
2.767199197544011113e+00
2.031345181007302880e+00
-1.623038027756853671e-02
-2.848404935110641079e-01
-3.467466900131127572e-01
6.619897502633683706e-01
1.370707359844613338e+00
2.144376653005045097e-01
5.108306944074693101e-01
-4.999422703196453044e-02
1.110928508613872934e+00
3.888921665839655706e+00
4.440974705206035544e-01
1.804655807295837133e-01
-4.862519659698898433e-01
2.327238538193070541e-02
9.574084976390027091e-01
6.942821279998224737e-01
-2.371735711902225874e-01
1.040115729136526640e-01
2.427141599154378770e+00
3.238182156284241220e+00
3.708236093855453719e-01
6.252341184432197441e-01
1.037906699921321563e-01
1.412055495118977433e+00
3.221983340803969753e+00
-1.334049218537685100e-01
-5.478565638492113310e-01
1.361561786533572738e-01
1.925508792158601379e+00
2.013860446558704886e+00
2.658275200813036698e-01
5.340424284578842995e-01
-3.829137458610161471e-02
1.104000385909811977e+00
3.705304826967754650e+00
1.527342072770711268e-01
1.235672970126263787e-01
-5.417757929773040493e-01
4.947565654778731115e-01
5.498466650971846725e+00
-3.845238821510792993e-01
-3.833289090772391133e-02
-5.713566668197136433e-01
1.084609827895948175e+00
5.762920386662296224e+00
3.051327839127255803e-01
1.057726980110405002e-01
4.320620780731084243e-01
2.666755777292653118e+00
3.836129777604002644e+00
-1.316978931691963339e-01
1.948946190190962158e-01
-7.305257682030168453e-01
1.166398949540935259e+00
6.212616411957586848e+00
9.760238401383852444e-03
-5.849734783746731587e-02
-7.417002238216567900e-01
6.803583043243806028e-01
5.909349078665701249e+00
3.546918878449457913e-02
-4.820529011509709916e-01
2.381314578381688030e-01
2.036708211266600621e+00
2.055071211368150852e+00
5.705049501885592900e-01
-1.467899515076540040e-01
3.561661840642860177e-01
2.959695735046403708e+00
2.609476948413284259e+00
-3.443578760313280029e-01
3.424391000381008521e-01
-1.849087156987230252e-01
9.886067786887519082e-01
4.805750385975542827e+00
-1.916803950292604586e-01
-3.546752879098701849e-01
-3.098425110597489707e-01
9.286938178748406214e-01
1.519954504257316596e+00
5.452887807987284452e-01
-1.142981965396572125e-01
2.554834472021533798e-01
2.745858517300824087e+00
3.204059515751680021e+00
3.518095603786332015e-01
-1.781230074811734898e-01
3.255620681666980265e-01
2.649068952296034674e+00
2.582772494853370571e+00
3.881634012513610621e-01
5.914215870127645935e-01
-7.335361814432174443e-02
1.022228043156197641e+00
3.388919486980292550e+00
-4.005257016374551005e-01
-6.634565398683765509e-04
4.065960798962166556e-01
2.185447420856032608e+00
5.441706204561328697e+00
-4.500602728030916322e-01
4.508488038875764214e-01
-5.440794626778704124e-02
1.252281491287985160e+00
4.731660180965783447e+00
3.842026939328219703e-01
1.925599250538799212e-01
-6.240287142565591194e-02
6.939963715660206756e-01
3.585560397872989302e+00
1.267001216651691964e-01
2.247227438765376506e-01
5.015520586290195260e-01
2.733822019692494720e+00
4.965904625262092864e+00
-5.976937324048596789e-01
-5.827462577630913854e-02
2.510150732671661555e-01
1.851808009551719092e+00
1.172198040399717200e+00
3.121610980905601962e-01
-6.506083099984909524e-01
-2.077147525229359193e-01
1.704325810656373230e+00
2.625833134369520483e+00
7.348577885781035213e-02
-8.996310677459923300e-02
5.421084797751575257e-01
2.813063506117635448e+00
1.049471816731540663e+00
-6.569868117659224960e-02
2.278636033814259720e-01
-4.398502354178182028e-01
6.980324215243129959e-01
5.369520126918232883e+00
-2.640344267086116026e-01
-3.868031498137717294e-01
2.487249191233486811e-01
1.857123985039626390e+00
1.468505596662302182e+00
1.563535723260719434e-01
-5.016482147993246406e-04
7.120740958548661403e-01
2.432977883438572242e+00
6.089025025682596848e+00
3.231815821642947117e-01
7.303719304677984692e-01
2.273811677432111544e-01
2.153499753933411753e+00
3.401317200609986990e+00
4.593571230943355732e-01
-1.597333784334484530e-01
-3.144337546628201974e-01
5.305263845238125109e-01
2.228185452314424886e+00
2.514933035798244121e-01
-5.514759127297170771e-01
1.684540855679044491e-01
2.103564464071565165e+00
2.363502150953117997e+00
3.676686161011848419e-01
3.719654799889151597e-01
-1.694770902879746410e-01
7.843484528997973770e-01
3.630523665158072344e+00
-4.584523158731381165e-01
2.768083853051954146e-01
9.421289114989958580e-02
2.048103691138301929e+00
6.121767557030226570e+00
1.166231016389614877e-01
-4.953970053931248674e-01
2.284212729053986257e-01
2.079551164794549933e+00
2.260400401262453673e+00
2.974663053828881937e-02
-3.357005512447894247e-01
-2.907837379659677923e-01
6.033640703162886920e-01
1.605508430210565773e+00
3.762094976070435859e-01
-3.365337615526746151e-01
4.872660445297563592e-01
3.238591762213300917e+00
2.351591085926340252e+00
4.523407798334049268e-01
2.247602917325749183e-01
-2.496886199179494947e-01
3.788459577960291980e-01
4.061546678468257454e+00
2.549218445784308118e-01
4.483691089116456086e-01
1.608182318136746058e-01
2.229465011681088793e+00
3.915460083599824337e+00
1.524605125807233230e-01
-4.232729369343078973e-01
-1.985215427886293238e-01
6.218669896184365609e-01
2.086630596201267451e+00
3.156114922946205437e-01
-9.046905718051927170e-02
-4.675624358328656083e-01
2.524983687298000268e-01
9.810540171882289329e-01
8.476643443540603229e-02
-4.537592077250872658e-01
3.441870354616331507e-01
2.287128792266831745e+00
2.054553073879687997e+00
2.386810367146150469e-01
-1.049928516715738086e-01
6.239814756922505978e-01
3.547710542427455760e+00
3.287224541550394452e+00
-1.636533390282041978e-01
5.902314693124566247e-01
-1.475498953037641670e-01
1.306604009597747806e+00
4.146736016871246377e+00
-3.480136902716516462e-02
-1.440220623748512674e-01
-5.283244269629123746e-01
6.576668712424097452e-01
5.290181627081911309e-01
-5.036370019670979303e-01
4.348410957283463940e-01
9.795735325819486701e-04
1.363728171739557515e+00
4.761608517411263009e+00
-2.369850467363653068e-01
4.566974397854818291e-01
-1.433083445767789621e-01
1.132031682348311863e+00
4.657002311207438794e+00
2.910021443507943006e-01
-3.577551287395698276e-01
1.930049360651944768e-01
2.150903054059687847e+00
2.612075290104312497e+00
6.887474496414212055e-01
-2.368435179655373757e-01
-1.153387130148486733e-01
1.730539178615825735e+00
3.570872133978214791e+00
-3.707805733257907299e-01
4.315471731967812641e-02
-3.768289179212581108e-01
9.390791613252204018e-01
5.709551280173334575e+00
-6.565652175367042709e-01
1.710501485305648273e-01
1.546625046606508458e-01
1.553680235019811562e+00
5.010732858433607717e+00
-8.568082811241154451e-01
4.755432472515013637e-02
-1.311603451617359972e-01
1.936732651159312812e+00
5.513975232799580795e+00
-4.709588570400168039e-02
-3.511090314346360097e-01
3.822273225141511466e-01
2.388936564716099387e+00
1.693619026918735671e+00
-6.530773141994967723e-01
-1.336211873093309799e-01
6.108793959779184463e-02
1.556759733551316360e+00
5.582376418697209353e+00
6.334804992850784355e-02
6.024987703329214295e-01
2.449103839839594787e-01
1.721090973831121751e+00
3.766149254183466244e+00
-3.754033324874136435e-01
-7.340111205872135169e-02
-4.151112704800157815e-01
1.202589131548164048e+00
5.587715137271829668e+00
6.078322755081209117e-01
2.248064615884009798e-01
1.726496512896832369e-01
2.296234685208115689e+00
3.985745894429358671e+00
1.868327121382776235e-01
7.033292128682774869e-02
-5.590075367724097744e-01
3.653186605165145706e-01
6.232220819121965683e+00
3.069209752382365819e-01
-1.778380906740220646e-01
-4.898485345536769398e-01
5.046836322634253857e-01
9.394951982227859322e-01
5.424743476476031612e-01
-1.268386331020428526e-01
2.932028902695743011e-01
2.648156436705654926e+00
3.186530838449687320e+00
-5.612773064324918515e-01
2.090946542061750124e-01
4.000404458135402574e-01
1.645617289086462431e+00
5.896009697145818684e-01
-1.152973881370968345e-01
3.099691561132371653e-01
-5.749716618894752385e-01
1.115883843448636226e+00
5.775873389150687487e+00
3.303886132666986053e-01
4.166407122057872447e-01
7.026136761080500892e-02
2.768411252852486459e+00
4.193051065960448298e+00
2.400183456003311122e-01
-6.113391296495912508e-01
-2.488182653011331291e-01
1.637035332610052185e+00
2.680974425797402638e+00
5.228513759788240289e-01
-8.346226564465770992e-02
4.732751517284422560e-01
1.691014870873335463e+00
3.752398832069624657e+00
-1.654825373599281002e-01
-1.652550696102176031e-01
-4.982268958097701983e-01
9.310853639875430465e-01
7.155965635728275265e-01
4.771722003089929887e-01
2.223994535334361256e-01
1.517545517109041286e-01
7.918096399725692569e-01
3.465332172581301773e+00
-4.444015646895393273e-02
4.508617450687971706e-01
6.223730076080858931e-01
1.666524458580836754e+00
4.300154606545141256e+00
4.429004836045910554e-01
6.261541653394689932e-01
1.283323089087076152e-01
1.196292259342317088e+00
3.304866711883571728e+00
2.363517081532728326e-01
-3.568726129891075516e-01
3.267840249373349937e-01
2.434593155465145209e+00
2.090274308021597527e+00
-7.567510265664108005e-01
3.591334423897015599e-02
5.583393325976841043e-02
1.787267288176291213e+00
5.240574211199930943e+00
3.830245699537576654e-01
-6.339299115822043529e-01
-2.579867565650829919e-02
1.198045104210959000e+00
2.962933047855083046e+00
-3.501031966622856206e-01
-9.600901852647565626e-02
-3.792483157619637724e-01
1.081852576976891189e+00
5.497180279510005541e-01
4.536828644731228377e-01
3.598357239429316179e-01
-6.905286039481089988e-02
1.983697504205845119e+00
3.380575705557372856e+00
-2.564705833219599329e-01
-4.027491393106730905e-02
6.342674869594270293e-01
2.207508593866969626e+00
5.647737558841935623e+00
1.824916851590345501e-01
5.801049584015828264e-01
3.208554077958652995e-01
1.627447110646885298e+00
3.585261769793235409e+00
-3.677453970701585750e-02
7.976511439247475910e-02
5.163641052213331362e-01
2.557041884488397976e+00
4.937797976335651207e+00
1.570330652019995277e-02
5.302499947425494131e-01
-1.972365572790381882e-01
1.114127728034159492e+00
4.165296279552230807e+00
1.758758009669690314e-01
-6.225826139284534877e-01
-2.104574968438474494e-03
1.296592549957770846e+00
2.547144347766995498e+00
-4.206235018422760374e-01
1.888142701673286294e-01
3.536517663296540603e-01
1.878590782255230351e+00
4.900758895226729805e+00
-6.661508371336198886e-01
-1.288503866176453350e-01
1.521238254095594877e-01
1.938751764497936847e+00
1.071561948259342589e+00
6.759421498742899936e-02
1.940211770291238591e-01
-4.066370486356781777e-01
-3.699264240246519786e-01
1.656906548643342747e+00
9.162333966678089248e-02
4.371448952213847772e-01
3.296644521218187740e-01
2.335224035469046999e+00
4.327886174283086085e+00
-5.416941727035233800e-01
-4.980579146778833510e-01
4.184409184363085607e-03
1.134701767669757944e+00
1.532012605708413799e+00
3.406331868090922144e-01
3.827342397696657517e-01
2.360191235590254621e-01
2.539818983401327834e+00
4.100524880625226132e+00
-6.745269501632941700e-02
2.088788432572605824e-01
7.665141676901193746e-01
2.032850612154791126e+00
5.917277281762900465e+00
1.483372097510677612e-01
5.991616089991234073e-01
3.024414455753500208e-01
1.458323534596931870e+00
3.676147759139388072e+00
8.945733964665532056e-01
4.434455158726535035e-02
-7.788536019780852027e-02
2.132890538860916063e+00
3.659724502705857141e+00
-4.343333361845788665e-01
-5.715100507674810704e-01
-2.216523827539643443e-01
1.355848908005637510e+00
-6.246047684439105102e-02
-6.705406758488355878e-01
3.035805443547153204e-01
1.385876471794701137e-01
1.794246522886705719e+00
4.895655085310322008e+00
6.793621451075437800e-02
-4.009319017477998293e-02
7.941901689301635869e-01
2.629971665747850462e+00
6.128101016625441266e-01
1.583028012505320881e-01
-5.078817430688866708e-01
2.168621857500538930e-01
2.134585683916199628e+00
2.203330224473411203e+00
6.490473320996761886e-02
8.925637027768033860e-02
-6.065313924738150453e-01
6.711658324488576355e-01
6.064556581666292523e+00
4.379379923973497069e-01
-2.395082580896176205e-01
1.274039885512864012e-01
2.386870712594897803e+00
2.883806376940976524e+00
-2.713150994881275424e-01
6.551922749423219061e-01
1.869079103366946271e-01
1.511882205591087214e+00
4.318521752602133112e+00
-3.911029707774282271e-01
-2.217422575395472384e-02
5.150697395459179484e-01
2.199316044485404298e+00
5.589306154695244944e-01
2.494110991938185695e-01
-3.720005014585934799e-01
-2.426610229987105627e-01
4.395276695174890058e-01
1.883967899317010142e+00
7.107791854026238032e-02
7.750032654476970428e-01
1.470930701461997947e-01
2.099689482865787049e+00
4.043740470169174372e+00
2.288986630080953877e-01
-5.804495667568655426e-01
1.217996645175120213e-01
1.913773216013821887e+00
2.374031861828172829e+00
4.624658303596881209e-02
-6.189069799045805453e-01
-5.399089587849711935e-02
8.628461682274892741e-01
2.209271778733064906e+00
3.039550415848587539e-01
4.146168060166462999e-01
-3.744487974153979520e-02
1.024928705162856168e+00
3.771729110894864512e+00
-2.912659355744725009e-01
-9.517351055896006162e-02
5.039418978326256626e-01
2.273602964073091925e+00
7.123041352891426037e-01
-9.041928518850174054e-03
-3.636491075117505578e-01
3.146325545887846964e-01
2.169932808718091355e+00
1.552795490192936612e+00
-1.513786817161100751e-01
-1.083555907947836433e-01
-5.572850298952740644e-01
7.591463524788338857e-01
6.717255001373372281e-01
-3.476131500506141614e-01
4.560829558276465190e-01
5.048310608444890324e-01
1.642438164013809265e+00
4.513612424106495880e+00
-8.791367635419997106e-02
-1.448106599310239329e-01
7.251345297113008792e-01
2.443610784417869386e+00
6.788580399330358395e-01
2.664866310195614929e-01
-1.984249910288450047e-01
3.835582422308645434e-01
2.610333943390437561e+00
2.320331819167927190e+00
-6.074518520101464952e-02
-3.526304567643436805e-01
3.031575367619934736e-01
2.252297950593885822e+00
1.714440405089982411e+00
1.707957241357187239e-01
2.904359212809795032e-01
-2.581081392178547484e-01
6.304688853038350471e-01
4.006445792114460502e+00
8.079992897977152089e-02
-4.436902130584380322e-01
3.032823146595334807e-01
2.230810399574070235e+00
1.958833478392585814e+00
1.962245256454401010e-01
1.948933687840271323e-01
5.766725470512231722e-01
2.798258161806571831e+00
1.843139276452413045e+00
1.615841389183559351e-01
2.616783903911574227e-01
-3.005155936081078116e-01
4.602131877835966001e-01
4.293685197450150426e+00
2.799693621072904537e-01
7.702351581668475111e-01
-4.388307187899101805e-03
1.990755041608586628e+00
3.605695762942487281e+00
-1.072576989365304741e-03
-3.573649544428539881e-01
-2.850905371807306299e-01
7.332135991676196340e-01
1.516198520606043543e+00
-1.035364320855562854e-02
3.974687815832273485e-01
-3.386908600911922029e-01
1.473635501987085927e+00
4.432868580013304971e+00
-5.708427556146324910e-01
-3.332156329824034202e-01
9.968920363308651778e-02
1.149368905998539692e+00
1.010988836088687393e+00
-4.319916052670461776e-03
-9.800610891539290881e-02
7.044775161153025156e-01
2.250288138843785646e+00
2.520985582417198390e-01
4.220533139458602090e-01
-3.038755002292529150e-01
1.311784498729600956e-01
2.245493910723781017e+00
2.463162665314766908e+00
2.208841503783905424e-01
-3.233753244565604756e-01
-2.659890811197686555e-01
5.359734629416280649e-01
1.958494570837642890e+00
5.180013057832913437e-02
-5.060937154726584675e-01
1.549474507025091208e-01
1.928314021942404644e+00
2.152944663777348833e+00
1.679948162326490579e-01
3.460019307576925329e-01
-2.315918740012964105e-01
7.545379422443165840e-01
4.069416902316405071e+00
1.456203233829991284e-01
-6.300398043004120652e-01
1.448251766341455797e-02
1.771257314023428897e+00
2.453010607716073377e+00
-3.813477310550508759e-01
-5.541790095977315866e-01
1.511732651419206430e-01
1.643381981917988677e+00
1.893001400951745739e+00
-6.154731756546286126e-02
1.575591586557756330e-02
-5.945880343245427690e-01
6.818018573111628289e-01
5.997909155952342530e+00
5.969063947773087797e-01
-3.802445781208529246e-02
1.254504315479798848e-01
7.982640812169032873e-01
3.120797425160335425e+00
2.644036700496896208e-01
7.790780105836583869e-02
7.986823055359894008e-01
2.699500543048065193e+00
6.565787499548592088e-01
4.536744535554119821e-03
-6.369196878468200707e-01
8.443650570863180647e-05
8.328331518490660335e-01
1.855086875436164018e+00
2.748950935879113100e-01
-4.351490936831914347e-01
-1.043574314006089493e-01
7.487368460821314242e-01
2.388746719551894326e+00
-5.409835504601946399e-01
-2.816231595879748473e-01
2.155175661122928077e-01
1.775602799612902238e+00
1.359382893251376512e+00
-6.909011512425596857e-01
-2.932726143051955434e-02
-2.937654648149589653e-01
1.688672474182542516e+00
5.508343254641378195e+00
-3.553446688320310853e-01
1.718424256388581539e-01
-1.996072797458118830e-01
1.190590171957724985e+00
5.238829752921727589e+00
4.362876267003374386e-01
-2.711241214138618641e-02
7.129508848786363373e-01
2.641609700139677219e+00
5.847895864229690766e-01
1.271411799385127328e-01
5.303486443776062736e-02
7.360009420523260237e-01
2.428459012669246686e+00
5.392729685846485432e-02
5.096001543458064109e-01
4.015159424705486146e-01
5.374264079336090599e-02
1.215661261487993361e+00
3.158757405559729392e+00
