-4.700739285108783139e-01 1.818518172834763733e-02 -2.843254541505491756e-02 4.725618194732777444e-01 3.294974803075938485e-01 -1.489418785625622466e-01
-1.373116374989609770e-02 1.166234744985358007e-01 4.514140501105296521e-01 1.623503375902825008e-01 -2.253866176977076530e-01 -4.716376286819991548e-01
5.512884622893335917e-01 3.877577909851304128e-02 -1.866316470564121088e-01 -3.368206095991410631e-01 3.702129358197502329e-01 1.318203706384584728e-01
-2.410498161533181360e-01 3.860761287693660615e-02 4.032345053000606638e-01 3.388274497887892034e-01 1.397723195365765947e-01 -4.051639475497549325e-01
-8.554537997547308203e-02 4.777502452610541545e-02 -4.906672996892937899e-01 3.245110225029089746e-01 -1.076207217860311316e-01 4.080573015176506280e-01
8.717171696489312005e-02 -5.178944230016031547e-01 -5.415069008736179100e-03 -2.277780337953199119e-01 3.800396683671097842e-01 3.020276444419546791e-01
3.177988803933162743e-01 -1.786935251587342191e-02 3.803080804506444035e-01 -1.397121873514897139e-01 1.351325234744289450e-01 -4.956337263119142134e-01
3.234668327943867605e-01 3.675542533029733938e-02 3.951857639451559767e-01 -2.486479912807856851e-01 1.580703151320528299e-01 -4.159660871812668748e-01
5.575146866235152210e-01 2.492059999837556994e-01 1.357023422072637861e-02 -4.095776082228087533e-01 3.355539947392603972e-01 -2.257548941101157336e-01
4.198529254820053680e-01 5.592742913127470850e-01 -3.462467472878499875e-02 -5.084303285770720437e-01 1.963304011087976253e-01 -1.156304325310176101e-01
4.483724846090528238e-01 9.279910487140693998e-02 -3.026875834087104922e-01 -3.634512595369940313e-01 1.866676198487839666e-01 2.736204161337527641e-01
-4.235213357446123705e-01 -7.112771953076894860e-02 1.074704528539713322e-01 2.883866765434978108e-01 6.306051338138365381e-01 7.993893315689358514e-02
4.452565308874298355e-01 3.717346345931634571e-02 2.619597680274461937e-01 -4.676744252932946710e-01 3.739915736576546190e-01 3.150233185024650662e-02
-3.921349566663422936e-01 -1.396972722666008915e-01 -2.309649745867293213e-01 3.190412857927217849e-01 3.260004681470158316e-01 2.956790861748614385e-01
4.411880294926191493e-01 8.085961175784850408e-02 -3.392754599790251402e-01 -3.252438764236668112e-01 1.825262043631747377e-01 2.949532350053251650e-01
1.985046213340989074e-01 4.378057704845858544e-01 1.453157337291157980e-01 -5.654797086501843761e-01 -1.646184374633059000e-01 -8.579683022364983924e-02
-2.250345534892058547e-02 4.142532894081258354e-01 3.690452040944407486e-01 2.061342927223041022e-01 -4.776731277452974100e-01 -2.107278644275167867e-02
-4.243339866308499797e-01 1.941283443402834208e-01 4.391342099340254240e-02 5.713312830286428889e-01 2.598040546417345609e-01 -2.194530561354923054e-02
3.589055493305232103e-01 -2.985533484376959312e-01 9.114900840710890573e-02 6.699308872040210527e-02 6.572495781585656616e-01 5.610787756682841104e-02
1.767321411689031507e-01 3.111432600623342815e-01 3.830913615441658981e-01 -1.454388891938656336e-01 -3.495338461989344614e-01 -2.949289836205114534e-01
9.749982389527895102e-03 -3.080315211710907830e-01 -4.333562744906484521e-01 1.148674030825275055e-01 -1.246589352229430236e-01 5.440509193592537596e-01
2.476093942156356864e-01 1.462305484041544756e-01 3.772274824240279267e-01 -1.613880315582356950e-01 -1.886595112450517309e-01 -4.716363191710793989e-01
-4.859246277269236858e-01 -7.802726861367922928e-02 -7.275995881694591327e-02 3.854743739631233401e-01 3.730233253385997205e-01 -2.656774063142780529e-01
-8.437596983839439069e-02 -1.584767745551308449e-01 -4.273706907023681612e-01 2.127035792609737741e-01 1.810203347546777974e-01 4.650896469469863459e-01
-3.890826868198230537e-01 8.137289141612710774e-02 1.372190415097833960e-01 5.350452738631612526e-01 1.991857477464262505e-01 -2.262471098264929592e-01
-3.159763148106067843e-02 4.590757159038094115e-01 2.953338228255752429e-01 -7.752603175569479366e-02 -4.878685750824179324e-01 -2.276536267606071862e-02
2.262971177960749480e-01 -1.863180531624390388e-02 4.878133230179513280e-01 3.333209414071263699e-01 -5.124483913932562085e-02 -5.059081123976912897e-01
3.110686678340153222e-01 -1.178348483725006612e-01 3.568489929793476900e-01 -1.246456243151553012e-01 3.855387845722649254e-02 -5.295457394832974174e-01
-2.611448089829112584e-01 -5.752853153532219710e-02 3.110422120017235503e-01 3.198016726720969150e-01 2.555415405686838337e-01 -4.402821622904058430e-01
-7.588909564490008142e-02 -2.088891249545642148e-01 -4.557916157313637306e-01 2.622580850380810125e-01 2.624440932548627314e-03 4.612244668112868151e-01
-3.244491826413114510e-01 3.725084296783207627e-01 1.612101374712478913e-02 6.248750390499286933e-01 5.975717895554255588e-02 -1.502665521315449740e-02
4.463143970484741846e-02 -2.568267983767297813e-01 -4.610359519294586206e-01 8.493729779272443658e-02 -6.363884406043113229e-02 5.192975893262119502e-01
-5.908780738954489964e-01 -5.719963080025413510e-02 1.092303814741825592e-02 2.374019703721481633e-01 4.585928145344894125e-01 -2.079612271702894755e-01
-3.531039198147989944e-01 2.034961637689752800e-02 2.381652052681744181e-01 4.470782149630828095e-01 1.978547784331484427e-02 -3.615916062229721506e-01
-2.072992536830259303e-01 7.170610631097644461e-02 4.133664775033014105e-01 -4.671613724190015748e-02 -2.525990025155328000e-03 -5.708604569928030781e-01
2.206996434783254496e-02 5.222313834956989753e-01 -1.052085711151665021e-01 4.247761485679436011e-01 -3.771000976000984384e-01 6.517516138567212847e-02
-2.556220186002417308e-02 -5.381090336841833910e-01 -1.133028837459729848e-02 -9.789304345936682139e-02 4.014172309351941026e-01 3.234213321500694627e-01
2.074722270481217934e-01 2.892807097996772867e-02 -4.968140504038661698e-01 -1.190241947770927511e-01 -1.719083836146908795e-01 4.268010236617205688e-01
-1.684468131083436959e-01 3.856766235150337896e-01 -3.281297554014143136e-01 2.666706887506622992e-02 -2.697685690094942523e-01 4.014743651008264580e-01
4.077317554074808004e-01 -1.167001609104851151e-01 1.747865516380506801e-01 -1.085222728718457375e-01 6.901065454646843067e-01 -1.125194121591174823e-01
2.487052068456297501e-03 2.631168377664552249e-01 4.140292602497558927e-01 7.149520151726880546e-02 -3.839898937783069455e-01 -3.452406214781482130e-01
-6.837473267022754764e-02 -2.125010519248469176e-01 -4.781200887943868882e-01 2.369424620454883001e-01 1.528578737931848841e-02 4.464849979592735996e-01
-1.807921863193821532e-01 -4.225435665496544702e-01 4.139891543307198246e-02 -1.820503997656127693e-01 5.745068077273209894e-01 1.181385274536371210e-01
-4.221515975010015076e-02 5.048562278420212213e-01 -2.382377553539944959e-01 -4.287076843191910958e-01 -3.943270283660835762e-01 -3.307196822758173838e-02
5.429225048474427273e-02 -3.344477269900902328e-01 1.925049179640712926e-01 -1.599411129496529083e-01 4.823789778989538424e-01 -3.431238715643595283e-01
5.060837269139227546e-02 -4.377429255919246809e-01 9.122537500048522041e-02 1.980556633048379256e-01 4.739376327889181506e-01 -2.923080081112703899e-01
2.358571085108948362e-01 -2.312410270496981224e-01 -3.889408485127239801e-01 5.331298275965751232e-02 -6.566032579451150375e-02 5.802137694536544377e-01
-4.328889925998471305e-02 -4.515540082529429511e-01 -1.232278791392462242e-01 2.892392589575347728e-01 3.876985336729116827e-01 3.069815987473479280e-01
1.697391984536904541e-01 2.873738470780901610e-01 3.494170619967695846e-01 -4.034404431913889422e-01 -2.161694505704371827e-01 -2.970419435069551195e-01
-2.043739126620074120e-01 4.778703643626868169e-01 1.167611155607184703e-01 5.979447484633779730e-01 -1.185645355999247474e-01 9.330528224448891850e-02
-3.440069035617238646e-01 -1.534842613319196232e-03 -4.175327507153797080e-01 -4.106210068291166193e-02 -6.753576470481922889e-02 5.331871474101350650e-01
-1.303709792655759758e-01 -2.447622685911123031e-01 -3.927304210127144368e-01 2.188144234145564526e-01 2.324401484285429087e-01 4.137107781740042012e-01
1.810393980850890649e-01 -5.553291427372774036e-01 6.153769296618420009e-02 2.631643591044486863e-01 4.286440178703185833e-01 2.198169082203256242e-01
5.569614335184523979e-01 1.223398816782848009e-01 4.388711560474987949e-02 -3.950046532076694206e-01 3.039431857823174377e-01 -2.026505278938692811e-01
-4.857312159833440668e-02 2.549867535414971353e-01 4.033616093590425278e-01 2.583099998561436683e-01 -2.101470723907430949e-01 -4.269836644517936985e-01
-3.247634689740672154e-01 1.040326534835984834e-01 -3.381816572967822343e-01 5.047126958140031316e-01 2.470404472088895687e-01 2.017424697639545461e-01
-3.238421259561638510e-01 -1.866837409086511135e-01 1.121100044094202747e-01 3.247233926693229855e-01 4.161283614557707011e-01 -3.526268429494255341e-01
-1.953587136539723101e-01 -1.166893087585420402e-01 3.515530946208163532e-01 1.149884267231673085e-01 1.174263781967997550e-01 -5.697907595298261629e-01
-1.096973496983120674e-03 4.165364236840323753e-01 -3.865721838204693173e-01 3.094659099273409097e-01 -3.177555853870018265e-01 2.170551356851954106e-01
1.243513313637517603e-01 4.299145094546599211e-01 -4.053341690752468862e-01 2.186282475950375170e-01 -4.442045962888274691e-01 7.114001914498085943e-02
3.142367161669982756e-01 -2.089020455810555732e-01 -3.714345372655748490e-01 -9.662787740005307491e-02 2.524598947134320537e-01 4.149085467637102509e-01
5.747034644080273313e-02 1.110712721357401400e-02 -5.709130105039263992e-01 1.735255287888352316e-01 -3.608097752755287102e-01 3.500696235848365090e-01
2.001021771350196959e-02 -2.534442707989181809e-01 -4.408865225960529877e-01 5.314350614837068387e-02 -1.627060710417761458e-01 5.544369244814911779e-01
-3.854090439020663172e-01 7.749917173625561762e-02 -1.928232074873433011e-01 4.989444254185684269e-01 4.307693611822532853e-01 1.123310396555499413e-01
4.390145496933653413e-01 5.555973946472740621e-02 -2.727269878991270824e-01 -3.958718621695970774e-01 1.662020551476049435e-01 2.664603239572613802e-01
-4.373855969500727303e-01 5.632232667553655620e-02 -1.032141211869386926e-02 5.251793105362435599e-01 3.178472604846154237e-01 -8.154997290730092718e-02
1.782656359110340594e-01 -2.961744375868861079e-01 2.307058330010200442e-01 -4.734632534882426969e-02 3.118157092755390325e-01 -5.305084760175944325e-01
4.341107279168179844e-01 2.791336807346925242e-01 6.586878368100838876e-02 -5.541586985845978752e-01 1.331733076927319459e-01 2.093427418091107356e-02
4.740667356103872576e-01 3.273586256741247702e-01 -3.108964300262382144e-02 -5.051299877551543860e-01 1.270039784398117322e-01 -6.321116665578789540e-02
3.300285454604495183e-01 2.465891387724758188e-01 2.851661396438060492e-01 -4.381748437545330277e-01 -7.609372360550856196e-02 -2.677708577855257288e-01
-7.908815715011301151e-02 3.739486695752904377e-01 -3.512145340428169948e-01 1.172704924142534133e-02 -5.674785844102923082e-01 -2.645720350010632993e-02
3.776595261100633705e-01 -2.964584253546108661e-01 -2.309986412565707137e-01 1.071542960420802659e-01 5.801344506167163129e-01 1.670112208099174822e-01
-4.313045862923197901e-03 4.216548443117610345e-01 -4.351997780445583941e-01 -2.373126249559063539e-01 -4.034278679722119731e-01 7.953288463832902666e-02
6.824792111214900148e-01 4.575889331142494326e-02 -1.032437994030899198e-01 -2.647606025103761418e-01 2.882081365132531103e-01 -3.128985154042528416e-01
2.177533914725164610e-01 -4.228560797678063143e-01 -1.000802548415839072e-01 1.546053538690448370e-01 4.546339628710037162e-01 3.753390868101517119e-01
4.126529288551163827e-02 1.147137472988301460e-01 4.729832918456969848e-01 9.071495187898684365e-02 -3.334733507597200108e-01 -4.195877453044474237e-01
1.301536511618413550e-01 3.875572122418294851e-01 2.926945700311649468e-01 2.409193532792407721e-01 -4.435010458417966150e-01 -2.523495849741417274e-01
1.906332529044116320e-01 5.712248288908727822e-01 -4.731292745546226974e-02 -5.187790099079407913e-01 -1.306101955035722240e-01 -1.118252511208426003e-01
-4.071659480675588472e-01 8.119227665729845944e-02 -1.946592946619570552e-01 5.176474105605355369e-01 2.409162032212998072e-01 1.506065724404854478e-01
2.201285652984097674e-01 2.890579332961411563e-01 3.671140238788682120e-01 -1.830528347173710768e-01 -3.520958763103781974e-01 -2.858534723323613025e-01
4.420383244804153566e-01 2.915844143077152006e-01 -2.236633263107147551e-01 -4.030639039765002707e-01 -3.814609193059337322e-02 1.971454387037321621e-01
-2.243267937286254066e-01 -1.019590229301529510e-01 3.532193398345389035e-01 2.023827378373508901e-01 1.218423328641212861e-01 -5.230408548652943912e-01
-4.173088725445887603e-01 1.299689785254541097e-01 1.607128496988216304e-01 4.621802994807130971e-01 3.042819925897214395e-01 -2.821344935449643376e-01
-4.932039053370249615e-01 2.080079166760478646e-02 7.685796191669801158e-02 3.773700167459286270e-01 3.762260971641675500e-01 -2.633976749238669535e-01
-7.272229066021544674e-02 2.342207414076592220e-01 3.868196909412717210e-01 5.788641922764503622e-01 8.326114597489586711e-02 -3.565821222129622048e-01
-2.386268346374843113e-02 4.524476530483299841e-02 -5.254484968168940950e-01 1.519460545183513311e-01 -2.024811044052614584e-01 4.272965798565667717e-01
1.221451966874930323e-01 -2.774623961719480114e-01 1.858843485013527697e-01 -1.327899887243556842e-02 5.438269991942946691e-01 -3.683214041897374114e-01
1.729733435530774466e-01 3.572795938031703145e-01 3.174364412886212516e-01 -2.099402034899872371e-01 -3.417047498277945294e-01 -2.865487430078876852e-01
5.615157951439633810e-02 4.884127029899926198e-01 1.948518056287140421e-01 -3.204589843782706948e-01 -4.227556422507462441e-01 2.770896313852175274e-02
4.845931691608515446e-01 -2.447860920393220840e-01 -2.151921518231288480e-02 -1.784202539290878353e-01 4.908239255921594824e-01 1.173731991633683164e-01
-1.864948731568225326e-01 5.084985558780616977e-01 -6.334312999149108170e-02 4.219436802271686604e-01 -1.508413107176579393e-01 3.783280905714234699e-01
-1.452325623302065105e-01 2.213433316402108608e-01 -4.788471832445918563e-01 4.001258491142164475e-01 -8.740350935316770764e-02 3.004214426113609449e-01
-7.937391945766666956e-02 2.845786762659532898e-01 4.171345768771705931e-01 1.982045616843296221e-01 -5.335208432898681519e-01 -8.651546323941328165e-02
-3.900498766954864638e-01 2.119434219466464209e-01 -2.038826426378511636e-01 5.655682288056904650e-01 2.157207720018600727e-01 9.070141678305843058e-02
1.177447357584758825e-01 5.498836498105770243e-01 1.269964718382564084e-01 4.218959379766288875e-01 -3.537085819040515222e-01 -1.746873443903062539e-01
1.593947526185291244e-02 5.137780250739580890e-01 1.237313580143657998e-01 3.616725565573104539e-01 -4.166750533008858337e-01 2.381840336193069563e-03
8.572172335828441569e-02 -2.673154075301234153e-02 5.632950175766622269e-01 2.196612220841820950e-01 -2.109122388798627956e-01 -4.104285988148481668e-01
3.581022510213460741e-02 1.686239083375461190e-01 -5.272545231067452542e-01 -1.779286758895972376e-01 -2.213933160664085242e-01 3.684029152429185716e-01
3.946379539625059496e-01 -1.857257999680026750e-01 -2.811570856861817513e-01 -1.155273670601393854e-01 3.961282376929740057e-01 3.522284399484668094e-01
-4.014694635923815591e-01 1.585961435589698099e-01 9.719483699381181729e-02 5.411298408945468541e-01 3.784655003502417348e-01 -1.541296885204149758e-01
3.896650085670970154e-01 -7.311981773403250506e-02 3.508107979189407089e-01 -1.555670397664942750e-01 1.885871495492919825e-01 -4.455757142378896085e-01
-1.451697328454558678e-01 1.591917444348379118e-01 3.887658650688233242e-01 3.026360709832290330e-01 -1.560428689540950820e-01 -4.479521881479548440e-01
2.997218461079773771e-02 -4.031328882143815351e-01 -2.861324413786477949e-01 6.183136361736197434e-02 2.524016202762013883e-01 4.683604352550799765e-01
7.711471430294267182e-02 -3.775913569115225271e-02 4.928023949437644879e-01 -5.539702195912546423e-02 -2.621232090654959657e-01 -4.726515927385507854e-01
-4.275934938319767009e-02 3.064385004926695188e-01 -4.702528176881912159e-01 2.375881729347482929e-01 -3.768605091384211736e-01 2.039190670469698818e-01
-3.086968220977583284e-03 -3.672273292608679296e-01 -3.215039978379107821e-01 4.578235761090426043e-02 2.756421427829054971e-01 4.429112236921797785e-01
9.013235935446184399e-02 -7.856157710080001466e-02 4.620807438912938880e-01 3.134624425490535327e-01 -9.343458437357760049e-02 -5.125486562372680854e-01
1.470565635867971954e-01 -4.541038047732596228e-01 6.234051250355423374e-02 2.100676901781229344e-01 4.416639214761205467e-01 -3.776933254404241658e-01
-2.655669845354505787e-01 2.591166681786192250e-01 2.262359207505529046e-01 5.170922590512549988e-01 -4.657506742956057932e-02 -3.159790469598050544e-01
2.803139129296498000e-01 1.537088761010840521e-01 3.785623986871703983e-01 -2.010364775513470148e-01 -2.433159380068928568e-01 -4.028933573005362700e-01
4.317006189025758833e-01 2.536816775789558776e-01 -2.014254412040006048e-01 -4.990526861681416348e-01 6.116643552660680494e-02 1.094381408982798287e-01
1.249507479495986506e-01 -2.898523904370489124e-01 -3.828909225581584308e-01 1.725459104313695202e-03 1.395482236835169920e-01 5.117769715689735044e-01
2.228589784881834512e-01 -2.766211451461813020e-01 4.099553239367307866e-01 -1.116887619549677690e-01 -1.469349409308423338e-01 -5.234573917472795657e-01
-5.097926150075107049e-02 6.404400608154023899e-01 5.375223960959225195e-02 -3.412802774170691222e-01 -3.149102003640475989e-01 1.088085618833351254e-01
4.099539348615415801e-01 -2.007842614774464907e-01 -2.354680557563741117e-01 -1.789274517474372383e-01 4.304631522621283346e-01 2.692550516526135418e-01
4.717137147710782075e-01 -5.013407917547104548e-02 2.137275007515560266e-01 -2.902910567778341222e-01 1.346154770360701580e-01 -4.069304804396380870e-01
-3.212960613034647195e-01 -6.935500436106420419e-02 -2.529934818847275335e-01 4.489575774893926341e-01 4.015704627216875044e-01 1.770513255240523387e-01
-2.103517165898580732e-01 1.344687972847542212e-01 4.021718777356852459e-01 3.073034727227950125e-01 -9.065008218585915434e-02 -4.232701826680578816e-01
-2.736539269238150163e-01 2.921934715588418441e-01 1.400489023471004624e-01 6.090930327652719356e-01 -5.472095708680840831e-02 -1.768236025458537475e-01
2.580581302671301480e-01 -4.297701690934031538e-01 -1.431870212082852478e-01 1.945570034749953825e-01 5.196467336429766437e-01 -4.507177541352379579e-01
1.621033947710885104e-01 -3.639335283418138611e-01 -2.719211383482518229e-01 -1.875252884908795714e-02 2.726412477583771143e-01 4.777879314411462852e-01
-2.077822091841509053e-02 1.991473113646662629e-01 4.950536196292116831e-01 2.293239340996245379e-01 -3.542163578538568558e-01 -2.994509817698899345e-01
-4.712566754233941113e-01 2.211293092872952393e-01 -3.396646839010430963e-02 4.911054362373696858e-01 4.317774147913303606e-01 1.377499888508846304e-01
6.267443746965022100e-02 3.874353559057173713e-01 -3.954377884079564587e-01 5.604387301397026344e-02 -4.001186495212310512e-01 2.207721791769319819e-01
4.309642644629884875e-03 -1.461138845624893601e-01 -4.941667318326184444e-01 2.232867588180438012e-01 4.124452498082312180e-02 4.634061630248830777e-01
-2.517722381064347315e-01 -1.787563376379537328e-01 2.977587663893370706e-01 2.288023321171077651e-01 2.144340841044178880e-01 -4.861094461977746306e-01
-3.190402968910547310e-01 -3.613925336568993285e-01 2.688224251927749317e-02 6.247532384921217208e-02 5.278879226307038319e-01 2.791243904566930722e-01
2.476840499705622312e-01 -1.700336412343636250e-01 -4.404143492078284039e-01 -9.400822335412564734e-02 2.325984435380833160e-01 4.087816203198183507e-01
-3.306260678458186608e-01 8.944818372271156823e-03 -3.191741656431392737e-01 4.647691789215352975e-01 1.269857874283064070e-01 2.753110999810073345e-01
-1.691227279070671718e-01 2.655891833899974852e-01 3.189886197187198347e-01 3.474788429856378036e-01 -2.419251878883748041e-01 -3.706141499226934810e-01
4.601286659899287423e-01 3.498581975557394919e-01 9.704488225260772538e-03 -4.931022189542548784e-01 1.038749857630932305e-01 -1.659176615870641136e-01
5.568055704751110335e-01 -8.405340368280898866e-02 1.300871855005383826e-01 -1.509337552291426521e-01 4.950768965901225505e-01 -2.745276216401203451e-01
4.821555190397848190e-01 -7.574240231600205819e-02 2.145141500473763951e-01 -2.694538222934429461e-01 -6.142548421400144398e-02 -4.449389748043390824e-01
2.911217228502964716e-01 5.236777126706775309e-01 -6.805166860175848598e-02 3.843149670836485399e-01 -4.713475903700680147e-01 -3.284278424091467002e-02
-2.728189325974591517e-01 -2.164804102769128935e-01 2.289979052775812929e-01 1.730824996936530247e-01 2.997614290242022195e-01 -5.022108720464715237e-01
2.070499446368636587e-01 8.776444574770031481e-02 -4.818609824412825038e-01 -1.925882824919206704e-01 -6.861533404366351729e-02 4.213746744555024737e-01
1.060688634840638855e-01 -1.192861053314785008e-01 -6.191918851672950641e-01 2.210592594608830619e-01 -2.678041935163058551e-01 3.630095128743785482e-01
4.921691628568878318e-01 -1.183163704698399904e-01 1.398889410771576580e-01 -6.438642293252849758e-02 7.074945889031689639e-01 4.888268136921010421e-02
1.136268414153452366e-01 3.688305025933724668e-01 -4.403927112724526638e-01 3.078327085189064283e-01 -3.950376230691908797e-01 1.750661157658118250e-01
2.392425193225368105e-02 5.652807283432478291e-01 -1.294808093403872575e-04 5.474015536005192306e-01 -2.859878925851070397e-01 3.610930588183516865e-02
2.377179183459007250e-01 1.850183330431841647e-02 -4.973877432163597012e-01 -1.444638172741730120e-01 7.364268761733360619e-03 4.266323191277908711e-01
1.377639467298451548e-01 -1.762414485161336586e-01 -4.468874425377508675e-01 -2.020779036676070839e-02 1.041157538824504236e-01 4.999202302986706647e-01
7.913738652590915357e-02 -5.086923550708475350e-01 -3.493739382680648153e-02 -7.374794066404383175e-02 3.854104177752742943e-01 3.860214026353855354e-01
4.246223386348244588e-01 -5.900053747976158162e-03 -2.066068914223992137e-01 -4.052129503122101628e-01 2.758982885104711014e-01 2.750185725208835752e-01
-3.503499203765304132e-02 -3.780880173958180990e-01 1.823637053876930869e-01 1.325712081421322186e-01 3.504195572859606367e-01 -4.818537855688205251e-01
4.734729738242298702e-01 -2.385928402131649861e-01 -6.294390624507262277e-02 -7.196168714861866933e-02 5.945306569307954314e-01 2.874180210716355266e-02
4.458584420012867700e-01 -3.892299041410516441e-02 -2.643670904814600653e-01 -3.367970106919283557e-01 3.003152649201302760e-01 2.575216414215793503e-01
-2.399488928265575416e-01 -1.350952910021420150e-01 2.786612893198054386e-01 2.738072902426638144e-01 1.729757575384163748e-01 -5.220551482592326042e-01
-2.444353196525137217e-01 -1.239186092215643215e-02 3.782319238841346798e-01 3.188790555044143105e-01 5.870077065427230928e-02 -4.449465212157706628e-01
-4.280133348747666155e-01 4.499053078538868371e-03 1.191939360959487493e-01 4.252175772235917139e-01 4.151400607559181943e-01 -2.023196304195407080e-01
-4.351995211906742878e-01 1.340041496185419845e-01 3.301120971825921568e-02 5.303914101007286552e-01 3.326440036807892797e-01 -1.348469500057482007e-01
-1.594087604776962264e-01 -3.794334123966333072e-01 2.259808141599933540e-01 -2.620514165575948407e-01 5.180505908887090838e-01 -2.029561847102128447e-01
-1.614141388814457068e-01 3.651635462892183770e-01 -3.535068537171353054e-01 1.454677012675254788e-01 -5.238974408181473752e-01 -1.380978662579629423e-02
-9.138808875546096389e-02 3.411947302313980135e-01 3.809753174819021093e-01 3.166394258640545800e-01 -2.631236343917281451e-01 -3.033585641085475015e-01
8.127073672900937684e-02 1.417068814450218595e-01 4.662558888011190672e-01 2.262920561819389137e-02 -3.115610812815980957e-01 -4.231873779644676481e-01
-2.722437475318243982e-01 -1.583070666692213413e-01 2.183999181851364879e-01 3.321173847095853504e-01 3.060518359371945385e-01 -4.289936494428145952e-01
4.015068767465473365e-01 4.151480948294182238e-01 -1.034902920842034890e-01 -5.381343782275833654e-01 7.644170370872921394e-02 -5.498985327547167845e-02
-7.891256463217334594e-02 8.662851174470355409e-02 -4.960412851696796022e-01 3.198859415182341293e-01 -1.595295438590102477e-01 3.873419630038423822e-01
3.715561343878513445e-01 -2.884487890515269881e-01 -4.490207005603311097e-02 -2.482892446665657116e-01 3.180553405598596783e-01 -5.428422741259800732e-01
4.620645934562315205e-01 -2.890234045879747082e-01 -8.173588368189324549e-02 3.619955771747812578e-02 5.992913295044386413e-01 9.012424703362578726e-02
1.575578381353989199e-01 5.840573202186312152e-01 -1.180731256640486504e-01 -6.309083238080016587e-01 -3.067372731027218080e-02 -9.741276084973607419e-02
3.623304179165473538e-01 -1.621939026238565229e-01 -3.753725959498808162e-01 -1.659045644030915923e-01 2.024377013714724893e-01 3.914465462352658687e-01
5.204796263954744040e-01 -2.395406235776474657e-02 -2.586944482552032687e-01 -1.346855220019222976e-01 -1.915688031439639616e-01 4.779628173687723303e-01
3.649998828362749359e-01 3.782871607256034219e-01 2.134370786553950183e-01 -3.491610623747734010e-01 -6.786811254590091602e-02 -3.259325686805404909e-01
7.677818524630089514e-02 3.151566424034876190e-01 -4.784204388885299197e-01 4.939547723074380614e-03 -4.144917712527549369e-01 2.016180913490848159e-01
3.566272328905546046e-02 -4.252899947959891680e-01 1.513539123620352145e-01 4.296388761521213184e-01 4.937634411722139349e-01 1.402375815708945539e-01
-3.085714852105766459e-01 5.119479744037337410e-01 -6.558893017250731761e-02 -4.033884762224739795e-01 -4.752403086133567545e-01 6.274279657196725479e-02
8.605134030194998285e-02 -3.991281052760843329e-01 -2.483511326279586873e-01 1.590423477044417555e-01 3.765946761609986204e-01 3.784873467252833912e-01
-1.583674174485976971e-01 -2.132420231805251531e-01 -3.472554697794331124e-01 3.207484547407788433e-01 1.876672027310714030e-01 4.335900806306191013e-01
-4.516184011533790343e-01 -5.905628684770977688e-02 5.990502112401360074e-02 3.042037129649786120e-01 5.771336482817819302e-01 -9.499913714680030541e-02
2.869522601344285384e-01 1.226631404394916275e-01 -4.641720758471422070e-01 -2.504725998701403666e-01 -1.132176176165176212e-01 3.454789525768275360e-01
3.726663898303529954e-01 1.089592431558852742e-01 4.268562394783206870e-01 1.372610733526102023e-01 -8.593183049096152215e-02 -5.253001585922867367e-01
-3.314763622523188014e-01 2.171443114208931602e-01 2.190474999866256489e-01 5.159540906150631434e-01 4.132440852650490215e-02 -2.819005904371146842e-01
-3.588533059927466184e-01 -4.462854728650100106e-02 2.047411058055856881e-01 3.076575359314236979e-01 4.619573949262500978e-01 -3.421903165409025949e-01
2.443544275737524751e-01 3.184519352209813636e-01 4.201683612200401985e-01 -2.190720586816857218e-01 -2.938525308456710894e-01 -2.203932147988230117e-01
1.114531905946094525e-01 -1.884310835373800884e-03 -5.150209577024209562e-01 -1.148549204676217739e-01 -3.606413730171541265e-02 4.584349366914521884e-01
1.638933793592473320e-01 5.511232381347093146e-01 4.220018548998282631e-02 3.949512676054802718e-01 -4.053410152010772372e-01 -1.360927879273889085e-01
-1.049749490025965459e-01 5.558874233687605138e-01 -1.387299897775705337e-01 -3.457625155701000152e-01 -3.723286774808877153e-01 1.448828059668668400e-01
-1.065375715672109286e-01 2.077988858292695307e-01 4.301061458745522592e-01 4.377019957738282341e-01 -8.339444408790430696e-02 -3.566655732105877274e-01
3.348783897438249446e-01 3.128563679046935109e-01 -2.149326660642570663e-01 -4.654119505508276800e-01 -9.930614052697911420e-02 2.205641053065308388e-01
2.998172575961411401e-01 -3.977867359936582137e-01 2.223923982259486468e-02 -2.387142853456244995e-01 2.390843339607005014e-01 -5.294663134501191859e-01
2.253345347444240532e-01 3.992886862676482407e-01 -3.920436942876480702e-01 2.736617708270315807e-01 -4.540958629297785487e-01 1.269931921122692264e-01
9.570104697285977680e-02 6.648682221340007636e-01 -1.254715924918310410e-01 -5.173895605602830683e-01 -1.044433951907860481e-01 5.419349149435326307e-02
4.260423169952323175e-01 4.679714799824105098e-01 9.987917072474589153e-02 -4.274523815798244586e-01 6.229013380160491886e-02 -2.271826657300786145e-01
1.095548003570864654e-01 -1.907863584299915316e-01 3.981275126240785833e-01 7.678783300629561659e-02 1.463564059709063780e-01 -5.427556269117261856e-01
-1.767590135779305849e-01 -1.710622120744524077e-01 3.209965226049063536e-01 1.225296599026328981e-01 1.985837647536017048e-01 -5.586557619604657354e-01
-3.368569746324145964e-01 1.165855638637305070e-01 2.104175114653913936e-01 5.128930222419181284e-01 9.785643829373830149e-02 -3.164355635635535680e-01
-2.267634747361123027e-01 -3.962748487851816548e-01 -4.689032204176444424e-02 -1.197864084560069375e-01 5.978764111780732193e-01 -3.208560645601023220e-02
4.975294997241914152e-01 1.820380562073905736e-02 1.069233057404885140e-01 -3.734721243066339569e-01 3.572503960739862316e-01 -2.486095063003873062e-01
-3.827674464888398131e-01 2.802773706979435064e-01 -1.603719376333452296e-01 6.085161089871056195e-01 2.457637674509898507e-01 -3.322743781569639787e-02
-4.009960874000880193e-01 -1.585239952938330421e-01 -1.204149683665334258e-01 3.281336280472109679e-01 3.884292803506066982e-01 2.909388602452327999e-01
-1.734848264636469073e-01 4.307247140164476851e-01 1.692056781559344580e-01 5.010340582923024089e-01 -2.426397801481177674e-01 -1.334567280098944431e-01
-4.332497194741440349e-01 -9.567024088740573584e-02 2.194048733444906724e-02 3.478152528265765486e-01 5.285592793179141324e-01 3.852406804281434394e-02
-3.512933101843423445e-01 -2.706370549754351651e-01 1.019093427849011718e-01 1.287694242854260374e-01 4.869119915361240225e-01 -3.404244826262199375e-01
-2.331883528172944697e-01 3.082368691726955490e-01 -2.652671831202699781e-01 6.479318558546802720e-01 -5.269837826343365395e-02 4.026992596482303899e-02
4.369861746958825927e-02 -1.290371528304364024e-01 -5.974282071764774882e-01 -1.094150557780883548e-01 -3.356404697779105106e-01 3.689419457622943321e-01
-2.142413232222357689e-01 4.142649959376962232e-01 1.622135960860132120e-01 5.330878146473785328e-01 -2.047257542689442933e-01 -7.934304499362934693e-02
3.522137320441742769e-01 3.764328535419180777e-01 -3.136395093704433812e-01 -4.007488579844045162e-01 -2.123600831493389074e-01 -1.975140869275343602e-02
-2.694688875064661371e-01 2.765598144547285267e-02 3.567655108039450851e-01 5.106138405539500935e-01 -5.410782856239762517e-02 -2.635453924976297047e-01
-3.622210509271441281e-01 -2.680947544942388627e-01 1.655656288182083824e-01 -1.670289413201458961e-02 5.913818755935398297e-01 -2.111532659267351952e-01
-3.592776191974759170e-01 3.403776863337995007e-01 3.436131534605184334e-02 6.136585948814239355e-01 1.326111703156604982e-01 -6.677323935955638279e-02
9.830485340494655999e-02 4.810103491083082550e-01 2.024236872215679772e-01 -1.884240064014322535e-01 -4.272124097222116945e-01 -1.024008217937232568e-01
-4.269377652161876480e-01 2.437595886154148850e-01 -3.600257653573458311e-03 5.595201910782420240e-01 4.044664239558857233e-01 -3.637240342201607246e-02
-3.211642664051217455e-01 5.140358864330148991e-01 -9.575930529801041091e-02 5.228393493185196084e-01 8.025513075734880264e-02 2.196644614838668685e-01
1.671333229432696577e-01 3.052976077717943215e-01 -4.835634723895119169e-01 -1.356915826654657709e-01 -4.350096921498518010e-01 1.166383088689098013e-01
4.821513405927375651e-01 2.509153220734533507e-01 1.975840332946957323e-01 -3.564103274269454502e-01 1.582630705120656733e-01 -3.392864252040488360e-01
-3.199533273814263445e-01 2.315103753822412569e-01 1.879771722585163451e-01 5.681660131313353013e-01 2.437012330125304382e-03 -2.104816478812453484e-01
2.138418112435812313e-01 -4.461535848464282528e-01 -5.864164483524568483e-02 -2.678811019163730434e-01 3.430036679025466051e-01 -4.396585281493290420e-01
-1.121298412546765412e-02 -3.427839268630367697e-01 2.715140571431798322e-01 2.159635355209117008e-02 3.082911322525885844e-01 -4.867898494528133946e-01
4.662355705098953917e-01 1.481635112354092731e-01 -2.819464901957446923e-01 -4.084798641185701795e-01 9.164959352045098928e-02 1.993840464703195980e-01
-3.674342375847752806e-01 -5.655620216228100100e-02 2.142410329682921943e-01 3.424337187098671076e-01 3.100394170098351720e-01 -3.871699218952523447e-01
4.881858079740051259e-01 -5.738226411084151185e-02 -2.280793723892515501e-01 -3.182085347226655259e-01 3.280564256521703026e-01 2.204350426528707552e-01
5.239848365504674865e-02 -2.514246771424359372e-01 -4.343923981781931398e-01 9.247816507611955616e-02 4.996220437406001524e-02 5.182668099266500850e-01
-7.049726318298585488e-03 6.313200991529196449e-01 -5.123399845807401903e-02 -4.265792009097909010e-01 -2.762329882082688037e-01 -6.973841874516464867e-02
-2.467134017057077133e-01 -3.514501893041893088e-01 1.557009885214308831e-01 8.195843686988402155e-02 3.897112163203776958e-01 -4.296660701178097730e-01
-2.188745714788074281e-01 3.750614643832437256e-01 -2.085167945329608752e-01 2.210001266255534613e-03 -5.638578093857746776e-01 5.521073349396335428e-02
-1.490108859189300528e-01 5.130332907699413081e-01 -1.367275493528039287e-01 6.267568137723745769e-01 -1.141935144439418792e-01 -6.765504442611619540e-02
-2.859351800559103429e-01 -1.996651920393539489e-02 3.307881708940476062e-01 3.350349977757763886e-01 2.025732308578774010e-01 -4.207915639884925452e-01
3.425865656073712184e-01 2.593325184290850571e-01 -4.099675498436889387e-01 -3.159375930446209901e-01 -9.256652694822659067e-02 2.552489520068157991e-01
-3.880311118630629386e-01 5.193433022709807723e-02 2.321464642292966341e-01 4.405209621304214673e-01 2.037012730112174319e-01 -3.068046056824880186e-01
4.465186155421807523e-01 -3.005952157315476825e-01 -1.491015779643073136e-01 2.669847607116027088e-03 5.206776472434699876e-01 2.093801590089212350e-01
3.644173689196862354e-01 -2.993336303944210686e-01 1.650541807848703024e-01 -4.693839126266424744e-02 3.796857774763511273e-01 -4.429911154716064114e-01
-5.096508700130006342e-02 4.556603598633040923e-03 4.640864892722980639e-01 1.914765770833028458e-01 -3.248094970004438142e-01 -4.484594061718967795e-01
1.527636705417171892e-01 -3.161148029955920258e-01 -3.393008127283352882e-01 7.793098574948044421e-02 2.328682771888379577e-01 4.931760019385967309e-01
-1.698166075373696293e-01 1.366250348838869699e-01 4.021344117531124307e-01 2.994103176555000800e-01 -7.191283987100208219e-02 -4.559670085153539332e-01
3.070539099496460977e-01 -2.307529216992726950e-01 -2.400010154222236847e-01 -1.729584478227461641e-01 4.411511938399565458e-01 3.240317814143034991e-01
-1.377110531828018014e-01 -4.424120268831024938e-01 -1.294539176401657754e-03 -2.110433114374742902e-01 5.096293125139661484e-01 -2.983461642827213711e-01
-7.107327324387859024e-02 1.384006091153072715e-01 4.622116111190384125e-01 2.169643726665205774e-01 -2.563515977751438246e-01 -4.102590243143348081e-01
8.007600782549964546e-02 5.791355282699368195e-02 -5.420384882758858547e-01 -7.070848563570322765e-02 -3.300553965916851462e-01 3.672162234625879762e-01
6.017732854923212304e-01 -7.626946843088111549e-02 1.059685895540937312e-01 -2.035929764138533216e-01 3.500902479419208957e-01 -3.058597441454938282e-01
4.006312560946581058e-01 3.020076095375873737e-01 -2.488260801425408175e-01 -4.846105933385337350e-01 1.142060023763083187e-01 1.767058509269648914e-01
3.635656765428147974e-01 -2.644416876971266150e-01 1.399849654277852407e-01 -1.236539694104750731e-01 3.957918830242000974e-01 -4.315993666612930602e-01
4.603994940799210900e-01 3.879509860284343498e-02 2.444229818079043937e-01 -2.823711889487459104e-01 -2.225898293409730305e-02 -4.223334291555058129e-01
-7.758480405017301185e-02 2.650275349561735938e-01 4.004060453766395411e-01 3.157364232490568190e-01 -2.382466490476413679e-01 -3.690180950499016288e-01
1.132118506220683718e-01 4.969640748087759685e-01 2.362176908028605637e-01 -4.044508158087533056e-01 -3.189222388310973266e-01 -2.137673265943088041e-02
-2.267321511169294312e-01 4.011098482974939650e-01 1.333057612813940973e-01 5.514003859561875664e-01 -1.009283678096374315e-01 -2.441427574812625734e-01
-2.432619585711290333e-02 4.714986977426360859e-01 2.765216561012112106e-01 3.533970920019520179e-01 -3.965381710937970761e-01 -4.571600797544372874e-02
3.597019766200520996e-02 4.881379933224690992e-01 2.145798463846817217e-01 4.338077094581697102e-01 -3.137447441623275601e-01 -2.311884673520906153e-01
4.211533183275976144e-01 2.274587053946347526e-01 -2.634599603527565947e-01 -4.180804350805731318e-01 1.346132031657260031e-02 2.364318542633512266e-01
-8.140937121555055778e-02 2.743998526619914613e-01 -4.691128830565665098e-01 4.406907833893570769e-01 -1.571944910783654725e-01 2.665077739487015096e-01
3.092522685079682754e-01 -2.510714721830014096e-01 1.799767651956320214e-01 -1.254449137469544895e-01 2.501008643665165732e-01 -5.682642713809027413e-01
-1.897982280409792610e-01 2.456789655172758602e-01 -4.366829968753811464e-01 5.344117674109046812e-01 -9.998778983090517158e-02 1.600031658053391315e-01
2.891415624054139433e-01 -2.600686676768461103e-01 2.201846645059169771e-01 -3.176658779150004497e-02 1.812828203323967879e-01 -6.178050867256967837e-01
-1.921466744987719855e-01 3.249045825242820578e-03 4.145553376497562170e-01 -2.567308517080979513e-03 -7.329505320264308177e-02 -5.643219094542866188e-01
1.229862301612937858e-01 4.187915176068969236e-01 -3.731178768581956406e-01 -2.805487936516023462e-01 -3.876139967746144999e-01 5.916632471689703410e-02
-5.500390701468644422e-02 3.545482088704061258e-02 5.756964330449788614e-01 -3.399138805832082055e-01 -1.177141563135505609e-01 -3.705411541309423518e-01
2.771781521263672610e-01 -3.269621217863994400e-01 -1.881425730200239343e-01 2.668776058785993222e-02 6.368178607583860895e-01 -9.658543789196308293e-02
2.989204886514776338e-01 2.364457973870203178e-01 3.707897180411875437e-01 -4.292977678429321653e-02 -5.891538139551856235e-01 -7.812416877129646497e-02
-4.700086597397465926e-01 4.794718314548188087e-02 5.007184833864279649e-02 4.257391269167727366e-01 4.395827457051303400e-01 -1.603027909089016489e-01
4.995974285033252249e-01 1.357684674728646679e-01 -1.965293912581823621e-01 -4.228747882832508687e-01 2.633955661166402784e-01 1.678280334618746927e-01
-2.580527056888913262e-01 -2.119561367642196492e-01 -3.045269596056709438e-01 3.952914795740652409e-01 1.931192632261789499e-01 3.350473487477073076e-01
-4.351082110847672157e-01 -7.084832721969651359e-02 -1.464460749492344505e-01 4.008483058316700265e-01 2.854446776480942249e-01 2.709649892395560311e-01
4.897904116773077465e-01 -1.424859663984804903e-01 6.776003409869948979e-02 -2.539812169160674538e-01 5.256326557186672410e-01 4.723513994933797866e-02
3.568732748668897170e-02 3.050157559181676525e-02 5.387145473621066660e-01 -3.072920501798063198e-01 -6.513126704383995214e-02 -3.957476005630660154e-01
2.927449223278893453e-01 -1.104435876165433122e-01 -4.270084894415800969e-01 -1.254599317247177548e-01 1.511755429185644428e-01 4.428536436489987071e-01
1.383944899701747555e-01 -9.117105310819649533e-02 -5.177112694821637273e-01 1.786626502074963874e-01 -1.034563740870240584e-01 4.814021105501269382e-01
2.423583342585112210e-01 1.927812699818351738e-01 4.288891039005988670e-01 -1.908593357757698006e-01 -2.543616073301044889e-01 -3.536616597174992993e-01
1.840588021944968011e-01 -2.420953476121414094e-01 3.499383740636781148e-01 5.883050376548520921e-02 1.274893090925020012e-01 -5.707814827880600683e-01
-1.041417505840526864e-01 -4.143097430883629362e-01 1.002787194150697447e-01 7.655108099890423068e-03 4.478057589981550568e-01 -3.939462530929102035e-01
1.860909067316482979e-01 3.925314102341877498e-01 3.805113932250215880e-01 3.160474608346806047e-01 -3.640612996598228679e-01 -2.603308380463756899e-01
4.985932398661734322e-01 -2.462953274103305557e-01 -7.332703830298364922e-02 -1.438529053736024022e-01 4.811149002083145998e-01 1.677897616557579852e-01
1.786739294091386210e-01 3.561182461580273406e-01 2.995117536322617346e-01 -2.467687535565709078e-01 -4.567972882767121767e-01 -9.819021692561785697e-02
-3.617589155789364130e-01 1.698928693759655939e-01 -2.848687858029004261e-01 5.595759187841726767e-01 2.516848142891213724e-01 9.519989317028931808e-02
-4.028892493345048731e-01 -4.423171805736467177e-03 1.517772817557625775e-01 4.607408894979910796e-01 2.471161929000364466e-01 -2.851104970886221279e-01
-4.288464060468142325e-01 2.462295054426462231e-03 -1.589557731588192302e-01 4.195267049449352692e-01 4.881137136933029752e-01 5.177097910635283795e-02
2.000362534622799060e-01 7.629756505335766326e-02 -4.980606302297528321e-01 -1.721108016061338175e-01 -2.080334381826198786e-03 4.267979937144882885e-01
-3.099711962401398568e-01 7.840626046598084264e-02 -2.900204487200164771e-01 5.173064645665752526e-01 6.067618987907975880e-02 2.714929674395202830e-01
-4.129448590638967742e-01 1.771550520541475271e-01 1.222091257776836554e-01 5.372413351246962954e-01 2.583667235709523613e-01 -1.787075749599855157e-01
-2.130250519115020891e-01 9.745653832128293309e-03 -3.963383027266682013e-01 3.820750304437453559e-01 1.098287165366294560e-01 4.010570023388084215e-01
-1.334595379237001229e-03 4.018890483181146167e-01 2.785936611578316291e-01 2.997827095154240729e-01 -3.697318270509009630e-01 -2.817005413712770356e-01
1.469413952745559915e-01 3.267799051018400736e-01 -5.329456247700912197e-01 -1.567974477654236198e-01 -3.316962853032148217e-01 1.556412048297642903e-01
3.952522093042819540e-01 -2.846656908940112252e-01 -5.983503257072628201e-02 2.163330805907043297e-02 6.376095577314919716e-01 3.924716767274456786e-02
2.277046713609074680e-01 3.554164342014822231e-01 2.296559193021970868e-01 -3.866801725207407170e-01 -2.528193121016414913e-01 -2.729179961844753199e-01
-4.232223710956102281e-01 -1.635797065315394427e-01 -3.433418658544488966e-02 3.213071820681177027e-01 4.939958386163272319e-01 8.086193700083599278e-02
2.867734644780200459e-01 7.739154450769133997e-02 -4.674668216342772187e-01 -2.069930923031794712e-01 -1.656003139241379873e-02 3.970374807207343038e-01
1.353820351258717691e-01 5.210799386595166283e-01 1.580713942168176234e-01 2.696040448389932509e-01 -4.654190086650105140e-01 6.424027445279426041e-02
-3.936278318311517976e-01 4.263713727987613472e-02 -1.709904213700060016e-01 5.221128510137496015e-01 2.881191163857260151e-01 1.470624039861426480e-01
-6.463294530669858040e-02 3.521508813441951435e-01 3.784304921869137139e-01 -1.502694660505776714e-02 -5.450079792017923364e-01 -6.048319390254763839e-02
2.173772370445683499e-01 -2.430989608478655029e-01 2.824171779901897272e-01 5.222312730499173439e-02 5.515689010352051169e-02 -6.576719493851844733e-01
6.135734568388937632e-02 4.828666798473968957e-01 2.163271824665657650e-01 -3.074340059962755722e-01 -4.142082690139936019e-01 -2.708496811604307886e-02
-2.184952673895671216e-01 3.591719871742590775e-01 -2.114591048524625816e-01 6.554870826065122280e-01 -6.933513143963215830e-02 1.774931818768518688e-02
-1.245929678968522580e-01 1.175464565685722523e-01 -4.322799480867854371e-01 3.710368447571464334e-01 9.082590216497932190e-03 4.294547433957621174e-01
-3.363432649593716128e-01 3.747756786372038462e-01 9.210514189286622688e-02 6.043750693453040501e-01 1.365845271959692797e-01 -1.493777578705239584e-01
-3.291118622627877133e-01 1.970728606340710620e-01 -3.187471797892898473e-01 5.813023553540703769e-01 7.904066573944210083e-02 7.775547257187737094e-02
2.218295590755559876e-01 2.462858848886458063e-01 4.021451975768549070e-01 -1.663995811213964393e-01 -2.772223808084242069e-01 -3.562855708185082571e-01
5.685333355908006592e-01 -6.935296295519052800e-02 -1.893936302678437544e-01 -2.257275181719298196e-01 5.376652036675093616e-01 -2.154443801632798250e-01
1.672748630823075733e-01 4.477445843502835254e-01 -2.232524784775714033e-01 -4.986959069507254094e-01 -2.333728105362454786e-01 8.098760409636768243e-02
4.935231919489529440e-01 1.702589960603019259e-01 1.587546396288713746e-01 -3.902584528953241816e-01 1.614348257238241158e-01 -3.090617113617890044e-01
5.198528623992513253e-01 3.311550174041771322e-01 -6.867521675739982762e-03 -4.789511669600395871e-01 3.693578688989753722e-01 -3.738068397188878261e-02
-1.629303791967911808e-01 -2.841232598596202252e-01 -2.083572169358620108e-01 1.405869060955738103e-01 4.423446277674397131e-01 4.081828594382782005e-01
-2.305238628608069773e-01 8.130184774474467913e-02 3.863037194394291496e-01 3.688973985879376860e-01 1.449484781359620944e-01 -4.115955585167797026e-01
5.345497922942400448e-01 1.457535762836602300e-01 -1.550460867583512703e-01 -3.945482573699083950e-01 3.750771898098170798e-01 1.351047264226243050e-01
-4.737336419071209170e-01 6.235104970002615377e-02 -7.482392224468854824e-02 4.050757080874775595e-01 5.388286636441574906e-01 -1.005767817398746378e-01
4.256425128756704535e-01 -1.634124454361824963e-01 1.723280446896136575e-01 -1.695904123729653490e-01 5.988117216469044379e-01 -8.205765422926497576e-02
2.859461407713629558e-03 4.969241592782642769e-01 1.466103363645952506e-01 3.706531289775349403e-01 -4.147568068840052913e-01 -3.659892659164995510e-02
-2.222019037763037913e-02 -3.067922654131421956e-01 2.431732405613533377e-01 7.171434894507749958e-02 2.529602187516724054e-01 -5.801453240256172483e-01
3.405519518298820714e-01 2.132000634039437625e-01 -3.929916964433552984e-01 -2.868250445307661822e-01 -2.878739219094189616e-02 3.471705666937249246e-01
1.466189471167582692e-01 4.984751179745335048e-02 5.021946206270826440e-01 -3.881001345489371035e-02 -3.003428038482743867e-01 -4.159463507979280772e-01
-4.158718895443768160e-01 -8.299673895782398725e-02 1.631014919156637821e-01 3.437583017728164103e-01 3.228604837482252354e-01 -3.450735637656798804e-01
1.814989599231443818e-02 -5.561762948559664799e-02 4.760256474337105637e-01 3.985985531248935620e-01 -7.052850612398289809e-02 -4.486561816534041514e-01
2.579485518505834074e-01 -4.215025664080922496e-01 -9.823253944713171426e-02 3.343364803550864517e-01 5.558798488759948420e-01 9.896913060724503441e-02
4.741642713362093642e-01 -7.547151805478065356e-02 -3.443924446962091657e-01 -1.994339083275275537e-01 3.304495100227468618e-01 2.732592462414771828e-01
4.441670971961754200e-01 -3.157517943584701170e-01 -8.354225379214533231e-02 -2.105346756538378772e-02 5.286319512015177358e-01 1.821378477529679019e-01
-1.559971244464266812e-02 3.783800643867251123e-01 -4.744601238104441676e-01 4.402584112151038953e-01 -3.569957265527115009e-01 2.695369450095147501e-02
-3.256779703650597990e-01 2.032129583167521514e-01 2.591933661511067744e-01 4.741874969946387464e-01 1.347452196265830349e-02 -3.102050531436385539e-01
-2.849920637797155321e-01 -1.617069241129850399e-01 3.016141026057553298e-01 2.535455516112858909e-01 2.897472068332573869e-01 -4.098396235497458462e-01
-3.210473712440213845e-01 2.450593473657555754e-01 -2.901702332404682561e-01 6.029063989152674274e-01 1.105150098019412608e-01 6.789016925881763420e-02
-2.966650429642064823e-01 2.177634777155526558e-01 2.355823820854147654e-01 5.283153384254586360e-01 7.218512469790078212e-03 -2.888965859693808924e-01
-6.222154887121258277e-02 4.109635696635748903e-01 2.543213244786968752e-01 4.404509365374941199e-01 -3.106012516015947411e-01 -2.217717138295706159e-01
1.580022018601211220e-01 1.989034671554566758e-01 4.490508625754158212e-01 -7.548890687475554029e-02 -4.314360397604831698e-01 -2.913233726345404451e-01
-2.002984583415667597e-01 3.746565829257782893e-02 3.827168885730983239e-01 3.191607845141813948e-01 2.477015275322806340e-02 -4.716840238508252514e-01
2.701625716311730763e-01 -2.305930504029198580e-01 3.152424315234815255e-01 -3.815411505015320337e-02 7.909486455378125780e-02 -5.842208618040560797e-01
4.238283236755173156e-01 -1.641972324163590569e-01 1.242720419788193031e-01 -6.564530970478943406e-02 6.897955957363861579e-01 -5.211336469972860375e-02
-2.180752214944388923e-01 4.034925729889858315e-01 -1.929661930241989842e-01 6.673836884345061282e-01 -5.473539304955143958e-02 -1.155733641081445606e-01
-3.100456525954105591e-01 -3.915132716997312690e-01 8.271874963917157098e-02 -1.661970596674323952e-01 5.512035038670135556e-01 -2.182674018324212151e-01
-4.319934834608085139e-01 4.538773504165987890e-03 -2.196098565306673356e-01 2.310998804025226616e-01 -6.550558968856691477e-02 5.256424349688867403e-01
-1.396581788215357778e-01 2.081393989230565789e-01 -4.322558535906000921e-01 4.455421341258672951e-01 -1.167066183639945687e-01 3.107217091789645225e-01
-4.796288633757170294e-02 -8.122649271234544388e-02 4.753958786342060150e-01 4.120914882280956038e-01 -1.335678668901285893e-01 -4.109507538929187409e-01
-6.313552764959314001e-02 1.863362305395244445e-01 -5.079954998379108133e-01 4.059770609617978643e-01 -1.470633528705353743e-01 3.097930406713814699e-01
4.954022090530938449e-01 -6.869735116090666671e-02 1.340395744881129891e-01 -2.167941329204896572e-01 6.205166643657528125e-01 7.713814296630150391e-04
-6.180388493513507692e-02 2.489086020998083904e-01 -4.726659584766174094e-01 1.742822609325376387e-02 -3.189347768390263793e-01 3.466484924988991745e-01
-4.124782333127745559e-01 -2.090789130611086510e-01 -9.885377774859758701e-03 2.299020225612571355e-01 5.273223294225213298e-01 -2.221607106135560228e-01
-3.178290374312142119e-01 -3.332534701789683917e-01 2.512590398914664111e-02 -4.302377006018764938e-02 6.198861489291718208e-01 -1.013925986558338738e-01
-1.587663718593481654e-01 3.578444621191065322e-01 2.916200554979230808e-01 4.858040851486780110e-01 -1.203152465308632291e-01 -3.049469725686977939e-01
1.071661994628488324e-01 -1.931920878229313743e-01 4.353092068142278559e-01 -1.970647359973752843e-01 -7.897258467956491668e-02 -5.104166747236940083e-01
3.709334872194219868e-01 3.195463296763336736e-01 2.877685860669342288e-01 -2.888048413076459431e-01 -2.865142913630782662e-01 -1.565689674862545955e-01
-1.822490092844596676e-01 2.798455084471311305e-01 -4.249111478163709599e-01 4.769397782205535563e-01 -1.862579893797701724e-01 1.651885655721363477e-01
4.381478594148540545e-02 -4.919667571006147710e-02 -5.706828096075686751e-01 -2.006157690959382289e-01 -1.232281160657618807e-01 3.961538103044810466e-01
-3.259630477418395261e-02 -4.565041547087994034e-01 2.502953502379951650e-02 4.034672531583471250e-02 4.799272314222978175e-01 3.682139947970803351e-01
1.001669477253009227e-01 -5.580683253190886137e-03 4.882870895660479937e-01 -3.353450377651617798e-01 -6.538333439040045977e-04 -4.118823592846260762e-01
5.296830654215155948e-02 -3.810439093613035011e-01 2.325364164775787224e-01 -2.525635090119275894e-01 4.531252274936202751e-01 -2.266064379837967047e-01
5.881453519128539975e-01 6.606917840384565754e-02 4.224564859986629922e-02 -3.411481533357866303e-01 2.523534309396590070e-01 -2.766771608068426813e-01
4.754604021803466862e-01 5.736343428072118028e-02 -2.366472254929915531e-01 -3.913401089187518167e-01 2.353356793533899205e-01 2.291668510892166388e-01
-4.390780058093615712e-01 -2.429315945708611368e-01 -5.937375672590936015e-02 1.468735499441198855e-01 5.389819066617641541e-01 1.533985415185097623e-01
2.436081474085216858e-01 3.476152515310872992e-01 3.945581517065481769e-01 -2.287089533698508925e-01 -3.223984664223155105e-01 -1.781530967132559651e-01
5.212424541859769778e-02 -2.849180446991134708e-01 2.679511499152113507e-01 -9.923393628187418547e-02 4.785091507502244323e-01 -3.599577750736643877e-01
-4.169539345229745786e-01 -1.175067989540371644e-01 7.614829040209387945e-03 3.735543836889645419e-01 4.928633492921994375e-01 -4.283198421492820374e-02
2.256994250618487574e-01 -1.292825238791274756e-01 3.638569246356010423e-01 3.533311387466120390e-02 -1.416374897789647591e-02 -6.110832454416311732e-01
4.330876822444726937e-01 7.254525154638363782e-02 3.067276832344182358e-01 -2.863361995129843907e-01 -1.209928819415836410e-01 -3.603347345669642987e-01
2.371228606275162520e-01 -4.369759420182338094e-01 -9.818963050621574984e-02 3.816142765067517817e-01 5.449238040714818876e-01 2.426492990770100222e-02
-2.983243364807928732e-01 2.390169599206057038e-01 -3.149543986943943996e-01 5.804254977100069546e-01 9.729025148594816486e-02 1.408002162311366989e-01
2.943401224388700332e-01 4.487980180706821476e-01 1.542399320380978545e-01 -4.804062149241274393e-01 -1.187000245393153297e-01 -1.245325278219859555e-01
-3.089122136957816456e-01 -1.386137799267122550e-01 1.248850877386069314e-01 3.702490787036882836e-02 7.818426905097932700e-01 -5.701431840142720531e-02
-2.742184841313711208e-01 3.447509049957426241e-01 1.232232109642475010e-01 6.329613075607687378e-01 -3.903973252401349292e-02 -4.919944444270625550e-02
9.300919085591657920e-02 1.595701374606303680e-01 -5.358143610508746546e-01 -1.986625167034524186e-01 -1.893336950054348988e-01 3.547998824349870572e-01
-1.429140884882196538e-01 -4.613239555170385309e-01 -1.568348578718181119e-01 2.988556602648873017e-01 2.587317812643413761e-01 3.782905713640209444e-01
-3.457816443781533966e-01 -3.019237176692166069e-01 3.623649393319437056e-02 2.513049048938786889e-03 6.324716515712847098e-01 1.110435823168178515e-01
3.602881032435352182e-01 -6.232282422603315636e-02 3.474396563475239397e-01 -1.272576754301102953e-01 1.558525598863965689e-01 -4.979588387214597400e-01
-1.867219344978143514e-01 3.631043280378383753e-01 1.846682146051774887e-01 5.503713457400185582e-01 -1.922830448597585007e-01 -2.003491385805419578e-01
1.750147028751419254e-01 5.476249313284591025e-02 4.465274618309934551e-01 -5.318772107776989500e-02 -3.648711675883820060e-01 -4.320118056418480457e-01
-6.307437635569140832e-02 1.726072789588876111e-01 -5.841758399956455960e-01 3.050708026983418031e-01 -2.621024253875947063e-01 2.377101618843400210e-01
-4.331293564268517970e-01 6.769766994005399496e-02 7.568488946057638778e-02 4.128185562634766326e-01 5.140390842083966128e-01 -2.161223601474690503e-01
-2.623158719813573625e-01 -9.927545106223825688e-02 2.750149206444293948e-01 2.983464636257935898e-01 3.038360186538963115e-01 -4.482823131501098568e-01
-7.607405577996566304e-02 -3.866752097829684320e-01 -1.723880655288714814e-01 1.758742412399216803e-02 4.296271879248761971e-01 3.975925680707485532e-01
-1.293795964897126727e-01 -1.980087511292770441e-01 -3.854328933455105632e-01 9.379012287526181102e-02 1.075144116339819267e-01 5.402295037376234621e-01
-2.753833729202247449e-01 4.208608634176379537e-01 -2.072170807920223901e-01 -1.065060582448185689e-01 -4.973939828799022189e-01 1.509567454978179568e-01
-1.164051267986587757e-01 -3.777361487596054834e-01 1.078419381421653334e-01 1.098288659786127164e-01 4.696539470349461176e-01 -3.725206395648769098e-01
-1.440490678464698138e-02 -1.353611075074516445e-01 4.020633886903685061e-01 1.036803804998127909e-01 3.939557316543110255e-02 -5.754415818786525749e-01
2.016383036931861661e-01 -2.361572071906872794e-01 3.910897988500596778e-01 2.025773800637745148e-02 -7.005339195398113672e-02 -5.781937576776178256e-01
1.746988115404728148e-01 -1.558978394886907093e-01 -4.753900956202156691e-01 1.123953654459358686e-01 -1.160011392932098484e-01 5.218694162011843218e-01
3.484639106750699322e-01 3.682891586455693811e-01 1.354264392179082566e-01 -4.538038204533925701e-01 -1.058735172465495311e-01 -2.272528190542106863e-01
2.203826876525432910e-01 4.946312377005610550e-01 -1.591042081764272031e-01 -4.997402238469219604e-01 -1.947372970100835765e-01 -8.040213905221590962e-02
-3.788221828825132781e-02 -4.775416221404299999e-01 -4.773051236164158051e-02 2.174799143198534179e-01 3.828765346716140328e-01 -4.887189211186128146e-01
1.827332126255321043e-01 -8.178820426476816896e-02 -4.762895537586568362e-01 -1.308737639350900372e-01 9.434132684522873735e-02 4.567854981656125912e-01
-4.638801961018411690e-01 3.898296796165338224e-02 -1.482201863453056065e-03 4.755545016837950945e-01 3.170182502722322382e-01 -2.018788844380083602e-01
4.828582402831275988e-02 3.881391556742571081e-01 -4.380641684981612105e-01 2.840921904633902928e-01 -3.653130226724751739e-01 1.756989555922729984e-01
4.276688334840333949e-01 -6.108187561793287923e-02 2.744567541017278178e-01 -2.620427800809022045e-01 2.293727579185663168e-01 -3.888184496944271928e-01
-2.909488902685061773e-01 -2.412921761455696090e-01 -1.693224417718671992e-01 1.961516556233607878e-01 5.642994540139124604e-01 1.679536819143988835e-01
-1.655595677488961026e-01 -3.834505999195326337e-02 -4.546170309971863666e-01 3.528212174375519039e-01 -1.585166357537570736e-02 4.002369966982607941e-01
3.526141723329113131e-01 1.317690838280734245e-01 3.984728233685456700e-01 -1.658698364328471953e-01 -1.300604814643364915e-01 -4.155416798148904856e-01
1.429987699020690284e-01 -3.208812576260568483e-01 3.255355631339296729e-01 4.196992498041271502e-02 2.641177092264146431e-02 -6.067630611358205694e-01
-5.080516866434069134e-02 -3.522665548280728975e-01 2.136498311123995464e-01 1.121166590575859573e-02 2.814908259163874105e-01 -5.573919930332339456e-01
4.722328153116528981e-01 9.827636991813920586e-02 -3.051214806565522020e-01 -3.505715945813664969e-01 1.513524925904304319e-01 2.607193346463702044e-01
-1.845708282211453582e-02 1.511328054490317097e-01 -5.833017000954416886e-01 2.391610464001255043e-01 -2.265108174036380151e-01 3.060903358565021382e-01
-4.212205351959800725e-01 2.598100592685307908e-01 -7.227522046931425526e-02 5.699672920092599959e-01 3.480027685621331912e-01 2.656170192110202111e-02
1.167597302122262981e-01 -6.652444298493610519e-01 -1.237584442078306923e-01 2.791284791746871941e-01 3.064727384707738311e-01 -2.952289494041006046e-01
3.788908790857641318e-01 1.952561793942764190e-01 3.017824353225040390e-01 -3.991782370599337160e-01 -2.332760487158627716e-02 -2.871399532451809344e-01
5.632400625379229142e-01 1.780519759934444668e-01 -1.965500792692586873e-01 -4.104250012883082777e-01 4.021845320009849178e-01 -2.382746622125048730e-01
1.232813951525881940e-01 5.012358583556276725e-01 2.093858438496896957e-01 3.203479430514193371e-01 -4.548524258804887976e-01 -7.547252854516489640e-03
-5.029081490473119587e-02 -4.216731360804857887e-01 -2.232320664151835887e-01 1.263364590509964691e-01 1.828567331294191356e-01 5.535217191102064227e-01
1.104510564042113785e-01 1.787673739931132932e-01 -5.350650543457203812e-01 -3.279801119319872837e-01 -2.194753448400595663e-01 2.706525435306809113e-01
-7.090998440908662104e-02 -2.616224871909676453e-01 3.233594020634828481e-01 6.130012627710655637e-02 -8.820192192916687102e-03 -6.350828164745274673e-01
2.824143337536861309e-01 3.399512733364573047e-01 3.419268358050385759e-01 -2.673109979657703472e-01 -3.459031808536042196e-01 -1.349439300567266131e-01
3.514148071280398522e-01 -2.127931368487300801e-01 2.019636214128390506e-01 -9.883065592595913218e-02 3.522219873130614798e-01 -4.894385281844306768e-01
2.202240591146708767e-02 -1.776713106964944444e-02 5.072826489415730444e-01 1.129095685189498433e-01 -3.953437036434062080e-01 -4.142245162593360952e-01
1.636678512864490065e-01 -2.637627815327253308e-02 -5.232993322998674701e-01 -1.623306990173020714e-01 -1.859434148290204369e-01 4.085071251219277721e-01
2.706426360679819454e-01 3.992524910147045580e-01 -2.708867179072055320e-01 -4.422430230873709012e-01 -1.932298689275419590e-01 1.042914932510441428e-01
4.819602637943447287e-03 -4.955085955973305700e-01 -1.303928507739335885e-01 2.407282608219018238e-01 3.276659071871770856e-01 3.860670634104326204e-01
2.276610046320318159e-01 4.702230687850062485e-01 -2.111150341552397725e-01 -4.365087367699361232e-01 -1.686183772856735819e-01 1.771634244133057090e-01
1.252640986781300148e-01 3.879759128480161356e-01 -4.447314007155283022e-01 -3.021989524070238797e-01 -3.201891683789624965e-01 1.172094837979210658e-01
3.404095865404316301e-01 -1.673883832968570962e-01 3.288072196148414950e-01 -4.971936748802274764e-02 2.222546965478794101e-01 -5.054455415779354199e-01
5.630116551301572736e-01 1.482885633947099158e-01 1.476254406615883433e-02 -3.519090897774452831e-01 5.503556678676204683e-01 -2.076313732754840255e-02
-1.038710052710009046e-01 3.236971455679928389e-01 3.164545098113190624e-01 4.738754239674037860e-01 -1.321280394799941305e-01 -3.606218995977236164e-01
-3.882162462683718673e-01 4.523043224191242856e-02 -1.026688702604768161e-01 5.439298413807411858e-01 3.130082015177667043e-01 1.410496919421164175e-01
5.290967340833974131e-01 2.961271335364022428e-01 6.608641841147465390e-02 -4.181294431422541980e-01 3.372071534943513194e-01 -2.518365300190105183e-01
3.136489900095360550e-01 2.691767653037022701e-01 3.635087466191941896e-01 -2.570924351027381594e-01 -1.448158445355918200e-01 -3.456205396602969326e-01
4.380209262357362965e-01 -3.637554482435834680e-01 1.062850395345903663e-02 3.054571407153101603e-01 6.273147963199632304e-01 2.500254685190170939e-02
2.101910696579616655e-01 4.380520541035404225e-01 1.973943462660968651e-01 -3.982022028821883275e-01 -2.943172425680185000e-01 -1.083716414118868765e-01
-2.260836795167632529e-01 2.608418354483452162e-01 3.080755141618937154e-01 4.609983204529105594e-01 -7.530124711528574100e-02 -3.360721035176977844e-01
2.438158725814171257e-01 -1.883813279636123161e-01 -3.504760234448080491e-01 -6.997917010727644493e-02 3.133335871398633676e-01 4.556348964332899709e-01
3.212223359680350110e-01 3.519353046829282183e-01 2.608262728887207338e-01 -4.202635817490156245e-01 -1.754191623220244800e-01 -1.540181557314854177e-01
3.525209792295166955e-02 -5.164616357301654581e-01 4.165998644601454082e-02 4.237736992648980516e-01 3.927594914334824328e-01 1.912190290009710969e-01
1.113076758965197977e-01 3.288388362793461805e-01 -4.364164653942319561e-01 -2.433097785186829620e-01 -2.909098311441123963e-01 2.636964185401582395e-01
-8.486269109745832318e-02 4.150622057714584145e-01 3.349499964275948205e-01 3.812697369757105381e-01 -3.540143751446483411e-01 -1.023619885270861118e-01
2.602262410241802937e-01 -1.422597633401719297e-01 3.802719043687923239e-01 1.799891468567460517e-02 -5.956171858213078762e-02 -5.864167506634760940e-01
-1.067203250725880515e-01 -2.958456709464259982e-01 -3.016443855647555350e-01 1.740508300291945809e-01 2.765288801043357392e-01 4.687807774278934247e-01
-1.809576703318893920e-01 -2.505278776235513316e-01 -2.896684827401790896e-01 3.086741581368197540e-01 2.443185009044680500e-01 4.282366183756248779e-01
1.266419260191707641e-01 -3.481230663508078638e-01 -3.516387158980486816e-01 1.383236748902169633e-01 1.385061901458110034e-01 5.218917663776769800e-01
2.769319375906629799e-01 5.754307768580280841e-02 -4.833396785665307616e-01 -2.586686521276568285e-01 3.236436881506328522e-03 3.593837618680765789e-01
-7.434957306888742568e-02 1.181263290909807528e-01 -5.282235696970603023e-01 3.229827022772189249e-01 -2.100165539287806582e-01 3.287766119200529191e-01
4.794915646750215199e-01 1.590358148919479298e-01 1.810754047366846253e-01 -3.977608040330581352e-01 2.068151627120660141e-01 -2.965702960897205198e-01
-3.152611796798754917e-01 1.417414605771747660e-01 -3.212651054327558819e-01 5.230328725872326334e-01 1.585269052739444184e-01 2.236948295899233718e-01
7.949787656259660329e-02 4.427529729802149872e-01 2.972038328148567388e-01 -1.069874677804844021e-01 -4.789683641954582960e-01 -4.287408905060535735e-02
1.129876866417315051e-01 -4.160111050274074018e-01 -2.281871822764889590e-01 1.158098894548310054e-01 3.028220513230079347e-01 4.669897221892599370e-01
-1.023146539028357699e-01 4.294688521940959736e-01 2.030878557000066198e-01 5.242033146125989473e-01 -2.208247504789230820e-01 -2.265555609257325076e-01
-4.168650048379740625e-01 1.824832661074870521e-01 5.282946640076024297e-02 5.686102284809227969e-01 2.800852012778203837e-01 -8.613969120650111222e-02
-3.600842831746844941e-01 3.504302655971929803e-01 2.512398924661370103e-02 6.233679573166068799e-01 1.719330163042721848e-01 -5.866697540225163793e-03
9.382853387008949220e-02 2.669637027734089729e-01 4.425558204164577458e-01 -1.612239882875490804e-02 -4.005628228588274942e-01 -2.938673799079272730e-01
1.485552224825443801e-01 5.591029590322917908e-01 -1.041397224030142649e-01 -4.888554055165352796e-01 -1.772014965123479557e-01 1.229361240865027155e-01
5.103055815595646666e-02 3.794762746522037933e-01 4.126812581373636712e-01 -2.036484445602917970e-01 -3.373703414270700085e-01 -2.363715398622685537e-01
-4.124280697350325986e-01 2.880863576690143035e-01 2.355940867670204206e-02 5.694991755710021586e-01 2.711017175912392441e-01 -1.649357024724489029e-01
1.337230990701498701e-01 -2.933013575403441431e-01 -3.986177921310525285e-01 8.946473502058682747e-03 7.751771588820488557e-02 5.216669510291460643e-01
5.716379962812592197e-01 -2.699759685739916600e-03 -6.352030757257880363e-03 -3.308619031364462559e-01 4.011637034934651957e-01 -1.559790158232221280e-01
-1.215590413204903769e-01 -1.911686852135013326e-01 -4.029726486634040983e-01 2.573724946150838799e-01 1.617818888115903908e-01 4.525019467331306000e-01
-9.908271859278598714e-02 5.048791040668330066e-01 -1.972136196804004094e-01 -1.651307780727813423e-01 -4.846306602082228743e-01 -6.872984543925184098e-02
1.118207491197208969e-01 1.832606625116920962e-01 4.576445360261880979e-01 4.307700523173058071e-03 -2.962913423730434426e-01 -4.132577656084481244e-01
5.192451101105319822e-01 -2.574359792259834495e-02 -1.719098608987434662e-01 -3.041956812242994079e-01 5.178398306985270150e-01 -9.237431475780960577e-03
6.310530987178467055e-02 -3.789260937532412110e-01 -3.010224245527599041e-01 1.732815653361492736e-02 3.011776932649761762e-01 4.306628159132023792e-01
-2.063401823166422996e-02 5.080418291378152595e-01 -1.996488792807820656e-01 -1.325718430895197475e-01 -3.270982294369048082e-01 3.388778200850945388e-01
3.159402497688301170e-01 -6.976700685136859315e-02 -4.472562496040527469e-01 5.984886076125184307e-03 -3.317652592643634268e-02 5.027904909428558833e-01
-3.749426321670107365e-01 -3.299165204336855506e-02 -2.494985721196299744e-01 4.338196690403091083e-01 2.309675189544892482e-01 2.760764426898298929e-01
-1.093827341382957452e-01 -2.303536944615320881e-01 3.792140912781089002e-01 1.305580923184441744e-01 -1.443612994165019425e-02 -5.672572527841713841e-01
-9.658619907769085133e-02 5.214475036943428954e-01 1.042886474428634663e-01 5.192510561845241623e-01 -2.105060302011158013e-01 -1.872392230070317742e-01
-5.885347515151081454e-01 -6.579004573896034269e-02 -1.132781782462958658e-01 2.279932440551654116e-01 4.953192841505775212e-01 -2.490660729972825616e-01
4.604411637602605634e-01 -1.908654371519959148e-01 -2.451154805403343850e-01 -2.128486575390009516e-01 3.831722031538082884e-01 2.208905323467878490e-01
-3.904231186436886714e-01 -4.693447890835512198e-02 -1.836839395972192923e-01 4.421037043403703293e-01 2.494743040451342653e-01 2.843341395408633399e-01
3.019413259449100356e-02 -4.982380707796398300e-01 1.090020431062887207e-01 -1.386026765608726063e-01 3.645035915784423097e-01 -3.676366683414710179e-01
-8.519802595800958500e-02 -5.053405036874114575e-01 -5.123037577327837350e-02 -9.664754747661109813e-02 4.289877326918126732e-01 -4.074601543733889497e-01
4.823830418997299835e-02 -2.291393851118774250e-01 -4.537309560776351391e-01 1.304619988598049729e-01 1.213648074648013830e-01 4.792138842109066044e-01
-4.210866311548667751e-01 1.019872821694472048e-01 -2.023629021970889119e-01 5.341962887527228476e-01 3.781044683508447135e-01 -9.656194554689062626e-02
3.077127655105368204e-02 -2.033457360528674318e-01 -4.659793134242705692e-01 1.204494218516048987e-01 9.238625434279046367e-02 4.850729564915715608e-01
1.038623897281021197e-01 -2.597550052917128593e-01 -4.428561989921561137e-01 3.597738246941713236e-02 -8.709864214814855288e-02 5.397838195576309950e-01
-1.620804643963494052e-01 5.455408295062696977e-01 2.982086721801274071e-02 5.125481068983327448e-01 -1.895272373929672849e-01 9.728365561217122703e-02
5.991279794151576493e-02 -4.583019713001593165e-01 1.619383020513305294e-01 -4.879483962518489926e-01 2.733564403424065259e-01 -2.436773788212138192e-01
5.638354192621772981e-02 3.952724979844860487e-01 3.773757055218694978e-01 -1.659665110212182049e-01 -4.368920729120989721e-01 -1.306228977230360355e-01
1.242096606261966218e-01 3.017655094535139360e-01 -4.842516296085474514e-01 -1.379520791724273832e-01 -3.334746552745392889e-01 2.422063218945209040e-01
5.303085287673084958e-01 -1.867701266259722825e-01 -2.321358158324019275e-02 -2.069172066827814627e-01 4.658288798038427991e-01 1.517514200510644284e-01
2.700011120455294567e-01 -4.181949995490248373e-01 1.351223563130155847e-01 1.503616388915608726e-01 4.568028055756606642e-01 -3.339887579130530471e-01
-3.422848416862603882e-01 -1.937754845054435737e-01 1.485395858222235688e-01 3.182743249882121761e-01 3.484770031247804711e-01 -3.707135576262875487e-01
-4.220733032623463776e-01 1.480727241531102634e-01 -1.169458893263556065e-01 5.091843762338034152e-01 5.089860315865132323e-01 -6.693870087381209588e-02
4.229504922449062870e-02 -2.630155816370977062e-01 3.664916500527948262e-01 6.783395579329494496e-02 5.069343602202108778e-02 -5.826840009679319365e-01
3.518989679921102343e-01 4.297556455078531124e-01 8.899347673963120542e-02 -4.551164887912788060e-01 -1.414838187814910220e-01 -6.071132261937753349e-02
4.192645035931295006e-01 3.774805349587968539e-01 9.670897909266017167e-02 -4.343498173299833454e-01 -8.574529826144511313e-02 -1.415438667505435344e-01
-1.722012831007088129e-01 -2.644370826126452023e-01 2.061850914447828642e-01 1.714612566088514201e-01 2.624198244726686502e-01 -5.711937468682186658e-01
3.814413176022161261e-02 -4.795774096862591152e-01 1.821251611783807067e-01 -4.734886438973174433e-02 1.808310295542390755e-01 -5.638987265016540684e-01
1.648370134630173511e-01 -1.652378714627431577e-01 -4.211505453390976261e-01 -5.977718500293888182e-02 8.925292480499408265e-02 5.194784444663989031e-01
-3.876406550107719395e-01 2.203002832125581234e-01 1.514100705311338391e-01 5.326939734375306656e-01 2.516197459691984495e-01 -2.384658878601989829e-01
-4.019945952796128430e-01 -8.321613073099637381e-02 1.091874324849689132e-01 3.236196224536204702e-01 5.608134751387985339e-01 -1.331137721892634018e-01
1.118737242684250954e-01 1.677226898232559715e-01 4.425409598832322211e-01 2.474453643971276373e-02 -3.488397077462358498e-01 -4.092640612604372952e-01
7.435183353842586551e-02 -4.390806956881153078e-01 -1.753130615655699998e-01 2.123823213645308072e-01 4.163559100393719459e-01 3.238620560153477879e-01
-2.473596696603084372e-02 1.733723828339737982e-01 -4.949491806054217569e-01 7.587106874303933823e-02 -3.888727779761921299e-01 3.258788181320631527e-01
9.938030096268755942e-02 2.437004196260965927e-01 5.116312821583119952e-01 -2.601134937639935918e-02 -4.019234541776839365e-01 -2.416593308190702061e-01
-2.987081644073100173e-01 -2.770930891078415836e-01 1.583276706103046716e-01 1.835818793608300914e-01 4.313864358483103789e-01 -3.568937152036295024e-01
-2.784724992174830160e-01 1.125622792945202288e-01 4.058966841908688838e-01 -3.523728896624975238e-02 -6.810149798864861825e-02 -5.470971416400312037e-01
-1.218279283958506772e-02 -1.969381338411220206e-01 3.948763015199042159e-01 -4.319359835723223309e-03 2.444584914891990146e-01 -5.024013509201852301e-01
3.337965465578021651e-01 -3.527572084111865736e-01 1.497696312539872343e-01 9.610498016051335912e-02 4.337669094440766426e-01 -4.202150451151264177e-01
-2.572975819663765873e-01 7.288151043976692778e-02 3.885545944297097432e-01 9.082560863137645324e-02 -1.043795909560848723e-01 -5.319826107390819292e-01
-1.974097548034391136e-01 1.012349694310417797e-01 -5.174318706774029275e-01 -1.817148422529552276e-01 -4.893446217867834791e-02 4.711038198922630205e-01
2.354190556570236459e-01 -9.918791682786373687e-02 -4.508933361414019791e-01 -8.253443824932432671e-02 1.814277054876564932e-01 4.547337660508961599e-01
-3.031755296484847650e-01 2.959874602671986876e-01 1.326110046148910038e-01 5.853960137941189856e-01 -9.798605266106796829e-02 -1.023900236700715782e-01
1.490553510607781906e-01 -6.372727953821075708e-01 3.543862123662556377e-03 -3.320482494208313318e-01 1.418236791588892709e-01 -3.983864912479405662e-01
3.498434373161821709e-01 -4.154790266521102282e-01 -1.419815092834332548e-01 3.158406999337881049e-01 5.804998016034420560e-01 -2.248668971223106716e-01
1.051955555930058966e-03 -1.075633582988231030e-01 4.749819647096277797e-01 -2.043996879057053406e-01 -9.073111212507350976e-02 -5.035405427921972876e-01
2.874101060512452080e-02 2.239110206219082494e-02 -5.619374174509530473e-01 1.172219536796499095e-01 -2.881395770130227296e-01 3.844989618507564932e-01
-4.654542699006752327e-01 -3.228328208255571569e-02 1.256842890205921437e-01 3.204195757483163098e-01 5.128158508869170573e-01 -1.663246731035078474e-01
3.046317251765394141e-01 -7.330616437985953970e-02 3.739505042099790511e-01 9.436636547830873356e-02 3.054964764778517194e-02 -5.981618600869946789e-01
-2.802367592263186880e-01 -2.312140537653136485e-01 2.059162585221193942e-01 2.549817604273734717e-01 3.445566998934606051e-01 -4.121688290272548238e-01
1.794898646250435159e-01 1.788546368155798927e-01 4.316816710593234796e-01 -9.908505814431184389e-02 -2.380467784369127426e-01 -4.335288364846593967e-01
5.167553488479851298e-01 1.420312058388494281e-01 -1.576641315864180937e-01 -4.379102350711804315e-01 3.218365894663127724e-01 7.957761621286654763e-02
4.702969433431961610e-01 -2.374249129909464240e-01 9.314621826033321617e-02 -1.431421811964416202e-01 5.511295586176729877e-01 1.364392406784307177e-01
4.971552916468391370e-01 3.858355714066691311e-02 1.564844453377734756e-01 -4.280535224283315010e-01 3.770775359800622728e-01 -1.501038445919558595e-02
-3.027199162232959151e-01 -3.329355050774272518e-01 -3.533201623915938061e-02 8.745787220656242589e-02 5.398963124139697367e-01 -3.284632356455019497e-01
3.205824081839009909e-01 2.372543028784228347e-01 3.801438441424401793e-01 -3.119808914577688053e-01 -2.296905384867352906e-01 -2.377770141144327498e-01
-1.807939669130766425e-01 -4.237880390988081614e-02 -4.659912048670898921e-01 2.554710482195790000e-01 3.617737817932747957e-02 4.303913935956820147e-01
1.749087008191819448e-01 -5.170404026425877708e-01 1.038674195639045922e-01 -2.551361264518399175e-01 2.498582790997467828e-01 -3.725020362991959266e-01
-1.129678352134075026e-01 2.217324522408153642e-01 -3.975649386381421291e-01 7.016519498506459396e-01 6.444246658228153235e-03 1.409938736741485066e-01
3.976067555016309374e-01 -5.497881169943690666e-02 3.037657195774244867e-01 -1.662677833222815371e-01 1.794471921374510837e-01 -4.881243947636925151e-01
-3.689576082502715043e-02 4.704414672786841334e-02 -5.552030615738593466e-01 2.769834505254397672e-01 -2.092613146756711340e-01 3.590110004142111899e-01
-2.704157440446993202e-02 3.363575894765765129e-01 3.727754011990942473e-01 2.855878054176208547e-01 -3.042117776413593710e-01 -3.286044935670602296e-01
1.114381758719377169e-01 5.873001565488422671e-01 1.667310703835754027e-01 4.875797127409854381e-01 -3.386127375134847517e-01 2.014132971130824235e-01
1.207822349371379805e-02 -4.867631482465711867e-01 -1.340276480935508052e-01 2.736313364578300544e-01 3.671289303537070836e-01 3.159260019666264574e-01
5.854632384738303053e-01 1.504563234075765032e-01 -4.457344388695992643e-02 -3.980389556699629461e-01 3.176013429505976093e-01 -1.137541966749093386e-01
-3.850049157306035807e-01 6.250447690390215083e-02 -2.849527568836384139e-01 4.934066603538264095e-01 2.478812738747870614e-01 1.555339581778750202e-01
1.917735343714402074e-01 -2.885919955304157569e-01 -3.209756793277537823e-01 -1.843606649779783169e-03 2.011828004505308298e-01 5.291025829073130460e-01
4.794846978120594905e-01 2.766098193865719757e-01 1.677506871692755197e-01 -4.202161019533425801e-01 5.212453168670463932e-02 -2.066085340445258101e-01
1.298614004501851271e-01 1.762442136296798745e-01 4.577928718838815692e-01 -1.111894395720786077e-02 -3.141716542288472969e-01 -4.022169065740964222e-01
-8.571966824937980733e-02 -1.421443247851909564e-01 3.964143154835727545e-01 1.617995058624325799e-01 2.414939499719559457e-02 -5.580911361550983107e-01
-7.800605496878122713e-02 5.359727290500940766e-01 -1.163252940094696708e-01 4.181171119612794307e-01 -3.006750792367602898e-01 1.158002067957845660e-01
5.835103602549265300e-01 3.438895418518734398e-02 -2.086106049159654752e-01 -2.452624468684904135e-01 5.934792502096616351e-01 -1.850803039396214933e-01
6.427330953749500753e-02 -1.740076741395132562e-02 -6.101716950284926666e-01 2.372237646049025206e-01 -2.400609671485795515e-01 3.492607286190053673e-01
