-8.967434056462837699e-02
5.169896552115484933e-01
4.668342288395435635e-02
1.525852342511442972e+00
5.129239549878725768e+00
-4.435943013392502077e-01
-9.274069778259255714e-02
-5.438727727824258298e-03
1.465616498545469382e+00
3.605069010086646153e-01
4.097438464563095684e-01
-6.658667753831055969e-02
-1.418152031893079867e-01
1.148284822059869148e+00
3.286103802778889360e+00
-1.656264337577268986e-01
1.867217036776508132e-01
4.837934825451540855e-01
2.901105806287890942e+00
5.446601856870922909e+00
2.065189738262252772e-01
6.402202408759959107e-02
-3.336694888920835877e-01
4.801320201390757991e-01
3.506717578820916614e+00
3.572171893873148374e-01
2.558294739585322830e-01
2.649510872088632896e-01
1.849438503603684003e+00
3.738314324093569230e+00
3.031919314219908013e-01
-1.588550844421947328e-01
-2.040750493902320217e-01
7.961946260016282695e-01
2.541377562463574602e+00
1.289887192126236148e-01
3.546374894506720277e-01
-1.608139618259229187e-01
1.060854127250426826e+00
4.553653250019071841e+00
3.013050759226094666e-01
-2.767279016986036733e-01
1.183414121567936267e-01
1.662568736997943164e+00
2.171729900564787652e+00
1.299021240563744961e-01
4.300278786676814957e-01
-1.312446330173839548e-01
1.061840429428319688e+00
4.319681068320330830e+00
-3.398730989249130335e-02
3.252349694578750561e-01
4.171759350323832050e-01
2.302077728101218135e+00
4.803506747470818183e+00
-4.931428892231877747e-01
2.238530188938077647e-01
1.631200237972151024e-02
1.383405923393738357e+00
5.773217078021145809e+00
-4.238356338023936409e-01
-3.129363984720685138e-02
-1.881962209968785771e-01
1.073556641209117535e+00
6.244150379664059614e+00
-1.061961488990117441e-01
-1.324700083822803187e-01
5.169616236193881331e-01
3.031722981290196017e+00
7.008706459667198851e-01
2.724341345352630506e-01
2.771290031397815046e-01
1.123005904842159092e-01
1.614944306908328686e+00
3.594853101350262481e+00
-8.993994534632940296e-02
-3.981749031156702756e-01
2.333960833120739264e-01
1.964636955059998691e+00
1.373556344984411925e+00
5.619987833252127613e-02
-1.102333959587651485e-02
5.816130694645347265e-01
3.457451403465594986e+00
5.146004220599832202e+00
6.991671555919387604e-02
-3.352284983977273924e-01
3.997400242980033713e-01
2.302740692493215668e+00
1.710621355246788822e+00
3.536808865045639183e-01
1.060041782609100341e-01
3.477973142680347296e-01
4.128675390390778688e+00
5.944255568200089712e-01
-4.506995173662672188e-02
4.621802582930631398e-01
2.041769971741544676e-01
1.857191559634153499e+00
5.008129357064635911e+00
-2.413065207275455204e-01
-3.403065509549274559e-01
-9.115087616299237527e-02
1.191600744807558510e+00
6.035042857789088000e-01
1.486816572267852798e-01
-7.759354895768853788e-02
-3.704926392680381597e-01
1.138211755105120598e-01
2.846345708174315536e+00
-3.967473893998291201e-02
-5.374058601479529962e-01
8.349353984385904370e-02
1.605717125925461675e+00
1.210948791563014160e+00
-1.768685772739252149e-01
-4.546146881103041992e-01
2.344109964539156932e-01
2.019487815479918957e+00
1.003161754313595555e+00
2.692038911160747339e-01
5.055234590388456295e-02
-3.362187799379268704e-01
3.454755159257494879e-01
3.390265257332216731e+00
-3.277642587932827478e-01
-3.059258143326936685e-01
5.704578983978754458e-02
1.582907676592524959e+00
8.970444640783589163e-01
1.068918902168582846e-01
3.308010344894812826e-01
3.847681634340094359e-01
2.347924074364687197e+00
4.535655100478389379e+00
9.024049561776686934e-02
-4.682924266317659012e-01
2.182284563774438413e-01
1.699317742364916617e+00
2.023739823788519132e+00
4.300479112101976975e-01
-1.022711397076157547e-01
1.052597124073400003e-01
1.871363158612758371e+00
2.833150059401848608e+00
-1.500348946359594260e-01
1.143311172240895207e-01
5.517854769393648606e-01
2.937569433895550031e+00
5.316135171781025015e+00
1.530484932922044627e-01
1.463206398088087723e-01
-3.108328125067733039e-01
4.178715664454113465e-01
3.721444638766516100e+00
4.108019240740904410e-01
2.241749725777053281e-01
-6.766893940445975475e-02
1.404095327374505597e+00
3.460271806959718699e+00
1.037537532068064511e-01
-2.470758248921920697e-01
4.202971735072297821e-01
2.525074702544367167e+00
2.170616684147673059e+00
2.175664024932112417e-01
-3.966863366283295833e-01
2.298942228501058838e-01
1.853451182561431709e+00
2.248317602330229814e+00
-3.922719087712513153e-02
2.229477724402630090e-01
4.264790884427847040e-01
2.513151047494074586e+00
4.762595623454357607e+00
-2.755949544344029056e-01
-3.037399384736960695e-01
2.518605983506586043e-01
1.888518694687813193e+00
1.000049504683064194e+00
-2.455766632433348529e-01
1.852129753098578357e-01
-2.791131780210335811e-01
7.357685041023763750e-01
5.520468633941031378e+00
4.084376401349209540e-01
3.129276055067535811e-01
-7.467019606947900012e-02
1.313375992149626192e+00
3.499657875570173271e+00
7.635147971056378650e-03
3.662034762019489853e-01
4.347580909277760641e-01
2.499090539635169694e+00
4.544611038899348365e+00
-3.040065371364575886e-01
3.529720050818089816e-01
1.488619022126918268e-01
1.868932843043090486e+00
5.539756406819247303e+00
1.762437572359466520e-01
-3.159287121828606871e-03
-3.658808682872788376e-01
4.546117112508065716e-01
3.078967664707354945e+00
3.669505842222353098e-01
6.926537627665366181e-02
-1.771785980668912908e-01
9.314296221519241525e-01
3.240515351199090510e+00
-3.976772665319167621e-01
-2.110949398895916596e-01
3.389362651674322768e-02
1.485343416581715648e+00
7.247427224938942647e-01
7.712347515503460704e-02
-4.210370911981173303e-01
-1.477636059444956129e-01
9.452134436519753491e-01
1.614051078184416177e+00
-3.674054431533074760e-01
4.446134802306648259e-01
4.286599306135620013e-01
3.962644396910757205e+00
2.405227099083584008e+00
2.351423350594150641e-02
4.309324030914497561e-01
3.800469061165256401e-01
2.010110211175808903e+00
4.476674308086853848e+00
1.313071849298360662e-03
5.544339868748714428e-01
-1.471278661811588062e-01
9.124279996318481745e-01
4.707628974838355518e+00
5.050343059211768321e-02
-4.804023713353959280e-01
6.998002355808834174e-02
1.648589863285597090e+00
1.656612778315363244e+00
3.733817807675458011e-01
1.175571231002659617e-01
3.146413594821696469e-01
1.913729308223734549e+00
3.404368919033715635e+00
1.391150810548653083e-01
-8.215274037518115191e-02
5.281356724527539459e-01
3.038194769519903637e+00
2.931038055962328581e+00
1.006157678895779201e-01
-3.721516462041734585e-01
-1.467180664000597989e-01
1.141807335800162804e+00
1.862620500797177003e+00
4.662506828075687615e-01
1.136413571262073624e-01
-9.790774357496923042e-02
1.377924265906413703e+00
3.246290418631295527e+00
-4.308790651671300931e-01
-1.912761464399408140e-01
-5.766134647833305593e-02
1.144217301498606787e+00
4.299019419135606812e-01
-2.797662839862510298e-01
-4.377012717609332637e-01
2.043760549237724766e-01
1.865927715667291542e+00
1.410183875947028431e+00
1.289869208095813236e-01
-3.206864554623627406e-01
3.886706542519577368e-01
2.075520826717300871e+00
1.954460004729360101e+00
2.169555506361007247e-01
-3.975976500489479259e-01
-1.640056378077646149e-01
1.139791015610086999e+00
2.384506550699359018e+00
-5.159822369537541142e-01
3.810918766774070571e-02
-1.331361519240058244e-01
1.076558024178632778e+00
6.024657147189599549e+00
-4.714345557434092560e-01
7.929188558191914427e-02
2.258665432252540406e-01
1.846557696707212592e+00
5.943075491647456410e+00
1.576573847328792410e-01
-2.000470396453244426e-01
4.576599016776162210e-01
2.732097506245704466e+00
2.504342498013812701e+00
3.170502232439809803e-02
-1.424280394675040418e-01
5.399655703597612266e-01
2.909486935375853456e+00
1.372427270636739305e+00
1.485635384496449274e-01
-2.534118564145250718e-01
4.644425126493427758e-01
2.368930648809288275e+00
2.209600757471898547e+00
-3.546869799109345633e-01
-2.083926598790284967e-01
1.177692114955019714e-01
1.971251532083955205e+00
5.898372331456886997e-01
-3.941956300398913315e-01
-3.006857843013561182e-01
2.470472570744929874e-01
1.931329206767604001e+00
3.397458036762280864e-01
-9.401295871950465788e-02
-2.458773836662810075e-01
-3.809869582610400096e-01
3.526309292102425830e-01
1.209680027317348028e+00
1.592283856166218092e-01
4.476039955906569445e-01
3.200408065238440902e-01
2.167360464530719177e+00
4.440607682941950074e+00
2.107337331510234779e-01
3.358702804728444513e-01
3.085374944117531548e-01
2.239890754616217450e+00
4.198912486792217180e+00
4.162866575494427179e-01
-3.463523500172107639e-01
2.685166815428597850e-02
1.425660050445090477e+00
2.251853006040628546e+00
-2.805147281030951345e-01
1.324767006027693650e-01
4.646185846843257083e-01
2.554630024205095662e+00
5.705015644244938677e+00
6.855668952147389583e-02
-3.415434989539665178e-01
-2.044581642357870821e-01
8.807887945681461828e-01
1.939701386609013145e+00
-3.933233046064462113e-01
8.316093479199504479e-02
1.284947344526454240e-02
1.500956996858482828e+00
5.903680729579029673e+00
-4.694318167358780824e-01
8.027851120333023838e-02
-4.066090493244300941e-02
1.244712217338709737e+00
6.146455362623381546e+00
-3.333310281505356132e-01
-1.000890225085288160e-01
-2.454590738028489538e-01
8.098433656423253968e-01
7.028929444433586193e-02
-9.057882717830290087e-02
4.034707992880639527e-01
3.538724645230250099e-01
2.345364069981002775e+00
4.944238494485289515e+00
4.077775220534839984e-01
-1.516031536478284758e-01
-1.520630346226370944e-01
1.241867666968822892e+00
2.633498533313149537e+00
1.337649401308916089e-02
1.108264014310953588e-01
-4.294141963554324315e-01
5.730089793035875873e-02
9.543512337562429781e-01
-1.494850187621886151e-01
-7.797540189852790460e-02
-3.147259121867407305e-01
-3.697650822019329375e-01
3.621531676428050073e+00
5.138217720130269783e-02
1.203047016173746236e-01
-4.152869498341573706e-01
-8.177471465385369176e-02
1.556193514440657566e+00
4.509306700987743971e-02
4.521016720892979679e-01
3.213575272507330355e-02
1.379335898880898359e+00
4.650440371876681134e+00
2.657663368621646788e-02
2.767610096422350452e-01
-3.338521253346721229e-01
6.491754684656044772e-01
4.468028796063610919e+00
2.615497401343690465e-01
-3.645600152196085131e-01
2.303874800117536592e-01
2.113388065847590980e+00
2.248764959202733227e+00
3.939648770888671825e-01
1.739273605480643956e-02
-2.911355677409144804e-01
5.412505103604092760e-01
3.232238075376545616e+00
-1.540289847195225881e-01
2.981467307807283973e-01
4.970847589044490311e-01
2.714694369230234994e+00
4.978592418996242053e+00
3.543593535191986721e-01
1.971850723028024666e-01
5.998325700620724815e-02
1.506900992094700298e+00
3.846062152670048917e+00
-1.591955644284830940e-01
2.996886236222552347e-01
-2.141034176412453804e-01
8.787462486840347253e-01
5.217723766792340179e+00
-1.180691357073845871e-01
-1.253779922499759225e-01
-3.566995840457632960e-01
2.208205130710953201e-01
9.859610668579231740e-01
1.098327219682313921e-01
2.684417652833662182e-01
4.187639497686361789e-01
2.478357792253869096e+00
4.214540870460202093e+00
4.492275807528798293e-01
6.143831259953272395e-02
2.960554696255930374e-01
2.051234069722468689e+00
3.371593207674094650e+00
-4.523804327387584250e-03
-4.288911004241224290e-01
-9.352779890929628637e-02
1.217895484131128248e+00
1.361693292648838094e+00
-4.623067514589409566e-01
7.121864275234663505e-03
2.063105007360019061e-01
1.937480995520808325e+00
6.244849109011918920e+00
1.726980117905385081e-01
1.631191513644628943e-01
-4.253941354356330362e-01
5.698362678244317525e-01
3.877677418612640370e+00
-3.526468578933024123e-01
-7.016303622176050039e-03
-2.095213839112347876e-01
8.965867531917430799e-01
1.377594092562267336e-01
7.262196887165943415e-02
8.920857543198554285e-02
5.460918501412532766e-01
2.836486361572361670e+00
4.303956389598746490e+00
-4.461062436613408844e-01
3.415926742051935139e-01
-7.215642024963703216e-02
1.179590065492603035e+00
5.771769928129442562e+00
7.107540169584922185e-02
1.553325582916699199e-01
5.591821849122402543e-01
2.627924869830209342e+00
4.076458875061950593e+00
4.489591606493384401e-01
-8.700269453145104137e-02
-2.932857406844488132e-02
1.525270283198528753e+00
3.050866174017774490e+00
-3.800483593826861628e-01
-1.560138251180435975e-01
-1.401006836089501439e-01
1.082628909978074594e+00
5.973942386259485371e-01
1.889365832471761319e-01
2.652406620236448798e-01
-2.482178045231206442e-01
9.197894839953456581e-01
4.061226159887602272e+00
-9.296748001089677471e-02
1.624791982106315869e-01
-3.828584588598493710e-01
1.662796151993209681e-01
5.090826371433426978e+00
4.466242978036294442e-01
2.282938617038013721e-02
1.814467784412759632e-01
1.947883356434792601e+00
3.212736883060109516e+00
-2.085488676040539169e-01
-3.112963613285948394e-01
-3.135414321244119340e-01
6.317366636419821102e-01
8.611061661372676479e-01
-2.593669511085563983e-01
3.599917884742040441e-01
-1.589838611386111822e-01
1.215611725945498378e+00
5.500359027181231930e+00
4.506082694738369754e-02
-5.052038306243943344e-01
-4.015006383538068796e-02
1.161971647392094464e+00
1.542836755626820766e+00
-1.034928935540553596e-01
6.226859030505413339e-02
-4.714580127460051284e-01
-3.793039763384948304e-01
2.531563257689666280e+00
-3.366490364104310351e-01
-2.682947223739391429e-01
-1.489410244984923914e-01
1.100594986582139612e+00
8.918906938655559724e-01
1.905509665717125822e-01
4.606403509270218244e-01
1.296282763191939913e-01
1.606207526317107170e+00
4.145206224678087636e+00
-1.165326215972663781e-01
3.221916960568450561e-01
-2.680882189067119170e-01
1.007954345071121249e+00
4.961236197776639045e+00
-3.244485977180968650e-01
2.171627169300697213e-01
-2.266572949125580660e-01
8.745459151109522544e-01
5.702789560879330644e+00
7.891645877189541747e-02
-3.388784423273506763e-02
5.641818336772664866e-01
3.151050015213749500e+00
7.381039295213384643e-02
-3.655736053148512243e-01
-2.278769207346747760e-01
4.393254026073506457e-01
2.434735573359180894e+00
7.702068297561371901e-01
2.919448371861931846e-01
3.284289402785615652e-01
-9.915200954151273671e-02
1.154653313876132570e+00
3.828859060877722875e+00
-1.163222671843550382e-01
-4.493001049966303118e-01
-6.888088208260029210e-02
1.301079160264487999e+00
1.113585978375374541e+00
3.165106392934266544e-01
-2.601336266256463747e-01
3.229821351717478417e-01
2.116097942206784044e+00
2.609212063877272225e+00
1.039192638493669218e-01
-1.634577729326436857e-01
4.786019121930857878e-01
2.696073588478144600e+00
1.998452349329192135e+00
-1.325318508819472441e-01
-7.752620001904325653e-02
-3.818385807637719176e-01
6.666218428147407948e-02
7.681377206323557472e-01
-1.695799377640985761e-01
-3.857708683767938074e-01
-7.703667497249135077e-02
1.361850321751291393e+00
9.536358551887725854e-01
-3.246661987167891450e-01
1.250610978124375716e-01
3.896456435678620212e-01
2.214576871862877994e+00
-4.848615606211065798e-01
-8.381353310281462743e-02
-3.740730457294806355e-01
-1.805297800423005805e-01
1.022630814245065967e+00
1.514707774921155714e+00
1.162996202787251092e-03
3.441370716568248334e-01
-2.966168760318594888e-01
5.715603404426177203e-01
4.734576283811215980e+00
8.657310916413603341e-02
1.800903974160452670e-01
-3.134421630874713594e-01
5.987842392166758954e-01
4.528983404438554849e+00
2.611128658634400690e-01
-2.745580524631294206e-01
-1.114278978492035804e-01
1.054689710060386920e+00
2.590345522898034769e+00
1.231814328638261569e-02
-3.611348469012342077e-01
3.624214735089733019e-01
2.168486325315878371e+00
1.708333132296439461e+00
2.204227488712397487e-01
3.457365587500061399e-01
-1.699777804778390411e-01
9.410402907088160074e-01
4.203283596127940669e+00
3.909177098061584338e-02
2.490982787304426849e-01
4.977020743377989498e-01
2.692401855347078321e+00
4.642042889801552441e+00
1.153591099480249793e-01
2.476006599925636709e-01
5.637776775472258528e-01
2.592264690860637266e+00
3.988480961507348432e+00
2.619304785191810536e-01
9.487870455331341019e-03
4.381907023657458655e-01
2.454194018979795278e+00
3.155682966668474698e+00
-2.604755637712259930e-01
-3.920878489100946829e-01
5.462994992226759619e-03
1.328861866195377495e+00
7.939147597961506708e-01
-2.972663839181226009e-01
-2.796077050779101625e-01
3.375946565161815349e-01
2.161399454350727112e+00
7.296199466358567198e-01
-2.159365934013963706e-01
2.077124924889155733e-01
-3.343694839970845489e-01
-3.639499335433091232e-01
2.077532819987133017e+00
-4.665749380880857555e-01
-2.267525262446203616e-01
-2.314806191166234595e-01
8.051330852314690922e-01
6.642570958869316478e+00
-2.091259466752007912e-01
-1.655406522019807758e-01
-2.814513185145315899e-01
7.321817108720193312e-01
7.648932327968599454e-01
-1.905192767506551366e-01
-4.230567533351546339e-01
-1.952786127111390824e-01
9.464603774145590176e-01
8.453531503253949309e-01
1.087758237010174045e-01
5.978721372726607947e-02
-4.378729650187402900e-01
4.264522651646823759e-01
3.827657557410498956e+00
2.801146426343643636e-01
-1.487687072251140351e-02
-1.856057854902289084e-01
9.087012879589966285e-01
3.563280227136285561e+00
1.060601225473365300e-01
-2.077544564810720196e-01
-3.964058454411533150e-01
3.571114843229977187e-01
2.326608210128110699e+00
-4.483804677886055190e-01
-1.034417958770850882e-01
2.322565189307930489e-01
1.761515624427297810e+00
2.431486391597754704e-01
2.691898523617049510e-01
-1.059785499134177633e-01
-2.707675824923214125e-01
7.153540533744345842e-01
2.697241712588243523e+00
-1.274842104087790633e-02
1.767408854058301771e-03
5.703869961737497718e-01
3.313393471637515297e+00
3.272600352180354277e-01
2.472599307600689134e-01
-4.428955803848408923e-01
-5.007198937515499465e-02
1.181835443145814901e+00
2.218793649410354174e+00
3.653650361855819706e-01
1.582514446881731762e-01
-1.741128140042247918e-01
9.968437458121421901e-01
3.393222008762894593e+00
-2.177495533409571082e-01
6.065056556617087757e-02
5.008415068985578866e-01
2.602643201212340607e+00
5.934530839403336699e+00
1.448371689006562046e-01
1.359516938272717357e-01
-2.981632116012042921e-01
6.902864101981890377e-01
3.400550508035919073e+00
4.334139462178059343e-01
-1.014831647522639602e-01
-1.382711497196155610e-02
1.205866554804860380e+00
2.917871946661329208e+00
-3.391565188622573321e-03
4.542436785146299338e-01
1.284630643981383158e-01
1.693246214744121847e+00
4.561035092809941460e+00
-1.911578519481706151e-01
1.070592765437686222e-01
4.446961982926841417e-01
2.783985895383900289e+00
5.755821911287178239e+00
-2.334664659090854855e-01
-5.578047656607070665e-02
-2.966237910908866016e-01
5.777935022177446145e-01
3.786195532899068739e-01
-2.093554292177922938e-01
4.248514656657306210e-01
-6.168542749262462960e-02
1.405729741364116325e+00
4.955401177270745805e+00
-3.187970373085120563e-03
-7.717996687889611129e-02
-4.072953814795896021e-01
3.843568391770031401e-01
1.464258779513257558e+00
2.721778156158742232e-02
1.906675488720204481e-01
-3.055263604509471653e-01
5.101651458529290473e-01
4.373538216217998098e+00
-4.193721537922741605e-01
7.500146252110524714e-02
-2.452625429008792046e-01
9.390363133648954586e-01
6.204695223008082294e+00
1.137857991287864606e-01
2.016483453649261792e-01
-3.717288552868912577e-01
2.589483048057757975e-01
4.111817140438376761e+00
-3.117753658971018638e-01
-2.979216386935579219e-01
-5.675772870833519640e-02
1.370051089666401989e+00
6.994696477405376589e-01
4.593649913089842274e-02
4.756945499533853927e-01
1.901430545456258558e-01
1.705330940881306434e+00
4.375992253158992540e+00
1.683228857982781990e-01
1.764115121134222086e-01
5.544525662980773761e-01
2.526759155400224000e+00
3.767919010310766037e+00
-3.571376702767784517e-01
2.259853343840246831e-01
-1.216559653190958934e-01
1.068731379824264360e+00
5.593268030041694594e+00
-3.059035001882988158e-01
-9.373478480627973897e-02
3.949962972939629613e-01
2.344039775107034096e+00
4.537251380463220296e-01
-4.469415968477797457e-02
6.168546040950786610e-03
-4.484297617761497379e-01
3.509985284719130405e-01
6.118271116337588467e+00
-9.306433368202032819e-02
1.422307029546163726e-01
5.607766656347172862e-01
3.036343135459445453e+00
5.023555837435855764e+00
-1.581650734990344143e-01
-4.452597708087349671e-01
1.031658935220461093e-01
1.691975925705758277e+00
1.076662362933103134e+00
1.199307585121629355e-01
-2.392320524485566924e-01
-3.623610601555474764e-01
6.703411079672748629e-01
1.925094316541164030e+00
-4.357842811110194670e-01
9.759000828711355061e-03
-9.439561248437060292e-02
1.359237200765513132e+00
1.142375852090647820e-01
3.987554770556900330e-01
1.777688702449655433e-01
-8.613356140543863837e-02
1.088829517628328691e+00
3.605179292372138633e+00
3.576294344838043537e-01
-2.734044536759591693e-01
-1.188719747148278827e-01
1.454923914770736015e+00
2.653696487664891634e+00
4.133701806333988094e-01
-1.556557378908901002e-01
-1.758819233447256325e-01
1.094225902911741821e+00
3.018410273731819249e+00
3.883392334788188238e-01
2.963621456706636015e-01
-2.208168091924703202e-02
1.295576775598836994e+00
3.942135414496699575e+00
-4.348639622846061092e-01
-1.725870650269019646e-01
1.244063823436834804e-01
1.693335209324132062e+00
1.388486180232880729e-01
-7.971890848250183514e-02
-1.309502250880869856e-01
-3.312699811867015343e-01
-4.120306423733010037e-01
3.896365638472624404e+00
1.613295913348787580e-01
-4.066827473057557096e-01
3.803838401801651337e-02
1.612831293550140987e+00
2.250469152076581381e+00
1.319865542873743525e-01
-4.652890983897138566e-02
-3.602845150844058431e-01
-5.431270384478892321e-01
6.168045614615773609e+00
-1.291044146629062028e-01
-3.973123067203321312e-01
3.329383283497351353e-01
2.228568409281845852e+00
1.303369660133461005e+00
1.786319138263224027e-01
-3.382624586668726008e-01
-2.631681299519874062e-01
1.016252962674393023e+00
2.067087886407257713e+00
2.354012781003549104e-01
2.188682065725157111e-01
4.600958433759548272e-01
2.403070732580594893e+00
3.701264891736590013e+00
2.497195719395924607e-01
-8.798818367823422679e-03
-3.101566280694534883e-01
5.823966132928873884e-01
3.390082361138933464e+00
2.003026489028346402e-01
3.282361729968222286e-01
3.929604799737855814e-01
2.310040584603771041e+00
4.265387357378791044e+00
-2.129068987309436223e-01
2.052933424051788525e-01
4.298635190300251208e-01
2.421158790313258979e+00
5.465978929354223581e+00
-5.075419507464162816e-01
-9.800239372489044642e-02
4.524165186406047846e-03
1.338397329514342982e+00
-7.797118696938530602e-02
1.133373813298794025e-01
6.863885363984437160e-02
5.659096937858426601e-01
2.956328333085326499e+00
4.186542830150535188e+00
2.512803948317695601e-01
3.917925465733835405e-02
4.930033699678705861e-01
2.732876352862490865e+00
3.227186908123481413e+00
-3.844873917626656090e-01
-3.399330290944320709e-01
1.476920785024591620e-01
1.628846410961857671e+00
4.098384474262000698e-01
2.740551671164299097e-01
2.287154302114566551e-01
-2.681146476586366290e-01
7.011679484107753435e-01
3.703134184895346959e+00
-5.248825759560558080e-01
1.796880886535959787e-01
1.282263665860751134e-01
1.577360845057639738e+00
6.114014251599527050e+00
3.521915063323257655e-01
-2.724064321744924522e-01
9.929848868653722016e-02
1.588768216110771236e+00
2.465810327387605749e+00
7.087347317731787499e-02
-2.524952679510512610e-01
-2.680410308713716550e-01
5.243888261920445215e-01
1.682228387587177743e+00
3.327983853673250336e-01
2.328130816352628196e-01
3.163333141512530977e-01
2.270229074134470171e+00
3.796474095838787921e+00
1.585549865491612531e-01
-6.862637870757597180e-02
4.927302116318037495e-01
2.711815604635808175e+00
2.882457904809655691e+00
4.433333837097848673e-01
1.041937902227557111e-01
2.236910833564755841e-01
1.828615853785290790e+00
3.571704589741009350e+00
3.999193796290458347e-01
7.805572475971556644e-03
-4.417050139814247822e-02
1.338449094459911226e+00
2.975414310283416963e+00
2.240674397156961761e-01
-1.181946731527154237e-01
4.936410332868084727e-01
2.602345976903560398e+00
2.678178603539330016e+00
-6.639201556728638320e-02
-4.291182466005962759e-01
-1.170419063512342789e-01
1.077140828835877917e+00
1.709035211573168400e+00
-3.907158795153612418e-01
2.605049507798737896e-01
3.319344395347041399e-01
2.195670414410236138e+00
5.548869547332397012e+00
-4.626272221246849337e-02
6.057478193612057110e-02
-4.096194657330979316e-01
-1.312140530318841314e-01
4.441111907979393258e+00
-1.058801666678835934e-01
1.298481788290466524e-02
6.067115266717828526e-01
2.867870671484070488e+00
2.910265534793972098e-01
3.969003895442364538e-01
-1.246963679350904797e-01
4.807911666563708525e-02
1.378124136549905288e+00
2.730535480148585936e+00
-3.730777340155320282e-02
8.308805007913128149e-02
-4.267137558327399605e-01
-3.160155722373102494e-01
1.469891119318881278e+00
1.569982913879403585e-01
2.613609735464638151e-01
4.495399856526789972e-01
2.323613785749405025e+00
4.027690080013502261e+00
-4.840186237724692364e-01
2.445214952380735385e-01
2.400128343538548981e-01
1.771102596823130204e+00
5.541400823134430276e+00
-6.937209061783188024e-02
1.083507846823715190e-02
5.788697149277275411e-01
3.313281189656236858e+00
4.753760212077018821e+00
8.524981751947856290e-02
-3.559261850499871316e-01
2.496208931246628737e-01
1.991980036831018319e+00
2.103135631575292486e+00
-9.705707366408228287e-02
2.572371739524433876e-01
-3.066612988913277049e-01
5.990673200576035473e-01
4.983020025194409008e+00
1.880312568083186420e-01
1.148895319044033192e-01
3.676878432352567727e-01
2.194807723755682449e+00
3.944779580687348020e+00
-1.237984009061689622e-01
-2.161790950407818379e-01
5.144820890759291832e-01
2.479170547495535892e+00
1.118983566384029293e+00
