-1.888553370371203466e-01 4.777803324964409737e-01 5.153619907876790668e-02 1.610319864632666353e-01 -4.577034760269381164e-01 1.010226097824106078e-01
2.660621484476219378e-01 1.080228325126404432e-01 -1.655066558622666495e-01 -4.584384982302008305e-01 -1.901086535318058379e-01 4.559564806087124111e-01
1.421526957097019317e-01 4.412225136776028456e-01 3.499947455025629317e-01 -9.600607281166709250e-02 -3.553777963455442834e-01 -2.056205414068333903e-01
1.157094973892620338e-01 -3.344960711409242782e-01 2.484250673504848628e-01 -3.278454145946503306e-01 4.571730452523889987e-01 -1.717166351785243128e-01
-4.547338905269075471e-01 -2.116439760441405360e-01 -2.728694667542888030e-01 2.204792505758347843e-01 5.672984102032369025e-02 4.141987310226259433e-01
1.593479670976545859e-01 -2.573017747520093823e-01 4.548715295060013486e-01 -2.566328462984976966e-01 3.004745833633380436e-01 -2.633523194532594869e-01
-2.779064334536532344e-02 9.953686134770753369e-02 -4.206416430112435711e-01 -5.854992844065455559e-02 -2.056753867286850446e-01 5.311458070029817513e-01
2.590630725088138853e-01 7.973835436445543198e-04 4.405170179464773517e-01 -3.640443542782587638e-01 8.575574681924071768e-03 -3.415805683082107080e-01
-5.059203504454730105e-01 4.879901232259533511e-02 -1.353787381087218911e-01 3.468688914786486333e-01 -1.728661121710664827e-01 3.375008252493190142e-01
-3.789125347144288170e-01 2.667783201528929338e-01 3.406006295816330076e-01 2.218204306305247564e-01 -2.806346210466854618e-01 -2.420304510818394594e-01
1.559314836730501044e-02 -3.695828637987134679e-01 3.442478974622255605e-01 -9.742868140649034447e-02 4.643867120378245006e-01 -1.958639544477359107e-01
-4.278101416534151324e-01 -1.906149555739624080e-01 -6.242354742904259596e-02 4.006908259884998103e-01 1.896251076597301188e-01 3.486769766869551868e-01
4.404808238396923925e-01 1.130826557150701323e-01 2.208146698616373083e-01 -4.390749708202243418e-01 -2.882293623900666901e-01 -3.478319437933133362e-02
-7.875357817712155817e-02 -3.749759723885967566e-01 -1.796929477448688528e-01 -3.110293494583046825e-02 4.764183703809960480e-01 3.426642952407887854e-01
3.767625427603826238e-01 1.172189168376478186e-01 3.097331024429348934e-01 -5.323321794842097443e-01 -1.277319516189131809e-01 -2.723256053981498725e-02
3.507877867774928937e-01 -2.741908990699336024e-01 9.807598612822501782e-02 -4.290058641907217307e-01 3.515464531879498034e-01 7.872067938935414788e-02
9.847774845946534461e-02 -1.636973825970332030e-01 4.791455983045285194e-01 -7.566094571086227905e-02 2.261597216494047879e-01 -4.251149578745161417e-01
-3.661569889389136856e-01 4.362907094894338811e-01 4.321244142383315334e-01 1.760920638311468389e-01 -5.585106103781189990e-02 -2.488766448447508606e-01
2.475584023585393201e-01 3.764787588581478689e-02 4.950544737552282637e-01 -1.493498802440678119e-01 3.363726412339548832e-03 -4.221632824490055835e-01
-3.610939460944673773e-01 -2.289528488724914268e-01 4.400406984602899807e-01 1.056075400942778075e-01 2.245492612929523013e-01 -3.192521033393229124e-01
1.766652485900555292e-01 -2.647085086451454045e-03 -3.656873613182328731e-01 -2.599799052110383091e-01 2.240395351740726362e-02 5.335976074913693079e-01
1.982347892515271270e-01 3.296524597408475588e-01 3.929873416094299965e-01 -1.221981657764578955e-01 -3.383106296997681062e-01 -2.786881994645184490e-01
1.924104849708168641e-01 4.596417364753921375e-01 1.286808212987408384e-01 -3.438641010276622390e-01 -3.836577383607225333e-01 9.324688060209970764e-02
-2.452582344154096983e-01 1.865134618413982204e-01 -2.783196690755050939e-01 2.398285479830260247e-01 -2.766602751501677226e-01 4.634086524166706189e-01
-1.283458935348167351e-01 -3.961041742885874628e-01 3.348048201025421999e-01 8.056324853469754022e-02 3.673382447601741818e-01 -2.763519872364209595e-01
-2.613207114602982273e-01 3.588044112394319085e-01 -1.575749953676876813e-01 4.030498311356355279e-01 -3.026167804085523882e-01 1.904678028191801042e-01
1.043886506768430117e-01 -2.454963158813114887e-01 4.207236791138108112e-01 -2.221005530433960984e-01 2.319754846202805032e-01 -3.950124789544043891e-01
-4.350385002843362159e-01 -1.692738196295579534e-01 1.247740312759611919e-01 5.479390712141459785e-01 -3.102260674749757197e-02 3.771154997810680087e-03
1.897933406539634160e-01 2.652989214412442287e-01 -2.467176716818185733e-01 -2.937893554981726996e-01 -3.669885477886970504e-01 3.585593989536276505e-01
4.294789206142550220e-01 -1.025518655139507213e-01 1.064954969796445272e-01 -4.807998064252854697e-01 1.873521781335202308e-01 -1.890519350445888647e-01
3.981841782443892863e-01 1.776604452232247722e-01 -8.719438401633375357e-02 -3.945557872215953998e-01 -2.186279078509327789e-01 3.759674541900983602e-01
-4.463247337973501039e-01 3.391617104970717222e-01 -7.324319183013465462e-02 3.601304211003475975e-01 -1.138925672622537189e-01 3.067198386648151698e-01
2.676967523099265667e-01 5.000001315517603462e-02 -3.368420255332538749e-01 -6.182580124182029957e-02 -3.350078837724662639e-02 6.036060075042868345e-01
-9.243978720919288072e-02 1.410851564445944062e-01 5.609752243779790870e-01 -6.014461925811051546e-02 4.068069888906387932e-02 -4.334472044871340302e-01
-4.620499726406439578e-01 7.278484660410924727e-03 2.069288451825944397e-01 4.708717870440112252e-01 -2.889038841765867102e-02 -1.513291664893695876e-01
-2.462074794922768373e-01 -3.400062402482132429e-01 -9.132109128210375015e-02 5.185765143603063843e-01 1.874482264553181121e-01 2.786751631602693569e-01
1.687988898955057049e-01 1.763608484050136482e-01 5.541556193366323768e-01 -2.979378523353841679e-01 -1.618527572862038522e-01 -2.630153360803119122e-01
-1.177412499136926555e-01 -1.252634749020321014e-01 -3.567822898166819190e-01 3.229792975818851497e-03 5.744415497350782718e-02 6.189143478568762680e-01
5.573923677935623683e-02 -1.294273480610611156e-02 5.813655102765354910e-01 -7.514513615045498307e-02 2.689712505504272544e-01 -3.691047868833318146e-01
-4.195026757265697404e-01 7.466955640638668623e-02 -2.451124367592209807e-01 3.849391486632735004e-01 1.128134430951624467e-02 3.455272890800614727e-01
3.931021485984593777e-01 1.721322462038933979e-02 -2.919174660062606175e-01 -1.210534775436813426e-01 -2.950230127861898019e-02 5.645062911060478861e-01
-4.239936559748141987e-01 -3.081004014731588553e-02 -1.878706285866384718e-01 4.541797770083965124e-01 -6.497136543211801119e-02 2.892503471179183050e-01
-2.335197088507839913e-01 -5.628487538777724591e-02 -2.964892869746845183e-01 2.739146738704794082e-01 1.459520117220637347e-01 5.411326974099255338e-01
5.128642426540686028e-02 1.199327440505628950e-01 -4.153181136754268143e-01 5.009184102009182904e-02 3.828884915189116611e-02 5.813427350573026064e-01
3.011338332354392411e-01 -2.768391238953506472e-01 1.183721253521260314e-01 -2.619718482304508878e-01 5.444506862264533176e-01 2.674767833645952386e-02
1.455424654379988414e-01 1.354864887998109002e-01 -2.979651101183745099e-01 -4.699450938212300644e-01 -2.761202147593028178e-02 4.731210979951873674e-01
-9.064255664082511432e-02 4.032406906628786536e-01 3.540726611205291530e-01 7.348446429623432807e-02 -2.923633709106686074e-01 -3.453537542518891890e-01
2.070871864505557658e-01 6.443845103111085770e-02 -3.332712489232640962e-01 -2.258261969172189743e-01 -1.012587052454837627e-01 5.528046253126366327e-01
-1.255651151991569840e-02 1.834919190552132626e-03 5.703520170830430613e-01 -1.744536042637160611e-01 -5.315278949898870342e-02 -4.149224031949724223e-01
6.869729237299676550e-02 -3.415178979236883627e-01 -2.044290167519242363e-01 -2.094566446281668770e-01 3.777142346066089118e-01 4.322306465428956690e-01
-9.013144954829832578e-02 5.167920597101610669e-01 4.669723279848082137e-02 3.140895402550910043e-01 -3.967649465988538626e-01 9.163037898343633081e-02
2.800729182068615319e-01 -1.431310935814125197e-02 -1.855250288364806155e-01 -4.395648712937235691e-01 -3.370331138743220545e-01 4.292702627913813629e-01
1.591423385934998269e-01 4.475720579496025864e-01 3.201807398607701138e-01 -6.300383663773151399e-02 -3.493684949056648503e-01 -2.415459125644783267e-01
8.545320934486327902e-02 -3.557129269218637369e-01 2.495912561274216679e-01 -3.776551886835979865e-01 4.306478851694837129e-01 -1.592697042032865662e-01
-4.665247393003185139e-01 -2.266452075466643956e-01 -2.316816898626977150e-01 2.083306300498100616e-01 2.700291336357402150e-02 4.613066658966227807e-01
1.485985364615722559e-01 -2.534740038790245231e-01 4.643661279526165586e-01 -2.675713193072267737e-01 3.068665881569599962e-01 -2.517491365587184449e-01
-3.724154510617120467e-02 8.315221651549667414e-02 -4.266894128278709286e-01 -6.854591499875636873e-02 -2.260362199968276309e-01 5.237960142843456346e-01
2.619541140808560598e-01 9.346183635583290086e-03 4.381738719796987591e-01 -3.725400775253100982e-01 6.316864192781497522e-04 -3.347046296984788616e-01
-5.158420734925566187e-01 3.828509497338472567e-02 -1.331557392406325091e-01 3.352556244787641138e-01 -1.867408093339678610e-01 3.411817470479559522e-01
-3.906015626959694065e-01 2.606753772601939079e-01 3.319217741352646356e-01 2.113884949486834475e-01 -2.828243154518417790e-01 -2.530705801044383363e-01
1.241611505021622888e-02 -3.613128160977744918e-01 3.621388128323408950e-01 -1.009547352908440609e-01 4.577104563243188928e-01 -2.003093443554574971e-01
-4.308660629379585938e-01 -1.912759058130863443e-01 -5.767888371302779676e-02 3.966839396856719491e-01 1.881602997347927575e-01 3.560712329963897638e-01
4.433172116962255660e-01 1.042602201424215752e-01 2.236355338865630149e-01 -4.355653617220902052e-01 -2.988833548344347890e-01 -3.139520954739752345e-02
-8.378980075546617334e-02 -3.740791381164992324e-01 -1.805224526116388506e-01 -3.598041152511227692e-02 4.780570616053937960e-01 3.406091616903054731e-01
3.733931365327108343e-01 1.175509516817074412e-01 3.146172567248401442e-01 -5.360479995307616541e-01 -1.270861109364433417e-01 -2.164086976304618881e-02
3.521534830028709706e-01 -2.724549643736656201e-01 9.925953308328695768e-02 -4.279541476669350697e-01 3.529318257873775289e-01 8.127489344806274052e-02
1.038483919889140739e-01 -1.634654113120614927e-01 4.786072209645136910e-01 -7.484439418983007686e-02 2.286259617546669842e-01 -4.237969253769828804e-01
-3.673800009601768113e-01 4.443489002710044322e-01 4.287787199670372584e-01 1.748500905524210114e-01 -4.720116114221922787e-02 -2.526646489073658963e-01
2.512202155093227751e-01 3.911479501745795950e-02 4.930321518145658888e-01 -1.447753776006094339e-01 5.133638910202902028e-03 -4.245912847143445412e-01
-3.655016913242692400e-01 -2.278986321770323786e-01 4.393347783891484171e-01 1.006558178461227637e-01 2.243292265420768206e-01 -3.210514001033235032e-01
1.762387803518144780e-01 -3.180904558622609565e-03 -3.658827944624296058e-01 -2.619799562874671750e-01 2.430477900429635352e-02 5.325652430207354904e-01
2.002739628946667849e-01 3.282544112430070826e-01 3.929593569192298408e-01 -1.191759413424095249e-01 -3.381497269299791886e-01 -2.807299507804265626e-01
1.905814489039048820e-01 4.606238245104014029e-01 1.295843086421769041e-01 -3.463288561030361534e-01 -3.822722054096029387e-01 9.417799391657241670e-02
-2.455709746109313030e-01 1.852334100361319180e-01 -2.790985648312047651e-01 2.396471124416120757e-01 -2.784517807010099544e-01 4.622242069006035070e-01
-1.290753415333906196e-01 -3.972743713403215082e-01 3.329964730399490591e-01 8.003753224352749829e-02 3.659576156217257958e-01 -2.783534595671658396e-01
-2.594010838435154009e-01 3.599687041201344861e-01 -1.589577607251611013e-01 4.052679947237348146e-01 -3.012973271549806986e-01 1.888097648982371979e-01
1.037651522675469284e-01 -2.470519068275630614e-01 4.203033125389368796e-01 -2.226257335440329499e-01 2.302165969803681156e-01 -3.955911444419100698e-01
-4.348655397346298801e-01 -1.725195517722789840e-01 1.244255171907702323e-01 5.480850297819475081e-01 -3.513263211134301511e-02 2.224812638318279800e-03
1.889483469155192885e-01 2.652404630936485708e-01 -2.481998610550514572e-01 -2.932147149872030845e-01 -3.674613735907261702e-01 3.577763493631548330e-01
4.300356458545907534e-01 -1.022816373413863444e-01 1.052804393043793030e-01 -4.800601514621046784e-01 1.876805688412331863e-01 -1.907728644978185506e-01
3.987453668412077046e-01 1.777573603362972432e-01 -8.616445645320869318e-02 -3.938217536095109383e-01 -2.184670675219917979e-01 3.773477465671947750e-01
-4.461090476877835331e-01 3.415373779759789397e-01 -7.218493037353471142e-02 3.600644976840920441e-01 -1.109153143174266276e-01 3.090902667990448327e-01
2.691591999533022306e-01 5.053537654677925373e-02 -3.362368522208209476e-01 -5.910490110721794421e-02 -3.280854431453927855e-02 6.046650931541426299e-01
-9.305333668903775779e-02 1.422046482980195148e-01 5.607815900749554272e-01 -6.088613379087156469e-02 4.218706606239297496e-02 -4.336839720746082927e-01
-4.623023345501560133e-01 7.120007028449423618e-03 2.063230271586357911e-01 4.705311067892813393e-01 -2.865967191460897304e-02 -1.522039387638092489e-01
-2.414254987176782108e-01 -3.403019841790984046e-01 -9.115257158158761308e-02 5.234356187639315205e-01 1.869183462127703699e-01 2.790179218214819401e-01
1.683331061343769919e-01 1.764053421670939426e-01 5.544491899847132643e-01 -2.989744398853931839e-01 -1.617034551848313961e-01 -2.624388675765507717e-01
-1.180684436702859746e-01 -1.253763319930925324e-01 -3.566999805642208088e-01 2.850249981846117442e-03 5.725238747475080991e-02 6.190179194207070523e-01
5.619020789844814123e-02 -1.107255194511055918e-02 5.816061918890266247e-01 -7.433174035304204730e-02 2.708125591185192027e-01 -3.689225058288699843e-01
-4.193751266650983522e-01 7.499469633543115465e-02 -2.452591583365225092e-01 3.851282943494026556e-01 1.171676730465524841e-02 3.453084917032849810e-01
3.939378154671580590e-01 1.738583478735618651e-02 -2.911579573417920619e-01 -1.191819651122206225e-01 -2.925363703743731961e-02 5.658909621756847974e-01
-4.238379380673248376e-01 -3.128658210294452818e-02 -1.881914710222506726e-01 4.543942577542819938e-01 -6.558375989793582828e-02 2.888115832841735564e-01
-2.334674095926279613e-01 -5.579075023319897408e-02 -2.966212168035385899e-01 2.740253285775187675e-01 1.461027742279646935e-01 5.410482439536363763e-01
5.138331832573241748e-02 1.202978708142677933e-01 -4.152875116581737358e-01 5.019053263283421162e-02 3.862190260088427252e-02 5.813707113444246399e-01
3.013029138773923865e-01 -2.767292580266493274e-01 1.183421500566700646e-01 -2.617314020955994192e-01 5.446073978475209909e-01 2.669905564001495701e-02
1.448508144210698123e-01 1.359422797513939740e-01 -2.981593465855234548e-01 -4.706759691177569982e-01 -2.711623342084892863e-02 4.729040101034088783e-01
-9.058472999639943790e-02 4.034665060625072242e-01 3.538748738886400846e-01 7.363900154237118523e-02 -2.921334258230676717e-01 -3.455329476005574718e-01
2.065273723716594678e-01 6.402910996026137114e-02 -3.336627992129618803e-01 -2.249438936198898675e-01 -1.009132009481825409e-01 5.532569156969231461e-01
-1.274411593801264009e-02 1.767250606426281311e-03 5.703863737199683648e-01 -1.746273437508928106e-01 -5.318710802047357106e-02 -4.148921853793298142e-01
6.855975358682228626e-02 -3.415433177788134711e-01 -2.044569270337760758e-01 -2.095465951879433020e-01 3.778077405596121374e-01 4.320891542820666231e-01
-8.968942838487127533e-02 5.169831420773364217e-01 4.668356197023378756e-02 3.147761008275267725e-01 -3.964658358380828140e-01 9.161239930451882396e-02
2.801139673581634626e-01 -1.485885774976744046e-02 -1.856018586004758442e-01 -4.395018996677060863e-01 -3.376727451146085413e-01 4.291698047421066420e-01
1.592266006654077803e-01 4.476031828890879583e-01 3.200443535164683162e-01 -6.285401894167710890e-02 -3.493025713007043009e-01 -2.417575842998156421e-01
8.525705597365058896e-02 -3.559198501034285256e-01 2.496200172991787092e-01 -3.779332813104244737e-01 4.304027706263457986e-01 -1.592215749774928413e-01
-4.665735517636134255e-01 -2.267479046160229550e-01 -2.314871761637802561e-01 2.082911740279878576e-01 2.680406605815138787e-02 4.615272537361095884e-01
1.485640704589950845e-01 -2.534141808724845180e-01 4.644401538729398538e-01 -2.676341925667916621e-01 3.069802049097282715e-01 -2.516165046660995830e-01
-3.730571705376854036e-02 8.308858252554163215e-02 -4.267135148920230825e-01 -6.861200639584491556e-02 -2.261124104136533752e-01 5.237677643623586121e-01
2.619314667496326354e-01 9.484009564112824003e-03 4.381899780670189815e-01 -3.725365001513012420e-01 5.486485588459474871e-04 -3.347075302096612637e-01
-5.159771839230195001e-01 3.811499665888201660e-02 -1.331368798524777963e-01 3.350981685333186411e-01 -1.869471586170092514e-01 3.412235007695660904e-01
-3.907120643033522023e-01 2.605109758490321004e-01 3.319340327374489807e-01 2.113106491406810394e-01 -2.829496445200421761e-01 -2.530610156224019636e-01
1.232132158949395678e-02 -3.611406536589194527e-01 3.624123754506827777e-01 -1.010150727582383445e-01 4.576973867386182615e-01 -2.003123577130335176e-01
-4.308787968614601338e-01 -1.912760040976246301e-01 -5.766187821103253147e-02 3.966686285333459461e-01 1.881566102652831862e-01 3.560966865101787837e-01
4.433325005887372994e-01 1.041964962697323888e-01 2.236899251245018094e-01 -4.355454695419473943e-01 -2.989931237448847368e-01 -3.128388516086083593e-02
-8.381359927397395715e-02 -3.740730343182745443e-01 -1.805297943421830531e-01 -3.596940773172198347e-02 4.780668705289726761e-01 3.405925673950510602e-01
3.733821043882028512e-01 1.175569319884716829e-01 3.146406851412166805e-01 -5.360616538126679043e-01 -1.270802587494020974e-01 -2.161025623643542115e-02
3.521908588991749522e-01 -2.724072734852610034e-01 9.929723583730490355e-02 -4.279024219744242408e-01 3.529977985103908700e-01 8.132589593241110193e-02
1.039170140005625936e-01 -1.634579348250691233e-01 4.786021080208296974e-01 -7.480407702298626227e-02 2.286584655842701375e-01 -4.237855582032689084e-01
-3.674047518553129610e-01 4.446056276199584767e-01 4.286639022331988902e-01 1.748422816579219274e-01 -4.691429171591393610e-02 -2.527877274091067661e-01
2.512787297037150092e-01 3.917696469566278594e-02 4.930041732936608634e-01 -1.446985772279703597e-01 5.200456592813325341e-03 -4.246273264339077702e-01
-3.655712063466272643e-01 -2.278775510119220860e-01 4.393258424961844488e-01 1.005805925668469825e-01 2.243228592062378457e-01 -3.210801604839733647e-01
1.762435548607908797e-01 -3.160078691678837662e-03 -3.658809448599378844e-01 -2.620080654206806692e-01 2.432172212594296140e-02 5.325511716321682520e-01
2.003018370396028591e-01 3.282366596268506687e-01 3.929604656140327501e-01 -1.191318670573731642e-01 -3.381356203860009790e-01 -2.807680354287532820e-01
1.905519925589393149e-01 4.606398056670336638e-01 1.296270108321142811e-01 -3.463689162324626869e-01 -3.822495722547446517e-01 9.422313690209450920e-02
-2.455764931241189442e-01 1.852135892029805608e-01 -2.791127250935797055e-01 2.396443078393766801e-01 -2.784805137518118201e-01 4.622026957613314946e-01
-1.291034569620916894e-01 -3.973111631338219762e-01 3.329402222991850735e-01 8.001262745055356951e-02 3.659157784257338619e-01 -2.784149109233714503e-01
-2.593681133238735503e-01 3.599910356458692062e-01 -1.589830007938256851e-01 4.053054038704333450e-01 -3.012725912976111919e-01 1.887806132058320319e-01
1.037541422884848685e-01 -2.470750910502920450e-01 4.202973264092869643e-01 -2.226351370006484365e-01 2.301907506290528371e-01 -3.955993304849710901e-01
-4.348640078696986988e-01 -1.725848011002510118e-01 1.244071174481824749e-01 5.480857110714759672e-01 -3.521900242611467058e-02 2.175830994662592000e-03
1.889369332578219873e-01 2.652406621206297443e-01 -2.482172442381397892e-01 -2.932097391959712640e-01 -3.674630637224569063e-01 3.577700341316382704e-01
4.300476044350569627e-01 -1.022713815149700750e-01 1.052602768428876762e-01 -4.800445289397519133e-01 1.876940134786483361e-01 -1.908011669073648164e-01
3.987551125449032563e-01 1.777684664802964831e-01 -8.613458711372368182e-02 -3.938076904277615364e-01 -2.184525800755725555e-01 3.773878887278310779e-01
-4.461063399206116609e-01 3.415908721929227787e-01 -7.215734283366426194e-02 3.600627079349573156e-01 -1.108464818490391135e-01 3.091455642456731878e-01
2.692023879120508667e-01 5.055176815226183201e-02 -3.362193737099473112e-01 -5.902628340117527239e-02 -3.279439953810251579e-02 6.046947327095939517e-01
-9.306398058050374678e-02 1.422298504191273349e-01 5.607768115897839856e-01 -6.089914622864904536e-02 4.221935867913015339e-02 -4.336895402658440535e-01
-4.623066133080779849e-01 7.121791571291947488e-03 2.063108990661478015e-01 4.705285267968892793e-01 -2.865711544918346509e-02 -1.522117239268319655e-01
-2.413110735987956390e-01 -3.403064289201533366e-01 -9.115089792525517265e-02 5.235520524862042890e-01 1.869090667751348023e-01 2.790223310557897185e-01
1.683232188601717361e-01 1.764112978401438381e-01 5.544524577825146183e-01 -2.990096968271116484e-01 -1.617058438986899438e-01 -2.624176324874033517e-01
-1.180691157946640035e-01 -1.253779444776022822e-01 -3.566995954551956949e-01 2.849199604689572896e-03 5.725019209180809421e-02 6.190184605088041581e-01
5.619957361973043630e-02 -1.102489990926226390e-02 5.816128568872094284e-01 -7.431436011836470290e-02 2.708597507815189154e-01 -3.689170778361239300e-01
-4.193722496603967120e-01 7.500125071444690983e-02 -2.452624328642322715e-01 3.851325286876559617e-01 1.172553398796397084e-02 3.453036051771543602e-01
3.939640288291651471e-01 1.739251886029059141e-02 -2.911362308206253413e-01 -1.191298493619092902e-01 -2.924488516368153879e-02 5.659283085862664153e-01
-4.238357069948991418e-01 -3.129341566352530912e-02 -1.881960701180817597e-01 4.543973294209763258e-01 -6.559253847099311141e-02 2.888052966749180550e-01
-2.334664978753472342e-01 -5.578080732419091886e-02 -2.966237008537438435e-01 2.740278463887271254e-01 1.461072319447219714e-01 5.410461088804563445e-01
5.138222013806106880e-02 1.203044876984370321e-01 -4.152869672483723851e-01 5.018945162663345644e-02 3.862955528504584402e-02 5.813713406578759901e-01
3.013050099355204514e-01 -2.767279418861349205e-01 1.183414370308985553e-01 -2.617284244952630123e-01 5.446092591143811834e-01 2.669781223509265500e-02
1.448376086811595520e-01 1.359513960532835741e-01 -2.981630891619598267e-01 -4.706892486096815320e-01 -2.710538937481807298e-02 4.729005740199557217e-01
-9.057903164341060687e-02 4.034706786003076084e-01 3.538725264521745406e-01 7.364852902503846166e-02 -2.921289575032430808e-01 -3.455346901030300066e-01
2.065191997217530606e-01 6.402223883392985093e-02 -3.336692971800959140e-01 -2.249291671084507060e-01 -1.009056515310269297e-01 5.532642390780133645e-01
-1.274828873703681871e-02 1.767399617518894970e-03 5.703869753406589638e-01 -1.746319500275086978e-01 -5.318666398876357310e-02 -4.148915289921760730e-01
6.855677925962319619e-02 -3.415434931925864226e-01 -2.044581260347294316e-01 -2.095484976218425499e-01 3.778106211227431621e-01 4.320849700619063816e-01
-8.967487255066447505e-02 5.169894251542721531e-01 4.668343235909418881e-02 3.147987037438966795e-01 -3.964559885821745677e-01 9.161228949278457656e-02
2.801146236504885034e-01 -1.487628797236506019e-02 -1.856056487608088723e-01 -4.395003703661520267e-01 -3.376941319005431486e-01 4.291649588872737953e-01
1.592283303126528216e-01 4.476039682394425956e-01 3.200409204580377809e-01 -6.285072097183203033e-02 -3.493012187344792796e-01 -2.417624418980820478e-01
8.525002773352131913e-02 -3.559259543711323359e-01 2.496208647890610366e-01 -3.779431648367249097e-01 4.303952829543934988e-01 -1.592201533187565521e-01
-4.665748986245965013e-01 -2.267523652961392910e-01 -2.314808457757204230e-01 2.082904062629735154e-01 2.679575922127747090e-02 4.615344273696177502e-01
1.485635618381394574e-01 -2.534119449936340085e-01 4.644424217717703640e-01 -2.676353261474505585e-01 3.069840070126432230e-01 -2.516126477686501661e-01
-3.730770826812305346e-02 8.308806694393723602e-02 -4.267137482011268967e-01 -6.861403136368218747e-02 -2.261130166766177063e-01 5.237675004419544145e-01
2.619305065303441649e-01 9.487734601848804572e-03 4.381906832213482983e-01 -3.725353111199913303e-01 5.475089387286455334e-04 -3.347085331053237245e-01
-5.159820900039634450e-01 3.810937932976011383e-02 -1.331361739417425138e-01 3.350924791158165217e-01 -1.869539741777106745e-01 3.412250435977524088e-01
-3.907157499508618903e-01 2.605051423227094376e-01 3.319344279445674561e-01 2.113082285478560252e-01 -2.829539637953619180e-01 -2.530607252746042701e-01
1.231825095681629220e-02 -3.611350512487817022e-01 3.624211386216978914e-01 -1.010168014531042380e-01 4.576967453593813739e-01 -2.003129502326103095e-01
-4.308790593052668205e-01 -1.912761440755658959e-01 -5.766135639532183471e-02 3.966683280883490648e-01 1.881562789502513600e-01 3.560974597944459030e-01
4.433333542760519719e-01 1.041938714522112203e-01 2.236910472679138895e-01 -4.355443566180058901e-01 -2.989969600884100909e-01 -3.128174080015283520e-02
-8.381353381805879688e-02 -3.740730443619833534e-01 -1.805297822306836941e-01 -3.596810879942011902e-02 4.780667665461649229e-01 3.405926198690639728e-01
3.733817904767037787e-01 1.175571149709312424e-01 3.146413408450780547e-01 -5.360620414803116685e-01 -1.270800766394253045e-01 -2.160940041259956645e-02
3.521914824149367518e-01 -2.724064629885548094e-01 9.929844339077997795e-02 -4.279004054003678337e-01 3.530003581773075161e-01 8.132750563101891206e-02
1.039191928746937416e-01 -1.634577791238259192e-01 4.786019191420982088e-01 -7.480276476500523353e-02 2.286594686928345999e-01 -4.237852072189339236e-01
-3.674054150853121037e-01 4.446131976362071025e-01 4.286600540336595322e-01 1.748423181091200984e-01 -4.690565422979214860e-02 -2.527917888032572002e-01
2.512803435210103076e-01 3.917918409235306154e-02 4.930033947222516311e-01 -1.446963888379990126e-01 5.202832407065802189e-03 -4.246283587368574475e-01
-3.655735289888802364e-01 -2.278769399095497694e-01 4.393254162439522159e-01 1.005779548324031714e-01 2.243225155431215478e-01 -3.210813476788336174e-01
1.762437514379044667e-01 -3.159310844663839116e-03 -3.658808704454348804e-01 -2.620089170343599116e-01 2.432220328542145094e-02 5.325507435119420929e-01
2.003026221938068452e-01 3.282361861020205440e-01 3.929604811528599750e-01 -1.191307261739780743e-01 -3.381351578615583442e-01 -2.807691143784029064e-01
1.905509974160433384e-01 4.606403335280662703e-01 1.296282366711758449e-01 -3.463702483254518238e-01 -3.822488327736071612e-01 9.422443457774232201e-02
-2.455766580732855475e-01 1.852129934913581966e-01 -2.791131659312751090e-01 2.396442299118258235e-01 -2.784813847225907635e-01 4.622020257893042494e-01
-1.291043858682251189e-01 -3.973122696289945743e-01 3.329383909699874522e-01 8.001185470796881583e-02 3.659145044737524000e-01 -2.784168978923841076e-01
-2.593669831107079937e-01 3.599917644656098203e-01 -1.589838342943705463e-01 4.053067089224404174e-01 -3.012717716311436589e-01 1.887796182820052071e-01
1.037537630105157399e-01 -2.470758056073494580e-01 4.202971783530441430e-01 -2.226354740128707599e-01 2.301899745625590465e-01 -3.955995314295729370e-01
-4.348639637848204509e-01 -1.725869986336493744e-01 1.244064037571658288e-01 5.480857110281684985e-01 -3.522188615742266604e-02 2.173991282270248959e-03
1.889365932032159578e-01 2.652406615576409221e-01 -2.482177904273250024e-01 -2.932095605907215630e-01 -3.674631324907915442e-01 3.577698293954166275e-01
4.300479024593431010e-01 -1.022711479033775461e-01 1.052597278202614117e-01 -4.800441351856949979e-01 1.876943185686577031e-01 -1.908019401963148287e-01
3.987554676552910737e-01 1.777688590430837601e-01 -8.613358925451247705e-02 -3.938071917542826372e-01 -2.184520704728545870e-01 3.773892321072301326e-01
-4.461062466508201596e-01 3.415926289802593829e-01 -7.215644564581732978e-02 3.600626632863913046e-01 -1.108442214920167812e-01 3.091473505395545551e-01
2.692038525080163724e-01 5.055233152290247722e-02 -3.362187953321652545e-01 -5.902360966438330303e-02 -3.279395159536675763e-02 6.046957226588344225e-01
-9.306432510940963743e-02 1.422306812235557272e-01 5.607766690442284041e-01 -6.089957407586540916e-02 4.222044072465633291e-02 -4.336897107727578637e-01
-4.623067482857038391e-01 7.121863036097993496e-03 2.063105095316166704e-01 4.705284480957213633e-01 -2.865702197173985305e-02 -1.522119692331376783e-01
-2.413067088750103228e-01 -3.403065492327585484e-01 -9.115087542301382462e-02 5.235564866521418281e-01 1.869087862886628648e-01 2.790224382005219717e-01
1.683228932316310211e-01 1.764115083615531154e-01 5.544525639015431828e-01 -2.990108288437342554e-01 -1.617059202089962677e-01 -2.624169463068037889e-01
-1.180691353651062148e-01 -1.253779914288207231e-01 -3.566995842418790863e-01 2.849169020699995891e-03 5.725012816839988861e-02 6.190184762637388483e-01
5.619986873824969753e-02 -1.102337466845799453e-02 5.816130659440825745e-01 -7.431383444975300789e-02 2.708612552491979075e-01 -3.689169065956264815e-01
-4.193721554399333362e-01 7.500145833714756682e-02 -2.452625410780648330e-01 3.851326674287535168e-01 1.172581157739206736e-02 3.453034438111408089e-01
3.939648632164294284e-01 1.739273184236657388e-02 -2.911355812205102533e-01 -1.191281358136698776e-01 -2.924460270883142560e-02 5.659294882883678657e-01
-4.238356348099625581e-01 -3.129363676108976727e-02 -1.881962189198780888e-01 4.543974288017944563e-01 -6.559282249645112528e-02 2.888050932764290035e-01
-2.334664663506622884e-01 -5.578048131817417432e-02 -2.966237898677338003e-01 2.740279311575815058e-01 1.461073565092955162e-01 5.410460361586630906e-01
5.138217744814102539e-02 1.203046990884532874e-01 -4.152869500387426083e-01 5.018940946529869968e-02 3.862980191136933250e-02 5.813713607557100538e-01
3.013050752012461642e-01 -2.767279021645202008e-01 1.183414123400538948e-01 -2.617283320452159501e-01 5.446093153536493148e-01 2.669776856728385550e-02
1.448371730218072917e-01 1.359516910921110822e-01 -2.981632102055645772e-01 -4.706896869783887549e-01 -2.710504039050343206e-02 4.729004622213665021e-01
-9.057882864789226773e-02 4.034707984485596532e-01 3.538724648907896064e-01 7.364884821532438619e-02 -2.921288301337646165e-01 -3.455347318610335616e-01
2.065189744093025304e-01 6.402202503513158838e-02 -3.336694882929989170e-01 -2.249287108141617975e-01 -1.009054256867651239e-01 5.532644612848096610e-01
-1.274842062387425770e-02 1.767408882240215822e-03 5.703869961123180232e-01 -1.746320973930479692e-01 -5.318664454795375002e-02 -4.148915062449013424e-01
6.855668952147389583e-02 -3.415434989539665178e-01 -2.044581642357870821e-01 -2.095485545782974357e-01 3.778107206756525782e-01 4.320848271679893493e-01
