# rod_radius=0.0025
# rod_length=1.0
-8.967434056462837699e-02 5.169896552115484933e-01 4.668342288395435635e-02 3.147995298429149824e-01 -3.964556283986975238e-01 9.161227784086456438e-02
-4.435943013392502077e-01 -9.274069778259255714e-02 -5.438727727824258298e-03 4.869527742312235730e-01 2.580585024780375214e-01 9.954727726208426053e-02
4.097438464563095684e-01 -6.658667753831055969e-02 -1.418152031893079867e-01 -4.928111746218171163e-01 -1.979315284948829357e-01 2.682371886508786440e-01
-1.656264337577268986e-01 1.867217036776508132e-01 4.837934825451540855e-01 -6.048131455999417039e-03 9.910136774347128030e-03 -4.874286523157113082e-01
2.065189738262252772e-01 6.402202408759959107e-02 -3.336694888920835877e-01 -2.249287094726116487e-01 -1.009054245661038657e-01 5.532644620065425567e-01
3.572171893873148374e-01 2.558294739585322830e-01 2.649510872088632896e-01 -4.380604812730835018e-01 -2.844303487545553066e-01 -1.009936363787528046e-02
3.031919314219908013e-01 -1.588550844421947328e-01 -2.040750493902320217e-01 -2.865883496546660081e-01 2.448215729134319563e-01 4.953564171304899455e-01
1.289887192126236148e-01 3.546374894506720277e-01 -1.608139618259229187e-01 -8.970428590636431165e-03 -5.071626611912465332e-01 3.273128392114353913e-01
3.013050759226094666e-01 -2.767279016986036733e-01 1.183414121567936267e-01 -2.617283310200169133e-01 5.446093160152563062e-01 2.669776827117489870e-02
1.299021240563744961e-01 4.300278786676814957e-01 -1.312446330173839548e-01 -2.042847382667558331e-01 -3.767504265142204711e-01 3.560211130990847961e-01
-3.398730989249130335e-02 3.252349694578750561e-01 4.171759350323832050e-01 3.373959200427741750e-02 -4.159965950954113700e-01 -2.506480196662727589e-01
-4.931428892231877747e-01 2.238530188938077647e-01 1.631200237972151024e-02 3.643383608389506034e-01 -2.557508257471965418e-01 2.026076222891546319e-01
-4.238356338023936409e-01 -3.129363984720685138e-02 -1.881962209968785771e-01 4.543974301889672773e-01 -6.559282646092548519e-02 2.888050904373600236e-01
-1.061961488990117441e-01 -1.324700083822803187e-01 5.169616236193881331e-01 -2.239368373029071435e-02 -6.175934880645093938e-02 -4.770087730494444456e-01
2.724341345352630506e-01 2.771290031397815046e-01 1.123005904842159092e-01 -6.257140252467647823e-01 -1.603434015450606598e-01 6.816695003366243788e-02
-8.993994534632940296e-02 -3.981749031156702756e-01 2.333960833120739264e-01 9.102106676731960833e-02 5.073627198578649633e-01 -1.503417509892145676e-01
5.619987833252127613e-02 -1.102333959587651485e-02 5.816130694645347265e-01 -7.431381975666237483e-02 2.708612894189385001e-01 -3.689169040430162472e-01
6.991671555919387604e-02 -3.352284983977273924e-01 3.997400242980033713e-01 -3.375722275814160844e-02 4.013879199129720687e-01 -2.685772407706837894e-01
3.536808865045639183e-01 1.060041782609100341e-01 3.477973142680347296e-01 -3.376127871562943361e-01 -3.612994861196057728e-01 -2.033291158848087310e-01
-4.506995173662672188e-02 4.621802582930631398e-01 2.041769971741544676e-01 2.345070738287083068e-01 -4.554430980315987143e-01 -7.831913147808480802e-02
-2.413065207275455204e-01 -3.403065509549274559e-01 -9.115087616299237527e-02 5.235566757620186973e-01 1.869087822572965685e-01 2.790224387608278844e-01
1.486816572267852798e-01 -7.759354895768853788e-02 -3.704926392680381597e-01 4.002046541799651747e-02 -4.454577012403866665e-02 6.230367209971006126e-01
-3.967473893998291201e-02 -5.374058601479529962e-01 8.349353984385904370e-02 3.122421152149083001e-01 3.979740419053495737e-01 4.857983771304563020e-02
-1.768685772739252149e-01 -4.546146881103041992e-01 2.344109964539156932e-01 3.075525657621160924e-01 3.050991178379811042e-01 -1.993759203972339800e-01
2.692038911160747339e-01 5.055234590388456295e-02 -3.362187799379268704e-01 -5.902354085413930029e-02 -3.279393965294455371e-02 6.046957483727577465e-01
-3.277642587932827478e-01 -3.059258143326936685e-01 5.704578983978754458e-02 2.961123825821754263e-01 4.755031707479469572e-01 4.493473613179579940e-02
1.068918902168582846e-01 3.308010344894812826e-01 3.847681634340094359e-01 -1.845219734370413811e-02 -3.710243700212768614e-01 -3.164664344695171661e-01
9.024049561776686934e-02 -4.682924266317659012e-01 2.182284563774438413e-01 -3.437643846738647757e-01 4.234545974540041002e-01 9.006056290478128834e-02
4.300479112101976975e-01 -1.022711397076157547e-01 1.052597124073400003e-01 -4.800441235749242086e-01 1.876943293495210718e-01 -1.908019618687321617e-01
-1.500348946359594260e-01 1.143311172240895207e-01 5.517854769393648606e-01 -3.500662697762597919e-02 -5.246099218787526886e-02 -4.274738808803242307e-01
1.530484932922044627e-01 1.463206398088087723e-01 -3.108328125067733039e-01 -1.864344161617783879e-01 -7.602604086603390043e-02 6.031219499303718257e-01
4.108019240740904410e-01 2.241749725777053281e-01 -6.766893940445975475e-02 -5.256836692759421226e-01 -8.479423623834111967e-02 9.826105020388078981e-02
1.037537532068064511e-01 -2.470758248921920697e-01 4.202971735072297821e-01 -2.226354824728634108e-01 2.301899533451396695e-01 -3.955995379434016912e-01
2.175664024932112417e-01 -3.966863366283295833e-01 2.298942228501058838e-01 -3.844223283551100323e-01 3.515254887690850150e-01 -4.901191237659771605e-02
-3.922719087712513153e-02 2.229477724402630090e-01 4.264790884427847040e-01 -9.723866177081437467e-03 -3.641962584106450684e-01 -3.824655579130655791e-01
-2.755949544344029056e-01 -3.037399384736960695e-01 2.518605983506586043e-01 2.376253364167913440e-01 4.956403451566525620e-01 -6.054313914567643895e-02
-2.455766632433348529e-01 1.852129753098578357e-01 -2.791131780210335811e-01 2.396442268811064535e-01 -2.784814107528690297e-01 4.622020073898384651e-01
4.084376401349209540e-01 3.129276055067535811e-01 -7.467019606947900012e-02 -4.972787507004259866e-01 -2.598744721465084950e-02 1.799165404488257680e-01
7.635147971056378650e-03 3.662034762019489853e-01 4.347580909277760641e-01 -9.242648651645227198e-02 -2.245832148583229437e-01 -3.658409066794797715e-01
-3.040065371364575886e-01 3.529720050818089816e-01 1.488619022126918268e-01 3.996706545641988684e-01 -2.939866882983754315e-01 -1.448775383465940314e-01
1.762437572359466520e-01 -3.159287121828606871e-03 -3.658808682872788376e-01 -2.620089429371625367e-01 2.432221922564366257e-02 5.325507304445626922e-01
3.669505842222353098e-01 6.926537627665366181e-02 -1.771785980668912908e-01 -4.316000307511799750e-01 -9.988090428407453425e-03 4.195087600535989392e-01
-3.976772665319167621e-01 -2.110949398895916596e-01 3.389362651674322768e-02 3.482609344379322125e-01 4.494289107128353611e-01 1.192425756561898281e-01
7.712347515503460704e-02 -4.210370911981173303e-01 -1.477636059444956129e-01 4.207115745033290777e-02 3.888266393623441286e-01 4.378062643068869053e-01
-3.674054431533074760e-01 4.446134802306648259e-01 4.286599306135620013e-01 1.748423081114538480e-01 -4.690533849411498979e-02 -2.527919217485153913e-01
2.351423350594150641e-02 4.309324030914497561e-01 3.800469061165256401e-01 -1.878478200113853358e-01 -4.490847389617637075e-01 -4.527169449416135194e-02
1.313071849298360662e-03 5.544339868748714428e-01 -1.471278661811588062e-01 -2.452038266876504103e-03 -2.365486376822494297e-01 4.646991613311453051e-01
5.050343059211768321e-02 -4.804023713353959280e-01 6.998002355808834174e-02 -3.494850359524758615e-02 5.129043944777051944e-01 -7.735071073233568129e-03
3.733817807675458011e-01 1.175571231002659617e-01 3.146413594821696469e-01 -5.360620533435640489e-01 -1.270800681245916608e-01 -2.160937622988257090e-02
1.391150810548653083e-01 -8.215274037518115191e-02 5.281356724527539459e-01 3.818079814870778410e-02 -6.058083269631871215e-02 -4.665235271394050365e-01
1.006157678895779201e-01 -3.721516462041734585e-01 -1.467180664000597989e-01 -1.610145731130850355e-01 4.987868229202120918e-01 2.692335505773261750e-01
4.662506828075687615e-01 1.136413571262073624e-01 -9.790774357496923042e-02 -5.098328160351057736e-01 1.107254863952786272e-02 9.377074455728132141e-02
-4.308790651671300931e-01 -1.912761464399408140e-01 -5.766134647833305593e-02 3.966683222581716683e-01 1.881562720052924187e-01 3.560974738486285540e-01
-2.797662839862510298e-01 -4.377012717609332637e-01 2.043760549237724766e-01 -1.267579120367002266e-01 5.067486547424613352e-01 -8.648950584456699398e-02
1.289869208095813236e-01 -3.206864554623627406e-01 3.886706542519577368e-01 -1.986585318686621970e-01 4.909859414350313811e-01 -9.489565707887520629e-02
2.169555506361007247e-01 -3.975976500489479259e-01 -1.640056378077646149e-01 -4.434125158241061238e-01 2.263977220525358880e-01 2.537787472469411609e-01
-5.159822369537541142e-01 3.810918766774070571e-02 -1.331361519240058244e-01 3.350923068533093740e-01 -1.869542064866752396e-01 3.412250917450913024e-01
-4.714345557434092560e-01 7.929188558191914427e-02 2.258665432252540406e-01 4.356658703669576416e-01 -2.416950699309576844e-01 -4.641307654266971228e-02
1.576573847328792410e-01 -2.000470396453244426e-01 4.576599016776162210e-01 -1.623466718983969381e-01 3.684503098259078735e-02 -4.596620432322097716e-01
3.170502232439809803e-02 -1.424280394675040418e-01 5.399655703597612266e-01 7.703664488771613805e-02 8.308824646212767395e-02 -4.332186099351515995e-01
1.485635384496449274e-01 -2.534118564145250718e-01 4.644425126493427758e-01 -2.676353728795013986e-01 3.069841507382408685e-01 -2.516125001643868542e-01
-3.546869799109345633e-01 -2.083926598790284967e-01 1.177692114955019714e-01 4.105960741549765647e-01 3.038265443935642129e-01 -2.720683622886366226e-01
-3.941956300398913315e-01 -3.006857843013561182e-01 2.470472570744929874e-01 4.880276605398857770e-01 1.113683166165541083e-02 -1.057256468347704259e-01
-9.401295871950465788e-02 -2.458773836662810075e-01 -3.809869582610400096e-01 2.801204743487127613e-02 7.721545377278946076e-02 5.574803647015631469e-01
1.592283856166218092e-01 4.476039955906569445e-01 3.200408065238440902e-01 -6.285061298755223458e-02 -3.493011748456191223e-01 -2.417626001148991954e-01
2.107337331510234779e-01 3.358702804728444513e-01 3.085374944117531548e-01 -1.745621106203115447e-01 -3.473609315783501850e-01 -3.117384310049847729e-01
4.162866575494427179e-01 -3.463523500172107639e-01 2.685166815428597850e-02 -2.067080248511623530e-01 4.223872529278721588e-01 1.714789427756568674e-01
-2.805147281030951345e-01 1.324767006027693650e-01 4.646185846843257083e-01 1.833019747232684238e-01 -1.701894758897482263e-01 -3.680081334713439789e-01
6.855668952147389583e-02 -3.415434989539665178e-01 -2.044581642357870821e-01 -2.095485545782974357e-01 3.778107206756525782e-01 4.320848271679893493e-01
-3.933233046064462113e-01 8.316093479199504479e-02 1.284947344526454240e-02 5.332606562709989451e-01 -2.863963089327147271e-01 8.263204329806299320e-02
-4.694318167358780824e-01 8.027851120333023838e-02 -4.066090493244300941e-02 4.690310129459370758e-01 -4.884311036865734978e-02 2.796750501962635971e-01
-3.333310281505356132e-01 -1.000890225085288160e-01 -2.454590738028489538e-01 3.890599402695406051e-01 -4.922888381292313958e-02 4.441527989465753334e-01
-9.057882717830290087e-02 4.034707992880639527e-01 3.538724645230250099e-01 7.364885059108408627e-02 -2.921288292061229308e-01 -3.455347321036780217e-01
4.077775220534839984e-01 -1.516031536478284758e-01 -1.520630346226370944e-01 -4.190572720307728649e-01 3.088273932576637293e-01 1.709662748338797167e-01
1.337649401308916089e-02 1.108264014310953588e-01 -4.294141963554324315e-01 4.648620825259980327e-02 1.575548482608607748e-01 5.689445563381350102e-01
-1.494850187621886151e-01 -7.797540189852790460e-02 -3.147259121867407305e-01 1.710819302559157817e-01 8.889038357049718064e-02 6.176863575936549777e-01
5.138217720130269783e-02 1.203047016173746236e-01 -4.152869498341573706e-01 5.018940922604970406e-02 3.862980487000576557e-02 5.813713609955190043e-01
4.509306700987743971e-02 4.521016720892979679e-01 3.213575272507330355e-02 -1.568468652506800620e-02 -5.277425501856866097e-01 2.224285921846183844e-01
2.657663368621646788e-02 2.767610096422350452e-01 -3.338521253346721229e-01 -1.196806266513650852e-01 -3.098096149179087044e-01 4.627303978238940241e-01
2.615497401343690465e-01 -3.645600152196085131e-01 2.303874800117536592e-01 -2.755780317147432656e-01 3.024249760525589692e-01 -2.859697394846666407e-01
3.939648770888671825e-01 1.739273605480643956e-02 -2.911355677409144804e-01 -1.191281070107568230e-01 -2.924459724924220391e-02 5.659295107741477704e-01
-1.540289847195225881e-01 2.981467307807283973e-01 4.970847589044490311e-01 -4.510478608150959856e-02 -1.013184925626403610e-01 -4.131696309725233496e-01
3.543593535191986721e-01 1.971850723028024666e-01 5.998325700620724815e-02 -4.060410182349407648e-01 -4.491230691653748108e-01 1.238351239179660557e-01
-1.591955644284830940e-01 2.996886236222552347e-01 -2.141034176412453804e-01 2.135324360020194878e-01 -3.740179783402978186e-01 4.240135404214198100e-01
-1.180691357073845871e-01 -1.253779922499759225e-01 -3.566995840457632960e-01 2.849168485799441486e-03 5.725012705040885552e-02 6.190184765392855448e-01
1.098327219682313921e-01 2.684417652833662182e-01 4.187639497686361789e-01 -1.841714444069861289e-01 -2.724926655582246560e-01 -3.692408038236867363e-01
4.492275807528798293e-01 6.143831259953272395e-02 2.960554696255930374e-01 -4.142125558623863668e-01 -1.407309688238634893e-01 -1.661119374149273020e-01
-4.523804327387584250e-03 -4.288911004241224290e-01 -9.352779890929628637e-02 1.902662832468439147e-01 4.890428382193003354e-01 2.520935344447027826e-01
-4.623067514589409566e-01 7.121864275234663505e-03 2.063105007360019061e-01 4.705284458993900243e-01 -2.865702007319536823e-02 -1.522119755527591434e-01
1.726980117905385081e-01 1.631191513644628943e-01 -4.253941354356330362e-01 -2.271226941284082423e-01 -1.990926510354714962e-01 4.165951835706510065e-01
-3.526468578933024123e-01 -7.016303622176050039e-03 -2.095213839112347876e-01 4.211528220865572436e-01 1.002613695291825202e-01 4.147586462885923808e-01
7.262196887165943415e-02 8.920857543198554285e-02 5.460918501412532766e-01 -4.668613957242596924e-02 -1.864768736485353517e-01 -4.077231782708419239e-01
-4.461062436613408844e-01 3.415926742051935139e-01 -7.215642024963703216e-02 3.600626629515463195e-01 -1.108441619009252199e-01 3.091474000103585085e-01
7.107540169584922185e-02 1.553325582916699199e-01 5.591821849122402543e-01 -2.207650121724446801e-01 -2.399882706096921892e-01 -3.117659278188931182e-01
4.489591606493384401e-01 -8.700269453145104137e-02 -2.932857406844488132e-02 -5.458961447015235890e-01 3.505494561213656768e-03 1.618174478793789686e-02
-3.800483593826861628e-01 -1.560138251180435975e-01 -1.401006836089501439e-01 3.501799573756345096e-01 3.407738158453448296e-01 3.289074668429808890e-01
1.889365832471761319e-01 2.652406620236448798e-01 -2.482178045231206442e-01 -2.932095553050193537e-01 -3.674631338034943240e-01 3.577698255693893548e-01
-9.296748001089677471e-02 1.624791982106315869e-01 -3.828584588598493710e-01 -3.181504857846537832e-02 8.676053377459830296e-03 6.033489091765733559e-01
4.466242978036294442e-01 2.282938617038013721e-02 1.814467784412759632e-01 -4.807649257001735954e-01 -4.326054796287970294e-02 -1.867669485370573590e-01
-2.085488676040539169e-01 -3.112963613285948394e-01 -3.135414321244119340e-01 1.762509226106449833e-01 1.366713238454568269e-01 4.934617119156379794e-01
-2.593669511085563983e-01 3.599917884742040441e-01 -1.589838611386111822e-01 4.053067454481346643e-01 -3.012717446143808320e-01 1.887795885119606387e-01
4.506082694738369754e-02 -5.052038306243943344e-01 -4.015006383538068796e-02 7.071287053378561005e-02 4.120262189598030700e-01 3.573810780888866945e-01
-1.034928935540553596e-01 6.226859030505413339e-02 -4.714580127460051284e-01 1.999952268631078056e-01 -1.498582610583036323e-01 4.574645672876193614e-01
-3.366490364104310351e-01 -2.682947223739391429e-01 -1.489410244984923914e-01 2.231465983514916984e-01 4.255065762648955197e-01 3.041247602486705226e-01
1.905509665717125822e-01 4.606403509270218244e-01 1.296282763191939913e-01 -3.463702900896887815e-01 -3.822488085350439491e-01 9.422447699661001819e-02
-1.165326215972663781e-01 3.221916960568450561e-01 -2.680882189067119170e-01 9.176252850311786280e-02 -4.974989647501293355e-01 2.655037141568268866e-01
-3.244485977180968650e-01 2.171627169300697213e-01 -2.266572949125580660e-01 3.171628904921952596e-01 -2.035638880999989797e-01 4.146880270602826268e-01
7.891645877189541747e-02 -3.388784423273506763e-02 5.641818336772664866e-01 6.948498778083635197e-02 -3.458525175897463055e-02 -4.357734458116150345e-01
-3.655736053148512243e-01 -2.278769207346747760e-01 4.393254026073506457e-01 1.005778680480767795e-01 2.243225044433760640e-01 -3.210813857304520846e-01
2.919448371861931846e-01 3.284289402785615652e-01 -9.915200954151273671e-02 -4.150679799575787698e-01 -2.518523797413561582e-01 3.050836470133849732e-01
-1.163222671843550382e-01 -4.493001049966303118e-01 -6.888088208260029210e-02 3.091645087476443399e-01 4.155471014134398677e-01 1.975779572747946577e-01
3.165106392934266544e-01 -2.601336266256463747e-01 3.229821351717478417e-01 -4.201332698612424976e-01 1.738375384810381119e-01 -1.956938513181555872e-01
1.039192638493669218e-01 -1.634577729326436857e-01 4.786019121930857878e-01 -7.480272137521751241e-02 2.286595042346015183e-01 -4.237851959508245336e-01
-1.325318508819472441e-01 -7.752620001904325653e-02 -3.818385807637719176e-01 -8.462352110615251055e-02 -3.124380532296133078e-02 6.159403185317031681e-01
-1.695799377640985761e-01 -3.857708683767938074e-01 -7.703667497249135077e-02 3.965547039517443584e-01 4.120165722319474866e-01 1.303922696235514933e-01
-3.246661987167891450e-01 1.250610978124375716e-01 3.896456435678620212e-01 3.829770224494742914e-01 -2.477294477543646178e-01 -2.105778820235969517e-01
-8.381353310281462743e-02 -3.740730457294806355e-01 -1.805297800423005805e-01 -3.596806206051825910e-02 4.780667609675640639e-01 3.405926247179094091e-01
1.162996202787251092e-03 3.441370716568248334e-01 -2.966168760318594888e-01 1.316412331655708416e-02 -1.966748299872593808e-01 5.444410648902321403e-01
8.657310916413603341e-02 1.800903974160452670e-01 -3.134421630874713594e-01 -1.622279027772992321e-02 -3.740950642827833850e-01 5.125793118752526301e-01
2.611128658634400690e-01 -2.745580524631294206e-01 -1.114278978492035804e-01 -4.798003716434635635e-01 1.809720408253537860e-01 3.820697299015529680e-01
1.231814328638261569e-02 -3.611348469012342077e-01 3.624214735089733019e-01 -1.010168656358659406e-01 4.576967129586934080e-01 -2.003129685948949468e-01
2.204227488712397487e-01 3.457365587500061399e-01 -1.699777804778390411e-01 -1.734768951254230251e-01 -3.599431009566059214e-01 4.189698303804295643e-01
3.909177098061584338e-02 2.490982787304426849e-01 4.977020743377989498e-01 8.570100999659262253e-03 -1.840644866660314516e-01 -4.030967080412918846e-01
1.153591099480249793e-01 2.476006599925636709e-01 5.637776775472258528e-01 -2.304463547816389124e-01 -1.435793501409714790e-01 -2.890979172701123590e-01
2.619304785191810536e-01 9.487870455331341019e-03 4.381907023657458655e-01 -3.725352718708544453e-01 5.474577194598938962e-04 -3.347085670103621124e-01
-2.604755637712259930e-01 -3.920878489100946829e-01 5.462994992226759619e-03 4.201660912405079107e-01 3.002471770760373748e-01 2.450441905307529367e-01
-2.972663839181226009e-01 -2.796077050779101625e-01 3.375946565161815349e-01 3.218896480149961437e-01 2.740622566401333393e-01 -2.192674283953117143e-01
-2.159365934013963706e-01 2.077124924889155733e-01 -3.343694839970845489e-01 -4.317580965860906561e-02 -1.035222664418143645e-01 6.001285825787154860e-01
-4.665749380880857555e-01 -2.267525262446203616e-01 -2.314806191166234595e-01 2.082903890689045689e-01 2.679547387643180234e-02 4.615346778544486828e-01
-2.091259466752007912e-01 -1.655406522019807758e-01 -2.814513185145315899e-01 2.731631137735705539e-01 2.973645487740649851e-01 4.622663947885521929e-01
-1.905192767506551366e-01 -4.230567533351546339e-01 -1.952786127111390824e-01 3.477857292006029111e-01 1.840008521350200987e-01 3.892800107036845647e-01
1.087758237010174045e-01 5.978721372726607947e-02 -4.378729650187402900e-01 -2.112786485734940434e-01 -2.022547878949772504e-01 4.725660083138450984e-01
2.801146426343643636e-01 -1.487687072251140351e-02 -1.856057854902289084e-01 -4.395003245370824319e-01 -3.376948469023624555e-01 4.291647841355321624e-01
1.060601225473365300e-01 -2.077544564810720196e-01 -3.964058454411533150e-01 -1.337024477805013878e-01 4.663242529991887264e-02 5.405046221316733845e-01
-4.483804677886055190e-01 -1.034417958770850882e-01 2.322565189307930489e-01 5.046057428028793979e-01 1.329526152379918447e-01 4.269131955063781847e-02
2.691898523617049510e-01 -1.059785499134177633e-01 -2.707675824923214125e-01 -3.230018147946927543e-01 1.759678879956138031e-01 4.840934878384613449e-01
-1.274842104087790633e-02 1.767408854058301771e-03 5.703869961737497718e-01 -1.746320978637644072e-01 -5.318664457971759157e-02 -4.148915061744445909e-01
2.472599307600689134e-01 -4.428955803848408923e-01 -5.007198937515499465e-02 -3.112449088794685403e-01 2.948436242839543864e-01 3.291551325371204761e-01
3.653650361855819706e-01 1.582514446881731762e-01 -1.741128140042247918e-01 -4.479506831824131008e-01 -5.083432368238774424e-02 3.688426925465540518e-01
-2.177495533409571082e-01 6.065056556617087757e-02 5.008415068985578866e-01 2.646054265193205079e-01 -1.146876034191643412e-01 -3.574068254044306947e-01
1.448371689006562046e-01 1.359516938272717357e-01 -2.981632116012042921e-01 -4.706896910580493643e-01 -2.710503687003992801e-02 4.729004610249156748e-01
4.334139462178059343e-01 -1.014831647522639602e-01 -1.382711497196155610e-02 -4.774547032450228157e-01 1.057662836191005373e-01 3.430565769719651215e-01
-3.391565188622573321e-03 4.542436785146299338e-01 1.284630643981383158e-01 -1.530392859698633534e-01 -5.269221457525603558e-01 6.318948882633165787e-03
-1.911578519481706151e-01 1.070592765437686222e-01 4.446961982926841417e-01 1.113189459612095311e-01 -6.909737892338546628e-02 -4.920410217755238902e-01
-2.334664659090854855e-01 -5.578047656607070665e-02 -2.966237910908866016e-01 2.740279323364472885e-01 1.461073581841909330e-01 5.410460352304722331e-01
-2.093554292177922938e-01 4.248514656657306210e-01 -6.168542749262462960e-02 2.800122750205699673e-02 -5.325728961174882592e-01 1.026325842248119735e-01
-3.187970373085120563e-03 -7.717996687889611129e-02 -4.072953814795896021e-01 3.668413930146047913e-02 2.956570621874369809e-01 5.197444044126293683e-01
2.721778156158742232e-02 1.906675488720204481e-01 -3.055263604509471653e-01 -1.351019143057401728e-01 -2.698865490199283679e-01 5.671375148461064164e-01
-4.193721537922741605e-01 7.500146252110524714e-02 -2.452625429008792046e-01 3.851326698457898101e-01 1.172581718271244189e-02 3.453034410925247544e-01
1.137857991287864606e-01 2.016483453649261792e-01 -3.717288552868912577e-01 -3.091967462136128997e-02 -9.607731050200740697e-03 5.949309587347899608e-01
-3.117753658971018638e-01 -2.979216386935579219e-01 -5.675772870833519640e-02 4.380421474550361127e-01 3.329614512960521466e-01 1.426419288530008100e-01
4.593649913089842274e-02 4.756945499533853927e-01 1.901430545456258558e-01 -2.811687125567629564e-01 -4.597259720407341210e-01 5.601390961798852208e-02
1.683228857982781990e-01 1.764115121134222086e-01 5.544525662980773761e-01 -2.990108513219360553e-01 -1.617059198005421083e-01 -2.624169339191605443e-01
-3.571376702767784517e-01 2.259853343840246831e-01 -1.216559653190958934e-01 3.189755720080074131e-01 -3.319413137254521029e-01 3.595807113135967015e-01
-3.059035001882988158e-01 -9.373478480627973897e-02 3.949962972939629613e-01 3.373365457436213743e-01 2.199462016995781255e-01 -3.034637817472182753e-01
-4.469415968477797457e-02 6.168546040950786610e-03 -4.484297617761497379e-01 2.944764586602333645e-01 -5.027815339370646924e-02 4.906000895994048761e-01
-9.306433368202032819e-02 1.422307029546163726e-01 5.607766656347172862e-01 -6.089958470058522838e-02 4.222046860479293506e-02 -4.336897148670343372e-01
-1.581650734990344143e-01 -4.452597708087349671e-01 1.031658935220461093e-01 3.126263708594547164e-01 4.286639434104395074e-01 -1.771734619384761344e-02
1.199307585121629355e-01 -2.392320524485566924e-01 -3.623610601555474764e-01 -9.560192406894936490e-02 3.434353902312653473e-01 4.212487368610198235e-01
-4.357842811110194670e-01 9.759000828711355061e-03 -9.439561248437060292e-02 5.355477310508585109e-01 1.212068531971365465e-01 1.155889068307999340e-01
3.987554770556900330e-01 1.777688702449655433e-01 -8.613356140543863837e-02 -3.938071783899655953e-01 -2.184520559213275204e-01 3.773892695973675160e-01
3.576294344838043537e-01 -2.734044536759591693e-01 -1.188719747148278827e-01 -5.197683036418763169e-01 1.922206909874286107e-01 -3.258680543531497498e-03
4.133701806333988094e-01 -1.556557378908901002e-01 -1.758819233447256325e-01 -4.684701883418589397e-01 -4.647575447663075676e-02 2.828525258382884600e-01
3.883392334788188238e-01 2.963621456706636015e-01 -2.208168091924703202e-02 -2.817725077103502285e-01 -3.943604597604725703e-01 2.496765510937739851e-01
-4.348639622846061092e-01 -1.725870650269019646e-01 1.244063823436834804e-01 5.480857116289382658e-01 -3.522197350255901194e-02 2.173939089996537732e-03
-7.971890848250183514e-02 -1.309502250880869856e-01 -3.312699811867015343e-01 2.119949090079963350e-01 1.434216936715247137e-01 5.850395183173084934e-01
1.613295913348787580e-01 -4.066827473057557096e-01 3.803838401801651337e-02 -4.666537841651321461e-01 3.704086129028253405e-01 -3.984204964455180520e-03
1.319865542873743525e-01 -4.652890983897138566e-02 -3.602845150844058431e-01 -3.814070398806613804e-01 1.284568221166497437e-02 4.958122523934573866e-01
-1.291044146629062028e-01 -3.973123067203321312e-01 3.329383283497351353e-01 8.001183077448165148e-02 3.659144617237852781e-01 -2.784169659141813025e-01
1.786319138263224027e-01 -3.382624586668726008e-01 -2.631681299519874062e-01 -2.261778316883129858e-01 4.093127841604248807e-01 2.633870202916346881e-01
2.354012781003549104e-01 2.188682065725157111e-01 4.600958433759548272e-01 -3.350843605121037738e-01 -1.385370726089612536e-01 -2.793685591142161528e-01
2.497195719395924607e-01 -8.798818367823422679e-03 -3.101566280694534883e-01 -2.834133689683819846e-01 -1.440726533239175267e-01 5.249902194340771988e-01
2.003026489028346402e-01 3.282361729968222286e-01 3.929604799737855814e-01 -1.191306900229478216e-01 -3.381351433975047782e-01 -2.807691473023330442e-01
-2.129068987309436223e-01 2.052933424051788525e-01 4.298635190300251208e-01 2.385075245460807347e-01 -2.757922486828542352e-01 -3.216560565666118365e-01
-5.075419507464162816e-01 -9.800239372489044642e-02 4.524165186406047846e-03 4.626181894865838418e-01 -1.738005989159165932e-01 2.348368534884289205e-01
1.133373813298794025e-01 6.863885363984437160e-02 5.659096937858426601e-01 2.087592781176096646e-02 -9.068112099172187524e-02 -4.169779016678357708e-01
2.512803948317695601e-01 3.917925465733835405e-02 4.930033699678705861e-01 -1.446963192591134706e-01 5.202907945228846254e-03 -4.246283915584431745e-01
-3.844873917626656090e-01 -3.399330290944320709e-01 1.476920785024591620e-01 5.311528783838430634e-01 5.785694931817464415e-02 8.967459182364329040e-02
2.740551671164299097e-01 2.287154302114566551e-01 -2.681146476586366290e-01 -2.719891467159896714e-01 -1.148005390435223039e-01 4.959746051110213716e-01
-5.248825759560558080e-01 1.796880886535959787e-01 1.282263665860751134e-01 4.608208562888754800e-01 1.132642027407446128e-02 1.216618954705852712e-01
3.521915063323257655e-01 -2.724064321744924522e-01 9.929848868653722016e-02 -4.279003349731931305e-01 3.530004474610041187e-01 8.132756680821626172e-02
7.087347317731787499e-02 -2.524952679510512610e-01 -2.680410308713716550e-01 1.519660930494048934e-02 2.450834720680435397e-01 5.975890773794600985e-01
3.327983853673250336e-01 2.328130816352628196e-01 3.163333141512530977e-01 -2.741030952543662136e-01 -2.332481894860208849e-01 -3.274504106974045481e-01
1.585549865491612531e-01 -6.862637870757597180e-02 4.927302116318037495e-01 -2.442014580660889778e-01 3.814245046631148384e-02 -4.163284572327091704e-01
4.433333837097848673e-01 1.041937902227557111e-01 2.236910833564755841e-01 -4.355443198160015572e-01 -2.989970781910783471e-01 -3.128167180167495953e-02
3.999193796290458347e-01 7.805572475971556644e-03 -4.417050139814247822e-02 -5.598035194750865529e-01 1.687752074441819794e-01 1.860918132635508981e-01
2.240674397156961761e-01 -1.181946731527154237e-01 4.936410332868084727e-01 -2.352653445323604486e-01 1.113376330236775513e-01 -3.644547152962240300e-01
-6.639201556728638320e-02 -4.291182466005962759e-01 -1.170419063512342789e-01 -1.877387367256406758e-01 4.430875484825417265e-01 3.568061961958875483e-01
-3.907158795153612418e-01 2.605049507798737896e-01 3.319344395347041399e-01 2.113081464503518969e-01 -2.829540976071567293e-01 -2.530607184677340360e-01
-4.626272221246849337e-02 6.057478193612057110e-02 -4.096194657330979316e-01 -1.120314562543724135e-02 1.866278284065715498e-01 5.817843145527432647e-01
-1.058801666678835934e-01 1.298481788290466524e-02 6.067115266717828526e-01 1.530696870107954854e-01 9.054835183172869895e-02 -3.560599267278078406e-01
3.969003895442364538e-01 -1.246963679350904797e-01 4.807911666563708525e-02 -5.028359825526792504e-01 2.674885144416963567e-01 2.395614363742369357e-01
-3.730777340155320282e-02 8.308805007913128149e-02 -4.267137558327399605e-01 -6.861409760112555101e-02 -2.261130365074390247e-01 5.237674918091035359e-01
1.569982913879403585e-01 2.613609735464638151e-01 4.495399856526789972e-01 -3.045344456731690630e-01 -3.039223055532136453e-01 -2.341575695507874255e-01
-4.840186237724692364e-01 2.445214952380735385e-01 2.400128343538548981e-01 2.385044128935515650e-01 -4.175748760949639093e-01 4.104334786274377311e-02
-6.937209061783188024e-02 1.083507846823715190e-02 5.788697149277275411e-01 -7.643819648104406561e-02 1.815351933844956411e-01 -4.064279765927113486e-01
8.524981751947856290e-02 -3.559261850499871316e-01 2.496208931246628737e-01 -3.779434667385594970e-01 4.303950078475146657e-01 -1.592201065543103755e-01
-9.705707366408228287e-02 2.572371739524433876e-01 -3.066612988913277049e-01 5.368834354388349328e-02 -2.861116674998517295e-01 5.192005876752125992e-01
1.880312568083186420e-01 1.148895319044033192e-01 3.676878432352567727e-01 -3.755167264222414314e-01 -4.690734053495014821e-01 -2.166074233128817972e-01
-1.237984009061689622e-01 -2.161790950407818379e-01 5.144820890759291832e-01 1.447212653925130099e-01 3.371356801987338558e-01 -2.740227925275321441e-01
