1.336395506883554518e-01 1.118846219832298761e-01 -4.056304299164278371e-01 -1.566941767056013457e-01 -1.191498825524988092e-01 5.229864902672730631e-01
-7.874151118435970820e-02 -2.294948478091246857e-01 -3.901935074865821584e-01 2.713043636190209940e-02 1.357299100945499049e-01 5.346859478679866218e-01
-4.650318388928725843e-02 -3.025358954781688300e-02 5.714000725775432166e-01 -4.906730728760558269e-02 1.308626345262587642e-01 -4.155320363394331418e-01
-1.797407520197853437e-01 1.921917593988678452e-01 -3.731848053152882483e-01 -1.065007898291142618e-03 -1.156024195236329266e-01 5.613405939564779512e-01
1.079934618207602920e-02 -1.339762938059365360e-01 5.409871893056944492e-01 5.634213843752132467e-02 9.193033545810369578e-02 -4.320965937922137678e-01
3.889189020374320682e-01 -1.369909077337871373e-01 3.699223627959326993e-02 -5.140268659911779725e-01 2.525899928215923351e-01 2.184189760995080276e-01
1.280688844866850196e-01 2.425673930064600192e-01 5.638103422832503320e-01 -2.157006286150049412e-01 -1.505846723695921652e-01 -2.889815287804761157e-01
2.275556934822544064e-01 -3.895647064062043308e-01 -1.606512334658858066e-01 -4.196809757755623482e-01 2.446512574489040359e-01 2.622610566834823187e-01
-5.152284196919884596e-02 -4.253303585731943448e-01 -1.203176804025015145e-01 -1.666963911044450908e-01 4.484262249031012448e-01 3.522121984532405325e-01
2.674563604553862328e-01 -2.626237443316473685e-01 -1.123283659622090758e-01 -4.749215889908511290e-01 1.944849238090089472e-01 3.774947099403815898e-01
4.778996911149082094e-01 1.102272271518243418e-01 -9.460105645057627355e-02 -4.973618612595800959e-01 4.727386951379822233e-03 9.965312800315363762e-02
1.598329471611751318e-01 -6.631616256452121938e-02 4.924538886613681887e-01 -2.444861362140120509e-01 4.075910821360709257e-02 -4.158747771895114909e-01
-3.257177097849370817e-01 1.299370707978960426e-01 3.828071237946082950e-01 3.829298862997314590e-01 -2.423357776829380972e-01 -2.165521264446670924e-01
4.887657754680728439e-02 -4.801765895264763495e-01 7.410094285700444261e-02 -3.713994651783289469e-02 5.131946904781506946e-01 -2.152959664807468920e-03
-5.259512389355315287e-01 1.738928086574553222e-01 1.263102227599794403e-01 4.593895672148999854e-01 3.477125833033389846e-03 1.184368002320244084e-01
3.172230146608225887e-01 -2.554414899641514469e-01 3.255330251404496833e-01 -4.184936000390855337e-01 1.785358043599590272e-01 -1.944523312549313321e-01
7.416529548443673292e-02 -4.192249951803347363e-01 -1.506086215042511667e-01 3.720739926617389753e-02 3.906296031964182625e-01 4.348567006072707741e-01
1.080641263200870089e-01 6.672582667637566578e-02 5.670898737389900024e-01 1.651959197843534677e-02 -8.970431541865958591e-02 -4.163475715905526897e-01
7.621030348974024149e-02 -3.241174219794417527e-02 5.642077551866967466e-01 6.572919057958620526e-02 -3.318674463593122154e-02 -4.357370161098912398e-01
-3.049050334214565838e-01 3.509397133428265869e-01 1.509078980147635640e-01 3.985298667805907691e-01 -2.964245254400481588e-01 -1.425182145294418556e-01
2.484077144913856561e-01 -5.433247689153106533e-03 -3.102176245468447613e-01 -2.829073452347241613e-01 -1.395044917635932247e-01 5.262805576511635497e-01
-3.343672796824080917e-01 -2.703833656895416326e-01 -1.488153406942644696e-01 2.248287510068286421e-01 4.238546691027345603e-01 3.043218905162823340e-01
-2.744628196076546178e-01 -3.051423126209119041e-01 2.512659546928383003e-01 2.391234521663342383e-01 4.937034957117379386e-01 -6.190255578458742081e-02
1.344423987978044244e-01 -4.632487994016218358e-02 -3.588818953020548874e-01 -3.763311948409951979e-01 1.426294096499391983e-02 4.986957699850438908e-01
-2.084297554523682205e-01 -3.096315011759194769e-01 -3.144356603572093234e-01 1.770078974099680014e-01 1.398259730225750452e-01 4.914339287470593232e-01
4.114340472750090405e-01 2.230944537802622973e-01 -6.663860136933812128e-02 -5.248443618804137234e-01 -8.622857460354108050e-02 9.980059071252596337e-02
3.874491905996646501e-01 2.969440843408123754e-01 -2.261634616630965253e-02 -2.834192658267605802e-01 -3.931700936981391004e-01 2.488204520789685237e-01
-3.790823535098193919e-01 -1.574931870479309437e-01 -1.402974551711008155e-01 3.516919483854679673e-01 3.386404253995236591e-01 3.285525829960026512e-01
9.288239391584771076e-02 -4.671914512055760360e-01 2.170506660533059740e-01 -3.399210649478076052e-01 4.250483477500623941e-01 8.825118175597562731e-02
-4.358236366905176018e-01 8.976775245699069802e-03 -9.331605120377281515e-02 5.354307639445954337e-01 1.198022888255609458e-01 1.173557190614600010e-01
7.178440509939874870e-02 8.979765574482072299e-02 5.461114113678960935e-01 -4.724163341955839313e-02 -1.854074027522645829e-01 -4.078775707131861994e-01
-1.769068830020841809e-01 -4.535191674561125375e-01 2.351532682111142913e-01 3.064311267154963270e-01 3.069446716383498197e-01 -1.985276257558203084e-01
-4.569929444970449728e-02 6.131889164738502963e-03 -4.476941144775148929e-01 2.924446093270156588e-01 -5.015573967730369703e-02 4.917154890384278221e-01
-5.267107650526830359e-03 -4.287916255723370207e-01 -9.342375315227176291e-02 1.892384132346216774e-01 4.891831896265718682e-01 2.522492729948753176e-01
-4.547726698003604767e-02 4.619834997598861737e-01 2.044548751104079964e-01 2.339223342912311321e-01 -4.557333896020736574e-01 -7.791292367207591774e-02
4.665405756289774802e-02 4.755452918261656170e-01 1.897613545448665062e-01 -2.801753640731361461e-01 -4.599356964251535840e-01 5.538185546338234011e-02
-1.595544512669076209e-01 2.998210504725422609e-01 -2.138270242125925313e-01 2.130823496414705198e-01 -3.738273607300057755e-01 4.244046207980984309e-01
-9.015408075230089968e-02 -3.978532113277890581e-01 2.340056421838666856e-01 9.152126469110137552e-02 5.075020383237325294e-01 -1.498249725232610741e-01
2.683223048214478448e-02 1.903259517795835853e-01 -3.058642182928141828e-01 -1.337780803574741550e-01 -2.692964368161430144e-01 5.676067817716183850e-01
2.614104328828573687e-01 -3.640923548015705946e-01 2.310780835930886234e-01 -2.757786150154994953e-01 3.030379275739520373e-01 -2.850276353789185646e-01
-4.929664515463410002e-01 2.239074312623067220e-01 1.570923873167601875e-02 3.647462219024431018e-01 -2.551598888584866720e-01 2.023197223536335743e-01
-1.910812039782959770e-01 1.068388913157048564e-01 4.448664141653271287e-01 1.115007162158709875e-01 -6.939982000304710519e-02 -4.918214197496417750e-01
-1.493931778644751185e-01 -7.804421672263517351e-02 -3.147501307746984889e-01 1.708339902210477546e-01 8.879398592439463611e-02 6.177838230079157888e-01
1.286193207751643586e-01 3.549920560042672535e-01 -1.604675635979446457e-01 -9.341010791056147955e-03 -5.067672674721364068e-01 3.277309772802819987e-01
-2.178927811182425067e-01 6.080908435612173563e-02 5.007292032134533777e-01 2.643852475286108117e-01 -1.144926601262299948e-01 -3.575698131357145648e-01
-3.332936734320064986e-01 -9.971129485704723072e-02 -2.455311308895337663e-01 3.891374004606578674e-01 -4.881252161236020876e-02 4.440358769903948732e-01
-1.654687758346623516e-01 1.864142425588161955e-01 4.841783267008237801e-01 -5.820976845275327438e-03 9.480941886157084886e-03 -4.870102169872299602e-01
2.691373728975543500e-01 -1.063977097078742939e-01 -2.707880149955053661e-01 -3.231187657531681134e-01 1.754887475682586351e-01 4.840448747455598499e-01
-2.804330669581569513e-01 1.326442573000547465e-01 4.646157510641928390e-01 1.834994044953797143e-01 -1.700111552503607015e-01 -3.679503803541775975e-01
-1.238343474233368630e-01 -2.163241218999768511e-01 5.143736950020890708e-01 1.446490355563608832e-01 3.369142432889316030e-01 -2.741971542859638067e-01
1.088844284071041474e-01 5.997081341660952941e-02 -4.377927770107716832e-01 -2.111103517050604839e-01 -2.020224896025722972e-01 4.726811928939513852e-01
-9.313055323040524136e-02 -2.456368321804796306e-01 -3.812595960798469963e-01 2.745145124445773355e-02 7.769429835640664916e-02 5.573121700747518670e-01
-6.928490181689453409e-02 1.062048120496524722e-02 5.788278056447764275e-01 -7.633057958695671497e-02 1.813200333282709853e-01 -4.064701296670069075e-01
-2.157923029019880035e-01 2.075540382941347683e-01 -3.345791887106717710e-01 -4.297696796879063585e-02 -1.035482387487863254e-01 5.999529044946052547e-01
3.150366832400464806e-02 -1.424345958914586263e-01 5.399536135194649145e-01 7.683130092722742499e-02 8.306693157037842168e-02 -4.332341724884388734e-01
3.968472332488626741e-01 -1.247856562033533012e-01 4.800450919857474769e-02 -5.029094521173205212e-01 2.673702526192993090e-01 2.394507165633027734e-01
1.154454643295694527e-01 2.475726164183275901e-01 5.637657008762093636e-01 -2.303314484722798483e-01 -1.436207441846527877e-01 -2.891153466288743923e-01
2.171302386675282303e-01 -3.974319059389343489e-01 -1.639461698797601563e-01 -4.431361847697790068e-01 2.266420999675890502e-01 2.538814084741476407e-01
-6.630328788608196022e-02 -4.291002486663034743e-01 -1.170523166112592134e-01 -1.876124558871843373e-01 4.431138647396748453e-01 3.567900898218328010e-01
2.612903929840984518e-01 -2.744083442718457388e-01 -1.114201530495192993e-01 -4.796102197540316747e-01 1.811778525812360319e-01 3.820446372660698531e-01
4.663847754203264695e-01 1.136050714408367440e-01 -9.786295327204090622e-02 -5.096902064495076878e-01 1.097099745932668402e-02 9.382397018848272208e-02
1.585705511921555178e-01 -6.861856917072288453e-02 4.927248541202551846e-01 -2.441948278698785613e-01 3.815374217700867598e-02 -4.163294473152965858e-01
-3.246874284034272917e-01 1.251621655260216348e-01 3.894706783521296733e-01 3.829380392455355442e-01 -2.476033528485832302e-01 -2.107893201864193822e-01
5.045653502457316669e-02 -4.804017054354186578e-01 7.003018530065745206e-02 -3.501200555727742442e-02 5.129049826892564390e-01 -7.667638977746943363e-03
-5.248986272714083468e-01 1.795991137949455030e-01 1.282039196277090787e-01 4.608000594347609891e-01 1.121028642850388501e-02 1.216235059714387834e-01
3.165201540731579222e-01 -2.600609247195830864e-01 3.230217958448690641e-01 -4.201708073440333369e-01 1.739087827931413144e-01 -1.955885784512250702e-01
7.707913707219440913e-02 -4.210201458625817961e-01 -1.477897444962551210e-01 4.199309120948210849e-02 3.888346670283838180e-01 4.377904391020789321e-01
1.132404814808774113e-01 6.858422754450974046e-02 5.659342521499627354e-01 2.080497775977274699e-02 -9.062924323113866198e-02 -4.169730417365957731e-01
7.887544294845559578e-02 -3.386545626634412942e-02 5.641822118279286036e-01 6.942769698496543962e-02 -3.456406702758631211e-02 -4.357729131847959403e-01
-3.040212853104773405e-01 3.529397791325263878e-01 1.488935526875992399e-01 3.996524131065362084e-01 -2.940262795819608144e-01 -1.448380340162561675e-01
2.497132378300542799e-01 -8.738634458155140894e-03 -3.101535200045401619e-01 -2.834084732099255710e-01 -1.439990916223831130e-01 5.250026629609745310e-01
-3.365972535210598471e-01 -2.683144146045919887e-01 -1.489557311285719943e-01 2.231875863999653875e-01 4.254967059320263201e-01 3.041083504474388910e-01
-2.755580445855770888e-01 -3.037618399631387134e-01 2.518584588599531160e-01 2.376749528778642206e-01 4.956091704113583796e-01 -6.054813211972986942e-02
1.320449395191724828e-01 -4.652676538690554003e-02 -3.602502429869237632e-01 -3.813158962286616882e-01 1.285558547771330218e-02 4.958656304356384714e-01
-2.085491448426897709e-01 -3.112588200611169365e-01 -3.135603399701899496e-01 1.762580032079671399e-01 1.367329145470053686e-01 4.934259452490357134e-01
4.108210250167513289e-01 2.241532008066269843e-01 -6.765625207819384035e-02 -5.256615452560302604e-01 -8.482064960469887227e-02 9.828215618609070781e-02
3.883230308800280639e-01 2.963753582622897786e-01 -2.208674226896631398e-02 -2.818038881079213409e-01 -3.943339224904882645e-01 2.496679300546176539e-01
-3.800196449594291370e-01 -1.560417277686766691e-01 -1.401136101889375318e-01 3.502220104621364682e-01 3.407341359602704678e-01 3.288862468510514447e-01
9.032734400805120245e-02 -4.682533957280652359e-01 2.181999460551446168e-01 -3.436377694526974724e-01 4.235110685523013618e-01 9.001874405676194013e-02
-4.357875640133430095e-01 9.741272074123369373e-03 -9.436473384341029225e-02 5.355430147678901243e-01 1.211797574401087957e-01 1.156313868442106485e-01
7.260913214160484574e-02 8.921346202354982213e-02 5.460924926548490488e-01 -4.669739898902423858e-02 -1.864693096960381713e-01 -4.077235068998773526e-01
-1.768701616544023081e-01 -4.545906009730250052e-01 2.344160172279581844e-01 3.075462727831915766e-01 3.051265585061446184e-01 -1.993702845839710469e-01
-4.471709392713664466e-02 6.165972374090489087e-03 -4.484146154382858129e-01 2.944322859784210267e-01 -5.027761528603517244e-02 4.906230938799978625e-01
-4.540895876722827670e-03 -4.288875333580626781e-01 -9.352764013678864508e-02 1.902427373836644287e-01 4.890477492634057177e-01 2.520937613020223789e-01
-4.507338631671004014e-02 4.621782518124757377e-01 2.041801156921214111e-01 2.345022433701721698e-01 -4.554459567077159265e-01 -7.831462624633511727e-02
4.595411057917968278e-02 4.756914637399223267e-01 1.901309545653415423e-01 -2.811446564468363940e-01 -4.597301833025984052e-01 5.599393933718749272e-02
-1.592066216514407273e-01 2.996937237689549782e-01 -2.140933612540769082e-01 2.135184355270619561e-01 -3.740105359113522487e-01 4.240277888733037792e-01
-8.995117874896052523e-02 -3.981623200207588531e-01 2.334169664342762296e-01 9.104884514571354170e-02 5.073679148284968576e-01 -1.503199032094668652e-01
2.721007822703309584e-02 1.906624824205849500e-01 -3.055317265088647316e-01 -1.350757513273845578e-01 -2.698776178598394360e-01 5.671458345407655033e-01
2.615493653879296110e-01 -3.645401256961242620e-01 2.304081477224578789e-01 -2.755787157203317683e-01 3.024511076275295807e-01 -2.859406870339966655e-01
-4.931383991298985414e-01 2.238555521663289083e-01 1.629962495653694554e-02 3.643463394224614182e-01 -2.557393627169227690e-01 2.026021766511322542e-01
-1.911595452413901997e-01 1.070540613550128722e-01 4.446967165342887163e-01 1.113172426120205560e-01 -6.910343097701983350e-02 -4.920403494053337545e-01
-1.494786264863140757e-01 -7.797718970422998219e-02 -3.147284079093748410e-01 1.710678021952624916e-01 8.888827314089237097e-02 6.176909743264139552e-01
1.289784068441819920e-01 3.546483079707136166e-01 -1.608032929469200567e-01 -8.980418461613959291e-03 -5.071504477057517946e-01 3.273260620756400785e-01
-2.177518686319094843e-01 6.065264615665008630e-02 5.008398732702744605e-01 2.646019822439599767e-01 -1.146850089013258800e-01 -3.574091985404614924e-01
-3.333306905796442621e-01 -1.000775095969418521e-01 -2.454602024121798343e-01 3.890609059687016869e-01 -4.921598071725933471e-02 4.441509098216305240e-01
-1.656231010928616298e-01 1.867131628235647600e-01 4.838020078731001261e-01 -6.041648123323056785e-03 9.897135392121808595e-03 -4.874187972538772673e-01
2.691872795068451230e-01 -1.060014187444504596e-01 -2.707684836184329757e-01 -3.230079019662274731e-01 1.759414831860819373e-01 4.840911504136596877e-01
-2.805132121970739245e-01 1.324812928542817569e-01 4.646180893367548581e-01 1.833068587683942541e-01 -1.701852052442091867e-01 -3.680066356734890132e-01
-1.237998130142390352e-01 -2.161841468503700736e-01 5.144784869438491226e-01 1.447185561706778589e-01 3.371279271853807047e-01 -2.740287318794972782e-01
1.087793226373850453e-01 5.979358213172413644e-02 -4.378705420202754217e-01 -2.112733481429900917e-01 -2.022469524514156070e-01 4.725694868458388820e-01
-9.397577930160490312e-02 -2.458711705993457952e-01 -3.809939254413239329e-01 2.798693912936313366e-02 7.723166796014166446e-02 5.574780512461688931e-01
-6.936906728248252996e-02 1.082800142659487604e-02 5.788682741824623390e-01 -7.643477562395308011e-02 1.815265573342373095e-01 -4.064296902814245049e-01
-2.159323004959373682e-01 2.077077709286917762e-01 -3.343746836180446769e-01 -4.317173105099614272e-02 -1.035228198587620219e-01 6.001248107655275943e-01
3.169878348687869135e-02 -1.424282504056706700e-01 5.399652374597238014e-01 7.703030219904738463e-02 8.308766852268603675e-02 -4.332190327178963019e-01
3.968985903653467484e-01 -1.246995379178077734e-01 4.807621088852450514e-02 -5.028384504916416642e-01 2.674844682090131709e-01 2.395571829150623389e-01
1.153617713843633208e-01 2.475996715122174008e-01 5.637772739824679080e-01 -2.304428272543919132e-01 -1.435806532729866913e-01 -2.890985276799028503e-01
2.169670346214580270e-01 -3.975863365545536099e-01 -1.640032913030907702e-01 -4.433968802052916658e-01 2.264127783245474812e-01 2.537820658179883448e-01
-6.638970121507910271e-02 -4.291177771187535406e-01 -1.170421778453090700e-01 -1.877354427432432471e-01 4.430882349692565336e-01 3.568057761341398293e-01
2.611183530282090715e-01 -2.745536223762511940e-01 -1.114273320449624266e-01 -4.797940633974294711e-01 1.809785954280607179e-01 3.820695673663776493e-01
4.662543829624699598e-01 1.136401423374654995e-01 -9.790650403592676687e-02 -5.098288788826981222e-01 1.106969780677272142e-02 9.377231548900966107e-02
1.585555340971888660e-01 -6.862641614543753266e-02 4.927299856882206841e-01 -2.442011399553217776e-01 3.814248580764688368e-02 -4.163285729766720289e-01
-3.246668063022631334e-01 1.250637555536747159e-01 3.896406649913577436e-01 3.829758962038163905e-01 -2.477260921138646488e-01 -2.105839055369613799e-01
5.050179384925865961e-02 -4.804023737010861828e-01 6.998138441277386435e-02 -3.495073930204550122e-02 5.129043749573611866e-01 -7.733270882153309156e-03
-5.248830531159474067e-01 1.796854648593480541e-01 1.282258290860902594e-01 4.608202332142027347e-01 1.132295680228131984e-02 1.216609834156942710e-01
3.165109621729523259e-01 -2.601311259208946014e-01 3.229833933555968928e-01 -4.201348549934925125e-01 1.738398277864785513e-01 -1.956900601674206319e-01
7.712188822175318481e-02 -4.210366564395813249e-01 -1.477642801976387088e-01 4.206872161535768484e-02 3.888268441495923433e-01 4.378058572959954708e-01
1.133340398651464520e-01 6.863708493578414560e-02 5.659104665184901961e-01 2.087382374660447237e-02 -9.067957127726065936e-02 -4.169777832273325879e-01
7.891506609133010219e-02 -3.388716308114953640e-02 5.641818468040826762e-01 6.948302718533820588e-02 -3.458461259854372916e-02 -4.357734272988376123e-01
-3.040069392554529681e-01 3.529712377153213509e-01 1.488626808094459797e-01 3.996701601546253091e-01 -2.939876457936987375e-01 -1.448765620822403677e-01
2.497193641174124124e-01 -8.796862668998782497e-03 -3.101565263929046412e-01 -2.834131587589565071e-01 -1.440702453329546495e-01 5.249906612298096409e-01
-3.366473559645742353e-01 -2.682952700320096473e-01 -1.489415803400508664e-01 2.231479659402590410e-01 4.255063293311319161e-01 3.041241304510119425e-01
-2.755936518422318904e-01 -3.037405933681963655e-01 2.518605430704237702e-01 2.376270598709777082e-01 4.956393868943128611e-01 -6.054327928790931290e-02
1.319883886587811250e-01 -4.652883516039076073e-02 -3.602833864225353233e-01 -3.814040823790849633e-01 1.284605511758506180e-02 4.958140339018761722e-01
-2.085488897479093884e-01 -3.112952167602213716e-01 -3.135419991081885849e-01 1.762511188174435695e-01 1.366731799385599855e-01 4.934606458485845115e-01
4.108025020986822984e-01 2.241742761054618949e-01 -6.766852777950341236e-02 -5.256829921721833943e-01 -8.479508695947970964e-02 9.826173379895766780e-02
3.883387087426427020e-01 2.963625893004284695e-01 -2.208185031269181003e-02 -2.817735033762399088e-01 -3.943596071119450652e-01 2.496762600582853320e-01
-3.800473902774841872e-01 -1.560147701253538355e-01 -1.401011492802395619e-01 3.501813918877063059e-01 3.407724892240883152e-01 3.289066807669919212e-01
9.024340580428970304e-02 -4.682911225163945979e-01 2.182275197691190827e-01 -3.437601375623178801e-01 4.234564894115239175e-01 9.005918917968108728e-02
-4.357843980914213877e-01 9.758444887857391573e-03 -9.439460145206164665e-02 5.355475734030419321e-01 1.212060637102625599e-01 1.155902299322432852e-01
7.262157558994634943e-02 8.920870654781525022e-02 5.460918743331680814e-01 -4.668647877463526219e-02 -1.864766600950532593e-01 -4.077231846707906060e-01
-1.768686286324300805e-01 -4.546139986038179037e-01 2.344111657480417998e-01 3.075523646554830237e-01 3.050999151008054744e-01 -1.993757296113681521e-01
-4.469488717522640542e-02 6.168455780725366072e-03 -4.484292369727368999e-01 2.944749951456981374e-01 -5.027813542740336428e-02 4.906008867546079455e-01
-4.524343674000190843e-03 -4.288909878580315360e-01 -9.352779390069036747e-02 1.902655402266594242e-01 4.890429931972121724e-01 2.520935416010970376e-01
-4.507004217006124747e-02 4.621802054619814637e-01 2.041770792847587002e-01 2.345069466416454806e-01 -4.554431733010367855e-01 -7.831901285550663117e-02
4.593706776604856296e-02 4.756944474007129275e-01 1.901426227903382782e-01 -2.811679322642579582e-01 -4.597261074781216483e-01 5.601319102629057078e-02
-1.591959258312783954e-01 2.996887903194983549e-01 -2.141030951471621646e-01 2.135319795596665737e-01 -3.740177371837982712e-01 4.240139970407282854e-01
-8.994035368024837218e-02 -3.981744767802716800e-01 2.333967688696542697e-01 9.102203363497678168e-02 5.073628772642404527e-01 -1.503410515328155728e-01
2.721757166393834471e-02 1.906673971722481209e-01 -3.055265160124110424e-01 -1.351011516370126120e-01 -2.698862638025981697e-01 5.671377707718114891e-01
2.615497290537924790e-01 -3.645593853235031268e-01 2.303881430341021552e-01 -2.755780494657260604e-01 3.024258037096863583e-01 -2.859688140731373451e-01
-4.931427498747851246e-01 2.238530992465244396e-01 1.631163103641677936e-02 3.643386068719390858e-01 -2.557504764809679365e-01 2.026074521951334029e-01
-1.911579116666061451e-01 1.070591114364390084e-01 4.446962112945490042e-01 1.113188823681911244e-01 -6.909756986594500772e-02 -4.920410051663755557e-01
-1.494848050995926381e-01 -7.797549840066854421e-02 -3.147259840970931810e-01 1.710814513003840742e-01 8.889038920296248036e-02 6.176865055296582030e-01
1.289883764186057491e-01 3.546378280325496180e-01 -1.608136320209346548e-01 -8.970757054603734071e-03 -5.071622819318377662e-01 3.273132448837190456e-01
-2.177496288352135934e-01 6.065063607210769564e-02 5.008414537789822596e-01 2.646053143761415427e-01 -1.146875159621600360e-01 -3.574069025845929559e-01
-3.333310102178835832e-01 -1.000886337474354709e-01 -2.454591192629518026e-01 3.890599846787755611e-01 -4.922845155565677006e-02 4.441527225434618309e-01
-1.656263410532463343e-01 1.867214277772866471e-01 4.837938302981182326e-01 -6.047939245247407891e-03 9.909719044963849477e-03 -4.874282623931266989e-01
2.691897678201707333e-01 -1.059792586627083394e-01 -2.707676138781492381e-01 -3.230020088347438922e-01 1.759670689584859060e-01 4.840934117439304463e-01
-2.805146888244471892e-01 1.324768482140547543e-01 4.646185666073944787e-01 1.833021216536342979e-01 -1.701893382530360044e-01 -3.680080879547854011e-01
-1.237984455093585207e-01 -2.161792689504886122e-01 5.144819602362623590e-01 1.447211767808259664e-01 3.371354142272794951e-01 -2.740230009561341884e-01
1.087759316273616689e-01 5.978743206674101002e-02 -4.378728903048355048e-01 -2.112784839283748384e-01 -2.022545229151652968e-01 4.725661163905809370e-01
-9.401184467716500182e-02 -2.458771710249271769e-01 -3.809872436885411440e-01 2.801130257123966849e-02 7.721593870309101382e-02 5.574802272351306875e-01
-6.937199343086414283e-02 1.083483575246224802e-02 5.788696658530319006e-01 -7.643808610394685343e-02 1.815348973983481051e-01 -4.064280349909445977e-01
-2.159364604720452885e-01 2.077123353008019646e-01 -3.343696468052830828e-01 -4.317569550109096044e-02 -1.035222724853158693e-01 6.001284735795959779e-01
3.170481376942113627e-02 -1.424280519139227430e-01 5.399655563546268411e-01 7.703643160418771618e-02 8.308821454917555971e-02 -4.332186286715312695e-01
3.969003276617000253e-01 -1.246964820421363057e-01 4.807903214681487347e-02 -5.028360663257218643e-01 2.674883689331120640e-01 2.395613133115033211e-01
1.153592061474269237e-01 2.476006316446505706e-01 5.637776638065590262e-01 -2.304462317427450613e-01 -1.435793902340732897e-01 -2.890979365060232231e-01
2.169559172158029292e-01 -3.975972660506937872e-01 -1.640055514250427504e-01 -4.434120063776096354e-01 2.263982325501282533e-01 2.537788705138758760e-01
-6.639194602430932568e-02 -4.291182324933104364e-01 -1.170419145092198160e-01 -1.877386377460906197e-01 4.430875691105453096e-01 3.568061835736516807e-01
2.611130539973491871e-01 -2.745579142960190566e-01 -1.114278757701497036e-01 -4.798001527429097690e-01 1.809722504525937969e-01 3.820697322098363102e-01
4.662507931225208790e-01 1.136413183511687242e-01 -9.790770117418104435e-02 -5.098326979564162809e-01 1.107245407539718396e-02 9.377079664008214355e-02
1.585550036745528579e-01 -6.862638052750739959e-02 4.927302040958462248e-01 -2.442014493754094129e-01 3.814245121740478250e-02 -4.163284607297194073e-01
-3.246662201666397629e-01 1.250611959240434945e-01 3.896454623049522836e-01 3.829769830582023249e-01 -2.477293245840293812e-01 -2.105781000024640748e-01
5.050337668783701217e-02 -4.804023716133650757e-01 6.998006806273575353e-02 -3.494857688599760370e-02 5.129043936663515435e-01 -7.735012069506871923e-03
-5.248825926955490440e-01 1.796879951828101174e-01 1.282263390654519997e-01 4.608208344448512239e-01 1.132629771113571882e-02 1.216618476056250953e-01
3.165106514770126278e-01 -2.601335457963680486e-01 3.229821735765504576e-01 -4.201333235323571058e-01 1.738376127799413640e-01 -1.956937248478228808e-01
7.712343245382242973e-02 -4.210370749692199932e-01 -1.477636304365527453e-01 4.207107818050079273e-02 3.888266453795800603e-01 4.378062517489111904e-01
1.133372760906927595e-01 6.863879506049087864e-02 5.659097198858892286e-01 2.087586343120007015e-02 -9.068107153913902707e-02 -4.169778969227097010e-01
7.891641683474258373e-02 -3.388782372224802275e-02 5.641818340687346778e-01 6.948492852703980205e-02 -3.458523252895301381e-02 -4.357734452559248739e-01
-3.040065500903122997e-01 3.529719773157469764e-01 1.488619286082575321e-01 3.996706388781378072e-01 -2.939867218644351410e-01 -1.448775057218077977e-01
2.497195656726177160e-01 -8.798756631776351311e-03 -3.101566249650535845e-01 -2.834133624507282900e-01 -1.440725773284552425e-01 5.249902330094884384e-01
-3.366489835396124786e-01 -2.682947388406247691e-01 -1.489410411970531201e-01 2.231466404840636297e-01 4.255065701392615751e-01 3.041247409822450676e-01
-2.755949164916647876e-01 -3.037399594754920940e-01 2.518605970650752979e-01 2.376253867701518807e-01 4.956403151766370363e-01 -6.054314301646684937e-02
1.319866122292895350e-01 -4.652890817582444605e-02 -3.602844802027990179e-01 -3.814069463351311695e-01 1.284569334856881795e-02 4.958123079691810764e-01
-2.085488679874695217e-01 -3.112963255393773054e-01 -3.135414499808941713e-01 1.762509294680810190e-01 1.366713816019658467e-01 4.934616784124814526e-01
4.108019396740368312e-01 2.241749518848089318e-01 -6.766892731725225596e-02 -5.256836508198428071e-01 -8.479426143366106117e-02 9.826107002709592864e-02
3.883392185051288692e-01 2.963621582338774041e-01 -2.208168581998758845e-02 -2.817725355142243204e-01 -3.943604361821891335e-01 2.496765425526669691e-01
-3.800483331571306578e-01 -1.560138511811836881e-01 -1.401006964009388622e-01 3.501799958895945308e-01 3.407737799864947181e-01 3.289074452943140936e-01
9.024057499304273533e-02 -4.682923910280667457e-01 2.182284306886897174e-01 -3.437642688745403685e-01 4.234546490616913905e-01 9.006052522624449774e-02
-4.357842845405988097e-01 9.758985422553071928e-03 -9.439558419677206158e-02 5.355477261531090827e-01 1.212068321600290877e-01 1.155889448983463269e-01
7.262195840006616110e-02 8.920857845664491304e-02 5.460918508689485140e-01 -4.668614843265588010e-02 -1.864768682468695982e-01 -4.077231784317411067e-01
-1.768685785911263408e-01 -4.546146697672702186e-01 2.344110003622569272e-01 3.075525607982303455e-01 3.050991387476663097e-01 -1.993759160661292551e-01
-4.469417718339482870e-02 6.168544246945162866e-03 -4.484297481461018697e-01 2.944764220769061636e-01 -5.027815230561881454e-02 4.906001102959559046e-01
-4.523816769997715710e-03 -4.288910978272446051e-01 -9.352779879375008876e-02 1.902662661055290749e-01 4.890428417946101614e-01 2.520935346097981089e-01
-4.506995407176322271e-02 4.621802569288802065e-01 2.041769992943811285e-01 2.345070705445512216e-01 -4.554430999751697406e-01 -7.831912841506435963e-02
4.593651148997727335e-02 4.756945480967738615e-01 1.901430459203369561e-01 -2.811686959587810231e-01 -4.597259745525325569e-01 5.601389522443794844e-02
-1.591955717900578049e-01 2.996886271790173417e-01 -2.141034111319041755e-01 2.135324267465533998e-01 -3.740179732592824324e-01 4.240135496462599796e-01
-8.993995168113907979e-02 -3.981748965972616849e-01 2.333960959825187587e-01 9.102108205448394829e-02 5.073627224177199579e-01 -1.503417374637192605e-01
2.721777766353044442e-02 1.906675450803465288e-01 -3.055263641401178010e-01 -1.351018997960084234e-01 -2.698865400132612891e-01 5.671375213352817246e-01
2.615497396851736989e-01 -3.645600039619747990e-01 2.303874903627762538e-01 -2.755780322979155539e-01 3.024249909382057955e-01 -2.859697243079287743e-01
-4.931428864145704916e-01 2.238530204298465331e-01 1.631199736416441559e-02 3.643383655890195527e-01 -2.557508198054946336e-01 2.026076196795295881e-01
-1.911578528213390415e-01 1.070592740453749359e-01 4.446961985273203966e-01 1.113189450839601469e-01 -6.909738178104471440e-02 -4.920410214746442912e-01
-1.494850165076122839e-01 -7.797540139963497763e-02 -3.147259135766863891e-01 1.710819243745026752e-01 8.889038079765045064e-02 6.176863595864090506e-01
1.289887159719887710e-01 3.546374923803625179e-01 -1.608139583475322598e-01 -8.970431727394589938e-03 -5.071626578049137635e-01 3.273128435253981894e-01
-2.177495539379294964e-01 6.065056609938614812e-02 5.008415064832828500e-01 2.646054256349605893e-01 -1.146876027554932509e-01 -3.574068260078758774e-01
-3.333310280019002869e-01 -1.000890200401996638e-01 -2.454590741218698469e-01 3.890599405855955650e-01 -4.922888100122556343e-02 4.441527984268528462e-01
-1.656264333401077371e-01 1.867217026789189105e-01 4.837934833194873496e-01 -6.048130545758867438e-03 9.910135130618474841e-03 -4.874286513430150514e-01
2.691898518789984096e-01 -1.059785545843735521e-01 -2.707675827613061914e-01 -3.230018159134542821e-01 1.759678825538487090e-01 4.840934873583919718e-01
-2.805147281030951345e-01 1.324767006027693650e-01 4.646185846843257083e-01 1.833019747232684238e-01 -1.701894758897482263e-01 -3.680081334713439789e-01
-1.237984009061689622e-01 -2.161790950407818379e-01 5.144820890759291832e-01 1.447212653925130099e-01 3.371356801987338558e-01 -2.740227925275321441e-01
