# rod_radius=0.0005
# rod_length=1.0
-3.471485078334808350e-01 6.316532194614410400e-02 4.708832204341888428e-01 2.442911565303802490e-01 2.754444628953933716e-02 -3.346788585186004639e-01
7.002900540828704834e-02 5.342696905136108398e-01 4.996863007545471191e-02 -1.954423040151596069e-01 -4.243702292442321777e-01 1.526063680648803711e-01
-4.975040256977081299e-01 -2.099974602460861206e-01 2.218612879514694214e-01 2.947801053524017334e-01 3.341931104660034180e-01 -5.407802760601043701e-02
-1.452979594469070435e-01 -7.174658775329589844e-02 5.856159925460815430e-01 -1.122494041919708252e-02 1.401276290416717529e-01 -3.824406862258911133e-01
-4.905104637145996094e-01 -1.086087450385093689e-01 2.455098479986190796e-01 3.778511881828308105e-01 2.760870158672332764e-01 -6.747125089168548584e-02
-2.524614036083221436e-01 -2.498680353164672852e-01 -2.333994954824447632e-01 7.967117428779602051e-02 3.778902292251586914e-01 4.705945253372192383e-01
-1.223261132836341858e-01 3.488364517688751221e-01 -3.086379170417785645e-01 -4.778189957141876221e-02 -2.835752665996551514e-01 4.623994231224060059e-01
-4.935564994812011719e-01 -8.053543418645858765e-02 -1.899616271257400513e-01 2.729842066764831543e-01 1.618729531764984131e-01 4.047261476516723633e-01
-3.677843809127807617e-01 -1.135846748948097229e-01 -2.217584103345870972e-01 2.417985796928405762e-01 2.579990029335021973e-01 4.784802794456481934e-01
3.641794994473457336e-02 -3.880344927310943604e-01 -4.747758060693740845e-02 -1.973385363817214966e-01 5.486264228820800781e-01 2.133371233940124512e-01
1.161106675863265991e-01 -2.901514768600463867e-01 2.925057411193847656e-01 -3.389241099357604980e-01 4.552388787269592285e-01 -1.946662962436676025e-01
1.679827645421028137e-02 -4.704216867685317993e-02 -3.676121830940246582e-01 -1.917783319950103760e-01 1.506507396697998047e-01 5.902047753334045410e-01
1.168700680136680603e-01 -1.566814035177230835e-01 5.691138505935668945e-01 -2.495638728141784668e-01 2.530319094657897949e-01 -2.662669420242309570e-01
-5.280071869492530823e-02 1.578878462314605713e-01 -3.462012112140655518e-01 -1.316860616207122803e-01 -1.426307857036590576e-01 6.043069362640380859e-01
-2.130383625626564026e-03 9.023892879486083984e-02 5.618411898612976074e-01 -1.521357148885726929e-01 1.897670328617095947e-02 -4.242724180221557617e-01
-1.730896234512329102e-01 6.894871592521667480e-02 -4.088884294033050537e-01 -4.833030700683593750e-02 2.297170832753181458e-02 5.822327136993408203e-01
-4.995784163475036621e-02 4.916309714317321777e-01 2.939101159572601318e-01 -1.016104668378829956e-01 -4.227704405784606934e-01 -1.075897514820098877e-01
-8.148627728223800659e-02 4.230567440390586853e-02 -3.771368861198425293e-01 -1.191316321492195129e-01 -1.980587840080261230e-03 6.211724877357482910e-01
-4.719744920730590820e-01 2.704075574874877930e-01 -1.431394070386886597e-01 2.960069775581359863e-01 -1.902876198291778564e-01 3.017924427986145020e-01
-4.666284844279289246e-02 -3.923150002956390381e-01 -1.917774230241775513e-02 -1.513776630163192749e-01 5.567018985748291016e-01 2.781464755535125732e-01
-7.211085408926010132e-02 3.623840212821960449e-01 4.154721498489379883e-01 -9.077931940555572510e-02 -3.315225839614868164e-01 -3.043508529663085938e-01
-2.649393081665039062e-01 4.290936291217803955e-01 -1.151128932833671570e-01 1.106496155261993408e-01 -3.560757935047149658e-01 3.772710561752319336e-01
8.020143210887908936e-02 -1.606951802968978882e-01 4.529277682304382324e-01 -3.322638273239135742e-01 2.948390245437622070e-01 -3.359708189964294434e-01
-3.896697461605072021e-01 9.993017464876174927e-02 2.829825282096862793e-01 4.190015494823455811e-01 -1.073950603604316711e-01 -2.675327062606811523e-01
2.625796496868133545e-01 1.788762211799621582e-01 -1.543922722339630127e-01 -5.042741298675537109e-01 -1.269329190254211426e-01 4.098913371562957764e-01
-2.993759214878082275e-01 1.039379928261041641e-02 -3.409532010555267334e-01 1.404139697551727295e-01 1.008059456944465637e-01 5.525850057601928711e-01
-1.145991608500480652e-01 -4.298608601093292236e-01 -1.809806562960147858e-02 -7.981614023447036743e-02 5.381537675857543945e-01 2.303729504346847534e-01
1.539604067802429199e-01 -2.084322273731231689e-01 3.960117697715759277e-01 -3.963273763656616211e-01 3.312597572803497314e-01 -2.411035299301147461e-01
-9.622503072023391724e-03 -2.836015820503234863e-01 -2.784149348735809326e-01 -1.529837101697921753e-01 3.737233877182006836e-01 4.614306390285491943e-01
-1.277772635221481323e-01 -2.390723824501037598e-01 -3.234550654888153076e-01 -6.706582009792327881e-02 3.173266053199768066e-01 5.052392482757568359e-01
-4.231214821338653564e-01 2.976071238517761230e-01 3.108150959014892578e-01 2.997138798236846924e-01 -2.029052972793579102e-01 -1.656262576580047607e-01
-6.083821132779121399e-02 3.348113000392913818e-01 -4.354216754436492920e-01 -7.758499681949615479e-02 -1.859236061573028564e-01 4.181325137615203857e-01
6.153270229697227478e-02 -4.393030405044555664e-01 1.731620877981185913e-01 -2.348897457122802734e-01 5.094100236892700195e-01 6.326548010110855103e-02
-2.648056149482727051e-01 -3.459660708904266357e-01 3.853076696395874023e-01 5.456310510635375977e-02 4.323217570781707764e-01 -1.553138494491577148e-01
-4.241083860397338867e-01 -1.322651803493499756e-01 4.214978516101837158e-01 2.859902977943420410e-01 1.681616008281707764e-01 -2.152937352657318115e-01
-5.459506064653396606e-02 -3.864833712577819824e-01 4.796545505523681641e-01 -1.234425157308578491e-01 3.272407054901123047e-01 -2.173805832862854004e-01
2.617912590503692627e-01 -8.241097629070281982e-02 4.562524259090423584e-01 -4.047517478466033936e-01 1.826733797788619995e-01 -2.404904663562774658e-01
7.494877278804779053e-02 9.827837347984313965e-02 -3.721961975097656250e-01 -2.015229016542434692e-01 8.967392146587371826e-03 5.846669077873229980e-01
-9.193181246519088745e-02 -4.400629699230194092e-01 5.872466415166854858e-02 -9.037384390830993652e-02 5.598248243331909180e-01 7.362153381109237671e-02
1.635278612375259399e-01 1.254459917545318604e-01 -3.201200366020202637e-01 -3.269220590591430664e-01 -7.581591606140136719e-03 5.411363840103149414e-01
2.812966406345367432e-01 -3.147448897361755371e-01 5.211695656180381775e-02 -4.118427932262420654e-01 3.951752781867980957e-01 1.769008189439773560e-01
-2.263325154781341553e-01 1.850710362195968628e-01 -3.851995468139648438e-01 1.365256309509277344e-02 -5.529937148094177246e-02 5.553477406501770020e-01
1.066817995160818100e-02 4.631435275077819824e-01 2.336381524801254272e-01 -2.484731227159500122e-01 -4.457895755767822266e-01 -9.299074113368988037e-02
3.144605755805969238e-01 3.406076729297637939e-01 6.905410438776016235e-02 -4.676709175109863281e-01 -2.797317206859588623e-01 1.277857720851898193e-01
-3.478799164295196533e-01 -1.957898288965225220e-01 4.148139655590057373e-01 1.881549656391143799e-01 3.074400424957275391e-01 -2.629959285259246826e-01
-3.971415460109710693e-01 -9.838464856147766113e-02 4.591413140296936035e-01 2.014181911945343018e-01 1.899764835834503174e-01 -2.882367968559265137e-01
-1.954205483198165894e-01 2.859191894531250000e-01 4.494782686233520508e-01 5.504365265369415283e-02 -2.537722587585449219e-01 -3.542634844779968262e-01
-9.956447780132293701e-02 -4.639684855937957764e-01 1.929724216461181641e-01 -1.194361448287963867e-01 5.138458013534545898e-01 -1.555669307708740234e-02
5.742678046226501465e-02 -4.873232543468475342e-02 -2.595697045326232910e-01 -2.754099071025848389e-01 1.581889241933822632e-01 6.604321002960205078e-01
-2.208105474710464478e-01 -2.667347714304924011e-02 -4.277179539203643799e-01 1.655177772045135498e-02 5.410828068852424622e-02 5.403385162353515625e-01
2.684002220630645752e-01 2.980520427227020264e-01 -1.849637180566787720e-01 -4.461043775081634521e-01 -1.635759472846984863e-01 3.407574892044067383e-01
4.050131142139434814e-01 -4.683494195342063904e-02 -1.516136676073074341e-01 -4.808853566646575928e-01 1.535164713859558105e-01 2.667679190635681152e-01
8.875392377376556396e-02 6.561562418937683105e-02 5.643880963325500488e-01 -2.520365118980407715e-01 1.262063160538673401e-02 -3.742563724517822266e-01
4.704101476818323135e-03 -4.261557459831237793e-01 1.312000155448913574e-01 -1.582823842763900757e-01 5.592666864395141602e-01 8.243375271558761597e-02
-6.018882244825363159e-02 5.199517607688903809e-01 1.390028595924377441e-01 -1.887504458427429199e-01 -4.661381244659423828e-01 3.365326672792434692e-02
1.529904268682003021e-02 -3.048692047595977783e-01 -1.013674065470695496e-01 -2.625185251235961914e-01 5.381312370300292969e-01 3.592490553855895996e-01
-3.871488273143768311e-01 9.300203621387481689e-02 4.389241337776184082e-01 2.539560496807098389e-01 -3.275467455387115479e-02 -3.181556463241577148e-01
3.732350170612335205e-01 -1.159554719924926758e-01 -2.168467082083225250e-02 -5.347374677658081055e-01 2.381897866725921631e-01 2.022953182458877563e-01
-5.647912025451660156e-01 4.057892411947250366e-02 2.302267998456954956e-01 3.838484883308410645e-01 8.763223886489868164e-04 -8.363048732280731201e-02
6.510157138109207153e-02 4.251934885978698730e-01 2.567643821239471436e-01 -3.072141706943511963e-01 -4.283568263053894043e-01 -1.076980829238891602e-01
2.915399968624114990e-01 -2.689311280846595764e-02 -2.710639536380767822e-01 -4.251612722873687744e-01 1.409978866577148438e-01 4.058053195476531982e-01
1.467903405427932739e-01 -1.243884861469268799e-01 4.731448888778686523e-01 -3.235979080200195312e-01 2.187199294567108154e-01 -3.398812413215637207e-01
-2.893800735473632812e-01 -6.982161197811365128e-03 5.830369591712951660e-01 1.281390190124511719e-01 9.144930541515350342e-02 -3.202841877937316895e-01
-3.910764157772064209e-01 3.460309654474258423e-02 -1.913605779409408569e-01 3.449231088161468506e-01 4.260976240038871765e-02 4.855741262435913086e-01
-4.751436114311218262e-01 2.243220210075378418e-01 1.200595349073410034e-01 4.152997136116027832e-01 -2.271717190742492676e-01 6.292809545993804932e-02
-7.932012528181076050e-02 -2.784340642392635345e-02 -4.072964787483215332e-01 -8.903355151414871216e-02 5.876658856868743896e-02 5.888984799385070801e-01
-3.196135461330413818e-01 -1.362325251102447510e-01 3.109064400196075439e-01 3.301005065441131592e-01 3.158312141895294189e-01 -3.002481758594512939e-01
-1.492388546466827393e-01 2.161020040512084961e-01 -3.460397720336914062e-01 1.441955566406250000e-03 -1.616724431514739990e-01 5.675147175788879395e-01
-4.358170628547668457e-01 1.517444550991058350e-01 -9.438955038785934448e-02 4.011928439140319824e-01 -1.584852337837219238e-01 3.563563525676727295e-01
-5.731523633003234863e-01 -1.554912421852350235e-02 1.202077418565750122e-01 4.227598309516906738e-01 6.976731121540069580e-02 9.054133296012878418e-02
2.846691012382507324e-01 1.354657560586929321e-01 3.212395310401916504e-01 -5.503040552139282227e-01 -4.453897476196289062e-02 -1.987779140472412109e-01
-2.271405160427093506e-01 2.032527923583984375e-01 4.783290326595306396e-01 6.922382116317749023e-02 -1.382473707199096680e-01 -4.136047065258026123e-01
-1.222398802638053894e-01 6.986439228057861328e-02 5.675558447837829590e-01 2.924509346485137939e-03 -8.050426840782165527e-04 -4.220600724220275879e-01
2.076947093009948730e-01 2.987384498119354248e-01 -8.644229918718338013e-02 -4.840508699417114258e-01 -3.005962073802947998e-01 3.164052069187164307e-01
3.558519184589385986e-01 -1.435363292694091797e-02 6.477388739585876465e-02 -6.374469995498657227e-01 8.978439867496490479e-02 1.148978620767593384e-01
-1.137848943471908569e-01 4.919331073760986328e-01 3.135749697685241699e-01 -1.972782611846923828e-02 -4.128748774528503418e-01 -1.017270684242248535e-01
-9.590621106326580048e-03 3.357827290892601013e-02 -4.131786823272705078e-01 -2.176902592182159424e-01 8.348075300455093384e-02 5.636551380157470703e-01
-2.859162092208862305e-01 -1.773252338171005249e-01 -2.862223982810974121e-01 1.371484398841857910e-01 2.946466207504272461e-01 4.872496128082275391e-01
-1.480664759874343872e-01 4.771177470684051514e-02 5.651814937591552734e-01 -7.230051606893539429e-02 3.608731925487518311e-02 -4.318763613700866699e-01
-2.270881980657577515e-01 -3.964521288871765137e-01 8.651506155729293823e-02 6.150589883327484131e-02 5.603313446044921875e-01 1.222753077745437622e-01
-1.953197568655014038e-01 -4.037761688232421875e-01 2.360575199127197266e-01 6.876765191555023193e-02 5.150513052940368652e-01 -5.722370743751525879e-02
2.663376331329345703e-01 8.258609473705291748e-02 -1.582711338996887207e-01 -5.271061658859252930e-01 -6.700821220874786377e-03 4.437877535820007324e-01
-5.464325472712516785e-02 6.662521511316299438e-02 -4.030921161174774170e-01 -1.152902394533157349e-01 -3.297884017229080200e-02 5.900851488113403320e-01
-1.587093025445938110e-01 -3.288474977016448975e-01 4.575667679309844971e-01 4.197508096694946289e-03 3.639018237590789795e-01 -2.449713051319122314e-01
3.911469280719757080e-01 1.468796581029891968e-01 1.659654080867767334e-01 -5.831198692321777344e-01 -2.991473674774169922e-02 2.615135908126831055e-02
2.920699715614318848e-01 -8.997379988431930542e-02 3.765505254268646240e-01 -4.668885469436645508e-01 2.257509827613830566e-01 -1.929227411746978760e-01
-5.502191185951232910e-01 -8.143437653779983521e-02 1.511496156454086304e-01 4.178323745727539062e-01 1.362868249416351318e-01 2.675551921129226685e-02
2.356077730655670166e-01 -2.586656510829925537e-01 3.183106482028961182e-01 -4.202069938182830811e-01 3.542720973491668701e-01 -1.223868429660797119e-01
-1.617245674133300781e-01 -4.968512803316116333e-02 -4.246098697185516357e-01 -5.704068392515182495e-02 1.088643893599510193e-01 5.571758747100830078e-01
3.633473515510559082e-01 1.689083874225616455e-01 -1.231707334518432617e-01 -5.094956159591674805e-01 -3.085005283355712891e-02 3.220728039741516113e-01
-1.574912667274475098e-01 -3.376526385545730591e-02 5.632812380790710449e-01 -5.072885006666183472e-02 1.197882369160652161e-01 -4.190746545791625977e-01
1.095397677272558212e-02 1.685072481632232666e-01 -3.079077303409576416e-01 -2.157542258501052856e-01 -1.072209775447845459e-01 6.262108087539672852e-01
-3.385912775993347168e-01 1.998833119869232178e-01 -2.713613808155059814e-01 1.927984356880187988e-01 -1.733921766281127930e-01 4.890926778316497803e-01
-1.816760152578353882e-01 5.334919095039367676e-01 7.679595611989498138e-03 -4.459542036056518555e-02 -4.366357922554016113e-01 2.078324854373931885e-01
-1.214769184589385986e-01 -2.339692115783691406e-01 4.500870108604431152e-01 -5.647346377372741699e-02 4.143531322479248047e-01 -3.084989190101623535e-01
-5.255021154880523682e-02 4.444823265075683594e-01 -1.965354084968566895e-01 -1.297461241483688354e-01 -3.826842308044433594e-01 3.600940108299255371e-01
-5.555316209793090820e-01 1.167653724551200867e-01 5.926894396543502808e-02 4.315755963325500488e-01 -1.449272781610488892e-02 1.508693695068359375e-01
2.966942489147186279e-01 1.930963397026062012e-01 3.533618748188018799e-01 -4.956850111484527588e-01 -1.437608897686004639e-01 -1.552266776561737061e-01
-1.052352264523506165e-01 5.101187229156494141e-01 1.301461011171340942e-01 2.297706902027130127e-03 -4.806392788887023926e-01 4.747101664543151855e-02
-3.327713310718536377e-01 4.132620096206665039e-01 3.920412659645080566e-01 1.467833518981933594e-01 -2.662230134010314941e-01 -1.632311344146728516e-01
1.912607699632644653e-01 -3.973838090896606445e-01 7.550295442342758179e-02 -3.557199239730834961e-01 4.397611618041992188e-01 7.608524709939956665e-02
-2.771118879318237305e-01 -3.495855927467346191e-01 2.440901547670364380e-01 1.623825132846832275e-01 4.941200613975524902e-01 -6.413950026035308838e-02
-4.510060548782348633e-01 -1.292746067047119141e-01 2.987057566642761230e-01 3.244013190269470215e-01 2.759706377983093262e-01 -1.855665445327758789e-01
-3.701552450656890869e-01 -1.850012540817260742e-01 -2.286434471607208252e-01 2.527815997600555420e-01 2.717466652393341064e-01 4.064401090145111084e-01
1.378139853477478027e-01 4.391944780945777893e-02 -2.955991923809051514e-01 -3.905482292175292969e-01 1.659974269568920135e-02 5.529801845550537109e-01
-1.424177829176187515e-02 -2.305042594671249390e-01 -3.487745821475982666e-01 -1.493413448333740234e-01 2.698988318443298340e-01 5.064125061035156250e-01
-5.767900347709655762e-01 -2.469112426042556763e-01 3.681492432951927185e-02 2.598435878753662109e-01 2.950500845909118652e-01 1.163264214992523193e-01
1.580755598843097687e-02 3.562061488628387451e-01 -1.683239042758941650e-01 -2.371502667665481567e-01 -3.836242258548736572e-01 4.551047980785369873e-01
1.300171017646789551e-01 4.088676571846008301e-01 -1.293701380491256714e-01 -3.391610085964202881e-01 -3.525511026382446289e-01 3.179701566696166992e-01
-8.619578182697296143e-02 6.746590137481689453e-02 -3.887252807617187500e-01 -7.173195481300354004e-02 7.699362188577651978e-02 6.111246943473815918e-01
-6.236489489674568176e-02 5.093079209327697754e-01 4.853272810578346252e-02 -7.414203882217407227e-02 -4.882824420928955078e-01 1.169056743383407593e-01
-4.632338583469390869e-01 4.099646210670471191e-02 -1.825135648250579834e-01 3.577363193035125732e-01 6.152991577982902527e-02 3.880882561206817627e-01
1.651558429002761841e-01 6.447386741638183594e-02 4.829355776309967041e-01 -3.779893517494201660e-01 6.946552544832229614e-03 -3.547302186489105225e-01
-3.573970496654510498e-01 -2.194299399852752686e-01 3.091618120670318604e-01 2.400032579898834229e-01 3.920343816280364990e-01 -2.097063958644866943e-01
-4.391005337238311768e-01 -1.971348077058792114e-01 2.804976999759674072e-01 3.438037335872650146e-01 2.826402187347412109e-01 -1.155791580677032471e-01
2.213711887598037720e-01 1.820641607046127319e-01 4.238744080066680908e-01 -4.693403840065002441e-01 -1.088228374719619751e-01 -2.381696403026580811e-01
-4.184434711933135986e-01 -2.145620062947273254e-02 -2.741019725799560547e-01 2.974444329738616943e-01 1.005913019180297852e-01 4.133635759353637695e-01
-2.012988179922103882e-02 4.982103407382965088e-01 6.186818331480026245e-02 -1.453113555908203125e-01 -4.922202527523040771e-01 1.199791207909584045e-01
-3.389136195182800293e-01 -1.281425505876541138e-01 -2.715349793434143066e-01 1.865273118019104004e-01 2.179011553525924683e-01 5.057458877563476562e-01
-5.578977987170219421e-02 -9.441034495830535889e-02 5.392914414405822754e-01 -1.235201060771942139e-01 1.423801928758621216e-01 -4.299055933952331543e-01
-5.438011288642883301e-01 1.907298415899276733e-01 4.854639619588851929e-02 3.886454105377197266e-01 -1.466044336557388306e-01 1.779646575450897217e-01
2.649781703948974609e-01 8.093582093715667725e-02 -3.394592702388763428e-01 -4.001346826553344727e-01 5.325459688901901245e-02 4.067703187465667725e-01
-4.068683683872222900e-01 -1.426843702793121338e-01 -1.662801206111907959e-01 3.170025646686553955e-01 2.873827517032623291e-01 3.732133209705352783e-01
2.102278620004653931e-01 3.190948367118835449e-01 3.499954342842102051e-01 -4.277862906455993652e-01 -2.525717020034790039e-01 -1.658875942230224609e-01
-4.444398880004882812e-01 -2.694672942161560059e-01 6.262768805027008057e-02 2.753817439079284668e-01 4.230350255966186523e-01 1.105582267045974731e-01
2.134494781494140625e-01 -4.012065827846527100e-01 -1.590821146965026855e-02 -2.924736142158508301e-01 4.447712600231170654e-01 1.525057256221771240e-01
-3.936190903186798096e-01 -3.409883677959442139e-01 1.103833913803100586e-01 2.254669964313507080e-01 4.443297088146209717e-01 1.131823807954788208e-01
-8.483334630727767944e-02 4.738532006740570068e-01 -1.248356029391288757e-01 -5.398721992969512939e-02 -4.069282114505767822e-01 3.476817011833190918e-01
-3.498489558696746826e-01 -4.088050723075866699e-01 1.652263551950454712e-01 1.905542314052581787e-01 4.187144041061401367e-01 1.298984885215759277e-02
-4.120650589466094971e-01 -2.789900004863739014e-01 2.904369495809078217e-02 3.034017980098724365e-01 4.009207189083099365e-01 1.897563636302947998e-01
-5.443499088287353516e-01 2.349510416388511658e-02 -5.907112360000610352e-02 4.115036129951477051e-01 8.189648389816284180e-02 2.289102673530578613e-01
-8.202652633190155029e-02 4.318273812532424927e-02 5.678867697715759277e-01 -1.508346647024154663e-01 8.264923840761184692e-02 -4.289621710777282715e-01
-2.107057720422744751e-01 -3.460222184658050537e-01 -3.978290595114231110e-03 9.940131008625030518e-02 5.799906253814697266e-01 2.112745344638824463e-01
-4.784534871578216553e-02 -2.267649173736572266e-01 4.844967126846313477e-01 -1.043059974908828735e-01 3.317583799362182617e-01 -3.430683016777038574e-01
1.985492855310440063e-01 3.743836283683776855e-01 2.157772928476333618e-01 -4.071620106697082520e-01 -3.601981997489929199e-01 -9.000588953495025635e-02
-4.494346976280212402e-01 1.820356547832489014e-01 3.109737932682037354e-01 3.796147108078002930e-01 -1.238037645816802979e-01 -1.571493446826934814e-01
1.601426154375076294e-01 -1.373839527368545532e-01 3.768902420997619629e-01 -4.008259177207946777e-01 3.202643394470214844e-01 -3.129447698593139648e-01
-3.033501654863357544e-02 2.715514302253723145e-01 5.251588225364685059e-01 -1.329253315925598145e-01 -1.873196363449096680e-01 -3.574014306068420410e-01
-2.198131084442138672e-01 4.701942205429077148e-01 -1.630588024854660034e-01 5.902910232543945312e-02 -3.671451807022094727e-01 3.071642518043518066e-01
-4.198055863380432129e-01 2.821969389915466309e-01 4.093955457210540771e-01 2.016534209251403809e-01 -1.809020042419433594e-01 -2.225285470485687256e-01
-1.974990814924240112e-01 4.120635390281677246e-01 3.960382044315338135e-01 3.812429308891296387e-02 -3.410615324974060059e-01 -2.181964814662933350e-01
-1.733140051364898682e-01 1.932278424501419067e-01 -3.813856840133666992e-01 -1.811069250106811523e-02 -4.949732124805450439e-02 5.762135982513427734e-01
3.438282907009124756e-01 2.024367749691009521e-01 1.547797024250030518e-01 -5.947302579879760742e-01 -1.052477359771728516e-01 -1.547127962112426758e-03
1.925421953201293945e-01 -1.764820702373981476e-02 -3.326772749423980713e-01 -3.662625551223754883e-01 1.035259962081909180e-01 4.877214133739471436e-01
-1.919906586408615112e-01 2.578581571578979492e-01 -3.051827549934387207e-01 4.142422974109649658e-02 -1.734273731708526611e-01 5.663161277770996094e-01
-3.032546043395996094e-01 -4.087805151939392090e-01 7.260199636220932007e-02 1.379415988922119141e-01 4.848309755325317383e-01 1.550911962985992432e-01
9.568067640066146851e-02 1.914242058992385864e-01 -2.720611691474914551e-01 -3.325777351856231689e-01 -1.330845206975936890e-01 5.713182091712951660e-01
3.856855928897857666e-01 -1.486441679298877716e-02 2.143831402063369751e-01 -5.771374702453613281e-01 9.904474020004272461e-02 -3.055880963802337646e-02
-1.556923240423202515e-01 -4.129019081592559814e-01 -1.584085822105407715e-01 1.090911030769348145e-02 4.512554705142974854e-01 3.164345026016235352e-01
-3.049878776073455811e-01 1.989428699016571045e-01 5.263767838478088379e-01 1.537370383739471436e-01 -1.381684243679046631e-01 -2.957712411880493164e-01
-2.718893624842166901e-02 4.092254340648651123e-01 -1.376071870326995850e-01 -1.966361701488494873e-01 -4.198967516422271729e-01 3.951629698276519775e-01
-3.149957209825515747e-02 -8.309691399335861206e-02 -4.022930264472961426e-01 -1.281118988990783691e-01 1.105515435338020325e-01 5.740093588829040527e-01
-4.124681651592254639e-01 1.620789319276809692e-01 -1.952178776264190674e-01 2.938837707042694092e-01 -1.362212151288986206e-01 4.467197954654693604e-01
2.122532725334167480e-01 -2.515221536159515381e-01 -3.006168007850646973e-01 -3.454763293266296387e-01 2.271022200584411621e-01 3.775103688240051270e-01
-2.340798825025558472e-01 -2.935645282268524170e-01 -2.277689725160598755e-01 9.618549048900604248e-02 4.095434844493865967e-01 4.019643068313598633e-01
3.258320689201354980e-01 -2.031498551368713379e-01 1.478838771581649780e-01 -5.364086031913757324e-01 2.831287682056427002e-01 6.201058626174926758e-03
-1.000323146581649780e-01 -6.627479940652847290e-02 -4.208606779575347900e-01 -8.020269125699996948e-02 1.825390756130218506e-01 5.474876165390014648e-01
2.239871025085449219e-01 7.299799472093582153e-02 -2.015263140201568604e-01 -4.699630737304687500e-01 -3.114674985408782959e-02 5.109251737594604492e-01
-5.544200539588928223e-01 1.157888844609260559e-01 2.062554955482482910e-01 4.159643650054931641e-01 2.344886213541030884e-02 -1.696492731571197510e-02
-3.466041684150695801e-01 -2.873802483081817627e-01 -1.153594106435775757e-01 1.848162412643432617e-01 4.469412863254547119e-01 3.069723844528198242e-01
-4.361607730388641357e-01 -2.550966143608093262e-01 -7.725524902343750000e-02 2.362459003925323486e-01 3.958263397216796875e-01 2.751202583312988281e-01
-5.050184130668640137e-01 -1.798691898584365845e-01 1.158380359411239624e-01 3.896920680999755859e-01 2.658904194831848145e-01 8.770413696765899658e-02
4.980544373393058777e-02 4.704493656754493713e-02 -3.682395219802856445e-01 -2.633499503135681152e-01 4.506880044937133789e-02 5.814603567123413086e-01
1.543437391519546509e-01 4.515779018402099609e-01 7.970850169658660889e-02 -3.817499279975891113e-01 -3.921719193458557129e-01 5.344287678599357605e-02
-1.629635095596313477e-01 -1.642560809850692749e-01 5.638993978500366211e-01 -4.460123181343078613e-02 2.096588164567947388e-01 -3.559799790382385254e-01
-1.163393408060073853e-01 2.519870102405548096e-01 -3.490644097328186035e-01 -6.594544649124145508e-02 -1.659464538097381592e-01 5.580144524574279785e-01
-5.079684257507324219e-01 2.328988760709762573e-01 -7.170295715332031250e-02 3.648953437805175781e-01 -1.044947952032089233e-01 2.808226943016052246e-01
3.302571475505828857e-01 -1.226801201701164246e-01 1.042699515819549561e-01 -5.733217000961303711e-01 3.044523000717163086e-01 7.105644047260284424e-02
-2.083965390920639038e-01 -3.142937421798706055e-01 -1.748618185520172119e-01 2.941773831844329834e-02 4.441203474998474121e-01 4.319762885570526123e-01
2.809027135372161865e-01 -1.734308600425720215e-01 -3.305480256676673889e-02 -5.348678827285766602e-01 3.386772871017456055e-01 2.357640862464904785e-01
-2.978272438049316406e-01 4.600290954113006592e-01 3.383338823914527893e-02 1.507290303707122803e-01 -4.248600304126739502e-01 1.594060063362121582e-01
-1.436425000429153442e-01 4.454835057258605957e-01 3.734897077083587646e-01 -6.077327579259872437e-02 -3.631144762039184570e-01 -2.090066969394683838e-01
-5.427730455994606018e-02 2.306762188673019409e-01 5.488265156745910645e-01 -9.092839807271957397e-02 -1.391478329896926880e-01 -3.795521259307861328e-01
-1.608697772026062012e-01 -4.015830457210540771e-01 -4.938672110438346863e-02 -3.446504473686218262e-03 5.555145740509033203e-01 1.938868761062622070e-01
-2.545555233955383301e-01 1.248380541801452637e-01 -3.076157867908477783e-01 1.271044015884399414e-01 -5.768723785877227783e-02 5.984858274459838867e-01
-2.435833662748336792e-01 -5.462969467043876648e-02 4.989461302757263184e-01 9.992848336696624756e-02 1.417146772146224976e-01 -4.194483757019042969e-01
-4.436960816383361816e-01 -3.140487074851989746e-01 -3.762780874967575073e-02 2.755874991416931152e-01 3.334111571311950684e-01 2.142192125320434570e-01
1.775153428316116333e-01 -8.711062371730804443e-02 -2.758852839469909668e-01 -3.716934323310852051e-01 1.890940219163894653e-01 5.128356218338012695e-01
2.404868155717849731e-01 -3.182885646820068359e-01 1.325818747282028198e-01 -4.432304501533508301e-01 4.081945419311523438e-01 6.363917887210845947e-02
-2.445539087057113647e-01 4.133652150630950928e-01 1.992735862731933594e-01 1.335939317941665649e-01 -4.820153415203094482e-01 -3.588141500949859619e-02
-4.488398134708404541e-01 4.547891020774841309e-02 3.517908453941345215e-01 3.549313843250274658e-01 1.405040547251701355e-02 -2.423169612884521484e-01
-1.080785021185874939e-01 1.070030219852924347e-02 -3.953508734703063965e-01 -1.904302090406417847e-02 8.587919920682907104e-02 5.978363156318664551e-01
-3.442551493644714355e-01 3.588883280754089355e-01 3.202126324176788330e-01 1.963396668434143066e-01 -3.302837014198303223e-01 -1.622799634933471680e-01
2.583697438240051270e-01 -2.523812353610992432e-01 -2.024143487215042114e-01 -3.439792990684509277e-01 2.963656485080718994e-01 3.772859573364257812e-01
-5.227148532867431641e-01 5.392692517489194870e-03 2.686550021171569824e-01 3.977741599082946777e-01 1.155454590916633606e-01 -1.062668263912200928e-01
-2.481484264135360718e-01 -1.284562349319458008e-01 5.150001645088195801e-01 8.308140933513641357e-02 2.183524072170257568e-01 -3.625022768974304199e-01
2.275888174772262573e-01 5.306859686970710754e-02 4.760650098323822021e-01 -4.007229208946228027e-01 6.476906687021255493e-02 -3.018086254596710205e-01
-3.366060554981231689e-01 -2.557280659675598145e-01 -1.915722042322158813e-01 1.871234476566314697e-01 3.498204350471496582e-01 4.076092839241027832e-01
3.127850890159606934e-01 2.741600573062896729e-01 2.452742159366607666e-01 -5.016905069351196289e-01 -2.192370295524597168e-01 -5.999431014060974121e-02
-7.137802429497241974e-03 3.409776389598846436e-01 -3.005141913890838623e-01 -1.754348576068878174e-01 -2.614857256412506104e-01 4.796870648860931396e-01
2.433020174503326416e-01 -2.276598215103149414e-01 2.891678363084793091e-02 -5.387983322143554688e-01 3.874561786651611328e-01 1.286729574203491211e-01
2.957620099186897278e-02 -2.877349033951759338e-02 -2.997233569622039795e-01 -2.308713346719741821e-01 2.164223790168762207e-01 6.341106891632080078e-01
-2.442046701908111572e-01 -3.639893531799316406e-01 1.867148876190185547e-01 5.497014522552490234e-02 5.661228895187377930e-01 -2.632421255111694336e-02
2.187279760837554932e-01 2.594489157199859619e-01 -2.815834879875183105e-01 -3.389413654804229736e-01 -1.361337304115295410e-01 4.481557011604309082e-01
-3.189811110496520996e-01 2.664466202259063721e-01 4.868083596229553223e-01 1.234544813632965088e-01 -1.642788350582122803e-01 -2.997832298278808594e-01
-4.021002054214477539e-01 2.208992391824722290e-01 -2.956122159957885742e-01 1.595936417579650879e-01 -7.231687009334564209e-02 4.780312776565551758e-01
3.407748639583587646e-01 1.783204078674316406e-01 6.808317452669143677e-02 -6.120998859405517578e-01 -1.233284473419189453e-01 1.002943441271781921e-01
4.708263650536537170e-02 -2.762694954872131348e-01 3.845079839229583740e-01 -2.595044076442718506e-01 4.323759675025939941e-01 -2.509650886058807373e-01
1.930309087038040161e-01 -3.006608486175537109e-01 2.717660367488861084e-01 -3.723733425140380859e-01 4.279293417930603027e-01 -1.148530840873718262e-01
2.022245526313781738e-01 1.239553466439247131e-01 -2.050036936998367310e-01 -5.087355375289916992e-01 -7.370958477258682251e-02 4.698773026466369629e-01
