-4.139976407754507592e-01 -2.124279397443514517e-01 -1.595500388233728195e-01 3.785792613533003337e-01 1.315579881501358350e-01 3.439333627129248505e-01
1.227675441204232887e-01 -1.076388583528647969e-01 5.163302647132791412e-01 -3.109385676686332589e-01 2.770246775048317844e-01 -2.984905577859210402e-01
2.152932802980420113e-01 -9.797325910274756744e-02 3.964668918830870914e-01 -3.654685415273781213e-01 5.556028292320080997e-02 -4.029974023683730588e-01
-4.677030637363963073e-02 -3.533926319329916965e-01 -4.114395651918502650e-01 4.597013926541612672e-02 2.885816220451252190e-01 3.496571875090856429e-01
-5.387911094230751763e-01 -1.845798950636531044e-01 1.136708228236891216e-01 1.836710081840994269e-01 1.820388457028998819e-01 -4.725366383547779936e-01
-1.952848256523785908e-01 -1.135958519723260507e-01 4.056454693494068175e-01 -1.759287188490684106e-01 -6.183880211874549782e-02 -5.928266378823739968e-01
-7.223431667213840723e-02 -4.774233013243130430e-01 1.082619611434667978e-01 2.548049348978132511e-01 3.945343501232494998e-01 -2.560664374403066601e-01
1.664212840590212905e-01 -4.290083731609938833e-01 -2.844620638445250482e-01 -5.528136048484011411e-03 4.052310016574249274e-01 2.394444759383511090e-01
3.930480696353684800e-01 8.220451709229764647e-02 2.298520667589376842e-01 -5.015216931626009789e-01 2.831642900498648752e-01 -1.693472683362347853e-01
-2.186937587833265861e-01 -2.001650742711125752e-01 -4.653328911923412248e-01 -1.224063072377951089e-01 -4.164524398504670932e-02 5.173166852493035206e-01
9.987951259189825626e-02 -2.491872284736812160e-01 3.685524829316760287e-01 -1.603488159746858099e-01 2.823513908544963424e-01 -4.375169391245986028e-01
4.295652178868842874e-01 -1.881317755334430408e-01 9.577459227124521246e-02 -2.120957473470110877e-01 5.703435781839364394e-01 -1.818304678117517448e-02
2.022636172155463461e-03 4.161675394769320246e-01 1.811504050756069795e-01 1.702493339271683725e-01 -4.126217326571908761e-01 -3.525237657044997253e-01
2.765366235475352763e-01 4.423559831767673867e-01 6.691863002120375381e-02 2.005757078790163239e-01 -5.144221949116485337e-01 -2.138044670417412751e-01
-4.161185888595693716e-01 6.309567736550919514e-02 2.837198436451107142e-01 4.279439132933582357e-02 4.873784297094254508e-02 -6.046453567120597672e-01
-5.029861028369204956e-02 2.214005314106619327e-01 -4.671054682202653296e-01 1.505370569821543048e-04 -2.876625213562229444e-01 3.921440251402246169e-01
2.441563796008953680e-01 -2.637014296247093270e-01 -3.495549913229810679e-01 -2.350082364984478756e-01 3.991815905027193967e-01 2.257600287356891222e-01
-4.366968888536942178e-02 -2.190491977463532303e-01 4.051440431249315188e-01 -7.805774039358440164e-02 7.383393423505074660e-02 -5.503856178036194979e-01
-6.305860276350359894e-02 -5.210844013641738881e-01 3.253930917493253611e-02 4.447165771297055814e-01 3.346834690027649106e-01 -6.658545429037623919e-02
-2.546351685947239596e-01 -4.584351478453130846e-01 -2.544842658822210960e-02 5.340239124302192941e-01 1.560438869578126275e-01 -4.624192808053938231e-02
-2.954469445101434166e-01 -3.758135649719298033e-01 -2.998713231764129072e-01 2.563900348442536004e-01 1.674352570482444125e-01 3.328661149373025041e-01
-5.120994896625740145e-01 -1.638033219053624256e-01 -5.716459562522062388e-02 4.367912274274421414e-01 -2.533022153084368289e-01 2.454843017790484527e-01
8.040535739656780312e-02 1.616234938149524458e-01 4.155712638968097061e-01 -2.887067757852743721e-01 -2.550922585452602975e-01 -4.151538500083928329e-01
3.321932413828955766e-01 2.307495212415054953e-01 1.678876846678140911e-01 -3.380687493753261053e-01 -4.571081342910586764e-01 -1.106813542975203790e-01
1.643694728696043494e-02 -2.764378079615159023e-01 -4.492729457133770032e-01 -4.413480553605646922e-02 2.985041728353275414e-01 3.666760609514692626e-01
1.297853731936373656e-01 -1.376044095825566527e-01 4.419785666733043739e-01 -3.871603454908776332e-01 1.834485222778705626e-01 -3.515528686697286798e-01
-4.032034321181597325e-01 -2.648635561021199791e-01 -2.649725868464375411e-01 2.103013813810565291e-01 1.256129136942555347e-01 4.214237784911507578e-01
3.339776214142006761e-02 -4.602162514292600926e-01 -2.775183794173979313e-01 2.221496572585146267e-01 4.225098681338956275e-01 1.527923454439265027e-01
2.310703965806455429e-01 3.063832909202981458e-01 -1.953834491715376598e-01 -6.401886608804890910e-02 -6.367717353393583801e-01 -4.247522997193792227e-02
4.150887382829162586e-01 4.486743989786926706e-02 -2.231683427807484021e-01 -4.816758945978680817e-01 -3.740798427712657137e-01 -8.070302223451894519e-02
-4.210671312069568795e-01 2.520637217325768509e-01 -1.844238033649615582e-01 3.926673404621564001e-01 -1.343992170513202966e-02 3.326294095045564392e-01
1.898113588797162576e-01 1.265163754745415037e-01 4.243887348940830195e-01 -3.367538294527226972e-01 -1.890662138476415233e-01 -3.650013662302783457e-01
-2.985845685064418831e-01 1.858564452016969182e-01 -3.721541957002675871e-01 4.950367899206453703e-02 5.850018311676316585e-02 5.566164726894982095e-01
-3.696247745299847676e-01 -1.949513269867578225e-01 -3.044146519295692910e-01 2.097055799329820003e-01 7.723841367340156250e-02 4.638880784294789894e-01
3.631897249697536578e-01 -3.399441411398061996e-01 -5.042528320666458778e-03 1.004855896271733551e-02 5.953420628166529172e-01 -2.808669374074132530e-02
6.481883279475093851e-02 2.274109250089967615e-01 -4.868830443236772942e-01 -1.080145012763673723e-01 -2.945576945306788152e-01 3.483878092619764888e-01
6.801250638889917710e-02 3.359642790304022131e-01 3.198923795926551517e-01 -9.019834954077214639e-02 -3.936113047253143038e-01 -3.454562453052296700e-01
3.589711738411046071e-01 -7.790039261801898207e-02 -4.443048457576236343e-01 -4.210224460561146631e-01 2.103841844093162494e-01 1.111246777355039406e-01
1.997911032675124543e-01 -1.878976854399996843e-01 -4.415952769472196726e-01 -2.594675837147563113e-01 3.510238082875081767e-01 2.645527826194934429e-01
4.980540526270381407e-02 -4.815511329868501500e-01 2.264321605955844571e-02 2.013096348000937841e-01 4.964471783114330350e-01 -1.207644947860863488e-01
1.716602371089552825e-01 2.624455641124976424e-01 -3.679056799520370458e-01 -9.474690993303747089e-02 -3.913546942149463970e-01 3.403121214451838572e-01
-2.977806576924534876e-01 4.320133183690177403e-01 6.132302766384564036e-02 4.525663564702824826e-01 -9.828221018986244006e-02 -3.333490016561010405e-01
-3.449468132653842889e-01 -1.552785387975945397e-01 2.554935096355694935e-01 1.258057230167888840e-01 8.630199871308072423e-02 -5.930528317506593705e-01
9.512410157293453572e-02 8.435196909712058821e-02 4.836420806234053571e-01 -4.121394883556924182e-01 -1.447231795366251406e-01 -3.471456339048904494e-01
1.308152875878782623e-02 -4.611215391450869117e-01 1.031634191606089768e-01 1.630847156897111960e-01 4.639052633107902945e-01 -2.458701876007199083e-01
-3.055640163482095106e-01 1.420160946760359588e-01 3.001611019889873777e-01 -4.395022301400275389e-02 -9.510307913531054758e-02 -6.354310744149794798e-01
-3.484783710311823574e-02 3.388989514738210973e-01 2.999099731262352964e-01 6.089737949881741247e-02 -3.121751731150861353e-01 -4.530411127941162408e-01
-1.994258865798095304e-01 -4.017260503941584848e-01 1.213698412013670819e-01 4.089068902113333071e-01 2.730189793085123218e-01 -2.965420844158846436e-01
-2.563738390771390652e-01 3.971600675112181289e-01 -1.444288993921094000e-01 6.024920336286494482e-01 -1.008884677075003733e-01 -2.485854659588569715e-02
-4.849454238570628517e-01 -1.054851632966999631e-01 -1.389522455267230838e-01 3.612151821975188026e-01 -1.809311856123591022e-02 3.867614211001753621e-01
4.140611016729119354e-01 -7.362738935616473801e-02 2.395614260098550274e-01 -4.430236636517470017e-01 2.640004084373498427e-01 -1.495570330813015270e-01
-7.378885750232797025e-02 -4.567050537745624000e-02 -5.364487847031157441e-01 -8.849807876906218285e-02 2.031796024312606530e-01 4.319815239166198140e-01
2.561245884345947355e-01 -3.404746250952099818e-01 -1.850174881109942771e-01 -5.881352238593345882e-01 1.597644475080233217e-01 7.300580687744639974e-03
-1.495890657153725045e-01 3.128046205250858414e-01 3.206280181290236397e-01 1.138682747826513242e-01 -2.533444639505813001e-01 -4.604388444922710155e-01
-2.964653810272313006e-01 -1.680669681885453848e-01 3.211619492798192255e-01 3.103391859793780405e-02 9.264264076950007309e-02 -5.870091296155433014e-01
1.436079536492790021e-01 1.626491188284042155e-01 4.090147192092399298e-01 -3.439490236758301345e-01 -2.669832267196014519e-01 -3.510538576445345615e-01
2.730928349244475181e-02 2.726694909517385912e-01 -4.130046064600622069e-01 -7.468905825320808212e-02 -3.693183943659886226e-01 3.468953168103705575e-01
4.088806802312464073e-01 7.881464999957403517e-02 -2.116741891239694584e-01 -4.367825280222094597e-01 -4.124909751651598122e-01 -3.173539513561224323e-03
-3.193541758937077368e-01 3.764169096509624168e-01 4.210180428897652288e-02 5.015047519449217228e-01 -1.343891026424971491e-01 -2.133739056962778435e-01
-3.814704967629736765e-01 -4.075858892092961566e-02 -3.671150691394668431e-01 1.659547592783840453e-01 -2.594734467150174723e-02 4.696084312427309393e-01
4.767911086485288052e-01 5.316481611893670439e-02 -1.651810803953281115e-01 -4.073866130799425056e-01 -4.139551400369327894e-01 -1.705385947432831728e-01
4.268315370060451475e-01 -3.096854534303492695e-02 -3.215714683247721806e-01 -4.645295002872293910e-01 -2.969049644188319070e-01 4.551615364660355212e-02
-4.906692555325242178e-01 -5.987155392827411132e-02 -2.385128564697045761e-01 4.211772850236168986e-01 3.506479223291657510e-01 -2.416186718400963052e-01
-1.055009906772620687e-01 -4.302976892534203235e-01 1.736617756668030477e-01 2.309692773904332419e-01 3.545835366528832799e-01 -3.466739043766390305e-01
-1.433484553827731045e-01 -9.332449745824636031e-03 -5.434608611640378006e-01 -4.032353765772178633e-01 -1.077181751193142661e-01 4.171530244501587825e-01
-2.961277919397999336e-01 -4.133008222180870050e-01 2.510162614425413136e-02 4.638098589252073745e-01 1.790954779110303652e-01 -2.424079818908722317e-01
1.219028066943640964e-01 -3.025292178406446264e-01 -4.431952877512665978e-01 -1.196820449605710823e-01 4.185218054258947329e-01 2.062061145394425976e-01
-3.580697877239634730e-01 1.571533139002951329e-01 1.350709683396577598e-01 2.501441957054094667e-01 -1.316539099457765816e-01 -6.042977744506359272e-01
-2.128883172248898503e-01 1.259276564881757488e-01 3.377337600297986020e-01 -9.717677200695265527e-02 2.125995503972123724e-02 -6.500189977880546088e-01
4.428148691649864271e-02 9.756428929729924274e-03 5.195497636058679092e-01 -4.594717126964001364e-01 1.076890986193401595e-01 -3.387286912601694677e-01
1.331088615150946286e-01 3.324130517351109870e-01 2.510481055259498051e-01 -1.591498970318091788e-01 -3.949787962345709391e-01 -3.698270168294831572e-01
-4.951736670783785654e-01 -4.147337763504226060e-03 1.548447571583360105e-01 4.807825421730430038e-01 -2.050077563582856366e-01 2.394885393607197599e-01
-3.742695957140609320e-01 2.775728100103816987e-01 6.301401854673471803e-02 4.288172090022049909e-01 -1.297499634126239587e-01 -3.718879731038083336e-01
-7.888453734118217042e-02 1.772648552037023040e-01 -4.861984313580514638e-01 2.745568113743196426e-02 -1.889889557592142333e-01 4.382202529452575157e-01
4.225710800512760823e-02 -3.017833259860401574e-02 -7.018589834101826019e-01 -3.652203150129075260e-01 -2.078467998063077138e-01 1.939066474836613763e-01
4.771684959435721490e-02 -5.050616153622622395e-01 -7.705406264167706520e-02 3.272009629749051962e-01 4.470276791856022669e-01 4.710150741153779075e-02
3.923962093304891180e-02 4.439546871841721920e-01 1.402119039268260314e-01 2.758477865498634163e-01 -4.191804682654851621e-01 -3.058982611561297249e-01
2.330375085575584204e-01 -2.315696386565601339e-01 -4.468465117724940150e-01 -2.289650920275153323e-01 4.170434800282191157e-01 1.580126613600899566e-01
3.795490080747822570e-01 -4.077806062736069048e-01 -1.000812468939778904e-01 8.441554678298290870e-02 5.224900615495641221e-01 1.178470087631382640e-01
1.334767068571206527e-01 -3.541966200952770261e-01 2.974232316741767801e-01 -2.172903577993362534e-02 4.152476743618472299e-01 -3.221465022378814935e-01
-2.350628606643294927e-01 -2.461511898931740272e-01 -4.700398003098287814e-01 2.201503188356667418e-01 -1.835529905121368044e-01 4.181394758747465912e-01
-3.788477345820768227e-01 3.802335346188274179e-01 -1.320714574964865218e-01 5.928528568618807171e-01 1.441564544851206275e-01 -1.401691622951576066e-01
-4.003435725186756389e-01 -2.787754243394084397e-01 -2.197755132816689716e-01 2.935267065846657863e-01 2.032069447569529452e-01 3.152357311397075978e-01
-2.882839466426474484e-01 1.940356030372801244e-01 -3.882542765572915000e-01 1.080195211468167327e-01 -7.450833105407872470e-02 4.897136709674351218e-01
-1.724667001680756928e-01 -3.513138793595370624e-01 2.197461414085948028e-01 2.465028814492974396e-01 2.314919704899909281e-01 -4.765309809073209335e-01
4.452427091498611933e-01 1.663555117507562256e-02 -4.625337189002035054e-01 -4.385566744148257090e-01 1.808843011587084049e-01 -2.444583075503509173e-02
-3.792518343133671754e-01 -1.987254388148758932e-01 1.662757765638550600e-01 1.664631292972151844e-02 5.821371453278342822e-02 -7.153403124944592850e-01
4.972801575173599886e-01 1.120549821561369654e-02 9.567553975795926174e-03 -3.894421795327355218e-01 4.643434993332994365e-01 -8.202638097344015777e-02
9.018744830489690278e-02 3.547272023428719723e-01 2.333345863604588399e-01 -4.769643376736183715e-02 -4.784448924631830580e-01 -3.022140066739860687e-01
-8.965341697811408939e-02 -2.189931139379476255e-01 -4.822905653164163975e-01 -4.060943922417123431e-02 -3.320689906025520166e-03 4.929427881730270022e-01
4.136010270032832725e-01 2.655873071116998663e-01 -6.953488082550636322e-03 -6.174253879668856193e-02 -6.060526530491031627e-01 -1.265037883893324888e-01
-1.271002661186400318e-01 -5.618177610668181332e-01 -1.375007988432707939e-01 2.728002439267648294e-01 2.906695935650123186e-01 1.991665328927455791e-01
-4.434727402778811112e-02 5.541988727547347837e-01 -1.935122759357456035e-01 3.937941795484194429e-01 -2.699070047712397447e-01 1.654885169398015998e-01
-5.031691290814040152e-02 4.423633623364818801e-01 1.636725177041287727e-01 2.799547694119091101e-01 -3.881869690253580973e-01 -2.847767692082512347e-01
-9.020783761674426582e-02 1.677012477807574564e-01 4.198572584589274626e-01 -9.793934068433761408e-02 -2.307840923283208112e-01 -4.972848557079381782e-01
1.835987640793464715e-01 -1.983395098469646345e-01 -4.789880383884024262e-01 -5.237741566589472209e-01 1.202383972365943521e-01 1.519887188098598685e-01
-8.173916154907011344e-02 2.314037401370001579e-01 -4.676320306514227809e-01 2.158325901213037357e-03 -2.927673236563024251e-01 3.798382682271438382e-01
-3.565546700838020944e-01 4.960749652808101040e-02 2.797548221100482624e-01 2.451479776863703663e-01 -1.174100124984658738e-01 -5.013079636792447946e-01
-4.483019375444692867e-01 -2.156261667978385532e-01 -1.535407383580252548e-02 4.907962451296367656e-01 -7.537530098917286092e-02 -3.290805437711765147e-01
5.135843765191150379e-01 -3.191917182064067660e-02 5.364614988806624962e-02 -4.377251734704440400e-01 -3.369444324054063911e-01 9.802779591272724191e-02
1.083852081347469812e-02 -3.826797556642947962e-01 -3.685907592258519383e-01 6.848512499800197932e-03 3.936605538848281238e-01 2.617106001276154892e-01
-2.596840758220070877e-01 -3.550646186808262827e-01 -3.917219315449465555e-01 -9.922220282958763016e-02 8.713738013157179552e-02 4.907231826474798830e-01
-3.256869389889092692e-01 2.580731212414924536e-01 -2.654836508691662544e-01 2.955257176669475183e-01 -2.287491474078877651e-01 3.486001495666075645e-01
3.570721762666003163e-01 -3.028690972704627393e-01 2.300033179592965993e-01 -5.708203138828333856e-01 5.649780281554922512e-02 1.306506237489564182e-01
-4.682855215762829482e-01 -1.169534379755696046e-01 -2.009157806877732988e-01 2.862867679360890372e-01 2.037201559637333848e-01 3.716129138333904569e-01
-3.152139169710876931e-01 6.771342896580667681e-02 2.956317063432713499e-01 1.836671135825813650e-01 -4.923358757729361102e-02 -5.631122093122498118e-01
-8.722835887602106708e-02 4.506371645384976143e-01 8.148149110238582515e-02 2.520264274344569122e-01 -4.233682866132913447e-01 -2.663987488112802282e-01
4.219162502497422196e-01 -1.658530460726130307e-01 1.279742386390828324e-01 -3.140736157383634541e-01 5.027379040703718882e-01 2.164898975759164956e-02
3.618767898406974326e-01 3.278892285673295492e-01 9.110051478218719051e-03 -1.113597766368584208e-01 -5.345528825937857498e-01 -1.704470621221407800e-01
1.300597941483370157e-01 -4.851813294369768936e-01 -8.472426021254621242e-02 1.755783214472169673e-01 5.062032212450611190e-01 3.809567441337217975e-02
5.434259487688564150e-01 -2.716418438686049597e-01 -7.912967470283188698e-02 -4.149497009755731547e-02 5.192716248383641986e-01 1.006574318715282024e-01
1.816737474474247604e-01 -3.237394269798380408e-01 -3.876974029996537729e-01 -1.586767668051519697e-01 4.591409226228833074e-01 1.331287538453413410e-01
-4.613270628596238265e-01 2.592193937508013857e-01 -2.487681445143239550e-02 5.122027757037213025e-01 1.640359077313688629e-01 1.829205806622113684e-01
-1.314559920214939392e-01 2.869968801196745578e-01 -3.716473149482266702e-01 4.008544719215328955e-02 -3.820621887073222811e-01 3.514940938044892604e-01
3.992848576488165491e-01 -2.965322902189924115e-01 -5.231778830580111062e-03 -1.585389041065929372e-01 5.329075808193910468e-01 2.413063171204894719e-02
4.105366106405696769e-01 -1.163272368010718899e-01 3.151305374513834745e-01 -5.098971642670968585e-01 -2.293599762524018426e-01 -5.906896257681104601e-02
-3.266534060722698501e-02 -1.810867897202671217e-01 4.549590988595713092e-01 -2.794845904410678816e-01 1.909558395514345530e-01 -4.398395041322187282e-01
-3.298059670467730076e-01 3.313137306554991141e-02 -4.047019516385912952e-01 1.963667452590610596e-01 -5.251680731825109777e-02 4.413516317836799208e-01
-1.013041128411541758e-01 3.274441746635338713e-01 3.088934478914316939e-01 8.997647436233699447e-02 -2.638323125278114190e-01 -4.745629022990244250e-01
-2.829947779868851598e-01 -1.832781771800806592e-01 3.395450734523696168e-01 7.323330779481607156e-03 1.156857819750463645e-01 -5.694851498342995422e-01
8.744988071001122409e-02 4.643664120392675954e-01 -2.108098806683885232e-02 1.473017402743095339e-01 -5.321648133531073910e-01 3.674004378721247577e-02
-4.723683955300295723e-01 3.625639944008664933e-02 1.722673650348103269e-01 5.169630326169851742e-01 1.587544325617388230e-01 9.341587702148929084e-02
-4.059813350679399857e-01 -2.161388078536879975e-01 -1.618773360890871371e-01 3.712960058960914633e-01 1.825098088273559571e-01 3.248661442392833942e-01
-1.400365193805767072e-01 -3.962609255853674628e-01 -3.310768560254063186e-01 1.588777833569017806e-01 3.991399082214481253e-01 1.961685832136537688e-01
-8.383470997614320130e-02 -4.793537545353446783e-01 -2.374901172252752990e-01 2.968370146140029142e-01 3.314584743694100055e-01 2.071137149175298897e-01
3.583984561271953417e-01 1.218823399383816980e-01 -3.879562081425791953e-01 -5.217312741135661236e-01 1.517089441393770777e-01 8.583913969038720060e-02
-2.299511979592175626e-01 -5.195279166645492275e-01 -1.052965246483726636e-01 5.349249260544036710e-01 8.996410147424327430e-02 1.032316382913160135e-01
-2.621209483841854468e-02 -3.708748164215381338e-01 2.980436657716206139e-01 1.426629047577768206e-01 3.252977277161314684e-01 -3.996848081351488946e-01
-3.027001947547059979e-01 -1.256861898890241358e-01 -4.041293890993084004e-01 1.117098304368062123e-01 1.634855667709149141e-01 4.587982012412573640e-01
-3.928246222524856002e-01 -1.980000075000479809e-01 -3.355926698742726644e-01 2.641818021549219297e-02 1.257931927214793189e-01 5.125779710165201397e-01
-2.065849515515493506e-01 -4.636606217399819596e-01 5.695940294569249579e-02 3.526361430295630317e-01 3.155936167895612710e-01 -2.259444660791837534e-01
-3.440887213573930459e-01 3.432613360186002049e-01 -2.213423792290309389e-01 3.895726304650184990e-01 -1.001231829624489311e-01 2.935859547846018658e-01
-1.992794895309910885e-01 -5.441100477744956754e-01 8.724157871133027264e-02 4.561394277739746483e-01 1.481720100604563273e-01 -2.147047662551072600e-01
-3.688945696219703696e-01 3.471236881698005483e-01 -4.991553249609870235e-02 5.477140553355344110e-01 -4.676178448464407555e-02 -1.183469805685836290e-01
3.107021483613811585e-01 8.624161780242392550e-02 4.241189614709214295e-01 -5.393771555784774296e-01 1.519165331948280628e-01 -9.842479985565510958e-02
-4.582216020638220089e-01 2.411579685590796163e-01 -1.256899876607410205e-01 4.701738775001050863e-01 1.422073175181100546e-01 2.324867873873268098e-01
-2.513818791833690725e-01 -4.581727380620853052e-01 1.296620711026035822e-01 3.714559370108615477e-01 2.142364350597751321e-01 -2.702616198935385849e-01
-3.251355674952527419e-01 -2.757459353287167181e-01 8.834207617602571339e-02 3.136850231336416606e-01 1.275142050173606600e-01 -5.668598104181846731e-01
4.130982032855849417e-01 1.179900873406377199e-01 -2.424869660238489766e-01 -2.293910948023622498e-01 -5.664500471408403515e-01 1.021130980409057087e-01
-2.628943304961226662e-02 -3.234107427840611226e-01 -4.199952309685781593e-01 1.846749449965149475e-02 2.963622855055829675e-01 3.635085730049787411e-01
-4.641756419002309175e-01 -3.793467198536067952e-01 -3.179433149449056861e-02 5.214089909010222179e-01 -3.235127842652453234e-01 -1.914987560503982333e-01
-2.840444213083112568e-01 1.916890281582258049e-01 2.362241806842259040e-01 1.602238227251582825e-01 -1.651177264452660665e-01 -5.855511336278681478e-01
2.307442573637772942e-01 -4.782312946062601267e-01 -9.916438857495492309e-02 3.285758622017725394e-01 4.960359344313521879e-01 1.038930996351454944e-01
3.857770604031464656e-01 1.039725512627729526e-02 1.894979060089781175e-01 -4.771730698593267816e-01 -3.136388436324462625e-01 -1.982103340133448965e-01
-1.809965690682444617e-01 2.686923013386211534e-01 3.401403933260647716e-01 4.670677724374072692e-04 -2.543705001620074069e-01 -4.926118232371018979e-01
-2.149719918995037782e-01 2.852641141444454131e-01 -3.678052661835141679e-01 1.602598455815095191e-01 -2.432456106583950062e-01 3.936922971280490957e-01
3.318919246797607525e-01 -5.584522344840511104e-02 -4.016593466900557075e-01 -4.138516008320142769e-01 2.946449597020600053e-01 1.649297686946488706e-01
-1.542039670462629908e-01 5.023016997055035349e-01 -3.953834571878590137e-02 3.917860393652688455e-01 -3.296850181165673632e-01 5.891476122250446229e-02
7.038129292408618065e-02 3.512963939876473374e-01 -3.386549466232505190e-01 1.474797470341843164e-01 -4.497592309734325111e-01 2.549490578208290503e-01
-1.467265937587926006e-01 3.955207844544616491e-01 -2.577654609393543739e-01 3.163730530253158202e-01 -3.120149032042432435e-01 2.760247299013519617e-01
-1.034222888409717586e-02 2.949167370892593620e-01 3.175972439155183014e-01 1.094183302733878552e-02 -3.612444722301415556e-01 -4.367232821826727007e-01
4.237643518905367390e-01 -2.076038146321016950e-02 2.254409409402254039e-01 -4.901639360565491765e-01 2.329709499481750490e-01 -9.134841486314451697e-02
2.567792026196770716e-01 1.463363026849670047e-02 3.799921795273902836e-01 -4.322677398403014792e-01 1.700242900023361259e-01 -3.278694269706857733e-01
-3.420670663489797647e-01 -5.917088631953375082e-03 3.771405205670736449e-01 -1.710513025418507471e-01 -3.944634618370773671e-03 -6.081257977218590405e-01
1.840848464412015995e-01 2.650359228966081560e-01 1.205523360538545835e-01 -7.941830289706748314e-01 1.124679769277668884e-01 -1.985772697576672352e-02
-3.940658288197722570e-01 3.499306331260134684e-01 4.134447369420799628e-02 4.557096163696263691e-01 -3.767060348826534177e-02 -3.159326934019293098e-01
3.265506379232328005e-01 3.011164993078273983e-02 -4.248495198032996578e-01 -5.310592629240590279e-01 -1.746620600577815097e-01 4.692689510763864424e-02
3.002944083153917254e-01 5.353707605072882680e-02 4.103019359896295515e-01 -4.907664171081291271e-01 -2.013791879243704286e-01 -1.457920028743318608e-01
-9.973688989317208708e-02 -2.652816359524110545e-01 3.727801743048369532e-01 2.204369364049675595e-02 1.918469466171989213e-01 -5.082436326788895009e-01
-7.750621762074037802e-02 -5.003059939035671144e-01 -1.718172220338265166e-01 5.120697253590679177e-01 2.791430116337415557e-01 3.998328605425760518e-02
2.879043629335421017e-01 -4.650347700932917078e-02 3.858908244802087828e-01 -5.214002405168967069e-01 -5.911808583517422222e-02 -2.013628945187422858e-01
-4.571710500842805502e-01 1.254833420915033304e-01 4.028932655416903041e-02 3.579147230777470212e-01 -1.860079568685874818e-01 -4.481862133257875636e-01
2.705910269395380152e-01 1.682012299463601923e-01 2.524738811129254024e-01 -3.054453018554594279e-01 -5.200840963719042254e-01 -1.884858194078157800e-01
1.784241990548722789e-01 2.534647064749651624e-01 2.787035342023543860e-01 -2.190511595867138395e-01 -4.185509617747747435e-01 -3.461230664634608045e-01
-2.616671535468380050e-01 -3.999456037859893676e-01 1.095760207764369942e-01 3.385008572500319834e-01 1.998518916640752985e-01 -4.196132868139166305e-01
-9.796368588053974702e-02 -4.782159960976836155e-01 -2.158802296008174582e-01 2.486883722471631419e-01 3.807853558081267797e-01 1.608810051617543257e-01
2.283542727156750649e-02 4.845635042529460867e-01 1.248770947453869962e-01 2.951202536294071921e-01 -3.877086547127662208e-01 -2.813275999943171124e-01
-2.067851205511118395e-01 1.880949120689079422e-03 -5.280421250371372111e-01 -3.774859520100165566e-01 1.177939330883207708e-02 4.572310588778076834e-01
1.079061527524990544e-01 -4.951829902366918779e-01 -9.161859012370977134e-03 2.658952336474824651e-01 4.908682689925510934e-01 -6.152944908851074035e-02
-8.183236157906353947e-02 3.515456531429529963e-01 2.922915321974309255e-01 1.145024362385404504e-01 -3.023911948801342731e-01 -4.383378170375626381e-01
-2.593683660113243472e-01 4.129499402569669075e-01 3.574272539410722205e-02 3.415704270958901945e-01 -2.898067278987452311e-01 -3.450533254014948592e-01
8.766716167232004031e-02 -1.772887140842545062e-01 -5.239136869750165015e-01 -2.743659907529615305e-01 2.282028167941990704e-01 3.154364276558573321e-01
1.972224181432199464e-01 -4.618122768929560640e-01 1.089972164198560051e-01 6.781971094781158449e-02 4.974009995344003676e-01 -1.423289256664683200e-01
-4.471757570689562367e-01 3.988348489621935944e-02 1.560876837498952063e-01 2.572038032261622642e-01 8.755139616152950166e-03 -5.530529660217706756e-01
5.181345580778818488e-02 -1.013300644808836637e-01 -5.155832913030677922e-01 -3.503651168531566884e-01 1.100420485629963196e-02 3.930604274475139048e-01
-1.056104617715187405e-01 -1.687534188221732206e-02 -5.436116142916689320e-01 -1.096607944508485172e-01 -2.858186123419604874e-01 4.195358884718507486e-01
-1.283107325143901245e-01 -4.065106406609859668e-01 -2.051627521918676922e-01 4.525414729812003434e-01 3.365914901202392562e-01 1.271171578227327514e-01
1.922758026435264778e-01 -3.093926032599910725e-01 2.650277164628063176e-01 -1.119042988256650772e-01 4.408695652807852472e-01 -3.219826278469716252e-01
4.209596409025768704e-01 -1.783369515360502811e-01 -2.582308649693997871e-01 -5.052287909351423911e-01 -2.977942394052341957e-01 9.940714350414775469e-02
1.485460750124125429e-01 1.548346808474993508e-01 -5.027586964393504498e-01 -2.697543301270312055e-01 -2.945157869968935138e-01 2.866137936489491223e-01
8.769602847958565817e-03 -2.112191623288070252e-01 4.027461787041581864e-01 -9.999544895364560759e-02 1.950922830952949993e-01 -5.044920330263504837e-01
-1.390092226485585558e-01 -3.489927368132089147e-01 2.755234802372851788e-01 2.265679012559397021e-01 2.527052039314180987e-01 -4.346264719428092893e-01
3.902878775032920800e-01 -2.273563030904009463e-01 -1.838427436393337833e-01 -3.400116754762008142e-01 4.551060131234882511e-01 -1.537138560739686743e-01
-3.251407423421826537e-01 -4.200982705151994345e-01 -8.659118439270131751e-02 4.406522877713013320e-01 1.412430214694588848e-01 2.271873823428284256e-01
-2.105640525925472906e-01 8.599050708160918544e-02 -5.281189048919383566e-01 -2.142649751905602862e-01 -2.435152534019562054e-02 4.657678789285071286e-01
3.814939436659606775e-01 2.536237891907304198e-01 -1.493512885176148386e-01 -1.017884425875988375e-01 -6.184916096354433623e-01 -7.284726073260718027e-02
2.171501983105767752e-01 -3.371261030871502418e-01 2.315590176157648061e-01 -5.002848193493839024e-02 4.499431336868657261e-01 -3.244423936650273621e-01
-4.864263250515536430e-01 2.288754857067266113e-01 -1.713472340464978483e-01 5.115775547758079078e-01 2.542618120674180471e-01 -2.291727498975639210e-01
-1.630845765195558517e-01 -1.592537085151533305e-01 -4.703464513436080296e-01 -1.573227473030612000e-01 -1.462262854148508873e-01 5.295520872949108782e-01
2.886409196439073122e-01 3.492575146892051841e-01 1.058738264435240273e-01 2.099169887439267246e-02 -5.806095535125680440e-01 -1.465368113974956643e-01
-1.404333938310425300e-01 -5.229392596132557136e-01 -5.795898212026326032e-03 4.112067680132110437e-01 2.930319703537799247e-01 -1.786660335926893717e-01
2.740030505171104358e-01 3.950262067763868346e-01 -7.342672919562286127e-02 1.429423817673075303e-01 -5.926832435721576253e-01 1.173865578577890090e-02
1.980074906774199617e-01 -2.037505284576497377e-01 -4.166559368225042914e-01 -4.576274153647817977e-01 2.299041082787320889e-01 2.014755427318619119e-01
3.133140915407035543e-01 -3.730744307729880749e-01 3.099015698748501177e-02 6.342395827217153781e-02 5.870866077824156148e-01 -9.409262094474619975e-02
-4.602625177458093408e-01 -1.213900023561533675e-01 -2.375986177599683780e-01 1.853756032913631002e-01 1.494364959880264965e-01 4.764072816962051649e-01
-4.907705174568428863e-02 -3.465171890159006174e-01 -3.935151419319591337e-01 2.434630486989274034e-02 3.205821367394623977e-01 3.478265473585068213e-01
-1.750769286452796558e-01 2.088235393880199034e-02 -6.015296178007695227e-01 -4.383370480715246265e-01 -1.774883556258472772e-01 3.425801062813929043e-01
-2.729803262043240530e-01 -4.332068787149522260e-01 3.235804614945986257e-02 4.810767822388334891e-01 2.063852465587548979e-01 -1.170400478618314477e-01
-5.340902283745653234e-01 -8.298176360341351365e-02 2.166342559816548594e-02 2.312461019041018861e-01 3.704950399448167508e-03 -6.161027660198670208e-01
-3.000450677427299317e-01 3.387285859760224560e-01 -2.461300155641605314e-01 3.722704712759557499e-01 -1.617796138423804320e-01 2.992903341740536516e-01
1.123032698924886219e-01 3.892444547078147687e-01 -2.569067081670347585e-01 -4.441935149184120246e-02 -5.061767003657352548e-01 1.598173911998886365e-01
1.100570818736649192e-01 3.229773665711345165e-01 8.691447312471764497e-02 -8.712913452962599559e-01 1.387566154537590579e-01 3.197833430094573770e-02
2.461612703848067574e-01 -1.163264171934840913e-01 3.538913186880625616e-01 -4.250220603993808410e-01 1.697477403420258324e-01 -3.299760024114268830e-01
2.856259300003946566e-01 2.578530305721686844e-01 2.424807770398060836e-01 -2.601663031506550872e-01 -4.024871504206382067e-01 -2.733308975066091051e-01
-5.901310166417901570e-02 -2.270838818355832567e-01 3.947080741558588457e-01 4.268537618368067887e-03 2.057224964704117975e-01 -5.045549980467983753e-01
-3.857347501481686591e-01 -5.118385762352886670e-02 2.956424759038313588e-01 6.980645149798808680e-02 -4.148596050942668367e-02 -5.945193994842015162e-01
-7.526796263046630145e-03 -4.017153538002162794e-01 -3.253672329110679495e-01 6.250608833398885178e-02 3.783413196295396519e-01 2.964100433806291512e-01
-1.266333603932050522e-01 4.953721501400031313e-01 1.308665726537630060e-02 3.375031187976786362e-01 -3.490112519489221299e-01 -2.544838922370358247e-01
4.807301227930200205e-01 1.541595764036775562e-01 9.423859989372384074e-03 -4.330570688513679101e-01 1.458061251366897237e-01 -3.966835004937795395e-01
-2.841745938964272966e-01 -6.762785766124252904e-03 3.692230594792740850e-01 5.627288153333903642e-02 -4.936469346310866368e-02 -5.700748665985364561e-01
-3.005841791874231395e-01 -3.197513374714918699e-01 -3.408372295021005471e-01 2.873171689347160940e-01 1.296503128431555352e-01 3.317771931581949274e-01
-2.210864038042639201e-01 4.818364088813796853e-01 1.461571060300830283e-01 4.338772141216954426e-01 -1.267382962132885815e-01 -3.017932120993670475e-01
3.016108424698397128e-01 -3.601520723567813165e-01 8.439622943937810651e-02 -5.004074737302410814e-02 5.514868626148978770e-01 -1.283374341042387290e-01
-3.571502834109179236e-01 -3.317166177564704332e-01 -1.443690126562511833e-01 4.050397496724589264e-01 1.321707952466771863e-01 3.071559828042526585e-01
-2.613102686658887452e-01 -5.141452506858950056e-01 -1.049744509322971947e-01 5.684333403957320119e-01 -5.271126585052576807e-03 1.243128558293217917e-01
1.862107959124428835e-01 -2.727666081679404678e-02 -5.950655542820210142e-01 -4.564871879295074319e-01 -1.679773173836485445e-01 1.580231701104959363e-01
-2.714693796124317271e-01 -1.496984609176460201e-01 3.340520332545945381e-01 3.706520217039416254e-02 7.668192063472858977e-02 -5.898301749799281790e-01
4.349719148994148771e-02 4.504122205459133443e-01 -1.465893451747365406e-01 1.278502263294039321e-01 -4.999519328716516275e-01 1.528977854540895520e-01
-5.318240994118236808e-02 2.739652376221686780e-01 -4.122457487018423850e-01 -4.174346150381469389e-02 -3.193122808774808141e-01 3.926709777373249555e-01
-2.068930849720771736e-01 4.491028371008340403e-01 1.088299785201236186e-01 5.173397841737408243e-01 -1.595194634634827247e-01 -2.153083353284786505e-01
-1.744752972987381467e-01 -2.669706672794309177e-01 3.207865397590544121e-01 1.309439059467446265e-01 2.386148892747572137e-01 -4.861225971905071552e-01
-4.428272244083437670e-01 1.850092183535482493e-01 9.761169802041370913e-02 4.025379040837487876e-01 2.341574420333880635e-02 -4.115497190583093934e-01
-1.498204515863031661e-01 -3.066777816842829463e-01 -4.508094709211645235e-01 -8.646722543547642748e-02 1.036558323826530792e-02 4.954832287732112706e-01
3.727216812347315389e-01 -8.942872306865128074e-03 -4.133995238443531894e-01 -4.363781374849487471e-01 2.795070467416334026e-01 9.861036624439811771e-02
-3.182291002771626132e-01 -2.165499215592338877e-01 -3.930583419196889139e-01 1.496371298047769471e-01 5.765393937974341854e-02 4.471282048632689854e-01
-2.017599006951797114e-01 4.796600803609867014e-02 4.020511555526745107e-01 -2.632078073466073698e-02 -1.113864707223512635e-01 -5.694569003588636491e-01
2.693824155097370929e-02 -2.171351929883452436e-01 3.754560023606318131e-01 -1.191848887883460717e-01 2.334069681395364582e-01 -5.052594975745380301e-01
-3.790954627801343402e-01 -3.786651149978155217e-01 -1.236288865663264513e-01 5.318040216691861666e-01 4.714883037903849772e-03 -2.762129825137537020e-01
-1.506545420134308422e-01 -3.864672847070202422e-01 -3.893667017134546660e-01 1.950316821786463317e-01 3.481288139225818257e-01 1.944736928140162746e-01
-4.340651680896768227e-01 3.948748469152430635e-03 -2.994580744187627652e-01 1.914185588228625723e-01 5.432504509432731221e-02 4.791511575493228592e-01
2.963003935606226547e-01 -3.156119805078330676e-01 -1.762722971164024099e-01 -4.613453959184310449e-01 3.238095625528649157e-01 -4.545583043679279900e-02
-9.259027069044367675e-02 4.480090861754983389e-01 -1.333691757421540391e-01 6.941063527219418772e-01 -1.686011481499157250e-01 -1.033651487339461439e-01
4.325069533122824494e-01 3.998338033495090205e-01 -1.019701115864763002e-01 -3.858634046066550805e-01 -1.561908603702848453e-01 -2.472509796143078087e-01
3.412569108339968960e-01 1.419178004766498691e-01 -2.672021196737274784e-01 -3.943694284847479858e-01 -4.143992788708059094e-01 1.192758177649050344e-01
-1.645974440268966887e-01 -4.687370168634626966e-01 1.326245273893116028e-01 3.491969323060283292e-01 2.771622713080096334e-01 -2.912263788901858774e-01
-2.185035289858417440e-01 -2.522551891555591119e-01 -3.430668883175154171e-01 9.685145181527377023e-02 5.064940742620127612e-02 5.562662209660075296e-01
-2.619601911647390091e-01 -2.043070438922664211e-01 -3.537897969413862920e-01 6.091884864686109013e-02 -7.911693796549545965e-04 5.705101622015891216e-01
-2.924600149635630392e-02 -4.106081930350492099e-02 -6.844850170336127526e-01 -3.161554444372899897e-01 1.842353361970491266e-01 2.466028487814204695e-01
-3.046126722122962094e-01 -2.724925631052058442e-02 -5.274918292222104954e-01 -3.470590180138132808e-01 -2.865380811570733544e-02 4.716059312408608095e-01
-2.325695459925185005e-01 -3.374155309294823990e-01 2.776482845659287158e-01 1.624209181377158639e-01 2.140473055505706101e-01 -4.571110455739181289e-01
4.330615055219988463e-01 2.946916802250480472e-01 7.651729177808555549e-02 4.860132661127558595e-03 -5.699998852638157310e-01 -1.860699905729127079e-01
3.368480056350651730e-01 -1.305661481999093598e-01 3.332874512253977684e-01 -5.720630878866881375e-01 -1.257003926462516297e-01 -8.367411594354712268e-02
-1.497712740393670194e-01 -2.878553330944931821e-01 4.021745246288355724e-01 -1.617254711283745983e-01 -1.795716343873285936e-01 -5.918736320347404156e-01
2.856913180755824011e-01 -3.435894034931930019e-01 -2.375486053176735501e-01 -9.426281589371332537e-02 4.988953676732371667e-01 1.443601094719867695e-01
2.416455089595267655e-02 -1.662051256910999919e-02 -5.506463022640634142e-01 -3.960113941245254621e-01 -2.247046654793581622e-02 3.567774979883840958e-01
-3.734069056672057602e-02 3.930646519504453207e-01 -2.596486540182413316e-01 1.590148805968417955e-01 -4.444523702210878002e-01 2.502628356012404076e-01
4.788141909890278325e-01 -1.052486052673219097e-01 8.157948634644397734e-02 -3.281551253301908111e-01 4.851171716075530771e-01 6.518521862208233320e-02
2.308322545078967392e-01 1.968072047890472576e-01 3.955441572997032140e-01 -2.232637297229476681e-01 -3.128184343490373331e-01 -3.352626195151532928e-01
4.742246960107602827e-01 1.255620196649806231e-01 -7.305831176671755134e-02 -3.135137609187151342e-01 -4.904469408086299387e-01 -7.409950847763926984e-02
1.385758516569789434e-01 4.781271283918700488e-01 -1.148768572973573460e-02 3.527729565694748270e-01 -4.985992874099143823e-01 -3.024757583101212594e-04
3.373852243113214522e-01 -2.192837832947902577e-01 2.123734666236673785e-01 -3.074037517543395381e-01 4.047936641640397237e-01 -2.289591923961107611e-01
-6.353558702758081711e-02 -4.140422065685467334e-02 -5.706719514277462935e-01 -4.281206411093021469e-01 5.825090809718309892e-02 3.551501662888507660e-01
-2.855391550032654879e-01 1.652872743299849678e-01 -2.793672187396705753e-01 1.052349829704763984e-01 -2.787606826683761141e-02 6.206236124179038693e-01
6.989829757355896234e-02 -5.020951543872982370e-01 -7.090590522033016208e-02 2.778564259913971490e-01 4.743550159567990754e-01 -1.347349572940577389e-02
4.435481069837075019e-01 8.844987670383498701e-02 2.205152699288472073e-01 -4.123480494105088434e-01 -3.359022013265888784e-01 -7.506396368012627218e-02
3.015373084532393388e-01 3.988389125304553917e-01 -6.121264387676693397e-02 9.096063379651028735e-02 -5.785097651275785680e-01 -4.006964573065568969e-02
-1.825636399029839652e-01 -4.773411062682204054e-01 -1.487049949027586526e-01 4.731562169567302689e-01 2.300226327179388242e-01 1.152419885757362261e-01
5.067150179351231909e-02 1.342573776592426993e-01 -5.167514883798205449e-01 -1.785314891468207377e-01 -2.644693266653389552e-01 3.712141664754015080e-01
3.312502932586969817e-01 -2.496080643051786507e-01 -2.766377604743216478e-01 -3.282173722037254326e-01 4.786436538413059161e-01 -9.021932462036466593e-02
4.598141983515628972e-01 2.971326767304997840e-02 -2.438192150719759588e-01 -4.817151236383324653e-01 3.536905491337400398e-01 -1.512921545405351842e-01
4.131202248258249998e-01 -1.481696817026718904e-01 -3.752960280946143756e-01 -4.698636406348205563e-01 -3.139167811971037558e-01 6.387067413286495743e-02
1.123261951759669669e-01 4.393098638272926459e-01 -8.233062368457078062e-02 1.282683963899334811e-01 -5.498726371116516853e-01 6.349058895827094928e-02
1.205346023996485688e-01 -2.783085561228165750e-01 -4.207247385738729917e-01 -1.296824194761951876e-01 3.774024086833250857e-01 2.916196813499321583e-01
2.902797813910472646e-01 -9.528540109908242850e-02 -3.996991293415560476e-01 -6.417552934517933849e-01 3.988542225937904973e-02 -6.348570341198972455e-02
-1.003708111161221300e-01 2.418921165189613642e-01 -4.750334687635625053e-01 -1.640521642178388584e-01 -3.825356046759292861e-03 4.922139705936315335e-01
1.508067060816987437e-01 -4.868821684692410945e-01 -1.178879347988740500e-01 2.552779592798909425e-01 5.071790686114932001e-01 -8.742460949254465818e-02
-3.359571496167033655e-01 -2.539931708548353595e-01 -3.188472587630840627e-01 3.456428668784021219e-01 5.593063168944023555e-02 3.440016336176521250e-01
-4.629447983371441644e-02 4.970444776824256561e-01 7.405657761836755004e-02 3.906835166302049522e-01 -3.590777421603580377e-01 -2.018147244372164306e-01
3.937639685120647992e-01 1.585521082516379854e-01 1.725958898783964968e-01 -3.155963762512207782e-01 -4.210436148666464318e-01 -2.284984868215337028e-01
8.669454721143665665e-02 4.547730378304929988e-01 8.287711295152412616e-02 3.428631862441374745e-01 -5.042848744206700484e-01 -3.789353466027980955e-02
-5.038601507841442562e-01 2.609953871984604240e-02 -1.443151214090793166e-01 4.079620477876373386e-01 4.006763712707119840e-01 2.382908666209779258e-02
-3.253847137930512279e-01 3.590284528164283673e-01 1.136878130014183641e-01 3.940965705288320686e-01 -1.229572063033328444e-01 -3.863486915794198673e-01
-2.802827294744435482e-01 1.264357915206419103e-01 -3.508703251641757670e-01 -3.750926136029480995e-02 1.485688874516286062e-02 6.127744183151049295e-01
3.156740370969741971e-02 3.551548526441774545e-01 2.480044096616375038e-01 -5.717984166232439880e-03 -4.815228027376645681e-01 -2.984206088319204531e-01
-3.728292726610540342e-01 2.864368201591735441e-01 1.079575905953583936e-01 3.793599114306867026e-01 -1.010848309433222125e-01 -4.249949413079968652e-01
7.786755657233140893e-02 1.726776613483282929e-01 -4.970429383741694629e-01 -1.892706334707039417e-01 -2.640193593947851025e-01 3.619872703464668273e-01
-3.075874495583195700e-01 -2.861712438886201415e-01 2.613316830397041102e-01 1.973885534896950289e-01 1.345397421682615335e-01 -4.923270610591737872e-01
3.117876656548925207e-01 1.490157221235272611e-01 -3.008926029805936153e-01 -3.658256608411878941e-01 -4.141238895021305821e-01 1.720914956665168249e-01
1.545905990713587752e-01 6.761188165516053561e-02 -5.401821746406493263e-01 -4.699728041977992987e-01 9.398730499086965784e-02 2.403464233880899803e-01
-4.214942583676962728e-01 -2.545313497923646362e-01 -8.237303989168788532e-02 4.389477373493655410e-01 -1.912122294707527259e-02 3.695358493604759542e-01
2.202025984256171520e-01 -1.499673007187639628e-01 4.206855178329889644e-01 -3.042215885421560850e-01 2.469363203432403675e-01 -3.326051217683929084e-01
6.994149942689353860e-01 7.244565093488510021e-02 -5.570129872353838524e-02 -2.376186930228638694e-01 3.913266587347289938e-01 8.671629760813143184e-02
3.548957576133657810e-01 3.123502702154304367e-01 2.545609205976825246e-02 1.103104069805532494e-01 -6.570548918240908254e-01 4.680190949259605687e-03
4.414815240842837607e-01 -9.652784603485667358e-02 2.002245983829407938e-01 -4.645718548509051304e-01 -4.053992367804660768e-01 -8.902570585026134409e-02
-9.170763607621237878e-02 -2.402238667504071230e-03 4.753609040705414901e-01 -4.197641498497678425e-01 -1.961525392343277385e-02 -4.691403589654272177e-01
3.276904199438448462e-01 -3.514004486275521533e-01 -1.205282321634900261e-01 2.105181464762673205e-02 5.951038999048897660e-01 -2.001811351283971918e-02
-2.236380795517557696e-01 -2.272443644990141121e-01 2.756221911603788932e-01 1.595730954429206150e-01 1.300071637380099954e-01 -5.761527444485002869e-01
-7.788483297755618984e-02 4.032525197106748976e-02 -5.516295367419713491e-01 -1.371468355097552050e-01 1.758520750314672421e-01 4.373702080947140525e-01
3.308750770248867767e-01 -7.516841521402753412e-02 3.292389644993596320e-01 -5.537735361537801104e-01 9.154453224023020863e-02 -1.061960184225171910e-01
-1.291157004517787532e-01 1.282193956354062657e-02 4.714448050702061410e-01 -2.005585850943724657e-01 2.415158438007046771e-01 -4.994285195189021032e-01
4.034096378500200142e-02 -7.932284113128143521e-02 -5.735031419255385288e-01 -3.576551220515220564e-01 1.180457189974939702e-01 3.224012989226470172e-01
-2.069450781627931724e-01 1.685553124279096926e-01 3.993571408488283403e-01 -1.283997027301647664e-01 -1.680896239891317145e-01 -5.389929061927399845e-01
-3.896304247550657074e-01 3.684662871465801404e-01 -1.032951608153604567e-01 4.959299816110791514e-01 2.889848016645119033e-02 2.136850769587541610e-01
-1.636622066562190836e-01 2.022489069355991320e-01 3.606006852786462491e-01 -2.076905056125050164e-02 -2.356453810684117356e-01 -5.269972746529205665e-01
3.567860015836718524e-01 -2.233245401561493315e-01 -2.910456647278396036e-01 -5.836670060703679219e-01 3.050457902754244444e-02 -6.495073190336955737e-02
-4.013733427187151509e-02 -3.940060467683828005e-01 2.331200982636107422e-01 1.842173903285196368e-01 3.520045227540038457e-01 -3.938832412094474544e-01
-5.142051324226049047e-01 1.304721514637051383e-02 -2.348977575229581893e-01 2.716471683405127235e-01 1.279032276367566001e-01 3.727569616886371451e-01
-2.318529938273584945e-01 1.631013837045578729e-01 -4.050978314242603684e-01 1.195516330181425058e-01 -8.180284474404708739e-02 4.985263753783062413e-01
4.424155432036093183e-01 -2.706920294860750698e-01 4.754801356872703083e-02 -3.758290059814306527e-02 5.936149650237610986e-01 -1.027014895561423058e-01
3.610029357164050712e-01 7.924581759476327647e-02 -2.818380168877026026e-01 -4.352545575321863369e-01 -4.363698141127835828e-01 3.457077689700999157e-02
2.002860500612159145e-01 -1.551347317670243309e-01 3.423099745247000780e-01 -3.702618758239117902e-01 8.695891579667594518e-02 -4.424611577664167572e-01
1.386622379955949613e-01 -4.381459400421660044e-01 -2.524515771776391082e-01 1.397102376905509369e-01 4.506302141355407187e-01 2.058887433940126410e-01
-2.908785283820371909e-02 1.357063520713675253e-01 4.305661930996309561e-01 -3.183351652308366586e-01 -1.567371679101433324e-01 -4.809231265824277513e-01
-5.766190192721984964e-01 -4.878326129065208711e-02 9.070487694915782551e-02 1.820812991871036957e-01 6.829784112995893053e-02 -5.501272712969549339e-01
-3.194717520870061778e-01 -2.427109445897357720e-01 2.383799185397448006e-01 2.153687277429111591e-01 3.310436536206337599e-02 -5.602887085713348370e-01
-2.511761675909886943e-02 -3.410441369216787866e-02 -6.484166508174586951e-01 -1.659140225543263292e-01 -3.171904642198422608e-01 3.002870226822219601e-01
1.306484183300719304e-01 -4.613534862627524831e-03 5.908813666610310822e-01 -3.871780883177854404e-01 2.381321954479065361e-01 -2.294418741586362609e-01
3.251125557235625685e-01 2.790882720096678482e-01 1.081732993985633634e-01 -7.213382811185181653e-02 -6.090177576846644847e-01 -1.230473539831281188e-01
-2.154626699311020244e-01 -4.575638672732538215e-01 3.496270886713603865e-02 3.087184525696433091e-01 3.927058033954711203e-01 8.266635605219588290e-02
4.518788637697652710e-01 -7.832719821080812161e-02 -1.689285230852329567e-01 -4.430715474344016913e-01 3.611078221164302215e-01 -9.172344297069585928e-02
-4.979565378987217406e-01 4.542797081242021251e-02 -1.764026055998668685e-01 4.855574089463081666e-01 1.893339972440704483e-02 -3.552834432101988904e-01
-1.876259994376786588e-01 2.561310386368704783e-01 -4.138457476828395487e-01 1.445336604583636331e-01 -2.082467313950312482e-01 4.071434404542173535e-01
1.674959771646873652e-01 1.858259019665130518e-01 -4.870860290289403816e-01 -2.428703205058530268e-01 -3.296755371722310812e-01 2.651491522688084190e-01
1.912834842242996380e-01 3.733223863137233867e-01 -2.327735689242500239e-01 -3.139554445759001888e-02 -5.421562672316246889e-01 1.023575771784162314e-01
6.529354114557602007e-02 -4.762532799400212569e-01 7.386398458213899731e-02 1.219600111010645804e-01 4.939727485868322110e-01 -1.616150266944357261e-01
4.190702655319105130e-01 -2.525865973588560243e-01 -1.993580557185684332e-01 -1.673964523696599427e-01 4.750797431357272060e-01 1.563925390876537980e-01
1.207361596568694573e-01 -1.355739907063872041e-01 -4.966726825796767830e-01 -3.229206783197567376e-01 2.295336353589662592e-01 3.217801453252084887e-01
-1.100091907635153410e-01 2.589159349279656630e-01 -4.310286609621666321e-01 7.319650112842884804e-02 -2.464618383160750992e-01 4.121966830410179750e-01
7.907407741642699661e-02 -4.611134860079991737e-01 1.175268025937908911e-01 2.560206966940308249e-01 4.803120982527115945e-01 -1.695407212148179465e-01
-1.188061498236545194e-01 -9.160010560383285982e-02 4.433170538694336527e-01 -1.460447474386914746e-01 -1.406572239033142824e-01 -5.551074339833617088e-01
-4.741069757256283212e-01 -1.357443748965477814e-01 -1.944466764773941092e-01 3.388695011189426509e-01 5.371279532748074459e-03 3.704919221086647729e-01
5.311242399528547098e-02 5.497262032068942483e-01 -1.703524335493925707e-02 3.866211874222296174e-01 -3.872493449921960984e-01 -1.211924648733952725e-01
3.274476187826358964e-01 -2.743429591834523618e-01 1.633655387750072852e-01 -2.145295347620304605e-01 5.017755438856061900e-01 -1.589709844882821466e-01
4.505560836794879620e-01 -1.638141565758989282e-01 -1.782341288469183882e-01 -2.714864121121202123e-01 4.815951696173411678e-01 7.096746812592102938e-02
1.218141580898697007e-01 -4.031446382183473953e-01 1.896916110063565364e-01 5.617745669551335586e-02 4.744844668644029873e-01 -2.851335961401456620e-01
1.189465506530771460e-01 4.504906632153349855e-01 6.983344199794357110e-02 2.766384172777477390e-01 -5.309653651929497897e-01 -3.914976543083159566e-02
-7.128940961440057011e-02 -4.581057290177509289e-01 1.647101725201294276e-01 2.623179365917119865e-01 3.521429644779824342e-01 -3.171644929747190478e-01
2.618150789019828006e-01 -1.242577916894294920e-01 -4.670185918297311001e-01 -4.450723247989178399e-01 1.160844275315900953e-01 1.982225795877597396e-01
-3.489753687097647827e-02 -3.119248983623933991e-01 2.837334224442603636e-01 1.699396749241730564e-01 2.923955842463097921e-01 -4.862266225993595592e-01
2.524411992503510227e-01 -1.828571283049959528e-01 -3.549437254124761520e-01 -2.995360693735940050e-01 3.636379089450528235e-01 2.748691588503952565e-01
1.396238195821288691e-02 -5.192334125555657653e-01 -2.076354055918064323e-02 2.626023084018559994e-01 4.414365312358967675e-01 -1.444221272962445402e-01
-2.750384342338139665e-01 -2.500620366714664811e-01 2.457783816740329863e-01 2.145413441684716482e-01 1.116978443058541659e-01 -5.475950670213740601e-01
1.272407721126373181e-01 -4.536527981035744506e-01 1.146998215862819193e-01 6.934575352854968622e-02 4.759303196468235853e-01 -2.493378056126077380e-01
-1.504065865436175764e-01 -4.384411599896015366e-01 1.374312393877833438e-01 3.230922310395274444e-01 2.630125190207158736e-01 -3.952615482020750415e-01
2.435416645065834051e-02 -5.829440627168487321e-01 -1.029290682514179683e-01 2.524869749794929064e-01 3.628008947872632950e-01 1.284189315849570412e-01
-4.537844508395749710e-01 -3.145810789879363023e-01 -9.627995846898594612e-02 5.153900616460417305e-01 -1.058144157290314968e-01 -2.271128467655088023e-01
3.892416019760729790e-02 -4.555862023155202722e-01 1.440953808616824983e-01 1.947452982213527806e-01 4.316313834708450647e-01 -2.901450230811085662e-01
7.036604928706127748e-02 -4.527895025027214859e-01 1.872789274100339352e-01 4.311860102944388429e-02 4.353534912624728581e-01 -2.714798318406710931e-01
4.107611289508228403e-01 -3.797736939130582634e-01 -3.523135123262528118e-02 -5.440505587509586460e-02 4.577524836443299661e-01 2.514223115742704739e-01
3.575436824347243969e-01 -1.503644467886448843e-01 1.617434200965543190e-01 -3.837240432335107809e-01 4.171060946075463294e-01 -1.967246308231277718e-01
-2.505465097724433599e-01 -4.726862759609882225e-01 -2.067450861093163006e-01 3.723686140732996308e-01 2.063455366008892788e-01 1.817038114475877375e-01
1.873746417584907717e-02 3.238606460171940538e-01 -3.872027120401805855e-01 8.503019940511288843e-02 -3.607070797436879306e-01 3.387258671619311490e-01
-8.363955338402585815e-02 -1.280829391997485855e-01 4.812903131557184633e-01 -1.941982047542865630e-01 1.453042223621328344e-01 -4.742389875464247950e-01
-2.281560461493974956e-01 2.769745568920483070e-01 -1.811375352942905248e-01 2.967054104643815360e-01 -2.701995115443248663e-01 4.708754938639075904e-01
4.740570008115554956e-01 1.795929222891638755e-01 -8.155486314317318686e-02 -2.777851383671356422e-01 -4.765092127236485453e-01 -1.626025244030526729e-02
-1.774434481563345323e-01 -2.341940842346958707e-01 -4.057793109510858809e-01 -5.491623126140961209e-02 1.595884275272506370e-01 5.052214654209413736e-01
2.746626139080324824e-01 2.503197624672812704e-01 3.229547773657653331e-01 -3.587783695761653791e-01 -3.001034323803662973e-01 -2.209080978300699827e-01
-2.978722310550339647e-01 5.772888757354572853e-01 5.315677945876966931e-02 3.309747551990732117e-01 -1.397590719375861879e-01 -2.474986855123545992e-01
8.937920634401841369e-02 -2.392356673051454496e-01 -4.419246181547686336e-01 -1.237171553681297997e-01 3.060839853865383597e-01 3.687642352367571097e-01
-2.411748956559956608e-02 4.210705992254919483e-01 -3.112509719102264372e-01 2.025843963433836270e-01 -3.478840374582606865e-01 2.865073585611005447e-01
4.470182307245796904e-01 -2.403098262114668482e-01 -8.058414586018433634e-02 -2.104441988866274649e-01 5.127773807055886479e-01 -1.051363846093602006e-01
-1.481287813923267416e-01 2.440219035590537183e-02 5.535809327676971536e-01 -3.698027551314356787e-01 -1.306472182048782904e-01 -4.091341498354913453e-01
-2.258005734290397248e-01 -3.333748649714088352e-01 2.535500844557839750e-01 3.241638989813927507e-01 1.372946499876592230e-01 -4.363841781913977425e-01
9.718326071542027211e-02 -3.364142834581382302e-01 -4.226401246761357089e-01 -7.028925851611048103e-02 3.839082523546803460e-01 2.504782896481459464e-01
2.685126374676248817e-01 3.859057683529876215e-01 -1.800088505723147214e-01 8.389282159898825419e-02 -5.776307885733985570e-01 1.367343322017794405e-02
-1.495389881417990563e-01 2.308724351619597381e-01 2.822476966544235633e-01 1.674662047100873852e-01 -2.531789661393532009e-01 -5.333514380944881506e-01
-1.234228286807586006e-01 -4.319958019387867831e-01 2.006893569223099916e-01 2.272293360970935039e-01 2.945417721202267525e-01 -3.902304454341938844e-01
-3.406630832233598638e-01 -9.770096337051244195e-02 3.115437793110355513e-01 -8.703564308798766858e-02 9.190179820514274289e-03 -6.498340887084512740e-01
-1.697200136547722393e-01 3.015040476942505987e-01 -3.467070940325877593e-01 2.070151681149085543e-01 -3.388954729981292213e-01 3.225903411290418910e-01
4.151238073552416807e-01 7.292932781001916498e-02 -3.101645687191611489e-01 -4.863589208280651999e-01 3.027270396183616152e-01 5.660770727076697151e-02
-1.945640185977859649e-01 1.524675812523246243e-01 -4.544334839675637228e-01 -9.623951235672259519e-02 -2.796542997006856712e-02 5.242269371866130623e-01
3.315372194991147436e-01 2.333346203209056557e-01 -3.554537710879632773e-01 -2.339224605436661664e-01 -3.724458593388756400e-01 2.042652304736068958e-01
-1.105797372605332868e-01 7.325877606322865609e-02 4.463711629432072225e-01 -1.171167777966211354e-01 -2.105639116957397916e-01 -5.124833354111075767e-01
3.636720974138752949e-01 2.671717208527926157e-01 -1.625742868224057391e-01 -2.161643867247037276e-01 -5.378070649655175561e-01 -3.688098531317518525e-02
3.380550558912673864e-01 1.553205122968016050e-01 2.215051826554191583e-01 -3.173509567112000607e-01 -4.819781012457329816e-01 -1.838260841144876145e-01
-2.511436214092250263e-01 2.938743944762158278e-01 -3.147224031524249455e-01 7.423276440782700103e-02 -5.630237926865544473e-02 5.636319869898832602e-01
-8.504089735119618743e-02 -4.151598766368662652e-01 -2.912168439614673532e-01 1.296133848981192993e-01 3.347230924292721177e-01 3.345619283028082314e-01
3.016996736391097667e-01 9.157851133910864527e-02 3.368109744621844426e-01 -5.469307609859913599e-01 -1.765354927298797838e-01 -1.191947998983015622e-01
3.730946808615331900e-01 -1.328854505610033709e-01 2.978814092969820360e-01 -3.669890298735497547e-01 2.592568554326411534e-01 -2.484705953251086230e-01
-3.792454873867257686e-02 4.947020452730702678e-01 4.375833397614900533e-02 2.782579457823592950e-01 -4.317605084044318087e-01 -1.604370792725803296e-01
2.841120432418724473e-01 -4.432441111216112867e-02 4.566234680301443083e-01 -5.259237075812295270e-01 1.445577701955170213e-01 -9.850318776374467067e-02
3.213162573069512362e-01 -3.069299582586468844e-01 1.252728200262426816e-01 -1.743005236543593295e-01 5.049704248915830584e-01 -1.832426160058270859e-01
4.205814088875722140e-02 -9.845021656745817085e-02 -5.816285497876044763e-01 -4.250754039694178976e-01 1.787682122905916438e-01 2.579762346018782404e-01
-1.775090772084399748e-01 -1.675397463952490174e-01 -3.987292920165468324e-01 -1.005172857395454089e-01 -5.546512666478480014e-02 5.919833523252330254e-01
3.673038777995993875e-01 -3.786547323772794793e-01 -4.298085105084332308e-02 4.827348541710424490e-02 5.673172666243517792e-01 1.495519853082014766e-02
-4.372583514644548530e-01 3.327456867960888465e-01 -5.488763512391853228e-02 4.952757583052968537e-01 5.127664990783892263e-02 -2.810630435774849611e-01
2.957536574550707620e-01 -2.076955188798021712e-01 2.443449707226997836e-01 -2.805059576935208243e-01 4.651257895552526334e-01 -2.195907391170774936e-01
8.043981863919688613e-02 3.991973596506767086e-01 -2.468361562510803520e-01 1.066545092347323531e-02 -5.125470885269025612e-01 1.579521820533135723e-01
-2.932966073808633833e-01 4.696699641677341552e-01 -1.496644040842867729e-01 3.704984199413944301e-01 -2.032367985075295702e-01 1.767902642054151041e-01
3.519642700561219084e-01 -6.528723584153049708e-02 3.023584348087427487e-01 -4.684453170408237610e-01 1.379806795142111131e-01 -2.320667367413538629e-01
8.366396320192420744e-02 1.836485165159235655e-01 -5.024727073375427899e-01 -1.423227770612097431e-01 -2.911232052510963064e-01 3.481281423185237367e-01
2.640239410334576167e-02 -1.313071900800202862e-02 5.235308125899816867e-01 -1.927837427724417296e-01 -2.715214124337125279e-01 -4.173154484710106527e-01
-4.078976175472449200e-02 -2.791112645730062791e-01 3.533484797284699441e-01 2.849395845397603710e-03 2.707839840447078261e-01 -4.807443445252902459e-01
-2.771122594214684987e-01 2.260412931649579682e-01 3.053195049143076489e-01 8.467023763120568036e-02 -1.789268899613727926e-01 -5.343912759392492884e-01
4.189394512180071861e-01 -5.684196682543216778e-02 -4.010600194546877217e-01 -4.308117041433635053e-01 3.117590917386025562e-01 -2.415653898854930315e-02
-2.656317080892502958e-01 -5.558235319062810875e-01 -2.472526517410969515e-02 3.988852508416393938e-01 1.570195717936121449e-01 -2.489392718747291955e-01
1.314713878248877921e-01 -3.504111539352378069e-01 -4.129674664531030603e-01 -8.980927538157013057e-02 4.461475583862274386e-01 1.496417104323076175e-01
-1.691854124805264592e-01 4.095795322484168666e-01 -2.732789167346764136e-01 2.487140637475944993e-01 -2.981651596787996961e-01 2.963327745227201104e-01
-2.723217050010552365e-01 3.025038639141197638e-01 3.091987311025037877e-01 2.292384427272299297e-01 -1.442126806794858385e-01 -4.316668079780570655e-01
-4.448816150374381162e-01 -2.921886541813125127e-01 1.979949965567238401e-01 5.433105380106590943e-01 -3.246137660500583166e-01 4.824560332100724658e-02
-1.032634051572542538e-01 4.724081659882765627e-01 -1.340037817929150554e-01 3.517940194657361297e-01 -3.774678355680619046e-01 1.317658972039599807e-01
-2.673198773983526677e-01 2.744085826534225503e-01 1.651240834934229740e-01 6.109624711292331867e-01 -1.706769832181520563e-01 -9.572668959644037301e-03
-3.596401965271534551e-01 -3.101892114178584903e-01 4.131680307309353734e-02 5.071645808982898629e-01 2.164202235808432295e-02 -3.308894705483533816e-01
-1.817140537756965213e-01 1.593226277480466746e-01 3.706380976674467642e-01 4.620639643858404089e-02 -1.931018499119426246e-01 -5.370233237448567287e-01
-1.041100933407682755e-01 1.589198294583176740e-01 3.968788419993883876e-01 -7.551668122826057927e-02 1.084644204287951719e-02 -5.916840992052078141e-01
-3.494779227386491383e-01 -4.034724947536023620e-01 -6.879032079228060426e-02 4.586057958274827873e-01 1.099874252419718035e-01 2.199303302641882341e-01
-1.996650522901767880e-02 4.368391440956980731e-01 -1.785243870490714202e-01 3.446111479470366779e-01 -4.713972665487030089e-01 2.687706665663053274e-02
-3.800150458608023696e-01 -1.500525348513009061e-01 -3.795635662802679389e-01 1.635848119684139013e-01 1.596241762803197461e-01 4.005643265365179118e-01
-4.963515733785959783e-01 -5.939405725909082528e-02 1.830049807141033158e-01 1.745283463930236700e-01 -7.731709010844156627e-02 -5.583443958558822473e-01
-1.392136925220295585e-01 -3.470610442996358014e-02 4.662140646103991037e-01 -3.712563240095730910e-01 -4.921183082901579159e-02 -5.063833860720361457e-01
-1.602903849819216908e-01 -2.267627562308426326e-01 -4.534379598321746641e-01 -1.765996486122581310e-02 8.180454338412723736e-02 4.870102231447074881e-01
-4.526800271196861347e-01 1.200071124503663822e-01 -2.362585502013594685e-01 2.067374178040985999e-01 9.122799663362045341e-02 5.149673784133241838e-01
-3.566936456518360887e-01 -1.054797323566083883e-01 2.546499657083913237e-01 1.269682824498564178e-01 -3.114441931878449144e-02 -6.174425755626149481e-01
-3.037753186368133962e-01 -2.810401256784964552e-01 1.804606807466959395e-01 2.690324902326197698e-01 1.330802172005252082e-01 -5.269257452694953159e-01
-2.477403913736073160e-01 -4.052501234730497282e-01 -2.270359740048671360e-01 2.565832265761168185e-01 2.331890908105707649e-01 3.543873296586632082e-01
-1.067581693189811054e-01 -1.271478101005628358e-01 4.232945323114012393e-01 -4.220537040126227935e-02 2.047180614919404118e-01 -5.178207525628997221e-01
-2.246668226648021113e-02 -4.062804904259794680e-01 1.767512729399949856e-01 1.281337645318518237e-01 4.226945858637145559e-01 -3.618764540799189189e-01
-3.080881298497717413e-01 4.991252130500261480e-02 -4.469670082883844819e-01 -7.314623471055994863e-02 -2.623135588023670778e-02 5.220553938652472414e-01
1.521000320083316648e-01 3.223126544831904361e-02 -5.786608314665671049e-01 -4.137031968285783678e-01 -1.168645208305336552e-01 2.322874731445331298e-01
1.969093291866695905e-01 -1.003228407867433891e-01 4.075414482842235619e-01 -5.663967273589293194e-01 -2.767283081654817178e-02 -2.343976766272727330e-01
-5.035712398996580047e-02 -1.270162854508819772e-01 -5.545339517035500210e-01 -2.286016104809461824e-01 1.861095761193792553e-01 3.783010271922074841e-01
2.255418954535507725e-01 1.024039648596460628e-01 -3.997177563687506208e-01 -5.418898878667935959e-01 -8.771223890567605985e-02 2.125765250153062169e-01
2.641159861076813331e-01 2.721258113846645732e-01 -3.631556318801480998e-01 -1.822621033711993022e-01 -4.014125040764274233e-01 2.259901385697626885e-01
3.154182414192705647e-02 -3.389987444475694445e-01 -3.993077535514816812e-01 -5.139205904222052257e-04 3.632962620420261968e-01 3.118561889325515701e-01
-1.147911385822121960e-01 -5.634169453712539744e-02 4.677602673382825205e-01 -1.343336870072553979e-01 -1.814316731881966127e-01 -5.241926478961702607e-01
3.674187978727688209e-01 2.647284901184338013e-01 1.279151477715626262e-01 -1.493482399264473570e-01 -4.937359405232496501e-01 -2.691787153082014772e-01
-3.876701295697290162e-01 -2.741930920005721251e-01 1.048428696387007919e-01 5.579609011831340171e-01 4.537727689977144596e-02 4.437194275498287238e-02
3.939304906255351457e-01 -2.927745718165615241e-01 -9.883610120240114705e-02 -3.270518369169350126e-01 3.090925217737329200e-01 -4.422607436272188441e-01
-4.046240177405861504e-01 -3.313012484640935895e-01 -2.202371725848660186e-02 4.936435308681597633e-01 -1.458260857709947622e-03 -3.124010831865654536e-01
-3.798969964217452921e-01 3.372504513136079796e-01 -1.161448204912043786e-01 4.439219726972605806e-01 -4.416445724042811216e-02 3.031939132938046844e-01
1.464847757600326594e-01 3.356292422074297344e-01 -3.429751986468471125e-01 -2.507328885269302643e-02 -4.437778325820203040e-01 2.595963259330060779e-01
4.134594758642256562e-01 3.109298853297918774e-01 -1.262293745630712338e-01 1.508794678136431422e-01 -6.538676116067625443e-01 -1.114805008055494567e-01
1.799377352513194250e-01 2.573123456163036726e-01 3.313305173350291066e-01 -3.497524985102150596e-01 -3.372457160013127009e-01 -2.735901118578871194e-01
-2.593722832551813018e-01 2.627678128910552191e-01 -3.084640290589744094e-01 1.369475255770471467e-01 -2.632635696957486005e-04 5.711638820165464425e-01
3.423216543363670206e-01 -9.102387132436304262e-02 2.299268108748960537e-01 -3.737493539060891545e-01 4.670645351916543619e-01 -1.893340168529571710e-01
9.590231750605024419e-02 2.244002257986325299e-01 3.224754727974604718e-01 -3.913306047031641643e-01 -2.246081925534245960e-01 -4.265208688254167324e-01
-9.427642982376697317e-03 -2.192990166183395387e-02 -5.611045355453324612e-01 -3.679435406165007527e-01 9.514793685258368661e-02 3.650483302777940420e-01
-1.358413591253145314e-01 -5.145020954024952520e-01 2.138534335688023133e-02 3.068897638683790174e-01 3.504247382299455760e-01 -2.150268500581441478e-01
2.716855626267060675e-01 -4.558613374199142476e-01 -2.567341852760799195e-02 9.850277573975033119e-02 5.185870182856053834e-01 -1.687053184271622708e-01
-1.398611420882819589e-01 2.589349830208716868e-02 -5.673113064007463402e-01 -2.780761382100843671e-01 -2.233268052496953093e-01 3.912218725474878589e-01
3.898499249794297183e-01 -2.725851718856637240e-01 1.454693469306735099e-01 -5.796376406879182319e-01 -1.755799117477206128e-01 -7.966136959190517342e-02
2.330398863090713812e-01 -4.626303766087133673e-01 -1.280974936577927992e-01 1.166798369234352817e-01 4.928353850199843067e-01 1.430952740596837247e-01
-4.694414607914113025e-01 1.882140525618007099e-01 -3.836722762167731754e-02 5.091949305277374549e-01 1.311562540516692243e-01 1.591554830093058481e-01
1.727623622265636594e-01 -2.117471055508442501e-01 3.972682217722442455e-01 -3.191999964465376260e-01 3.117039298254738466e-01 -2.984127763959243951e-01
4.222929760536617838e-01 7.997891139185975273e-03 1.599017611570457131e-01 -4.647342533413689747e-01 -4.137387948173837926e-01 -2.803669161445349056e-02
-6.159114787178808781e-01 -1.896017573013610846e-01 7.689685851841424578e-03 3.653900096302223899e-01 -3.350861413186866367e-01 1.337122353138198438e-01
-2.927339614455689021e-01 2.241205382747578911e-01 -2.855976305240784385e-01 2.886118641292845788e-01 -1.867590830269177105e-01 4.166950206447085914e-01
-8.331286232249647539e-02 3.317931601261900898e-01 -3.433951782554641730e-01 1.948535000319918109e-01 -3.420881726438842474e-01 3.410808433833509845e-01
-4.448004059362258289e-01 2.731950845859070984e-02 -2.929749638655762545e-01 1.790788058968513230e-01 9.909493729030237341e-03 4.883518694312552477e-01
-1.732105621196424472e-01 4.583072206923543002e-01 3.507044170639365271e-02 6.310835345797016771e-01 -1.324710645330723358e-01 -2.889848606866318032e-02
-5.177508483523959870e-02 6.621868666192441688e-02 4.882688761177726988e-01 -3.268811172058646575e-01 -1.707573781741270613e-01 -4.434816353648409759e-01
-4.811555152852606265e-01 1.941157111261253010e-01 -1.594126943291131193e-01 4.077399525262114799e-01 2.620966876461575112e-01 2.936253108488265928e-01
-1.501518128271730756e-01 -5.519564810050782144e-01 -8.476614622462350090e-02 6.324622083835763631e-01 7.043968866128347273e-02 -7.300596812298880411e-02
-2.297272803511919981e-01 -4.644717555877324600e-01 -2.437735821807323344e-01 2.584381450284305437e-01 1.958185424522166374e-01 3.269375880080481744e-01
1.845475083994920773e-01 -4.067455493162140390e-01 1.852020384799121788e-01 -7.762591826683168383e-02 4.601076426421290555e-01 -2.388623881602741639e-01
1.606877257426082839e-01 3.985104577991087083e-01 2.239012035390002264e-01 9.784995813196814551e-02 -5.001914686638948560e-01 -2.101336595001310203e-01
3.376168402613353298e-02 -2.032596119506308585e-01 -4.952510239632342270e-01 -1.992294570673862342e-01 1.964833808992580422e-01 3.912706440400657848e-01
5.527260234058485322e-01 -2.328964710788152936e-04 -4.872296458570925248e-02 -2.559850232696624373e-01 5.862385158350584824e-01 -9.386413794932697841e-02
-2.883079500737918965e-01 -1.971429285599365921e-01 -3.167255491119995159e-01 2.447233827638136128e-01 2.076411369650996708e-01 4.262599544547855390e-01
-3.176770257454973878e-01 3.654398632520251544e-01 1.451309127420448430e-01 5.486808946759855754e-01 -1.337056807673956960e-01 1.284671914133669879e-01
-3.549349970582656444e-01 1.834965115003042435e-01 1.386966279607909913e-01 6.371629705427630519e-01 6.890478540254962869e-02 8.760495552931232832e-02
1.905003319204982004e-01 5.265635513035192838e-01 -8.226417489500958968e-02 5.452895151002851160e-01 -4.076564928938235521e-01 -4.541930390141783735e-02
2.636541419286838606e-01 -2.560286882842255363e-01 1.833894006113219455e-01 -1.492826270875097783e-01 5.419457074795592799e-01 -2.556095612324268407e-01
1.341609712675677635e-01 1.554741985280536087e-02 4.700491654392230378e-01 -3.014998099174694968e-01 1.210797532682840322e-01 -4.238538552185703301e-01
6.215128540468476542e-02 -4.609071927949574543e-01 -2.303874834299354524e-01 2.116053980386033984e-01 4.736955119739778008e-01 9.238372416981058266e-02
2.904333175305815473e-01 1.939778824172475324e-01 3.141516846594991086e-01 5.237072986726920565e-02 -3.674377901765372156e-01 -4.784002990747642792e-01
1.133492332431605271e-01 1.960586903209654008e-01 3.631699670180680850e-01 -2.622188126624664384e-01 -2.996743564909428170e-01 -4.198992439672772359e-01
-6.290662170136780695e-02 -3.559017123987453513e-01 -4.314658299719644208e-01 5.607633567663965202e-02 2.785901593396830078e-01 3.322508194153910854e-01
1.585650821361856977e-01 -2.569188175550006226e-01 3.613059690405449609e-01 -2.329546204023184575e-01 3.016457052646610015e-01 -3.699381737540519688e-01
2.435145188006982431e-01 -1.745760923460408509e-01 -2.711270758790672031e-01 -7.213807769413242976e-01 -5.830070365971429247e-02 -3.563375911453897649e-02
-1.977086875339928163e-01 3.771261523546245442e-01 2.113093549027077467e-01 1.819201644629720171e-01 -2.806054528482813115e-01 -4.392835056857523623e-01
4.748638557256952830e-01 -3.424080279837227181e-02 1.428687825784733245e-01 -5.140025351339068127e-01 -1.810133022855286988e-01 1.183515555208087822e-01
-1.728451606907460344e-02 -5.064407588768320423e-01 6.300257370411059543e-02 4.564276694975570869e-01 3.551040874471046438e-01 -1.195823189303830553e-01
2.644165082519451815e-01 -2.746168835318678059e-01 -3.425563325441649543e-01 -2.537196957825192944e-01 4.167466233397539299e-01 1.609825194175569241e-01
3.275790870165552482e-01 2.822127819093411261e-01 -2.349113548791657013e-01 9.751803398349023766e-03 -6.261007489197722986e-01 3.703045415471856172e-02
-9.578008200521844623e-03 4.073084820057927269e-01 2.006646585148633144e-01 1.333188277413147604e-01 -5.229371073945915382e-01 -1.373052183661148118e-01
-3.076159098065133213e-01 -2.620111931832439511e-01 -3.576261028051132551e-01 1.129357238526574880e-01 2.045233439295712774e-01 4.205010391887474275e-01
-3.629606770377111213e-02 4.634346159625012396e-01 -1.845072548193893158e-01 3.219353692091738717e-01 -4.114583338548934988e-01 1.414261186898363165e-01
7.651387217350631709e-02 -4.717004052622773003e-01 -1.551749743725615027e-01 2.129135839871995617e-01 5.113591057064116319e-01 -3.274492695305093737e-02
-1.771416127350232683e-01 8.490466945619778993e-02 4.083596032284770860e-01 -2.709294647074406148e-02 -1.704318143920086626e-01 -5.467784379825018082e-01
9.795724819965406782e-02 3.000252529729022788e-01 -3.644729529300652082e-01 2.585565279807837402e-02 -4.000033592494837142e-01 3.459926000776424315e-01
2.762918085160870341e-01 -2.806883350917755426e-01 2.056587905131448679e-01 -1.895042512829484549e-01 4.636222640762060476e-01 -2.729180190398187156e-01
7.274088810817735951e-02 -3.497201884087186574e-01 3.098637983587472222e-01 -1.534451890488162384e-01 3.783107721257300549e-01 -3.372921171698204379e-01
-6.884069670857656531e-02 3.794008025491833469e-01 2.188605777185091694e-01 8.483774509718031154e-02 -3.866343903875337218e-01 -4.052972706712720807e-01
-4.775763256001865353e-01 -8.414189209523018076e-02 -2.460930126956370478e-01 1.853971376312219532e-01 7.436968768795618190e-02 4.855764933831600572e-01
-2.102382617643386020e-01 3.191270060682978027e-01 2.713656542382996695e-01 2.023275651772069861e-01 -1.646116858422200790e-01 -5.005063017160151784e-01
-2.070217801252449141e-01 -3.596585047505789778e-01 -3.505196964299234774e-01 1.841009277239055719e-01 2.361190168703665715e-01 3.509588649929840654e-01
-1.052441172440793660e-01 2.242520548102140410e-01 -4.426417234781940824e-01 8.146089008962686950e-03 -2.503373716161542140e-01 4.302314273577010351e-01
-1.535528809259629479e-01 -4.257041548293130639e-01 -3.130846034007004342e-01 1.479360323246144693e-01 3.970027367990173750e-01 1.688467253736761209e-01
3.485534873823114554e-01 -2.167712625105567836e-01 -3.259655857105177579e-01 -3.502063520231941118e-01 3.774563150532515010e-01 7.231606450279576270e-02
-2.260726605405908307e-01 1.935634835789519781e-01 -4.101332931664386505e-01 -9.269899707158227309e-02 -9.681992438437297954e-02 5.374367265537194349e-01
-4.668262588008890157e-01 9.896326688095181956e-02 1.273459081310847618e-01 2.675468423951885555e-01 -5.260132991912840061e-02 -5.342614688202946827e-01
3.267985177118558071e-01 1.599481548038142742e-01 3.079108294732045281e-01 -3.243396407550010463e-01 -3.200153778603708199e-01 -2.800127249970227328e-01
-3.790541211863624471e-01 -2.192182087286390357e-01 2.161820415934177231e-01 2.410932564946515755e-01 -1.337443686663256082e-02 -5.408156938992216833e-01
-2.686834287968354329e-01 -3.740328959080528870e-01 1.616383516233527162e-01 3.331264725388350390e-01 1.398135085928242649e-01 -4.497426386240308549e-01
-1.064904630370678007e-01 -4.309528043094979811e-03 -5.853852304597465528e-01 -5.690323553171650062e-01 -4.066781634385133182e-02 3.004663783087796469e-01
-3.098467429007140672e-01 -1.116249212511714745e-01 3.031189856200376953e-01 6.116363947556169300e-02 -1.276497780509705526e-02 -6.202325226100884326e-01
4.515299585882524142e-02 1.029630762195385962e-01 -5.201515234101671270e-01 -1.418403849016496021e-01 -1.948252358801481621e-01 4.159871397848681207e-01
2.143029523159149449e-02 -3.124503603228561133e-01 3.428931757882046627e-01 -6.476519923754466002e-02 3.079873854637112940e-01 -4.366113722014166587e-01
-1.187147386072759936e-01 -6.908401628574743769e-02 5.047619801811658036e-01 -3.689896333856716448e-01 9.750085623743721952e-02 -4.489738099043784070e-01
3.780741684614664644e-01 3.748284211106749086e-02 -3.709987894479978565e-01 -4.203190921437351957e-01 -3.814049475007365575e-01 6.155319717827051340e-02
2.848732144289535875e-02 -2.099707093646782652e-01 -4.709363979427082514e-01 -4.442962120376948987e-02 2.499499236394255863e-01 4.140246920562630217e-01
2.189904700440957752e-01 3.251613292942786004e-01 -3.693229558521479161e-01 -8.871029567084942613e-02 -4.260193664906793409e-01 2.146700244639367927e-01
-2.980204337866455555e-01 -3.324535123398386638e-02 -4.601159626612919551e-01 -5.621903602806563316e-02 -2.285638551363800008e-02 5.101541819032301417e-01
1.655824811789871620e-01 -4.801780043054497127e-01 5.813695605372279362e-02 9.667460401215560717e-02 5.000019756783360414e-01 -1.276018694603471559e-01
-1.758926192205773065e-01 -4.976943637743323490e-01 9.120918466203650765e-02 3.373639789325391103e-01 2.804822562418693432e-01 -2.707422105728074513e-01
-4.695456904568033329e-01 -1.355848032180104468e-01 1.917355310174780614e-01 5.285253369524276490e-01 -8.809032744352099376e-02 2.317167643299768709e-01
6.802432777669013830e-02 3.812068194880606220e-01 -2.857946618011445450e-01 7.608601431257744352e-02 -4.518297440554574496e-01 2.673645313881245489e-01
-1.064306140131846545e-01 4.320761174406443500e-02 4.870496353222181218e-01 -3.147811859852666649e-01 -1.780660879564624766e-01 -4.656454832649127296e-01
1.632586287000997449e-01 -6.060451126026374785e-02 -5.935200455305962297e-01 -3.677243656979675146e-01 1.967845044937227839e-01 2.138261963193650583e-01
