2.158222178862811147e-01 3.780717790979817305e-01 3.439729576832180058e-01 1.457510212899619240e-01 1.504828530456625291e-01 -6.272599228073015842e-01
-3.055712164371702233e-01 1.514756416855740639e-01 3.921247724656425349e-01 1.811060290202448630e-03 -7.083446662487509204e-01 -1.558244358236832161e-02
3.608211056650828530e-01 3.512276516892039457e-01 -2.185018874896384189e-01 -5.816441865414349044e-01 3.295374172812712277e-01 1.150977328899598640e-01
3.845940633720320023e-01 1.542578153562806087e-01 -2.602310425443454811e-01 -7.602860736414734921e-02 1.393974139944028634e-01 6.272406041437237345e-01
4.798388808882386725e-02 1.251526857238426382e-01 6.143795439607783182e-01 4.322260085865698986e-01 1.983325096542524202e-01 -3.059479554680445412e-01
-4.343778732613929883e-01 5.040132899945837242e-02 4.555073624759000128e-01 5.196738369203202090e-01 3.364357448252840999e-01 3.662344815851884539e-01
-3.393927316416240347e-01 6.141192958421900494e-01 -6.678879870710512090e-02 -6.951001707923667450e-01 -2.508121867015686846e-01 2.872814601928427858e-01
1.714733152522406323e-01 6.785514570754769270e-01 9.813878739219940306e-03 -4.916318208630189313e-01 3.204180453775173909e-02 -3.674351737885667157e-01
2.580625446418939248e-02 1.036556190437472186e-01 6.991702028498258947e-01 4.936147226822872880e-01 -2.717078922686610443e-01 -1.009907006181306466e-01
-5.525954622507198710e-01 1.776690161846410654e-01 -3.995737888135406091e-02 -2.488305689551817412e-02 -6.488241864943790072e-01 1.560747693994915530e-01
4.519717415883517941e-01 1.684699093836614092e-01 3.162929473683743220e-01 3.028350484274665577e-01 4.545251974319140797e-02 -6.648415839773941238e-01
-6.395992762027160605e-01 1.803093371260349187e-01 1.216342300196224420e-02 -2.755316497026316647e-03 -5.642640371752717376e-01 2.122640508569096918e-01
-1.126770768800172406e-01 -5.337744930282884992e-01 2.089851148145442372e-01 -4.858063593234783761e-01 3.935833290222539027e-01 2.369495290745003147e-01
4.035930390541767609e-01 5.287992578131945898e-01 -2.044977775923299476e-02 -4.867157893330535945e-01 3.626009165568258030e-01 4.034939702302720033e-01
-3.495432417491141641e-01 -4.505075738707996491e-01 1.517381953395471050e-01 -2.543015652594725617e-01 4.981300740586632747e-01 -1.499497825288107766e-01
-4.757658229588199172e-01 -2.337183330619106991e-01 -3.052592529277189937e-01 4.120140730393088702e-01 -5.485108814408162781e-01 3.052714904035674914e-02
-3.370213890745515223e-02 -4.252413867304678519e-01 2.329845497774519214e-01 -3.629364719695168384e-01 4.138748953534840958e-01 -2.000150103548708480e-01
-2.797194639953638415e-02 1.920190860506967023e-01 -4.982466777841428329e-01 3.754067074483312672e-01 -3.234053093336358708e-01 2.578110939916504196e-01
-5.023329804357775652e-01 2.787796986949865330e-01 2.752507990980745389e-01 4.396162781483318183e-01 5.820001677512921523e-01 1.310670919806591339e-01
-1.271656787945364409e-01 -1.932201435882018037e-01 -3.107755553538205651e-01 2.031823940974122888e-01 4.006805227213435794e-01 4.228129868778952027e-01
9.486552494598758656e-02 -3.931358829954407358e-02 5.919828076984355869e-01 2.615799126431039290e-01 -3.521172775405392863e-01 -3.430894702202280655e-01
5.614079464292899280e-01 3.087846228869656762e-01 1.243970284130984788e-01 -2.982686958834135371e-01 3.356925060236100045e-01 6.345264595254983542e-01
1.753075418203110525e-01 2.172442631872083252e-01 -5.898945416317646906e-01 2.081007388359483179e-01 5.481607103910081102e-01 3.531955448390392549e-01
-4.395034822995275703e-01 -9.422054209634030120e-02 -3.400604495963772123e-01 5.360423994210750109e-02 6.411334532653897300e-01 1.248043434039178834e-01
1.715133005143945344e-01 1.305383937173603404e-01 -4.434476958764482779e-01 2.411778531004035442e-01 -1.361680032799319207e-01 5.178090585412847835e-01
8.298444328751928278e-01 1.321625950099414859e-01 1.019608075513623452e-01 3.898396946286380449e-01 2.128029632313487574e-01 -7.924065450133970234e-01
6.044210325604262302e-01 -2.005267284396184124e-01 -8.441342786941126441e-02 -7.455500895506250725e-02 2.700930224908411059e-01 4.790655735868183940e-01
2.659292905587264388e-01 6.132494422156611336e-01 1.791198510441598946e-01 -5.257488552749147726e-01 6.021648279027758122e-02 4.387354499564944943e-01
-2.936713403336451700e-01 -5.497381547717702377e-01 -3.550757526675853981e-01 6.700737918088031098e-01 -2.833822684063484476e-01 -3.708827786442105423e-01
-6.117189367792010835e-01 -2.579940175483008691e-01 -1.183704675897354480e-01 -2.366226702704543605e-01 6.578278982869973923e-01 2.506247607023122381e-02
-3.858118016791237115e-02 -3.243097449720149794e-01 -3.098602139472310113e-01 7.826554273064001421e-02 3.093749094677534228e-01 4.548558131343388156e-01
4.740635349340681093e-01 2.093782952847920154e-01 4.802100244116604411e-01 4.684402527989067755e-01 1.786706695146186852e-01 -5.193025670135738014e-01
-5.614136198225772034e-01 -1.480970825413409075e-01 -1.251162579289594456e-01 3.375016208259676853e-01 -5.858088449648055640e-01 -1.061477797107917009e-01
-1.806260300939319802e-02 6.512237087008668768e-01 -1.528374386060024070e-01 -5.384960686503189597e-01 -1.024350610277235951e-01 2.485943322494729157e-01
-3.994242219536193739e-01 -4.669652280501824793e-01 -6.676381476598788889e-02 -4.044499589480608504e-01 4.978302773932036240e-01 1.961893648000782864e-01
4.248486221390488371e-01 -3.419909964042011086e-01 1.062963449925548864e-01 -3.702910118726542299e-01 -9.403381926680332015e-03 6.133845435536009472e-01
-1.124393935056050842e-01 7.959138920926615013e-01 3.075672241910605911e-02 -9.671894551615169977e-01 2.779591047527344427e-01 6.430028172436698386e-02
1.347532339341860341e-01 2.879725419102296957e-01 -3.526399444064930999e-01 1.274511353343277253e-02 -1.831150521256936781e-01 5.209678035569280663e-01
-5.076181609669618844e-01 6.129639544099491077e-02 -4.115031952818395400e-01 3.459468980116517933e-01 5.725650206003503051e-01 -3.113479007712723345e-01
2.881946037954388751e-01 4.640614617327980529e-01 1.059677329337199575e-01 -3.706097567734668030e-01 -1.555213891913237445e-02 -4.736421432460133918e-01
1.316740721957481049e-02 4.200732849789930445e-01 3.262198109831535020e-01 -1.156011175537491192e-01 -2.978543157402637198e-01 -3.578844406870092532e-01
1.192675190217508813e-01 -4.595907328287526794e-01 2.761434473293281622e-01 -2.605639893054343958e-01 2.448021283789660330e-01 -3.234887085475051105e-01
-7.585980149123519034e-01 2.379078157942086935e-01 -7.906875150514124095e-02 -5.751247596125586004e-01 -7.448763174367223350e-01 -5.732221018877320384e-02
-3.841652288091910172e-01 -9.641292711471190213e-02 -3.989397486151629590e-01 3.038320812338688448e-01 4.784480073051100013e-01 4.399885599216074583e-02
1.394961356844775235e-01 5.338532589290440056e-01 -7.837082941834372374e-02 -4.365817002338273634e-01 -1.348889556928430933e-01 3.916485077863041120e-01
-4.102438685718476918e-01 -4.628172124015622058e-01 1.235028063773574436e-01 -5.427924629926332845e-01 5.283429790688098926e-01 1.178155432843284167e-01
1.073696797041683998e-01 2.898872210063921373e-01 3.607731656907048889e-01 -1.052152539069998310e-01 -3.364259165397633367e-01 -3.892531670061050719e-01
-7.488505383344962185e-01 2.687435157674867847e-01 -2.758636657546035056e-02 -2.832020803919325647e-01 -5.598885370198579681e-01 -3.382959330666509001e-01
-1.301587903770882459e-01 1.785275971959214281e-01 -4.479053643870559709e-01 3.077187655666199229e-01 -1.730295596440832306e-01 3.795430095163175865e-01
2.375163335486784599e-01 2.950755576290086668e-01 -2.550363109079891166e-01 4.216984317060593068e-02 1.422023833524572178e-01 7.137100652315970795e-01
-1.388921230708782262e-01 -2.992072950082282912e-01 4.178977532070022316e-01 -8.008962930703787675e-02 3.681796400471392117e-01 -3.244882283716885030e-01
7.019802161042458799e-01 -4.271107516735050263e-02 2.694838608222203113e-01 -1.210837724097626467e-01 3.239114576620162889e-01 7.032506060127567959e-01
2.302223057941671022e-02 1.333655276950090245e-03 -5.480320284598972913e-01 6.029310481343670425e-01 3.175323826855516035e-02 2.660812390235876013e-01
3.562937192096038430e-01 1.917129530502908186e-01 2.407712161496150249e-01 -1.292630260196089842e-01 -2.328973552668742453e-01 -5.233889327937955027e-01
2.293298933241307014e-01 5.466279703921803623e-01 -5.420315315188198313e-02 -4.267695027807967278e-01 -6.285750941580681150e-02 3.908373307751167314e-01
8.176769671895429969e-02 9.920103858396398661e-03 6.464488442907799781e-01 5.751307309973502369e-01 1.098356930772509954e-01 -2.176170047269111452e-01
-1.660348845405228979e-01 -2.523884732906832573e-01 -3.835583554039640464e-01 8.746751583595874235e-02 4.707132155106071858e-01 2.589838460552736366e-01
5.842296224054976950e-01 1.139895711318782423e-01 3.362543775112478150e-01 5.101186546574760783e-01 5.344179302816071814e-02 -6.591558550191167765e-01
-4.363628047345742278e-01 -3.493475008874582510e-01 -1.011927011018524253e-01 -1.991401067209171982e-01 5.663175801350530669e-01 2.232804887662151461e-01
5.795325851486635704e-01 3.560649658320078764e-02 -4.517916650291669001e-01 7.662324429715754448e-01 1.572413047598059666e-01 5.230663433642324112e-01
-3.885645959100390012e-01 7.527556433483252318e-01 2.495361773559571228e-01 -6.730197073259960305e-01 -2.021506474941923148e-01 3.346200494982188300e-01
3.159163392758344013e-01 5.451325441899830260e-01 -5.725628020455694397e-03 -4.808599204811272454e-01 3.286257380136758943e-02 3.147850103767022012e-01
-7.063637596627218018e-01 -1.187203816059162892e-01 -1.864776877767329033e-01 -4.100216082638219461e-02 6.178757676142481170e-01 -3.078039246258789108e-01
2.414535544232754988e-02 6.863845455322562517e-01 5.116575741949615230e-02 -3.953835567156714914e-01 -1.462661587706723942e-01 -3.103426055368301295e-01
-7.445162375859682991e-01 4.361251357939218698e-01 7.987011565583106154e-02 -7.338186283938765708e-01 -5.600923629628826728e-01 1.661038464594400965e-01
-5.819256202557120394e-01 3.107637896283869106e-01 1.356776325288316098e-01 -3.544667879485826623e-01 -6.494015452359519491e-01 -2.663382526244439941e-02
5.130833828078619208e-01 2.623894502657335703e-01 -1.970320214180003859e-01 -3.566278117301378003e-01 2.282745400116957812e-01 -6.894125764703344927e-01
-1.374360917573811958e-01 -6.007901282281995492e-01 1.181614625713630767e-01 -4.993698232468906650e-01 2.544415278413280079e-01 -2.527600769307973838e-01
-1.947318327016340500e-01 3.079820499283782431e-01 -3.094241169955087578e-01 7.662308935368067342e-04 -4.246982829290975592e-01 3.424654725627207519e-01
-2.640968063035839530e-01 -1.558970719907625535e-01 -4.000997421352410210e-01 1.821242992391190474e-01 4.707710152027453354e-01 2.387850937009822205e-01
4.875595316900565579e-01 7.592895555776948968e-02 2.528168644876718774e-01 2.055697316661042606e-02 -6.750028014646983210e-02 -6.197292172053543435e-01
8.936639461216529245e-02 6.437025429436787904e-01 -4.790417881302412584e-02 -6.215965259408278154e-01 -6.598806285873282107e-03 2.197520947711805728e-01
4.183059408854317152e-02 2.649326314368113944e-01 -3.793793554694102066e-01 8.596924406516900929e-02 -2.580779884151505610e-01 4.718031579202314751e-01
-5.012978178023800302e-01 -1.682300122612957055e-02 -1.951883384508838470e-01 2.945746578153108919e-01 -5.695658724245891147e-01 5.191957500688312854e-02
-3.045987841447822531e-01 4.481362159041072935e-01 2.143576982381440454e-01 -3.753732066220663022e-01 -5.456867332606647469e-01 1.288771341522534364e-01
-3.255428015301579329e-03 2.791308543394087072e-01 -3.547565432705314659e-01 -8.512436945047166525e-02 -3.366511730184633122e-01 4.288951467112572247e-01
-4.328097826877452814e-01 5.118566782923386072e-01 -1.049631860080331713e-01 -5.255044085250771824e-01 -4.571067073976011752e-01 -3.341305125036882484e-01
7.828684359036026941e-02 -6.480138818599434636e-01 -6.119114279936176820e-02 -3.251888025778341129e-01 1.183517086369954008e-01 4.387000300087167126e-01
3.863689505826926884e-02 -6.395974438214170332e-01 -6.935211773901223120e-02 -7.275610196036818023e-01 -3.082444411583773469e-02 1.364054833287203228e-01
2.126856982137478522e-02 5.952293503935328634e-01 -1.216698918035589300e-01 -4.511358230279749471e-01 -2.739667494836438566e-01 -2.677254619641739053e-01
-3.596006738683513171e-01 6.981450739441616427e-02 5.479586357723242873e-01 5.124413942521823806e-01 2.635910188625510964e-01 9.852199392911398235e-02
2.474449092234141945e-01 -3.575047282270653604e-01 2.941013218933362650e-01 -3.444839333704833306e-01 1.223068681535544044e-01 -3.535105041908777057e-01
4.129855984703567073e-01 2.280002056426044255e-01 -1.719895130090924318e-01 -1.618958871600406635e-03 3.304055857794777062e-02 7.168826921181150613e-01
7.099316814394894815e-01 2.702683949502526772e-01 8.937081955956203971e-02 -2.492915710161525134e-02 2.868238688992954533e-01 7.673866484758101736e-01
5.057645103770812278e-02 3.870801272525140613e-01 -2.092885062712764033e-01 -2.518527569401019517e-01 -2.590923763257380052e-01 4.914237526348514962e-01
-6.437036149189662160e-02 -2.329927973369234628e-01 4.748890984361412992e-01 1.861238001706724821e-02 2.901377141969140316e-01 -3.733139035120963123e-01
8.526933839406518334e-02 4.685324456180701147e-01 -2.170978829437945623e-01 -3.549160267128113611e-01 -2.340812270411573581e-01 3.419824970893789451e-01
3.422325092134247959e-01 -2.161993344040543386e-01 5.786684096785463804e-01 3.839406500238560782e-01 -3.480889126777728104e-01 -4.117181664284391696e-01
-3.870168937008547361e-01 -1.867570449348410766e-01 -3.058395215566029890e-01 7.655647451783786916e-02 6.032051359040866423e-01 9.548264967566510997e-02
-6.610802029735590724e-01 1.556053211642130230e-01 -4.013524492847995312e-02 -1.600979975885972184e-01 -7.030688412265404530e-01 -1.482810387910155348e-01
-2.094605805494210715e-01 2.584658986256829216e-01 3.534485956777505544e-01 1.928827204723712607e-01 -4.542511040113935694e-01 -2.211419909793133076e-01
-4.741270706585651862e-01 -3.153947423317569054e-01 -3.902339546925100988e-01 5.179274461777366723e-01 -4.225491121683569995e-01 -3.243114498128203405e-01
2.310860241796099390e-01 -4.948791046020167839e-01 -1.405135431418332581e-01 -1.644012574308184038e-01 -2.403759530194904404e-02 6.480916072372572279e-01
-1.117910999229519975e-01 -4.797552252964837338e-01 -2.572891905709048244e-01 -6.504179538160129725e-01 2.510563365789605372e-01 1.619906363876993938e-01
4.724929567008890330e-01 -9.350073282384131768e-02 6.749592169723379609e-01 6.799411251695054448e-01 -3.675809166326101662e-01 -2.641069735820702480e-01
-1.884667644815862103e-02 8.394260342315705906e-03 -6.972237691554999950e-01 7.876553192271797954e-01 -3.265149807681809457e-02 -1.074189059274196500e-01
3.022444966895347293e-02 -4.798019326750474489e-01 1.712673377891621718e-01 -4.252511869695531077e-01 3.300835493779149532e-01 -1.983641684282974327e-01
6.196166240163425432e-01 -3.795718088282908353e-01 -1.638573166603683740e-01 -3.450616423650351150e-01 -5.263602706905409212e-01 -3.826014362054078743e-01
4.838255945148891568e-01 -7.841798581213435537e-02 -1.329301104986349846e-01 -3.173679188778477656e-02 1.596425762396140591e-02 7.187079686469310946e-01
-4.836068757677356444e-01 4.111398931446613725e-01 1.301911670426497518e-02 -3.683041833009275123e-01 -5.528115193447149522e-01 2.528168720516427714e-01
3.939690829926674187e-01 -2.090497374642010520e-01 -1.898393119731135378e-02 -3.756824456752541064e-01 1.066571667759236008e-01 -5.739304827085792704e-01
-1.106014927651683549e-01 -1.475851418753479083e-01 -7.190694550077595393e-01 7.279527284999467440e-01 1.115940590613065664e-01 -2.398482536818022370e-01
2.326437679221186328e-01 2.777895373738910323e-02 -5.673997466395769296e-01 4.806942101501995857e-01 -1.503962948114586640e-01 3.848211095251101721e-01
5.217646710540401953e-03 2.778609293221850907e-01 -3.838330439241934844e-01 1.150181231428374917e-01 -3.114297913082038072e-01 4.165920318662627020e-01
4.006225560933586449e-02 5.611654243705518352e-01 -3.251217517423960479e-01 1.334813784451172047e-01 3.227360528569934162e-01 6.415344965114715414e-01
-1.780570593803333379e-01 -3.030920721556314423e-01 3.940649908789262135e-01 -2.108675413672475574e-02 4.463750176808581327e-01 -2.490985999156333230e-01
-1.215435637018217607e-01 9.775212328021715136e-02 -5.092568165389991242e-01 5.573594385754238045e-01 9.960531836594656296e-02 2.249688157886365891e-01
-1.920792224680029775e-02 -7.348375559652537969e-01 1.319315201721325270e-01 -7.775929889070488654e-01 -8.934017038729091809e-02 4.145933727183412354e-02
3.086802392282113061e-01 -2.485419205800836195e-01 -1.761248113220955161e-02 -1.377929428579876547e-01 1.169307844199376500e-01 7.991441531094666262e-01
-5.457239032413844226e-01 -1.055884875205232165e-01 1.726561856306749743e-01 -4.452569142877680353e-01 8.879667369589983039e-01 1.201738072542948843e-01
-4.501345846767701442e-01 8.165089260826784157e-02 -2.792578644324532622e-01 2.230226864436163359e-01 7.398010714586635839e-01 5.793292787502751784e-02
-6.150306581399470618e-01 -4.534551385939785129e-01 -4.593003222781980033e-02 2.056699420025906999e-01 -1.005968858191255810e+00 9.960042706665064860e-02
4.489699254442950371e-01 2.170268719943543867e-01 -7.712847477646728178e-02 -5.621504550972300507e-02 6.953599263142271059e-02 7.731859292100446979e-01
-2.647031995783987179e-01 -9.009436949502795666e-02 4.571829992294204614e-01 2.801009514467240891e-01 4.142383933441542987e-01 -2.127699105730465612e-01
-6.106774623909253519e-01 2.535446989719175037e-01 2.157253150422784038e-01 1.036133867378091766e-01 9.256445347374189225e-01 2.060895587437688858e-02
2.420015132930453117e-01 -6.383040244328605506e-02 -5.133614683623679564e-01 3.994406947390960472e-01 2.109701061131350752e-01 4.351624294086527955e-01
1.687163906725498985e-01 3.664349822231537379e-01 -2.703700416869585510e-01 -2.567087980618327214e-01 -2.206914251362315227e-01 4.183214644110737623e-01
2.757956697445756444e-01 -5.002080023335614412e-02 7.039502330834722654e-01 7.591099233859088802e-01 -1.330305776459241862e-01 -1.675523251921973156e-01
1.346635824328876532e-02 3.896977979488394639e-01 6.866552767774839472e-01 9.039762855538898689e-01 2.446200149983931704e-01 2.554424450395461621e-01
-3.056238489621926346e-01 -8.089796601501694218e-01 3.519682007152049458e-02 -1.052868560615062510e+00 -1.458828038524924153e-01 -8.711038848689262037e-03
6.100698346573435460e-01 1.533140025714852805e-01 7.931525803161898480e-02 2.300347492176046948e-02 -4.466430950402250355e-02 -7.056418600420653053e-01
4.285877259409190954e-01 2.997492470753232996e-01 9.736548103409077559e-03 -2.742110367119696690e-01 -9.668138814063670372e-02 6.004282195156942503e-01
-3.718399375873079893e-02 -2.048621175271512496e-01 6.169942286326993708e-01 2.126157953080657359e-01 2.798330170229307301e-01 -2.212603221605915493e-01
-4.078943679990190696e-02 8.490191130302963962e-02 6.093891499539854095e-01 4.525150237358234184e-01 -2.137188334892622388e-01 -2.076031143883728669e-01
1.071888763024189811e-01 -5.580076633026298527e-01 1.016703188503612632e-01 -4.675920975923055223e-01 1.995209640428783349e-01 -2.078086154903499017e-01
2.562002294183173268e-01 3.879026991875778041e-02 6.363146349084535247e-01 4.922977388943549082e-01 -3.575922969577202681e-01 -2.508938111151552963e-01
-1.202273353310221726e-01 3.771831268328348363e-01 -2.725801748879445041e-01 -1.203955617943014006e-01 -3.919039853361538928e-01 3.665637725882263664e-01
-3.554899013253490225e-02 7.618141723147755506e-01 1.434725822515952876e-01 -7.266705086056151064e-01 4.349503119618414182e-02 2.232764556294760117e-01
2.278247793192539061e-01 3.459193486417082020e-01 -2.147994274399972203e-01 -2.539282916934535450e-01 -1.533204254750256679e-01 5.053905659018276264e-01
-3.343284887931456950e-01 -1.069370667795237484e-01 -5.527978146035534834e-01 5.105686381189489254e-01 -3.817738606222957909e-01 -9.387126090905051345e-02
-8.051600970211262309e-01 1.095630418030089370e-01 -8.604603141827951024e-03 -3.460404305663724589e-01 -7.633432168824235697e-01 -1.736615491400992917e-01
-2.695081742486725163e-01 7.403840397929464245e-01 1.050380717309513934e-01 -7.745490664903202926e-01 -7.703878562446553335e-02 -1.720063681164775982e-01
-1.181157378100148175e-01 -5.527670187490246745e-01 1.150733052758990821e-01 -4.881495306531374867e-01 3.471703799584056060e-01 -1.155512176218982529e-01
-2.192852159816496282e-01 2.673422419097536418e-01 3.946838236399771715e-01 5.734142085634444941e-01 -2.739026126051145038e-01 1.141813641372913524e-01
3.853879162302325523e-01 -1.390393950841185000e-01 -3.308544307164126286e-01 1.304232179617684784e-01 1.229320194285729584e-01 5.999323228502089211e-01
-2.312626064015879668e-01 -3.195917502824947021e-01 -2.916261095708462814e-01 -1.261467860323907120e-01 5.383991067055657886e-01 2.111684345851183031e-01
3.359157238330195416e-01 -2.707792296300456369e-01 3.550621023491286055e-01 1.336112746337914936e-01 1.395647793409774962e-01 -5.341458059241760425e-01
-6.585627608432457203e-01 -3.254466429514025205e-01 -1.100666459007165893e-01 2.918687382846909539e-01 -6.288151139812202528e-01 -1.782394869039596874e-01
-1.008972054783779104e-01 -1.935182867125881112e-01 3.997889197784810222e-01 1.262361284899242153e-01 4.012740226132418542e-01 -3.713352967828263407e-01
-1.231220402113343826e-01 5.613974088434633275e-02 6.447213996469018937e-01 6.752764887036575292e-01 -9.994201957745263432e-02 6.317323046611733606e-02
-3.468331208447180125e-01 3.579475886823807462e-01 -2.217343773265314233e-01 -2.008980951848521324e-01 -4.883521825066223787e-01 2.905933162164736627e-01
-6.838728530765708635e-01 -2.827599934415566882e-02 9.119859277679201806e-03 -1.426320207751013980e-01 8.125576969392004356e-01 1.566274428003201769e-03
-1.306388275235836893e-01 -4.371515946109074680e-01 2.264491589357220946e-01 -4.358724875255297060e-01 3.788357988864186066e-01 -2.644652801015263677e-01
5.777918797152045011e-02 -4.182926409044139260e-01 3.395332681797780250e-01 -2.347149556306312446e-01 2.593778335238555166e-01 -3.351591832724433173e-01
3.479985934121421209e-01 4.462626806310413530e-01 -1.182339462018752035e-01 -6.324202560506221316e-01 2.495910974738332344e-01 -1.281922591386617238e-01
-4.604653919751263563e-02 -3.642654059587525223e-02 8.588853371248361679e-01 6.356259078881196789e-01 -2.227415077718558345e-01 1.513477707083955570e-01
-4.703724479833444327e-01 -4.830748415993991740e-01 4.675594010363258723e-01 5.208850782240814770e-01 -5.997422016907772990e-01 4.059376205813345351e-01
3.224918540807900080e-01 4.291653600478528285e-01 -1.399023276797120019e-01 -3.342037422574363759e-01 -1.362922492429419208e-02 4.705760497173301360e-01
4.470881875351960799e-01 3.321021960113751947e-01 -9.580012681887746517e-02 -3.884559037425613370e-01 3.397086060571734012e-01 4.535706169025566781e-01
-3.105955755698179277e-01 3.671379223088304666e-01 -2.032580740689529930e-01 -1.744949053358509361e-01 -5.025670873804579664e-01 2.711782269064462181e-01
-1.773196915785005545e-01 3.387871136815413520e-01 4.179547144985351625e-01 -2.003387246554741985e-01 -5.117771001116554475e-01 -1.074124355313865742e-01
4.986227368746278255e-01 1.382890571423650017e-01 -3.598537270320328330e-01 6.688838579426497066e-01 1.920317290762039164e-01 6.240786262657291861e-01
-4.377043096743237771e-01 3.920198575306565320e-02 3.229375557967633092e-01 -4.489343480702184808e-02 9.133666660756728506e-01 3.739293885843103515e-02
7.588422938742987733e-02 2.448395546904886810e-01 -3.693371521475461439e-01 5.834098532873553677e-02 -2.038836340531761659e-01 5.241614401689803637e-01
5.620628569953084464e-01 1.708523622285471888e-01 -1.825375552030464588e-01 -1.811361604637135025e-01 1.283211283749765563e-01 -8.502547967018992958e-01
1.662648491287259389e-01 -5.140167372895283471e-01 1.578590291188751993e-01 -3.791175943674046644e-01 1.325893679893155319e-01 -3.754875138926219158e-01
-1.359561250012746025e-01 -4.846705216730389787e-01 -3.614597061817764051e-02 -1.691878263017236594e-01 4.002748702730510311e-01 4.283616259849983288e-01
1.319423893056838326e-01 2.917441984113752426e-02 -5.091791415539503873e-01 4.830677355626971092e-01 3.957217687312233889e-02 4.270915873832499265e-01
-2.430046042747477653e-01 -6.916149833563313420e-02 5.084957635847109358e-01 4.031742262776499830e-01 2.433935411711103391e-01 -1.877529464499101408e-01
-5.429720689403206846e-01 2.752203837224643235e-01 3.272725475541390372e-01 -4.864247436060173402e-01 -7.158570111647952761e-01 2.065745884122394127e-01
-1.613286734506776399e-01 1.438426908627005452e-01 -4.147725405690459444e-01 4.508730282331328554e-01 -2.854793906853307917e-01 2.492241663133844543e-01
-4.648133029675847183e-01 -1.625451786177690289e-02 -2.444527126370190651e-01 3.327302002366976375e-01 -5.862496191313316674e-01 -4.689273433839979965e-02
3.390005095686708936e-01 2.508344692180228958e-03 5.495865230239153076e-01 4.115931965698794714e-01 -2.906361379144851154e-01 -4.037217241402508705e-01
1.244897797852013432e-01 4.764091438813069512e-01 -3.895904019501221782e-01 2.152702387531977291e-01 3.018034337735951977e-01 5.908542697511124375e-01
2.661515063933483360e-01 -2.897179447954609244e-01 -3.082965334077960584e-01 1.574782627440274585e-01 -1.396214510548480225e-01 6.743840701870390530e-01
1.614549309419127943e-01 -2.852085041045261393e-01 3.588621264606436378e-01 -5.566522980139818055e-02 1.163674118477904251e-01 -5.308544685997479418e-01
2.033438181309649706e-01 3.352157792786121804e-01 -2.141171490893825358e-01 -2.807402966392818500e-01 -1.570023047273195749e-01 5.093356327869719147e-01
2.078586250326031060e-01 -4.850751852620066584e-01 -2.501927517765603279e-02 -9.429556188560395125e-02 -7.699605421692473639e-02 8.364760934304915629e-01
-6.034893321680033784e-01 -1.748540080879327774e-01 -1.818535992116844247e-01 5.691969498411986184e-02 -8.855224108594403898e-01 6.065482983394804295e-02
5.028251616449868067e-01 1.804271126569697015e-01 -7.408052145155642754e-02 -2.546493953032565871e-01 -6.494896811209960319e-02 -6.790787648890672656e-01
-3.372710314913565099e-01 2.689203403946043291e-01 5.590433324154494565e-01 6.401158174394006029e-01 2.537710108390521802e-01 3.481276019655311638e-01
2.689810105966261924e-02 -6.325970548650737824e-01 -2.539559394991646422e-03 -6.157341022977393941e-01 1.179344665970886163e-01 -1.565729535006284423e-01
-6.068868548167852955e-02 -6.074703893547801492e-01 -1.806968394122283328e-01 -2.493381800426355543e-01 1.213585210419382276e-01 4.774974993448195537e-01
2.991192451646547124e-01 2.994370510153658849e-01 3.077501200860195962e-01 3.199466959966379420e-02 3.111446273319701250e-02 -6.178023904431135804e-01
-3.436635981142974194e-01 -5.615977614271386309e-02 3.837732051341531947e-01 2.277182815364234281e-01 5.471008694898943370e-01 -1.726433124475394432e-01
1.528457846766523853e-01 -8.537730001129643920e-02 7.823392316095274523e-01 8.055981792649167250e-01 -1.047620163100078106e-01 2.501595576670390120e-02
2.563622171240954595e-01 5.082953431655662380e-01 -1.056404628011025082e-01 -4.556502890112360538e-01 5.661728156141632162e-03 3.846631575908359135e-01
-4.345384628144868810e-01 1.481549594907913547e-01 4.258654912072011300e-01 2.910556973026073302e-01 6.569151447070207261e-01 -3.746612733692167296e-02
6.223799734923339544e-02 -1.253862813243448171e-01 -4.975951343319842679e-01 2.802937035408514244e-01 3.730246184879101867e-01 3.414747578376806092e-01
-2.377129470776601361e-01 3.543577846404007969e-01 2.659382202173277698e-01 -8.996085529897970834e-02 -4.776825667980635348e-01 -2.687375441045470326e-01
1.118347454200315366e-01 -4.369635751267725854e-01 2.328783837774067167e-01 -3.402046995413141595e-01 2.314011861670148273e-01 -3.578405731384324828e-01
-6.768500729471961241e-01 -3.669777855099943392e-02 -1.427095268476397116e-01 -4.192234345557832587e-02 -8.090678343878878742e-01 -1.603525189164771714e-01
-1.341760764192546397e-02 -6.596590703096850972e-02 -5.714549904147487869e-01 6.109328304389145536e-01 -9.572478686364592482e-03 2.076511074357334508e-01
5.119899689520402974e-01 -4.139334298530966127e-01 1.312648665081389554e-01 -9.293093714354150325e-02 -2.023944658131016650e-01 8.989379506145090959e-01
4.017709355547993688e-01 -1.120718029769924608e-02 -7.173956668674490444e-01 7.686542193929697397e-01 -1.975575472572050906e-01 1.940154350915834769e-01
-6.027761093966672590e-01 -4.555657920914396586e-01 1.772933992331595515e-02 -6.556222437783143508e-01 5.401446401692056032e-01 9.367682946863267746e-02
-3.661487768564493095e-01 -1.689672694003381825e-01 3.412414749842254125e-01 1.002803618825899301e-01 5.464076292074937502e-01 -1.790301972957404342e-01
-6.441433418079303141e-01 -4.255429491336924774e-02 -3.634427713555898887e-02 1.050892028690559865e-01 -6.841216360279710473e-01 1.281000624203769978e-01
-2.981808650214851641e-01 1.587505361889459006e-04 -4.536358613833030295e-01 3.746790852254776039e-01 -4.524046060986502416e-01 1.315529078058040868e-01
2.042197785948079436e-01 -3.686715367552038658e-01 -3.585403536238202515e-01 2.067488122077802692e-01 -1.437675582218171377e-01 6.158372961757010433e-01
2.068237857231367272e-01 -2.499895663531593870e-01 3.467934265921107650e-01 -1.235518687222924850e-01 1.315424337146163247e-01 -5.165056292825248585e-01
6.400213103146932259e-01 -1.579874981698604630e-01 -1.054495241576639264e-01 -2.161496166104652783e-01 -1.958346429652527143e-01 -6.207542277253216279e-01
5.171588093720959067e-01 -2.116891173688653371e-01 5.633277525492699223e-01 -4.472627549973616778e-01 -4.530536763020719948e-01 6.711896822100481552e-01
-4.431441985600589328e-01 -3.411501117529761040e-01 -2.998472459236417587e-01 5.523309474536188812e-01 -3.076251780158146265e-01 -3.887590701483523703e-01
6.123382909254695416e-01 -1.595332286141003530e-01 -9.439992684848909354e-02 -2.346174722883547226e-01 -1.656777916837226250e-01 -6.260277849443304232e-01
9.565062599187615366e-02 -4.318425625513692134e-01 2.751392166424789787e-01 -3.054255518895802046e-01 2.356454313556567426e-01 -3.522344180649229495e-01
2.445378422900374715e-01 4.243831073746269222e-01 -3.277743225468857102e-01 2.245602343783133781e-01 3.262394337260181021e-01 6.671973928826941957e-01
-7.364994823214117137e-01 -1.670559295599740868e-01 -7.217781255116482997e-03 1.458481115742871204e-01 -4.718989665985847681e-01 -3.657333964178975383e-01
1.350300291775069494e-01 2.175052008193509856e-01 -3.898449575114139587e-01 6.081073929980297665e-02 -1.524503472599914033e-01 5.362351629184345381e-01
-2.368542183597992512e-01 -5.976572656369247838e-01 1.826626174240915945e-01 -5.501535882970753910e-01 3.416788593272277463e-01 3.222733230817734773e-01
4.645943619957531440e-02 -6.941879307492062612e-01 4.339791393018507110e-02 -7.196758483208042234e-01 -5.191930367856445461e-02 6.637042998023942597e-02
2.756321662914043014e-01 3.962241347050264317e-01 -1.755816903792753181e-01 -2.691533644945788284e-01 -1.080431175537048261e-01 4.944356704000285596e-01
-5.001575484408756767e-01 2.391989941802545871e-01 4.363855785023247891e-01 3.306836669334913825e-01 7.288195221846200944e-01 1.718584279261112235e-01
4.680238503444215103e-01 -3.585480979199268114e-01 3.820529211152297322e-02 1.659770900090981050e-01 -1.264466502295523431e-01 9.628115177832778926e-01
-1.402312692874213285e-01 1.511177746614599526e-01 5.338483609605956248e-01 2.084055081522832309e-01 -5.015956068317106720e-01 -1.387716201849310549e-01
-2.253352076083615096e-01 2.495293879828206218e-01 4.720554613714357250e-01 -1.872014125301283138e-01 -4.674268564368552203e-01 -2.240189292367558149e-01
1.862324349447400940e-01 5.505033222731581244e-02 -5.999864593991828254e-01 6.727902610367713088e-01 2.158147161428692062e-01 2.587430059930612147e-01
5.741134374598690915e-01 4.532615138964776053e-02 -3.737867178860961870e-01 5.439268824862601992e-01 -1.750198808631351494e-02 6.237810225650545215e-01
-4.567789806545591857e-01 -9.041633891913232468e-02 -3.006710690760795446e-01 6.401349330078626165e-02 7.250770709333665964e-01 -4.819196586431878648e-02
-4.444088781980463643e-01 2.474217777719663613e-01 -2.087477215906296535e-01 -7.195067040220659571e-02 -5.684262926326864029e-01 2.335946904190212559e-01
4.187735684234192290e-01 -4.626266915031175819e-01 -1.537666794986671803e-01 -4.900474852847746532e-01 -2.438606730152842739e-01 -5.089929756701486729e-01
-3.232718226845746612e-01 -4.701200719013838847e-01 -1.081027574325482965e-01 -3.501033643616193736e-01 4.613524183505051668e-01 2.547182291092690010e-01
1.974436972898588605e-01 -7.556569716260183589e-02 -6.827119892896541531e-01 7.379269166669439883e-01 3.413526904425231434e-01 4.808001097343339580e-02
-2.502242395092826865e-01 -1.408257312429929409e-01 -6.874876611981369789e-01 4.455453767623305805e-01 3.742726012382513456e-01 -1.869096463510067085e-01
-1.260752699829742751e-01 -3.818026680743273615e-02 9.081070889301280369e-01 4.404020211206369773e-01 -4.423951535493635401e-01 1.899749256063268943e-01
-3.262736687685641179e-01 -3.262769061036933649e-01 3.349203410557081151e-01 -2.322088435850891419e-01 4.621114309038145129e-01 -2.730234381983759340e-01
4.340630253098318181e-01 -2.874263158430543919e-01 3.861209350494870102e-02 -3.379200348497810036e-01 -3.148040435987992103e-02 -5.432245203495308372e-01
7.862041148447694583e-02 -3.033629079900257985e-01 -3.833392104821514157e-01 1.875854728688841067e-01 9.445219174559055242e-02 5.276326671407716162e-01
-6.552918062390454823e-01 3.959917042728614556e-01 -7.119160522148176504e-03 -5.615679995715890938e-01 -5.794648834798085124e-01 -2.063684854235865729e-01
-2.183747835474816323e-01 -2.924240221787697269e-01 -4.803983380278430415e-01 7.562843580081469730e-01 -1.584938370745426206e-01 -3.012272932131391245e-01
-1.284087749424629166e-01 5.261594552211720233e-01 2.270626039477360580e-01 -5.519037241447268816e-01 -2.742783351787961843e-01 -1.971441518916640379e-01
-2.260806885226913643e-01 -1.673403454512966126e-01 -3.730813418396774495e-01 1.409002509383612267e-01 4.400803962305905870e-01 3.314504407272337305e-01
3.007736089042007399e-01 -6.413310396088089949e-02 6.161101607437654559e-01 3.706984445689232022e-01 -4.171134688203349539e-01 -3.169039760092359215e-01
3.259151217353423169e-01 2.105427983210148013e-01 -3.266568027231952498e-01 6.074002008526652174e-02 -5.973671976907163339e-02 5.988869010346891120e-01
-2.668845180974410702e-01 -2.736978357557835473e-01 -2.594458079617607549e-01 -4.989788863465796642e-02 6.089014390185824022e-01 1.576097312679012874e-01
2.245330358612652732e-01 -4.712171463350526279e-01 -7.043807137896293535e-02 -1.816681077378693443e-01 7.154677752104976474e-02 6.646863765202225549e-01
-2.485020101719559449e-01 -7.716809913105678875e-01 4.028844606628487202e-02 -7.861611847977154621e-01 5.403279222168566598e-02 2.109324017916422711e-01
-6.689732494627019521e-02 -3.809698172592013155e-01 -2.435314754462121756e-01 3.927987890868691045e-01 2.806781264158164646e-01 3.488379037197364974e-01
-4.129007021846602954e-01 1.139495680089128299e-01 -2.166113269001812836e-01 1.925790102065673692e-01 -5.909205474012305670e-01 1.529186966220315858e-01
5.929679815444774960e-01 7.623652137281848725e-04 -2.547030371302603721e-02 -3.747968531000844816e-02 3.718027121841766761e-03 7.507558253372785817e-01
3.874734040223352660e-01 1.617082077601844914e-01 3.474351710151943329e-01 -5.075934116203728586e-02 -3.428014251415176794e-01 -3.964882735391218049e-01
-2.938786844592313763e-01 -3.290034012878257363e-01 2.776218884599948589e-01 -1.477124796484589886e-01 5.599086498503560438e-01 -1.565103562679520111e-01
3.980486781202879354e-01 3.275485301381501069e-01 3.403299662635152212e-02 -1.532690889832687975e-01 -1.898186311640565060e-02 -7.248908508226473701e-01
4.245391340490122234e-01 -2.829955750862973574e-01 -2.910747804325753210e-02 -3.931269758017661431e-01 -4.615475752581027491e-02 -5.538250782233686831e-01
-4.409133529925349237e-01 3.849066489920797279e-02 3.764438984945725486e-01 3.164492670618696546e-01 5.690079411662728459e-01 -4.283407232902269879e-03
-2.917432400416691829e-01 2.501390851298560328e-02 -4.482812462542085097e-01 3.583525196107782973e-01 -4.447858324446110068e-01 1.489320378228308206e-01
-5.364248651516945188e-01 3.534198290641903800e-02 1.981511244620353107e-01 1.520023934778343966e-01 6.957649567799250034e-01 -1.016978461146634261e-01
-3.845032071062988166e-01 -5.174231865210136838e-02 5.177772144506197494e-01 4.960112082986856130e-02 -8.265738504830293376e-01 5.822359434995505456e-02
1.286655489672293151e-01 6.673664693262115755e-01 -1.299226848526569278e-01 -5.837688176528605943e-01 1.876624978491892026e-02 -3.977939757175392721e-01
4.148348490477005712e-01 -5.763017748365349968e-01 -5.317343177922097264e-02 -5.508821678044235615e-01 -4.021872643895401112e-01 -2.457215572285165184e-01
-3.678465779958611792e-01 1.088378964894367584e-01 -4.741640131999848018e-01 4.282268925712793273e-01 5.452837678752960882e-01 -5.490033625023293951e-02
-6.818620490966216252e-01 -1.037418961533284473e-01 8.528000508429410976e-04 -1.885397857093694673e-01 7.643575545110067315e-01 5.595713928794972258e-02
6.676691727567577450e-01 -2.149461307296628987e-01 -3.781569264337512615e-01 -2.467761123717238103e-01 -3.845236099367272953e-01 -7.456256993275411915e-01
3.330681742193697392e-01 4.514907471115897630e-02 -6.191123175740170792e-01 6.991734022787265967e-01 -2.393058654681746167e-01 2.669194815140167876e-01
1.012751857715228077e-01 -2.385849474347370713e-01 4.627948196072023124e-01 9.786032867332558616e-02 2.552830503840725074e-01 -4.067353635845251669e-01
5.218365804963311927e-01 -3.965259761493520885e-01 3.070844915629487581e-01 4.354781438164488372e-01 -1.903340388359778257e-01 -6.676088475961758917e-01
5.084838408886274141e-01 7.094592571210571463e-02 6.115927585595501981e-01 7.851102204527675710e-01 1.510056149237021805e-01 -3.460440683704603115e-01
-2.470623252367780409e-01 7.345935457354305087e-02 -4.759104237221545297e-01 4.503878004160530857e-01 -2.465180925022120439e-01 1.653210131161624297e-01
3.059277793507934606e-01 1.840955979100813156e-01 -3.310970053660789447e-01 -2.747623586224623438e-02 -3.816318631906834291e-02 5.851141032070508174e-01
3.413775744561760583e-01 2.568476120205063218e-01 6.063850450452623608e-01 4.114967031983197132e-01 4.822907043735304988e-01 -3.653447115716421667e-01
-2.585571973032337878e-01 1.869584069004009697e-01 -3.535414606449118757e-01 1.316912803105111940e-01 -4.993901452050353296e-01 2.601618803456073881e-01
2.534583889057780981e-01 -4.408252969114436759e-01 -1.560288229427817842e-02 -1.677994572210144697e-01 1.600030860198276006e-02 7.678843181269583429e-01
-4.722951149466646514e-01 4.846672050113247365e-02 -1.810254850472086952e-01 2.392151690297115163e-01 -6.075011170096384916e-01 7.088583257726718823e-02
1.836054036072414242e-01 -3.055282146280465794e-01 3.863745566986802049e-01 3.165646874467076266e-03 -3.645368508104368521e-02 -5.596911871792367155e-01
-3.424147492605887355e-01 -2.262682378547057060e-01 -2.677974891777697986e-01 6.806858720806263641e-02 5.992005413038495876e-01 1.196360213966877195e-01
4.414116060019171450e-01 -5.215310113452751306e-01 2.239509869609116466e-01 -3.390637046951173184e-01 -1.617259417765767870e-01 7.352225403501371215e-01
-3.590895728576034007e-01 -5.854722273700189300e-02 -3.585555185542029788e-01 3.064814747455891220e-01 -6.529394371462927671e-01 9.279033114645435232e-02
-1.620828272165342199e-01 5.812839386687690402e-01 -1.296485557110231730e-02 -6.766651367801076455e-01 -2.754147222116529736e-01 2.270657739577380124e-02
2.449377977441305476e-02 3.244589042184711225e-01 4.182458441390215498e-01 4.908197503493852420e-02 -3.430726886815294030e-01 -3.259295338023736610e-01
6.594389731561000056e-01 -1.607708824479739049e-02 -1.579328218266725370e-01 6.893213719230872893e-02 -1.155465074169263195e-01 6.429463896213406526e-01
-5.237065305922077724e-02 -7.833332175250466711e-02 -6.978890428472132035e-01 7.479596620861278522e-01 4.369556116032004278e-02 -1.108793850098014344e-01
-4.542458002196168576e-01 -4.809483325777462182e-01 8.562967456478567940e-02 -5.255089254378708663e-01 4.933415245595055842e-01 -1.281010936077003337e-01
-3.231343175686521296e-01 -1.434571343240446384e-01 4.395642610474567169e-01 2.289405150181146875e-01 6.742114708494070241e-01 2.763728662437004990e-01
2.857056682426518113e-01 -3.532313170216654918e-01 2.863305130622784134e-01 -2.333090744086783741e-01 2.931048223841992151e-02 -4.780551675528349476e-01
-5.959753867600718902e-01 4.971382795281373834e-01 2.720410550364288794e-03 -6.772801382621782551e-01 -4.990224861052983130e-01 -2.973365538578885692e-02
-2.739992506811513850e-01 1.006531436872454104e-02 6.364950678847827170e-01 3.989226190569047370e-01 -5.390542116426989550e-01 1.408703072228195685e-01
4.939361716599773300e-01 -9.512546410651626094e-02 -6.123521539070193587e-01 7.234316919791647926e-01 -1.728234944203024814e-01 3.578513413653814368e-01
-3.083178153208863681e-01 5.404669053220627628e-01 1.752882198925306279e-01 -5.244002010853711093e-01 -4.022430328104543706e-01 -7.888962160533519175e-02
3.077032748688904307e-01 5.725969841831050067e-01 -1.055158118082040047e-01 -3.628880629123769075e-01 3.286174007040707501e-01 5.950419806244597876e-01
3.293658593790141365e-01 -4.104420444893984721e-01 -3.110915692732621474e-01 -6.616710694969234474e-01 -3.948656420387416377e-01 -1.784145882598061339e-01
4.746715161980028519e-01 -2.663355795647001645e-01 2.982727425430821144e-01 1.345287124682921220e-01 -1.927092595065055258e-01 -6.392143443362944266e-01
-3.366366724086949924e-01 3.979328134626545221e-01 -2.304466754452362265e-01 -1.988755830849461836e-01 -4.462112134824364196e-01 2.876679296772788330e-01
-3.696145866759024123e-01 -6.746430006458675049e-03 5.205183944246140060e-01 4.786987229118020437e-01 3.160596068731278407e-01 1.008032632577110510e-01
3.961500196475494229e-01 -3.315855795559055075e-01 5.096880982652575165e-01 4.626832173266678949e-01 -4.065300214558542624e-01 -4.852775615617017646e-01
2.986003334767475259e-01 -2.914444891494419876e-01 3.682279849496469804e-01 9.255087656905630622e-02 -3.743125263615559861e-02 -5.767698441399708997e-01
4.821094394353909740e-01 1.191543777854863206e-01 -2.676630532402176632e-01 -3.204563659626595840e-01 4.834196972794316260e-01 2.047762603438154083e-01
-2.709825175317569501e-01 -6.264286125278611950e-01 -4.660194632164606915e-02 -6.649879468789912096e-01 2.924671451138793898e-01 -6.635816642856660896e-02
6.611749365651449495e-02 -5.645596221968508521e-01 1.396322858923183460e-02 -5.470663639016792867e-01 2.039883431413824777e-01 -1.686280685870419627e-01
7.137674319157046865e-01 1.191769977658650899e-02 1.603957976049888989e-01 1.283750372967429332e-02 -3.304817964082910620e-01 -4.652717025781901716e-01
-3.244008821825675182e-02 7.545879502857616439e-01 -1.563427155081265341e-01 -8.144120265522541979e-01 1.779980371517964066e-01 8.043557684642482775e-02
-4.976553171946584420e-01 -5.590216391377344357e-02 -1.951879120793432454e-01 3.395627497758172963e-01 -6.020212446615855750e-01 -1.665547498127539494e-01
5.365126634741254064e-01 -1.069967741600844208e-01 6.039409668076410886e-01 8.536243516198545045e-01 2.697059094516088273e-01 -2.664240516766236411e-01
1.129443216115502691e-01 5.047385758731683936e-01 -2.017638260493698210e-01 -3.526154786663915353e-01 -1.489642009176423976e-01 3.948321444207183450e-01
1.328115018052360326e-02 2.455073049982257616e-01 -4.204895954734396701e-01 1.481681174606765683e-01 -2.509802828985381873e-01 4.370100145103876788e-01
-5.415063568127950200e-01 1.498229017010668969e-02 -1.625060220328561622e-01 6.490232285846164739e-02 7.421175804704691625e-01 1.592746219144932363e-01
-1.489751179659358320e-02 -3.449496629628862054e-01 3.650619584101993387e-01 -1.607687880950167958e-01 3.082856193952343560e-01 -3.779085905576420878e-01
-5.180390793729328092e-01 4.276043867752828964e-01 5.925122178297693304e-02 -5.243605765071482905e-01 -5.054979224288990158e-01 -3.003042248894458033e-01
1.658918527318275771e-01 -3.635595847406252190e-01 -3.126490142190092580e-01 1.522716912174220394e-01 9.359028927581369839e-02 5.766363639847906786e-01
8.215376057176303204e-02 -6.969927227717149787e-01 -1.187043861396838151e-01 -7.069309465699220585e-01 -1.873586429868956404e-01 2.242510478120199879e-01
-1.612234173582373919e-01 5.332958059897504599e-01 4.285078770128464276e-02 -3.332346374696233959e-01 -4.248423731030912531e-01 2.717249232440455131e-01
2.208079038439794139e-01 5.747461555669702848e-01 4.177472289107021786e-02 -6.692038901364448789e-01 1.688499009736385559e-01 -1.658962598745823414e-01
-1.079543667188028327e-01 -5.629872157333141169e-01 7.125133385924307949e-02 -5.196812748011049310e-01 3.285917897373928920e-01 -1.173430196215877880e-01
-3.021574864198883076e-02 -2.606136630656839537e-01 -4.187436980116436280e-01 7.510844646819231363e-02 3.112395367574260496e-01 3.948229752097111578e-01
-5.771642936085791264e-01 1.312930127827095228e-01 1.978680435587033271e-01 1.185562802587224462e-01 8.405583274288890294e-01 8.422123745484180746e-02
4.544165747829629898e-01 1.242759744331514149e-01 2.324196898702966807e-01 -9.684944875468221026e-02 -1.186022219436535241e-01 -5.657757454823133525e-01
-1.025407626106062814e-01 3.137996525088920241e-01 -3.365222205562840019e-01 -6.462242182852021011e-02 -3.204180296659409621e-01 4.357019250446653169e-01
-1.766879656465566648e-02 4.115517096497247618e-01 3.716941438608508119e-01 -3.105731993145537939e-01 -4.084646005899119636e-01 -1.200174197521045039e-01
-3.325210541931574587e-03 3.505152529789635207e-01 -2.613370116795301068e-01 -1.779059641049104135e-01 -2.520756694461726011e-01 5.173835676659794824e-01
-1.315809888469660904e-01 -2.874124407196296249e-01 -3.341542028282324384e-01 9.408680813055708692e-03 4.217633478989641360e-01 3.566363688259799880e-01
-1.386853260559741396e-01 4.762414809327586984e-01 1.420803612181427422e-01 -5.538263215094493264e-01 -4.318901012783395443e-01 8.772060326554495524e-02
4.277458235486683580e-01 5.790784087148643788e-01 -5.154582132613698409e-02 -4.219358810350343769e-01 5.586590401933031469e-01 4.753545964806001334e-01
2.554465368100081735e-01 -5.327576378919752359e-02 -5.429181026183053094e-01 5.345028351198356509e-01 -1.337711433944621109e-01 4.139769157801713728e-01
-4.378907157555153411e-03 8.570484438644927760e-02 -6.134581723800673903e-01 7.115978316399061976e-01 -7.832122284594890405e-02 6.512325881977365505e-02
9.080309768828763450e-02 -1.727419293615432005e-01 -5.302664921485159555e-01 2.212257665193803624e-01 3.412223433597576516e-01 3.175723214363772584e-01
-8.460940698893328060e-02 -9.171264723030773947e-02 5.682279986794991355e-01 1.310454665902652249e-01 3.682032373997695118e-01 -2.931490120228259499e-01
2.403319175457554191e-01 -2.048076962288643277e-01 -5.726675356887166446e-01 3.678481595022913830e-01 -4.304568361695111922e-01 3.931596091365510137e-01
3.154749528766572220e-01 2.413906253250752976e-01 -4.019873679414506795e-01 2.763473564984341158e-01 1.646633553398322847e-01 5.942967066287867528e-01
-2.331518620703950107e-01 4.030328444803383398e-02 -5.310387631339931191e-01 5.427760202262756906e-01 1.169795389937342556e-01 9.510552811479489055e-02
1.537425999726502734e-01 -1.563001600343656983e-01 7.494112679299655966e-01 7.294084079334899329e-01 -2.949991384502359537e-02 -5.838237843717186681e-02
-2.567488694042150410e-01 -5.153682477596968070e-01 4.777501717928447356e-01 6.135229290192167895e-01 -3.479735151483703826e-02 5.858177920648661718e-01
7.503711158961035022e-01 5.188272543153228666e-02 1.913367025702602808e-01 1.148511502295590514e-02 1.422530882876162361e-01 8.590796735036477783e-01
-2.205219367535454500e-01 -4.680492524834846679e-01 1.673796718736068889e-01 -3.955942402495908894e-01 4.435336644069204914e-01 -2.045965023394324123e-01
6.650744585511625395e-01 2.251307283007309701e-01 3.863253827377948202e-01 5.050831273460891779e-01 -1.796292265130143007e-01 -5.139924238829580716e-01
6.383806016608587486e-01 -6.371972450923009401e-02 -2.389128456951973845e-01 3.666797035712160424e-01 -1.352010507017671337e-01 7.208105738289056763e-01
-7.574764493032842827e-01 -1.504277741455077588e-02 -2.258942754135048192e-01 1.424659468780593574e-01 -3.141835849347337506e-01 -5.430984065838826425e-01
4.833297270937992884e-01 1.730217163128686120e-01 -1.703988782024383128e-02 -2.418940983858368643e-01 -1.006715486804923287e-01 -6.488170634557333116e-01
5.176825638328177437e-01 2.960346234766875750e-01 -3.936752143951331023e-02 1.957496801140055642e-01 1.623540795859950703e-01 8.979097750771464215e-01
-9.567403475911594180e-02 -7.703967330714421857e-01 -8.952932138454293420e-03 -4.734274337939333721e-01 7.060960539563010396e-02 3.783592264311551046e-01
-5.700780314659971149e-01 -1.466710260058527379e-02 -2.236050512873555274e-01 2.454802907525027722e-01 -5.924600289809606180e-01 -1.916682811791014518e-01
-1.859232230968185240e-01 5.397577670458777455e-01 1.483101703420659431e-02 -4.327136498734105441e-01 -4.180981499399044621e-01 1.618226070887193169e-01
-4.916325472293937016e-01 1.796325811010045792e-01 -2.993514339341123431e-01 4.366145690074514918e-01 5.399794091160364795e-01 -2.071155692312439678e-01
6.684699144679348004e-01 -2.888668753141774848e-01 -1.280482249668828121e-01 4.611791901425328355e-01 -1.362373167184860179e-01 8.382513007763178203e-01
2.776835650399112621e-01 1.376759181181792108e-02 -5.799348086633814292e-01 6.146057494315770864e-01 2.313307919052091099e-01 3.361163338116832655e-01
-3.063173632274160396e-01 -2.776350228753677873e-01 -3.094991152291534653e-01 -5.901249264455718513e-02 5.426966466382522336e-01 2.061521748681295896e-01
-2.138346019605520398e-01 -6.116614833513589478e-01 -1.005842964108492193e-01 -4.187232354754429897e-01 1.911418075215217671e-01 4.593509891535394463e-01
1.995409316864525315e-02 -4.276595228522863668e-01 3.202783677725506983e-01 -2.460858777417333221e-01 2.890927726573676582e-01 -3.243059019390569508e-01
5.644634857877206535e-01 -1.954027022654289680e-01 -2.321883837980962817e-01 3.480165265510546391e-01 -1.131957677254120109e-01 7.406388021659547904e-01
-4.403538530531570516e-01 1.870059243629712195e-02 5.456244438484186832e-01 1.298968491948976345e-02 -8.520431146938093336e-01 3.551381370655873337e-01
2.214527140140286621e-01 -3.751783944620354361e-01 2.430613349084810026e-01 -2.270753248197299179e-01 1.884388809546362897e-01 -4.505943183026999144e-01
-4.714296057423199571e-01 4.994435201030993782e-02 2.899266062348971884e-01 -2.041497113210100078e-01 -8.804749024458473627e-01 3.916482889356875940e-02
-2.366258165279210568e-01 -4.504411032794455871e-01 2.604916215086986453e-01 -3.413232951342755062e-01 4.471313095364727874e-01 -1.677632111847370822e-01
3.564979495784658114e-01 2.207611119018732249e-01 -6.296567975826508068e-01 4.676371858375569790e-01 3.741305695257060027e-01 3.522423212844134621e-01
-3.739487119700032336e-01 -3.087999688231483075e-01 -4.809848874193548007e-01 6.070310097643115688e-01 -4.382367353220673056e-01 -3.363304404625789834e-01
-3.023547060155334365e-01 9.747086311422556437e-02 7.131959265666423242e-01 2.386791878438496162e-01 -5.693972512603820979e-01 2.007808177673318095e-01
-3.429862025516844937e-01 -7.851162004007886108e-02 3.765091142635207944e-01 1.467080720395662063e-01 5.665288264552567066e-01 -2.101103022389053110e-01
-3.849135561920828397e-01 -2.928451502874624413e-01 2.383119954707268728e-01 -8.479323221903461993e-02 6.031591281983499364e-01 -8.895566879421581974e-02
-2.616714200744822971e-01 -4.447062134606737799e-02 7.116429336774235948e-01 4.057471417533992097e-01 -5.620339834665334378e-01 1.762172810251046995e-01
5.198984708327030607e-02 5.983711379947593834e-01 1.806467565028758993e-01 -4.304309809977591716e-01 -1.203976802510718924e-01 -3.199943630139940876e-01
-2.741339695973402657e-01 5.883652511502229787e-01 9.993244003418896848e-02 -4.916330513498873289e-01 -3.814589783311874704e-01 2.100919305358587841e-01
-3.073255960719110252e-02 2.712293371485859916e-01 -3.932490374349955076e-01 1.462046805990866727e-01 -3.273914070647525598e-01 3.879976698384846046e-01
2.115863538170306424e-01 4.788139078736735610e-01 3.609526222817990848e-01 -1.974834578202482038e-01 -3.971273816834414716e-01 6.166648559665790508e-01
3.266633937646085672e-01 -5.063909220756006579e-01 -5.664698660929082946e-02 -5.276949647804958232e-01 -1.365938945022865392e-02 -2.218360659722044825e-01
-4.729965581677597064e-01 -4.006539893484546977e-01 -6.100860201749760264e-02 -2.594951872207886812e-01 5.629614894977330586e-01 9.980922514042636640e-02
4.993203539953894876e-01 -3.057655337321915079e-01 -2.514982883305344474e-01 -3.182328611166019283e-01 -1.572527162633041431e-01 -8.078710801774209305e-01
5.107653189570968838e-02 -9.511963839574553992e-02 -6.677403397221347570e-01 5.585615849387715048e-01 -3.532118135932729164e-01 1.543590156113247014e-01
-4.457307681246012177e-01 -1.506099135706823059e-03 -2.175662044494592884e-01 4.014008996591057477e-01 -4.195223372770635062e-01 1.105044618530063860e-01
-1.069225741118609851e-01 -1.824444391223173367e-01 -5.308605577724251345e-01 3.540807785361369531e-01 3.456975266653004031e-01 1.822607312249631129e-01
-4.450264853469881182e-02 3.536480760995735495e-01 -2.876021673313010618e-01 -1.387179756571700895e-01 -3.428691315196188971e-01 4.237256415062055082e-01
-5.575192645232570493e-02 -7.748728743303199273e-01 4.187074196280649030e-02 -8.026846759772777729e-01 -1.101288301361172950e-01 5.625209779009892469e-02
-7.875796400453044521e-02 -4.526787207845289207e-01 -1.725542492082667856e-01 -2.288972465410152590e-01 4.474446321361919554e-01 2.363909125997549210e-01
-7.476120924057595707e-02 -3.446010758880039826e-01 -3.199692902751593016e-01 -4.328649935906162677e-02 4.058030978562994773e-01 3.402601536797462689e-01
1.326028511801388421e-01 -7.898606922108991624e-01 -7.051225753323184242e-02 -7.907232120829150723e-01 -4.305151124405455221e-01 6.491202093506712179e-02
-5.622691106388755244e-01 -3.029578322431881188e-01 -3.250592252504523882e-01 3.600499812395258070e-01 -6.878723543867990564e-01 -2.908787717783751781e-01
1.386693349208878434e-01 7.643327978344888196e-01 -5.568247805669742506e-02 -7.596301590649416902e-01 3.492000042122564984e-01 -1.996365775613792581e-01
1.166003605642366298e-01 4.885648035486789831e-01 -1.475542669898144699e-01 -3.830060792377719681e-01 -1.595078841685492743e-01 4.272458693561419496e-01
-4.473223009044510201e-01 -8.886200612421535361e-02 -3.778288680261280286e-01 -1.431211474109612691e-01 8.544989590550872149e-01 -2.454213622373512538e-01
-5.278596038167340243e-01 8.955722254160274065e-02 2.581151300916113556e-01 3.222893824255949058e-01 6.138229639991858999e-01 2.092056880065599755e-01
7.513247975930431588e-02 4.362123793655484083e-01 -2.351596088723332534e-01 -2.416576526191084318e-01 -2.032818017249518605e-01 4.653339345519144077e-01
3.569069166998375259e-02 5.229221717338662367e-01 -1.571067446102026310e-01 -2.523769227746777699e-01 -3.179764814012371321e-01 3.010488017533995420e-01
1.093772195783615925e-01 3.603291455145449240e-02 -6.025995578886812476e-01 3.445614779255389837e-01 -3.834062340966660765e-01 2.741895645387287805e-01
-4.750918484791272767e-01 -4.490862298793393270e-01 -9.569484159141189439e-03 -3.752576111755592803e-01 5.344739101501599920e-01 1.409050186882404854e-01
-2.762953734396091376e-01 -8.066521552646418458e-01 -1.395133805711397668e-01 -9.635598477975384490e-01 -2.008337200668595113e-01 2.613002492620155048e-01
3.839872075884337432e-02 -1.424943579787461279e-01 5.215095136851956026e-01 1.633186870767438514e-01 2.768596487781873616e-01 -3.776774629954280371e-01
1.850117558974900545e-01 -2.562019629471876114e-01 -5.232123121349021577e-01 1.839016365009703280e-01 -4.801636472890415397e-01 4.513850055207977441e-01
1.236288319192701685e-01 -1.626694126255765205e-01 -7.069810719976220570e-01 6.888437581043859170e-01 -2.207055056474877819e-01 1.159186175905477789e-01
3.933639427179850823e-01 -4.513316361777175434e-01 3.247944240762601353e-01 2.308287066744107441e-01 -1.237271673056362098e-01 -6.059351870457354572e-01
-1.623038027756853671e-02 -2.848404935110641079e-01 -3.467466900131127572e-01 1.059427751554362640e-01 3.175833380686184926e-01 4.420240290405277328e-01
2.144376653005045097e-01 5.108306944074693101e-01 -4.999422703196453044e-02 -4.428660671298630391e-01 -9.823993789885121508e-02 3.938354342065408797e-01
4.440974705206035544e-01 1.804655807295837133e-01 -4.862519659698898433e-01 4.574928003547481525e-01 1.994937516556353763e-01 5.134772442914905533e-01
6.942821279998224737e-01 -2.371735711902225874e-01 1.040115729136526640e-01 4.213330749637311801e-02 -3.003609265914585769e-01 -6.514414527824243795e-01
3.708236093855453719e-01 6.252341184432197441e-01 1.037906699921321563e-01 -6.134145136301153434e-01 5.459396479076226161e-01 2.618656653110900123e-01
-1.334049218537685100e-01 -5.478565638492113310e-01 1.361561786533572738e-01 -5.354259241038881179e-01 2.993431846295976362e-01 -2.111645663752863555e-01
2.658275200813036698e-01 5.340424284578842995e-01 -3.829137458610161471e-02 -4.890177146537218467e-01 5.687990315109020534e-02 4.117359535181674413e-01
1.527342072770711268e-01 1.235672970126263787e-01 -5.417757929773040493e-01 4.887088912186648981e-01 -2.119511024807070876e-01 3.383085298871463253e-01
-3.845238821510792993e-01 -3.833289090772391133e-02 -5.713566668197136433e-01 3.826170199432560870e-01 -4.778383869202199041e-01 -1.040989699235584376e-01
3.051327839127255803e-01 1.057726980110405002e-01 4.320620780731084243e-01 -4.615176444555119106e-02 -1.868447134398727449e-01 -4.573052344589457197e-01
-1.316978931691963339e-01 1.948946190190962158e-01 -7.305257682030168453e-01 7.853535900634394107e-01 1.300716678153667483e-01 -3.370609513539602475e-01
9.760238401383852444e-03 -5.849734783746731587e-02 -7.417002238216567900e-01 5.953838988975316271e-01 -2.882276141707945660e-01 3.564714576128014123e-02
3.546918878449457913e-02 -4.820529011509709916e-01 2.381314578381688030e-01 -3.804738607734125533e-01 3.086283805158724913e-01 -2.111062190614272915e-01
5.705049501885592900e-01 -1.467899515076540040e-01 3.561661840642860177e-01 4.146208428695587478e-01 -5.501122411232466092e-02 -6.273361343280257074e-01
-3.443578760313280029e-01 3.424391000381008521e-01 -1.849087156987230252e-01 -2.664899968597428392e-01 -4.891840511083576093e-01 3.649453811947656057e-01
-1.916803950292604586e-01 -3.546752879098701849e-01 -3.098425110597489707e-01 -1.509818512118998590e-01 4.451282723198012881e-01 2.890380225820524118e-01
5.452887807987284452e-01 -1.142981965396572125e-01 2.554834472021533798e-01 1.605549495076020738e-01 -1.383626205609977677e-01 -6.672303668033443547e-01
3.518095603786332015e-01 -1.781230074811734898e-01 3.255620681666980265e-01 -4.911204184404294182e-02 7.257613807808971362e-02 -5.555802627237533819e-01
3.881634012513610621e-01 5.914215870127645935e-01 -7.335361814432174443e-02 -4.391437855062761964e-01 3.825294998457318130e-01 4.481125021915679518e-01
-4.005257016374551005e-01 -6.634565398683765509e-04 4.065960798962166556e-01 1.438741261958150219e-01 -6.098239364155985109e-01 -1.700774301705073044e-01
-4.500602728030916322e-01 4.508488038875764214e-01 -5.440794626778704124e-02 -4.317595164637098026e-01 -4.986764060084468708e-01 2.587484972062688016e-01
3.842026939328219703e-01 1.925599250538799212e-01 -6.240287142565591194e-02 -1.934038741130577610e-01 -8.217098945814893529e-02 7.062931524756289603e-01
1.267001216651691964e-01 2.247227438765376506e-01 5.015520586290195260e-01 2.261617878869121578e-01 -1.591654920257602190e-01 -4.164551304976322754e-01
-5.976937324048596789e-01 -5.827462577630913854e-02 2.510150732671661555e-01 -2.247909728615243297e-01 8.271816570035075422e-01 -2.631271692111392113e-02
3.121610980905601962e-01 -6.506083099984909524e-01 -2.077147525229359193e-01 -5.500134240669491970e-01 -1.618029399701791937e-01 -3.408477821360097471e-01
7.348577885781035213e-02 -8.996310677459923300e-02 5.421084797751575257e-01 2.341754723366770985e-01 1.898271942789938049e-01 -4.044094597516153522e-01
-6.569868117659224960e-02 2.278636033814259720e-01 -4.398502354178182028e-01 3.269003606020153274e-01 -2.810019331555472233e-01 3.262580194126969424e-01
-2.640344267086116026e-01 -3.868031498137717294e-01 2.487249191233486811e-01 -1.660792379769413241e-01 5.674700492685683662e-01 -3.370638670817413529e-02
1.563535723260719434e-01 -5.016482147993246406e-04 7.120740958548661403e-01 7.949080284447397338e-01 -1.260653838109237201e-01 -4.718999184725802820e-02
3.231815821642947117e-01 7.303719304677984692e-01 2.273811677432111544e-01 -4.837919367206622301e-01 5.159375870905453798e-01 -3.229020795020565160e-01
4.593571230943355732e-01 -1.597333784334484530e-01 -3.144337546628201974e-01 1.501723880628144103e-01 2.408013747285725203e-01 5.481070914035716113e-01
2.514933035798244121e-01 -5.514759127297170771e-01 1.684540855679044491e-01 -3.620464041346152517e-01 5.316161056887935832e-02 -3.394656841566251471e-01
3.676686161011848419e-01 3.719654799889151597e-01 -1.694770902879746410e-01 -2.559346808900951897e-01 4.019866691824930394e-02 5.383715585957674632e-01
-4.584523158731381165e-01 2.768083853051954146e-01 9.421289114989958580e-02 4.182361077461209109e-01 1.340532925113652463e-01 -3.651762591066161079e-01
1.166231016389614877e-01 -4.953970053931248674e-01 2.284212729053986257e-01 -4.390309959019522701e-01 1.783920561856739417e-01 -2.586688875195009008e-01
2.974663053828881937e-02 -3.357005512447894247e-01 -2.907837379659677923e-01 1.005439117584544517e-02 2.313733950916189719e-01 5.326477133979842238e-01
3.762094976070435859e-01 -3.365337615526746151e-01 4.872660445297563592e-01 4.443747478556263064e-01 -4.053295030686786538e-01 -5.080332293611731220e-01
4.523407798334049268e-01 2.247602917325749183e-01 -2.496886199179494947e-01 2.282655728833890563e-01 -6.948147601763202119e-02 6.794034550356262692e-01
2.549218445784308118e-01 4.483691089116456086e-01 1.608182318136746058e-01 -3.106742042549303084e-01 -1.043315867946981168e-01 -4.512463485288034093e-01
1.524605125807233230e-01 -4.232729369343078973e-01 -1.985215427886293238e-01 -1.348903294831737820e-01 8.347971305948775900e-02 6.142707094440275073e-01
3.156114922946205437e-01 -9.046905718051927170e-02 -4.675624358328656083e-01 4.545502662980688280e-01 1.171555816439396464e-01 5.007288563057302744e-01
8.476643443540603229e-02 -4.537592077250872658e-01 3.441870354616331507e-01 -2.660269426442400387e-01 2.139160739711329917e-01 -3.124359345972356761e-01
2.386810367146150469e-01 -1.049928516715738086e-01 6.239814756922505978e-01 6.295452084783407232e-01 -4.766470607597757952e-02 -2.946798781014239310e-01
-1.636533390282041978e-01 5.902314693124566247e-01 -1.475498953037641670e-01 -6.810244618404746042e-01 -2.247154026321889209e-01 1.135797988859392205e-01
-3.480136902716516462e-02 -1.440220623748512674e-01 -5.283244269629123746e-01 4.929116131108744470e-01 1.644783504917997075e-01 2.630961336394028738e-01
-5.036370019670979303e-01 4.348410957283463940e-01 9.795735325819486701e-04 -4.554883444934471060e-01 -5.426116202033479663e-01 2.065711465632866783e-01
-2.369850467363653068e-01 4.566974397854818291e-01 -1.433083445767789621e-01 -2.870997014576719963e-01 -4.471915228139256016e-01 2.815131057681057314e-01
2.910021443507943006e-01 -3.577551287395698276e-01 1.930049360651944768e-01 -4.308572645314237004e-01 6.472671237929150667e-02 -3.551082709760444156e-01
6.887474496414212055e-01 -2.368435179655373757e-01 -1.153387130148486733e-01 -2.089418537421210420e-01 -6.477601166547568567e-01 -2.744030506661703228e-01
-3.707805733257907299e-01 4.315471731967812641e-02 -3.768289179212581108e-01 3.070587858409532522e-01 -3.948024291689304910e-01 2.137024876821807529e-01
-6.565652175367042709e-01 1.710501485305648273e-01 1.546625046606508458e-01 -3.626706241733148595e-01 -7.846344416986774650e-01 1.717777607245648541e-01
-8.568082811241154451e-01 4.755432472515013637e-02 -1.311603451617359972e-01 -1.859178236874914347e-01 -6.019594442390168165e-01 -4.889841258785020406e-01
-4.709588570400168039e-02 -3.511090314346360097e-01 3.822273225141511466e-01 -1.308440666632679772e-01 3.273211884576062713e-01 -3.476484744013089712e-01
-6.530773141994967723e-01 -1.336211873093309799e-01 6.108793959779184463e-02 1.111682283729455989e-01 -7.783938120753559620e-01 7.512407191705999798e-02
6.334804992850784355e-02 6.024987703329214295e-01 2.449103839839594787e-01 -7.387295135605551621e-01 2.435288076617336817e-02 9.518091953383264747e-02
-3.754033324874136435e-01 -7.340111205872135169e-02 -4.151112704800157815e-01 3.408899309050804627e-01 -6.712010205738496715e-01 -5.516789965922236361e-02
6.078322755081209117e-01 2.248064615884009798e-01 1.726496512896832369e-01 1.107490817588843712e-01 -3.344112920499954233e-01 -4.908138386686449195e-01
1.868327121382776235e-01 7.033292128682774869e-02 -5.590075367724097744e-01 5.436158043966654585e-01 5.213389432278686675e-02 3.750024313200644999e-01
3.069209752382365819e-01 -1.778380906740220646e-01 -4.898485345536769398e-01 5.922985751163822865e-01 2.124969036292179703e-01 3.854789571373349322e-01
5.424743476476031612e-01 -1.268386331020428526e-01 2.932028902695743011e-01 6.929753539867633538e-02 -1.481166653307200987e-01 -5.875075897943451420e-01
-5.612773064324918515e-01 2.090946542061750124e-01 4.000404458135402574e-01 2.675598990738340399e-01 7.635684129199139525e-01 3.252892741416323341e-01
-1.152973881370968345e-01 3.099691561132371653e-01 -5.749716618894752385e-01 6.698645226432604627e-01 -1.264512130589908745e-01 -1.355879625658496512e-01
3.303886132666986053e-01 4.166407122057872447e-01 7.026136761080500892e-02 1.494457162138541906e-01 1.001315836322918540e-01 -8.609108181506525126e-01
2.400183456003311122e-01 -6.113391296495912508e-01 -2.488182653011331291e-01 -6.537950779509033028e-01 -1.678119362737493514e-01 -3.150088432995927223e-01
5.228513759788240289e-01 -8.346226564465770992e-02 4.732751517284422560e-01 -2.904220266169149633e-01 -6.528508545398088447e-01 3.533459748516794008e-01
-1.654825373599281002e-01 -1.652550696102176031e-01 -4.982268958097701983e-01 4.399909719071395386e-01 3.610873214606918902e-01 9.873668510415789523e-02
4.771722003089929887e-01 2.223994535334361256e-01 1.517545517109041286e-01 -1.974864016591619809e-01 -3.978707211865356586e-03 8.543132319134543184e-01
-4.444015646895393273e-02 4.508617450687971706e-01 6.223730076080858931e-01 -4.432632922237143558e-01 -4.611712527961949748e-01 5.267910156214402617e-01
4.429004836045910554e-01 6.261541653394689932e-01 1.283323089087076152e-01 -4.754108544813193116e-01 4.748710281006218170e-01 4.941433239561453528e-01
2.363517081532728326e-01 -3.568726129891075516e-01 3.267840249373349937e-01 -8.610515142795699406e-02 2.069924041620444521e-01 -4.335302628030323624e-01
-7.567510265664108005e-01 3.591334423897015599e-02 5.583393325976841043e-02 -2.645461339829148217e-01 -8.076517402890545094e-01 -1.589503582563845663e-01
3.830245699537576654e-01 -6.339299115822043529e-01 -2.579867565650829919e-02 -5.334801955123648076e-01 -4.684228185250783882e-01 3.383804245478658768e-01
-3.501031966622856206e-01 -9.600901852647565626e-02 -3.792483157619637724e-01 4.026606553501709262e-01 3.652224281277335338e-01 9.044534580973956350e-02
4.536828644731228377e-01 3.598357239429316179e-01 -6.905286039481089988e-02 -4.362453364205527984e-01 1.430143990899948869e-01 -4.703212373486434505e-01
-2.564705833219599329e-01 -4.027491393106730905e-02 6.342674869594270293e-01 3.906375923212053181e-01 -5.175119538563384136e-01 3.971234507674192837e-02
1.824916851590345501e-01 5.801049584015828264e-01 3.208554077958652995e-01 -7.192421603569375543e-01 1.515373531191410161e-01 2.642349207487733054e-01
-3.677453970701585750e-02 7.976511439247475910e-02 5.163641052213331362e-01 8.656107835653875648e-02 -4.581000474612051954e-01 -3.175959615570442818e-01
1.570330652019995277e-02 5.302499947425494131e-01 -1.972365572790381882e-01 -4.511957901216036015e-01 -2.362740016074200700e-01 2.437239812895958535e-01
1.758758009669690314e-01 -6.225826139284534877e-01 -2.104574968438474494e-03 -6.216315402485181885e-01 -8.345374550839912420e-02 2.686759707572770606e-01
-4.206235018422760374e-01 1.888142701673286294e-01 3.536517663296540603e-01 -2.421659658407577798e-01 -7.473319106718006033e-01 5.069428425571803620e-02
-6.661508371336198886e-01 -1.288503866176453350e-01 1.521238254095594877e-01 -2.194428243515090804e-01 6.903332091120791825e-01 -2.075846507257362861e-01
6.759421498742899936e-02 1.940211770291238591e-01 -4.066370486356781777e-01 9.868863244728756645e-02 -1.661860556093911478e-01 5.257169006548982892e-01
9.162333966678089248e-02 4.371448952213847772e-01 3.296644521218187740e-01 -1.791145698384365437e-01 -2.319330461599130588e-01 -3.624595921893937756e-01
-5.416941727035233800e-01 -4.980579146778833510e-01 4.184409184363085607e-03 -5.065491005929777524e-01 4.076687120928765284e-01 4.265871807955414208e-01
3.406331868090922144e-01 3.827342397696657517e-01 2.360191235590254621e-01 1.546539935394786180e-02 -8.066763676905852609e-02 -5.883137041397838995e-01
-6.745269501632941700e-02 2.088788432572605824e-01 7.665141676901193746e-01 7.684270752559306805e-01 -1.113993845356651136e-01 3.207262512417073386e-01
1.483372097510677612e-01 5.991616089991234073e-01 3.024414455753500208e-01 -7.067212062609867784e-01 9.292230960253045069e-02 4.146772551612532554e-01
8.945733964665532056e-01 4.434455158726535035e-02 -7.788536019780852027e-02 1.594920031382169867e-01 -3.747135134172630555e-01 -6.108447238805684298e-01
-4.343333361845788665e-01 -5.715100507674810704e-01 -2.216523827539643443e-01 5.407491279009639662e-01 -6.324934921978306868e-01 -8.356325349760801435e-03
-6.705406758488355878e-01 3.035805443547153204e-01 1.385876471794701137e-01 -4.928294967355367207e-01 -6.552282141705012553e-01 -8.300770790157396828e-02
6.793621451075437800e-02 -4.009319017477998293e-02 7.941901689301635869e-01 4.684390286418754767e-01 2.415043058496589845e-01 -7.776186306805288329e-02
1.583028012505320881e-01 -5.078817430688866708e-01 2.168621857500538930e-01 -3.413926485992800908e-01 1.738283530385579256e-01 -3.175307429686675675e-01
6.490473320996761886e-02 8.925637027768033860e-02 -6.065313924738150453e-01 6.720002760959030708e-01 -4.562812718346802299e-02 1.765657752855152030e-01
4.379379923973497069e-01 -2.395082580896176205e-01 1.274039885512864012e-01 -2.245106507185957168e-01 -6.485198407493125705e-02 -6.010580771605456007e-01
-2.713150994881275424e-01 6.551922749423219061e-01 1.869079103366946271e-01 -6.544116939757387286e-01 -2.666375029513819994e-01 2.457879568757340150e-01
-3.911029707774282271e-01 -2.217422575395472384e-02 5.150697395459179484e-01 2.946997035353489669e-01 4.067684701962275273e-01 -7.287826452964007995e-02
2.494110991938185695e-01 -3.720005014585934799e-01 -2.426610229987105627e-01 1.183204060335166230e-01 3.281520574773599819e-02 6.622917234835523637e-01
7.107791854026238032e-02 7.750032654476970428e-01 1.470930701461997947e-01 -4.641452476938954241e-01 9.755425266595874056e-02 -3.574849688203523002e-01
2.288986630080953877e-01 -5.804495667568655426e-01 1.217996645175120213e-01 -4.487963730178933242e-01 7.349008694078862369e-02 -2.144924220196618436e-01
4.624658303596881209e-02 -6.189069799045805453e-01 -5.399089587849711935e-02 -4.065111571972515603e-01 -8.866730363829566919e-03 5.962869851840267854e-01
3.039550415848587539e-01 4.146168060166462999e-01 -3.744487974153979520e-02 -3.865789125701720730e-01 -8.900600636223932050e-02 4.817149424814434755e-01
-2.912659355744725009e-01 -9.517351055896006162e-02 5.039418978326256626e-01 2.862402131987967224e-01 4.035278983942139908e-01 -1.424198838633420339e-01
-9.041928518850174054e-03 -3.636491075117505578e-01 3.146325545887846964e-01 5.822771517596784033e-03 4.620399864777622878e-01 -2.492970161552967578e-01
-1.513786817161100751e-01 -1.083555907947836433e-01 -5.572850298952740644e-01 3.873893565075457457e-01 3.200008606534515687e-01 1.681388127590112136e-01
-3.476131500506141614e-01 4.560829558276465190e-01 5.048310608444890324e-01 -5.445767299412249685e-01 -5.217112814137305765e-01 4.332504921527796093e-01
-8.791367635419997106e-02 -1.448106599310239329e-01 7.251345297113008792e-01 4.122723287585977614e-01 2.587265998227922248e-01 -4.100621472126186884e-02
2.664866310195614929e-01 -1.984249910288450047e-01 3.835582422308645434e-01 -7.867226735061405574e-02 1.724228350045109159e-01 -4.786118249845431327e-01
-6.074518520101464952e-02 -3.526304567643436805e-01 3.031575367619934736e-01 -1.719199003771370027e-01 4.159986223712814901e-01 -3.268023995931916281e-01
1.707957241357187239e-01 2.904359212809795032e-01 -2.581081392178547484e-01 -2.116587997289310075e-01 -1.581915091385990291e-01 5.496430389617814605e-01
8.079992897977152089e-02 -4.436902130584380322e-01 3.032823146595334807e-01 -2.181079267384606890e-01 2.875608977463807170e-01 -3.098456546394109390e-01
1.962245256454401010e-01 1.948933687840271323e-01 5.766725470512231722e-01 1.056751482891151728e-01 5.191151851166286857e-01 -3.649648694071345734e-01
1.615841389183559351e-01 2.616783903911574227e-01 -3.005155936081078116e-01 -1.899241368810442032e-02 -1.440945392158283211e-01 5.954422392428195820e-01
2.799693621072904537e-01 7.702351581668475111e-01 -4.388307187899101805e-03 -5.365511806195053524e-01 3.615098741213993994e-01 -4.121110628529545683e-01
-1.072576989365304741e-03 -3.573649544428539881e-01 -2.850905371807306299e-01 3.544944759952949054e-02 3.108986658750731991e-01 4.579369693622677984e-01
-1.035364320855562854e-02 3.974687815832273485e-01 -3.386908600911922029e-01 -2.849471081986404974e-01 -5.591857389709218307e-01 -2.416828331653231576e-01
-5.708427556146324910e-01 -3.332156329824034202e-01 9.968920363308651778e-02 -8.628102452680541656e-02 4.400030062650196472e-01 5.087526029803415284e-01
-4.319916052670461776e-03 -9.800610891539290881e-02 7.044775161153025156e-01 7.489839293459703562e-01 9.602877026776360236e-02 7.607972636107485087e-02
4.220533139458602090e-01 -3.038755002292529150e-01 1.311784498729600956e-01 -1.859201911909310612e-01 1.861924695210896430e-01 -4.934827399543425530e-01
2.208841503783905424e-01 -3.233753244565604756e-01 -2.659890811197686555e-01 2.781790456956109714e-02 1.494012473391083118e-01 5.937828292671778474e-01
5.180013057832913437e-02 -5.060937154726584675e-01 1.549474507025091208e-01 -4.632535613624290116e-01 2.763733531894306816e-01 -1.950025184038645942e-01
1.679948162326490579e-01 3.460019307576925329e-01 -2.315918740012964105e-01 -2.426864929100307489e-01 -2.021770825740784594e-01 4.969962343723310916e-01
1.456203233829991284e-01 -6.300398043004120652e-01 1.448251766341455797e-02 -6.110651512308348243e-01 -7.321668287811666787e-03 -1.846385901816085529e-01
-3.813477310550508759e-01 -5.541790095977315866e-01 1.511732651419206430e-01 -6.971728390292348809e-01 3.918627814097763729e-01 7.865133162934924427e-02
-6.154731756546286126e-02 1.575591586557756330e-02 -5.945880343245427690e-01 5.431758602837698513e-01 -1.615945654645432605e-01 1.818504274635758255e-01
5.969063947773087797e-01 -3.802445781208529246e-02 1.254504315479798848e-01 -1.190843496569673476e-01 -2.313312012204862128e-02 8.234013624494669337e-01
2.644036700496896208e-01 7.790780105836583869e-02 7.986823055359894008e-01 6.032825807855511924e-01 3.390605662116641383e-01 -1.051762658739752165e-01
4.536744535554119821e-03 -6.369196878468200707e-01 8.443650570863180647e-05 -2.029711455398177378e-01 7.322419973419391770e-02 6.728668192178242080e-01
2.748950935879113100e-01 -4.351490936831914347e-01 -1.043574314006089493e-01 -2.218532174836089776e-01 3.026753592822450933e-02 6.281918681886693445e-01
-5.409835504601946399e-01 -2.816231595879748473e-01 2.155175661122928077e-01 -3.355271009703696961e-01 6.756778203345663592e-01 1.213988493174381067e-02
-6.909011512425596857e-01 -2.932726143051955434e-02 -2.937654648149589653e-01 1.867200609238839348e-02 -7.240756937321495279e-01 -4.113688244784510784e-01
-3.553446688320310853e-01 1.718424256388581539e-01 -1.996072797458118830e-01 1.112330071817423938e-01 -6.310157326471026451e-01 1.715046304905230579e-01
4.362876267003374386e-01 -2.711241214138618641e-02 7.129508848786363373e-01 8.360337143163737439e-01 2.375337071981770409e-01 -1.646398494355894027e-01
1.271411799385127328e-01 5.303486443776062736e-02 7.360009420523260237e-01 7.803971438473417122e-01 8.829738229358780055e-02 -2.031460086082481631e-02
5.096001543458064109e-01 4.015159424705486146e-01 5.374264079336090599e-02 -4.278612600424236412e-01 3.854230693059901292e-01 4.014596463690568440e-01
