# rod_radius=0.005
# rod_length=1.0
2.834948275701122955e-01 -6.585866837134071727e-02 -3.506004445815439352e-01 -3.287535224059653927e-01 -2.724843416858819811e-01 4.125887777472850848e-01
2.446888353588446696e-01 -3.018410916535013144e-01 4.031724172257022398e-01 -2.173669850562030548e-01 3.437147154189351683e-02 -4.174770397107901432e-01
-5.685500747207260924e-02 -6.102188495765643594e-01 -1.389317748109669404e-01 1.888741708998590840e-01 2.157742637040978018e-01 3.683674935795704375e-01
2.267244298022744464e-01 -3.652867564161867975e-01 -4.388941038359793767e-01 -3.554747816352310519e-01 1.409102102072415930e-01 1.973516892210643858e-01
4.169172983442433478e-01 -1.561834928335050221e-01 3.254443340366411364e-01 -3.497325697954415946e-01 3.832470984598046471e-02 -2.864498878447228614e-01
1.607684589807357733e-01 -5.974433112718071648e-01 -1.767000765088722336e-01 9.692634132734515018e-02 1.698395071991913863e-01 4.614231564898421123e-01
-3.538082728562699786e-01 -3.662017092039952515e-01 -1.157106441032641764e-01 3.016040673202413092e-01 2.707796438710187714e-01 2.901087987270091206e-01
4.690729984418147702e-01 -2.920652658126443035e-01 -1.425117572922115772e-01 -3.020032701785298479e-01 3.248889810173120618e-01 1.499648150502538857e-02
7.570677329701555602e-02 4.940194359318143547e-01 1.911588347887229530e-03 4.569818520212721724e-01 -4.207803098625018667e-01 1.352185252959184070e-01
4.214505312857822483e-01 1.449000375954889730e-01 8.776944196333784365e-02 -4.936070294974499451e-01 -1.779037981923509704e-01 -1.540307732021961029e-01
-1.335557112622065834e-01 2.513670666153317024e-01 2.432670768927126526e-01 1.176938435663006655e-01 -6.651103159774109930e-01 -6.808942038080240122e-02
1.278925751566434565e-01 -2.343083823530941190e-01 -4.639654483029797549e-01 -4.049875298609925123e-01 -1.698147854410805291e-01 3.797639927109888736e-01
-1.077574545473851814e-01 4.586013925319692985e-02 -4.361013753000077542e-01 -1.256487934691793706e-01 -1.018434196474871378e-01 5.527684637989798144e-01
4.565339026704642866e-01 -4.747554218118085201e-01 1.531065239382814469e-01 -4.594803398978651310e-01 -2.424290717806863449e-01 -1.739139257176787190e-01
-4.582275833783708285e-01 -1.615303412913520476e-01 -6.330522557294782082e-02 4.971343733541050969e-01 -3.171759755025430616e-01 1.878082312136027943e-01
-4.452666961318257205e-02 -3.552522546896070277e-01 3.972026616575946578e-01 6.742382526478582494e-02 -5.250942168013045253e-02 -5.492717773834046024e-01
2.644944539345755463e-01 1.196939113507383690e-01 3.295303087855299684e-01 -3.027864910449114544e-01 -4.875414707812439907e-01 -2.267587528993152968e-01
-4.405568041732272344e-01 -3.681076828113623023e-01 -1.497784295245526698e-01 4.302278265188582140e-01 -2.195608689617080944e-01 3.189090687571538019e-01
3.840601596698850484e-01 4.331580591682543391e-02 1.794426686988480346e-01 -5.679892763920981746e-01 -1.999240275930143085e-01 -6.127411562397350187e-03
9.330542155941068394e-02 -4.501181707904422513e-01 4.394141067865350303e-01 1.702440818586265503e-01 3.174479143167485695e-03 -4.486209240920490116e-01
-1.687468342868848059e-01 1.813344752378825697e-01 4.159060201731391571e-01 3.782261502328117531e-01 -4.175189570048415399e-01 -1.690684415743158864e-01
-2.152290518306067615e-02 2.398318756337031732e-01 3.546098169570960912e-01 -2.803094766395348644e-02 -4.302715972780158382e-01 -3.876293500064372233e-01
-4.786729304761196818e-02 -6.443332204020585374e-01 -6.685316209139181842e-02 -4.474057188351534542e-01 2.696092428907453931e-01 -1.381147934893249829e-01
9.130593809521669879e-02 -1.402107915127149829e-01 -4.718661098510192886e-01 2.959154198314686152e-02 -3.601971164714413698e-01 5.016827333734366068e-01
1.998207866491206464e-01 -1.826190747843755846e-01 4.458275511322805085e-01 -2.515733170401136531e-01 -2.599589619038028543e-02 -4.326441576220232954e-01
-3.234499566084346744e-01 -3.516175079134333803e-01 2.285324848905423978e-01 5.561011660551746782e-01 -5.989369939628103046e-02 -1.473492015021739543e-01
-4.443260906355180340e-01 3.333348041831373648e-02 -1.979063167487449260e-01 5.052441198253394550e-01 7.684012806703566234e-02 1.126151591843906341e-01
3.977819040593586486e-01 -5.143395149305846070e-01 2.980543466483697151e-03 -1.481108120087795132e-01 2.274405313170294596e-01 -3.865878145050522519e-01
1.628302841317198491e-01 -4.955455776088932840e-01 2.843402335705227935e-01 -6.020398524952464969e-01 6.362689531554366340e-02 -3.550319628198445043e-02
-3.481752491978374331e-01 -4.815645636365450954e-01 1.797542775955826566e-02 4.710634901285749021e-01 -2.932973185451531739e-02 3.705822128757126910e-01
5.353324405987680557e-01 -3.335900494359662072e-01 1.346726011566680425e-01 -1.250918806801365468e-01 4.168673196153543370e-01 1.091098724316642288e-01
3.845958914963286124e-01 2.258472340043548854e-01 -9.599256076317054520e-02 -8.973900341956220217e-02 -6.526220897767687212e-01 -1.534212525527808568e-01
-9.581259821306312152e-02 1.220085981787104867e-01 -4.171500481788671388e-01 2.176863731418084147e-01 -3.817004529883165631e-01 3.878316825031719040e-01
-2.668145239478882380e-01 -3.938440750251899214e-01 3.872050097806572500e-01 4.136908619515894392e-02 -8.811610633554145533e-02 -5.136575055900842735e-01
1.827643742153835793e-01 -8.166072709907195443e-03 -4.113352359972642369e-01 -1.639825079265903873e-01 -7.353240908288315170e-02 5.243430430035871392e-01
2.195172833170112858e-01 -6.172083859195324207e-01 1.875346135130397385e-01 -4.168205817763258603e-01 3.721736685910925768e-02 -2.208782358790456479e-01
2.748160372498727466e-01 -2.274846055646586873e-01 -4.490644445832987497e-01 -1.981976935644997884e-01 1.653688242366395389e-01 3.395572601360329346e-01
3.179615294211352583e-01 2.364473503891136863e-01 9.735581304450197093e-02 5.876496087136218183e-02 -7.281365587204153833e-01 4.841685985787861496e-02
-5.225299481801148199e-02 -3.281935543156135338e-01 -4.865014158434918801e-01 4.201843401248991916e-01 6.568215132650806476e-02 3.019558709241305094e-01
-4.724819481846850161e-02 -2.632927652217000869e-01 -4.256195506755723890e-01 1.103334733150495434e-02 1.902311220952805915e-01 4.637169129182215355e-01
4.168201220302792942e-01 1.869425657018181364e-01 1.349526639266827518e-02 -2.482070391491754124e-01 -5.449888843857005893e-01 -1.348800255746189503e-01
-3.848583543559210840e-01 -5.018377223429681955e-02 3.249935455192961009e-01 5.437742661102379360e-01 1.779736132244154334e-02 -3.972555418141282546e-02
-3.482534997832697488e-01 2.446319137524117504e-01 6.432792674151326107e-02 7.404040930431005085e-02 -6.610806087192946379e-01 1.011067383790549140e-01
2.674446432518455818e-01 -6.233145039612597582e-01 -6.659250395857921334e-02 -4.766899574318129718e-01 -2.065417812720471424e-02 2.216161491574622222e-01
4.780609027787761089e-01 1.854293631166303857e-01 2.851618790689791072e-01 -2.756877655413669803e-01 5.860451497189861358e-03 -3.469915445438496726e-01
3.843656119361061468e-02 8.679397338530071837e-02 -3.737270161358773879e-01 -3.398715334747021838e-02 -2.951880682165316516e-01 5.476005724371382222e-01
-2.893886752707752058e-03 -6.002709332943468867e-01 1.032752516534970605e-01 -1.496761166481032357e-01 3.850572455272907035e-01 1.903577240975561913e-01
3.435563574712415802e-01 5.342789481354980052e-02 3.655159008811721399e-01 -3.161127745681390211e-01 -3.077207428926355681e-01 -2.935806760461979747e-01
4.377816692112506125e-01 7.533567041886254922e-02 -2.941254493828062144e-01 -3.693960042743045236e-01 -3.787484722970118067e-01 8.306388604495457129e-02
5.438918188850984103e-01 -2.274477615569174271e-01 -6.455686610848149209e-02 -4.057435199679478854e-01 -5.367149012304781586e-01 -1.409341874710624137e-02
-4.468587307111084317e-01 -1.750335051791408469e-01 -2.493482177300269109e-01 2.714557166730350857e-01 2.157804013625658768e-01 3.262287494366785667e-01
-1.983212398297661549e-01 -5.156216047424412308e-01 1.297252020187555921e-01 4.994635823013690024e-01 1.393848571252445101e-01 -1.602107855974698181e-01
-2.313273809701855699e-01 2.486815340759838400e-01 -2.047668924259461731e-01 -7.124951273498239535e-02 -6.849374724733318098e-01 1.157492954821560394e-01
1.861190436553847860e-01 -1.237767956881805909e-01 -4.670582043823785501e-01 -2.164234567685380251e-01 -1.454122183613921759e-01 4.480873817612730514e-01
8.956219868796426800e-03 -2.378934281281904276e-02 5.307816695376955662e-01 1.870907546414862788e-01 6.023907185047713830e-02 -4.496301383524841100e-01
2.533951719320762241e-01 -2.184097824762362139e-01 -3.739625683360395247e-01 -2.715224796113122063e-01 -3.384246350987356045e-01 4.686867621972336528e-01
3.090413232816737743e-01 2.462512004362590046e-01 7.991731982260906475e-02 -1.096880552904351269e-01 -6.615951269917110800e-01 5.799123270788426876e-02
-2.324650584093659322e-01 -1.214824519900351701e-01 -3.465429470549400426e-01 4.183144443470885321e-01 -2.415842317415424767e-01 4.031647301717122822e-01
7.766801909631744494e-02 -1.428148617478006976e-01 -5.208008654142697313e-01 3.568341197263204534e-01 -3.147269766169610850e-01 4.239279385396753641e-01
-3.174608283022415378e-01 -4.475673441086851501e-01 -3.522555434369800120e-01 2.252886583144192434e-01 -2.339048223745397725e-01 4.600075429971856589e-01
-4.293042831757270528e-01 -2.917801215089793621e-01 1.310152790977871795e-01 5.301817975978322384e-01 -2.853813700685776111e-01 -1.506680835308900346e-01
-3.712206328776340020e-02 -1.003815159638856286e-01 -4.666905651383790876e-01 2.024666309130574438e-01 -5.242560797486831570e-01 4.067667101690015108e-01
-1.774682038686714869e-01 2.031653308893750787e-01 2.259615660870022413e-01 1.404976341483509528e-01 -4.912436588964735895e-01 -4.195567378817774973e-01
1.168738902717769562e-01 -2.373258701047815666e-01 -5.431420353425050473e-01 3.125824532038973813e-01 -3.103554833993524276e-01 4.347970394352080881e-01
-4.031179884946927139e-01 1.547367280518228694e-01 -1.618109479458098021e-01 3.593198565051679561e-01 -4.921127516092425602e-01 -1.783724446830355637e-01
-4.474436800798695657e-01 4.412219149731442733e-03 1.093913647400074490e-01 4.621524906931786525e-01 -3.884243258401185450e-01 2.447215351952509166e-01
1.134717426061740558e-01 -5.124020531647720533e-01 3.579014279336795723e-01 1.941750673760830881e-03 -7.748863390199617340e-02 -5.356372554173640665e-01
2.454447807898112455e-01 3.261255635856621371e-01 -5.003078815050592681e-02 -2.592977717121774939e-01 -4.559187118439872455e-01 3.155395976324398277e-01
3.512264900256258926e-01 -3.578490010289773759e-01 3.539116005771707485e-01 -4.432835102725037890e-01 4.252762240194996046e-03 -1.335678066428904742e-01
-3.038716736888061876e-01 -4.227929187975254521e-01 -1.965463540133043641e-01 5.593240075064142003e-01 -1.381600202919887055e-01 2.204396518121385096e-01
1.772902726437834420e-01 2.489012812039504141e-01 -1.067154418807988864e-01 3.388933618035473438e-01 -7.195356425581839188e-01 8.305907239378799989e-02
-1.751613064352767202e-01 -4.731765654780951125e-01 -2.477764453876995232e-01 3.164877582800596501e-01 2.920523109514122084e-01 1.678026251187069440e-01
-2.579997219258904906e-01 -5.393185290004274268e-01 2.063959868075691539e-01 6.109456734960192481e-01 -8.107061212806493389e-02 1.946619662633194969e-02
4.398001604657602037e-01 -2.325421747096086122e-02 -2.026769997830334957e-01 -4.347979443706341263e-01 3.146899170243504934e-03 2.814522557435096273e-01
2.931666835390423498e-01 -4.323021505032610956e-01 2.645249827501061635e-01 -2.284927768586278440e-01 2.011405277215143061e-01 -3.069833555801715352e-01
-4.161023797216948927e-01 2.192365648359172747e-01 -4.447327840209046312e-02 5.154990024143590865e-02 -6.163838502100342787e-01 2.436931093042435936e-01
1.566224092914694221e-01 1.776300101899327619e-02 4.529960639129124167e-01 1.398966297857466290e-01 -1.197336760397156585e-01 -5.373649369841033696e-01
3.739595426296762198e-02 -8.428113202993869901e-02 5.181573120876220573e-01 -2.388827926335604090e-01 -9.090044333468927373e-02 -4.428974411554671420e-01
3.159421461071649367e-02 4.744976945977776722e-02 5.116698885082378023e-01 6.158254103006029212e-03 1.850621853583935550e-01 -4.784896112207688290e-01
1.503191956482038127e-01 -4.555194184352610032e-01 -2.636262867087713069e-01 -7.669537045316640600e-02 1.443127649246155331e-01 5.036192662816191268e-01
-1.404705862078930168e-01 -4.279646299430195366e-01 -1.684596726514040188e-01 -2.923479214193965003e-02 5.555562027654856738e-01 -2.593469327275083058e-02
-1.637574582595295869e-01 -2.129941079846993032e-02 4.137991509321234385e-01 4.149140871944729803e-01 -1.716386947140204344e-01 -3.877851192439047412e-01
1.793952856620607272e-01 -4.042294255326789876e-01 -4.094386623420258053e-01 -1.870245475619874143e-01 -1.115608178155681474e-01 4.737836153870794154e-01
4.221116409398295577e-01 -1.743967252764646314e-01 3.574154836559773618e-01 -4.521900516846073526e-01 -1.635700328495192923e-01 -1.278466444821424464e-01
-4.262821570869078092e-01 -1.148128027149284969e-01 2.395970144765521559e-01 2.937749153357617771e-01 -7.473703982688899572e-01 -4.569003528400969460e-02
2.229211850735616715e-02 -4.863813775262106898e-01 -3.286026071178484997e-01 -1.051245142307291464e-01 2.490202142814568198e-01 3.369419071473032101e-01
-2.079016330671582813e-01 8.763443436780180007e-02 -3.071166400930072093e-01 3.302505292384029234e-01 -7.603272447792927546e-02 5.196876362150045781e-01
5.191916358657089337e-01 -4.071296141779748995e-02 5.431580922889932272e-02 -3.974426265917594403e-01 -1.701308642721196251e-01 -3.238807472200486148e-01
-2.050020604954367470e-02 3.087954660813614360e-01 1.248857922029310147e-01 -3.793077579361213147e-01 -6.045993152616784272e-01 -6.738254664790856163e-02
-2.754848500684839996e-01 1.727157791388190533e-01 6.047372951601531592e-03 4.428955883302265750e-01 -4.973840229934803903e-01 1.928515509250326720e-01
-1.470403161736633935e-01 -8.120750540623832003e-02 -3.968896898235851900e-01 3.710294458112733951e-01 -3.304962327046041537e-01 4.213149619346604480e-01
-6.117873591724415361e-02 -3.179403065974720222e-01 4.412511690998309755e-01 -1.354188159261874858e-01 2.855291758584424522e-01 -3.526713675904032952e-01
9.625760275146315326e-02 -1.456558835990904299e-01 5.322843050883322435e-01 -2.836254542111559807e-01 -6.165770586983254642e-02 -3.889285743108321647e-01
-6.107521997065606251e-02 2.493638530863301339e-01 -2.294472460688634641e-01 1.033823102578587394e-01 -5.726860525314484418e-01 3.157019751769698512e-01
3.150805578125885353e-01 -2.001075452079925654e-01 3.748437657609678397e-01 -2.599320667089362602e-01 -5.514206816009701306e-01 -3.640334647980723592e-01
-3.099457286485385321e-01 4.542163379147798330e-01 2.127858647400821257e-01 4.377189609205985876e-01 -3.007361081336135111e-02 -2.415936655343131900e-01
3.777602962432961148e-02 -2.504489060661523880e-01 -4.937481827768036569e-01 1.868791083335387959e-01 -3.649686212344642189e-01 4.884195761916956258e-01
4.624311307965810469e-01 -2.216877900120445832e-01 2.600281916241129476e-01 -3.696183529296922510e-01 -1.486997600183811719e-01 -2.898503441530950742e-01
-2.855683976143682731e-02 -5.079755110594493805e-01 2.004317969853159354e-01 1.915165640001833813e-01 3.333152120085951520e-01 -2.933268649502715486e-01
-2.639035916334800738e-02 2.128407286675016719e-01 -3.611655397691626024e-01 -1.770997918381783665e-01 -2.517036263290721720e-01 5.114656590448884987e-01
-3.282904487357884982e-01 -2.039435275233793254e-01 2.833195710601441597e-01 4.764716858101278874e-01 -2.101902377381016096e-01 -3.102449876970255760e-01
-4.936989828464682928e-01 -1.914481906385561150e-01 6.904381954342372896e-02 3.475969393186684187e-01 2.547104463953567266e-02 -4.260998128650725914e-01
1.916879352516702162e-01 -1.952374697606394094e-01 5.109186199333142220e-01 3.574641609496661543e-01 -1.494644949768894060e-01 -4.741819220281513481e-01
-3.914572212755513259e-01 1.130287371546414565e-01 -8.215034906755426525e-02 5.909299002706471793e-01 -3.981742824935607938e-02 2.533729274055619707e-02
-1.175390763921992446e-02 -1.708380114518854298e-01 6.123540063570225289e-01 1.752524260948564450e-01 -4.947129592164005163e-01 -3.150798992954890743e-01
-1.331438496309235997e-01 -5.288080582546977881e-01 5.690156837344476776e-02 -1.952715870338448956e-01 3.961804528839258932e-01 -3.179802776884123605e-01
6.702931564438388036e-03 3.062001984430820500e-01 -1.383416989057325297e-01 -2.071706933807650752e-01 -6.196025425216595828e-01 1.733430093732745425e-01
-7.903162340929821561e-02 -5.407670624504211654e-01 2.734663066048398927e-01 -5.824271220212549893e-02 2.337583529303273178e-01 -3.587347706641720868e-01
-1.436988019158112473e-01 -4.743667347948897772e-01 -2.438339392861937904e-01 2.381704914514238824e-01 4.079245348899880330e-01 3.137136266319573430e-02
2.431570415942444774e-01 -1.356884042566221804e-01 -4.714925708154177886e-01 2.352384512220455082e-01 -2.655726815611563207e-01 5.200049684833927266e-01
-3.704757051759093311e-01 -4.160359504768836869e-01 1.216167469260377443e-01 1.609255310388896243e-01 4.195524493302088542e-01 2.609176882624326677e-01
5.381573368756676912e-01 7.741377358369247452e-02 1.724703332126160948e-01 -3.790991772051122144e-02 -6.966083263255039570e-01 -9.027727768837570665e-02
-2.576011239843991052e-01 -4.215839595963279951e-01 3.241619752155417422e-01 1.647525551587509796e-01 1.569862557254767532e-01 -3.736015059560695017e-01
-3.628783965343133633e-01 9.926777476715328841e-02 3.207135102869226317e-01 -2.061604739088063187e-03 -7.328632460542440219e-01 -1.004387269686098372e-01
-1.701215114584917268e-02 2.599485437728855097e-01 -3.033343144330070684e-01 3.418561778829047604e-02 -2.675553242794979636e-01 5.446742100795358699e-01
1.061698898692719911e-01 1.300787696869925569e-01 3.829493947131616949e-01 -2.800951191021980868e-01 -4.436314015644977071e-01 -3.393081647812722368e-01
3.032370570382630914e-01 -5.725452221583966494e-01 -1.410311513240138370e-01 4.305051987698021998e-02 3.929122234754910403e-01 -1.270709740289696077e-01
2.113713752963014558e-01 -4.450338895342750289e-01 -2.749556100415682103e-01 -1.513705243219157781e-01 1.350568283668756031e-01 4.543680994772536508e-01
2.373018684865841055e-01 -4.855972833960874313e-01 -2.211465529175548894e-01 3.608023916376493223e-02 3.124696423811819113e-01 3.468314729541229768e-01
-2.865961759710348722e-01 7.247646855927755705e-03 3.196265247123244446e-01 2.964690822668852310e-01 -3.931127447087309768e-01 -3.873009549502931526e-01
9.631825456511458605e-02 2.274340711234938972e-01 3.799424208100702915e-01 2.202942510119908215e-02 -3.990125112829395748e-02 -5.807932323710813804e-01
-4.344421743265568236e-02 -2.584425762793088888e-01 -4.908426211751282797e-01 3.327801558153226646e-01 -1.635379629463207252e-02 4.034997313832734966e-01
1.282322353561850814e-01 2.201098240144434282e-01 -3.649958515046345386e-01 -9.401404890936157499e-02 -1.064599868624414858e-01 5.536764228968483748e-01
7.185370219130990388e-02 -5.253104915642038408e-01 -2.376166671376948591e-01 -3.104106005457264450e-01 3.573029352644959689e-01 3.600266996161682886e-02
-6.984150610068003140e-02 9.433187801187414845e-02 4.701296960545460757e-01 -8.409191458897688487e-02 -2.883148367554887459e-01 -4.536551368668766959e-01
5.250772075263674399e-01 -2.595272467546503870e-01 -5.537768025654392010e-03 -4.687722525259709894e-01 -3.570918919799911939e-01 4.684916503717037606e-02
-8.055421759199346554e-02 -4.669378468589061582e-01 3.052614688547476418e-01 2.967634796102552874e-01 3.184248831892101395e-01 -1.854897284228154697e-01
-1.303649242840101696e-01 -2.750772649151280169e-01 -4.000567866954316543e-01 -3.535057036136805830e-02 -2.074692293155846468e-01 5.931206526733016071e-01
3.928052489877755793e-01 -4.194228536487251691e-01 9.717405592508861559e-03 -9.399101529042519498e-02 4.339273985154417645e-01 -1.768911264100257175e-01
-9.953383778770479029e-02 3.046989084051945906e-01 3.096615747958207376e-01 3.291816060537200439e-01 -5.190029190509211077e-01 -6.144267963587635162e-02
-2.340503223910426478e-01 -4.972618693778153576e-01 2.919808287705488170e-01 9.454922563540504865e-02 2.070218695617301874e-01 -3.373098450060045272e-01
4.760064111376071105e-01 -3.671627332231754137e-02 2.978696374742869080e-01 -2.210083828891337143e-01 -1.128874997512638867e-01 -4.151298864892079554e-01
5.515174111192310269e-01 -1.116505500389456396e-01 -5.890025327657056990e-03 -3.296082934858102220e-01 -5.834783263812487464e-01 -3.745016088102833679e-02
-1.603982541174281962e-01 3.150064082078509187e-01 1.841312340785934976e-01 -2.951664795790511220e-01 -5.404990101410080960e-01 -3.158167677992707034e-01
-1.785982920879360114e-01 -6.332705462419208065e-01 6.348734701053983243e-02 -2.201053815264233660e-01 3.398118696038794351e-01 2.901760619878112069e-01
2.194750447409100358e-01 -3.693296875967276294e-01 -2.985866028248883031e-01 -1.547711527726599312e-01 6.598450811643280511e-02 5.202182180312411308e-01
1.701814532298029370e-01 -1.575220699174161854e-01 5.040105357243800377e-01 -1.799110889576648886e-01 -2.766279750374685542e-01 -4.251014033175467555e-01
-2.017886146018797455e-01 -2.255625047360311775e-01 -4.193082499029853749e-01 2.622742076702271330e-01 3.793135535927094626e-02 4.263965938084151586e-01
3.455020451942789617e-01 -3.561954256081183434e-01 -2.954959525418529576e-01 -2.229783657238016970e-01 3.843362083528815143e-01 6.289339091782902846e-02
-4.027230293705523212e-01 -7.622371701952825040e-02 2.145655305807573632e-01 5.102351328532173103e-01 2.825851212502012433e-01 2.023691300597946219e-02
1.530050406652148642e-01 2.490583229129361698e-01 -3.171483151481331864e-01 1.858845238438789349e-01 -4.182454728681020972e-01 4.269112145416102400e-01
1.651418523552037054e-01 -1.181163517112432393e-01 5.712585552268379940e-01 3.858134119291425912e-01 3.942824871555536403e-02 -3.912817097343561645e-01
-2.113268836122893582e-02 3.607414358348793315e-01 2.031365750020706906e-01 3.539188519987853665e-01 -3.661698135418988698e-01 -3.721341244108855584e-01
3.922538599855205366e-01 -1.135395050294257108e-01 3.527011391078416214e-01 -8.718382477298214361e-02 -1.840441228303997256e-01 -5.220380250446188253e-01
2.692833460714325056e-01 -5.050453157787143654e-01 1.879141284201038264e-01 6.188097960302063605e-02 4.546794691128162036e-01 -1.592060524236521557e-03
-3.858531883407417262e-01 -3.710318835142369376e-01 3.171104795854064184e-02 4.195006483784675111e-01 2.127053473495362224e-01 -7.151706345081987326e-02
1.421905826561909447e-01 3.751174832992894281e-02 4.762090946562883009e-01 -1.718204674040393343e-01 -4.204418358863888372e-01 -3.554612577932261819e-01
1.224996416929257786e-01 -2.938452212342244629e-01 -4.427482491291914179e-01 9.511384877906543800e-02 -2.157016195063438113e-02 5.190814189714534344e-01
2.714107726371737250e-01 2.221920456051484638e-01 2.003038743145973688e-01 -1.001385383774962556e-01 -5.030207235144720235e-01 -3.793663327776559679e-01
2.004644624218594462e-01 -5.491198871201640186e-01 2.101866651952742360e-01 1.880751442974294696e-01 3.540105252607155251e-01 -2.190008964012313819e-01
-6.122621018414632355e-01 -2.423759516520802293e-01 1.497907338922180309e-01 2.763315284280124517e-01 -4.154812319924199304e-01 -2.749867633493458530e-01
-3.360526943627112351e-01 1.087089473406766538e-01 -1.472686562824798429e-01 5.273243215204413969e-01 -1.976705228852899676e-01 2.536200423219563405e-01
2.701365554113231426e-01 3.706210330594698621e-01 -1.699359047387562771e-01 -4.144848073500569385e-01 -2.187080164753187339e-01 2.589986602302765117e-01
-7.492440324430904575e-02 -2.160096281931584219e-02 -4.234729595885521336e-01 3.317655196788834582e-01 -2.473273123908084625e-01 4.617676414357434478e-01
4.942219343132321641e-02 -1.092191349243808174e-01 5.590033178030452410e-01 2.713214618841057468e-02 3.951793778871642848e-01 -3.041799153910491604e-01
2.850317411406958490e-01 -2.818062053641074982e-01 3.693483861320880357e-01 -3.734417740981874623e-01 -6.428021523834570594e-02 -3.511341420035740124e-01
-1.990102423010240706e-01 -1.819557050661169684e-01 4.982818312438096475e-01 4.613903162561612259e-01 -9.829420912990124992e-02 -2.479566402618292864e-01
1.103737637936290372e-01 -6.469605906779281324e-02 5.111424805784376968e-01 -4.610668490309040024e-01 -2.334535826569772987e-01 -2.919618241334520636e-01
5.050705708306971742e-01 1.088824916762891615e-01 1.919014654773393558e-01 -4.907400282853991991e-01 1.986251748616933155e-01 1.743657447129888238e-01
-3.928474610353365620e-02 -5.698106308677346465e-01 2.463492042754109601e-01 -4.292444267887322029e-01 2.865011201150609033e-01 -9.226803180195808363e-02
2.723226593653650940e-01 9.217898903825463841e-02 3.548255263238461743e-01 5.611687253396846486e-02 -6.725920231225656076e-01 -2.521179279609259694e-01
-4.943573262660301559e-02 -5.551080012878500947e-01 2.789764662257257499e-01 9.890614233703030889e-02 6.788026439476169127e-02 -4.890601923746598634e-01
2.680938435671735287e-01 2.077801143008207452e-01 -3.105126751233473481e-01 7.049703006518578952e-02 -3.885445826645022027e-01 4.675312536384393924e-01
-2.930640933815121252e-01 -5.459949906873383385e-02 3.139112862614246713e-01 4.041918351596034964e-01 -3.418113935828132610e-01 -3.428561746894814299e-01
9.769261148099744885e-02 -2.049701139770991054e-01 -4.787635507551682990e-01 -1.782229780025543220e-01 -2.907858345478888107e-01 4.785797782459065841e-01
-1.420234887189343875e-01 -1.943304260544228557e-01 -4.215564068509020657e-01 9.974540859897840228e-02 -4.660925628687720979e-01 5.099440715621685882e-01
9.476340251277085014e-02 1.891840266020388961e-01 3.983814244796712867e-01 9.261906331297377337e-02 -3.966931457487282708e-01 -4.120156021237495469e-01
-2.647779195334483693e-01 -2.282704753820779531e-01 -3.018387383542144309e-01 4.217619336198324409e-01 -2.630437792748899217e-02 3.966401271179165744e-01
-3.633422952856950050e-01 6.909132363432689272e-02 1.584931602448117760e-01 5.115664194405564746e-01 -3.277204011583398358e-01 -1.191310389222053068e-01
-7.724603801449589358e-02 -1.689453766334311491e-01 6.164084680982037101e-01 4.435793892385760939e-01 1.475367377344816155e-02 -2.172554529192922690e-01
3.653390190829994832e-01 1.516908062698026360e-01 -2.456777786776337402e-01 -5.101794254400816575e-01 -2.374184096309246428e-01 4.078595620167985158e-02
2.263685507402808106e-01 2.540851533205802926e-01 3.937639757344775226e-01 -1.797796139548128169e-01 -7.170234876654535405e-02 -4.599960442937727212e-01
-2.454318764283977550e-01 4.830859608840888664e-02 3.659234228984108439e-01 2.377279336682638355e-01 -2.247193053389146544e-01 -4.659493816513891051e-01
-4.552472857152100455e-02 -6.476812106859768103e-02 -4.628837419167146083e-01 1.777061139312739180e-01 8.607930359590786062e-02 5.001391266734236396e-01
6.353212217776167681e-02 -2.462802350276954155e-01 4.897380958422199448e-01 5.196119518242707513e-02 4.479622883908396247e-02 -4.668917206653360186e-01
4.149142461796622161e-01 -1.603302800784828785e-01 -3.871834828779933124e-01 1.557739290077896355e-01 -1.246356297693949067e-01 5.779963904903717697e-01
8.037980490523910504e-02 -5.692660207202205891e-01 -1.873730276896642954e-01 8.719519855104865269e-02 3.733836135023523850e-01 1.463412475661332590e-01
1.319829547226188948e-01 3.198230513942534881e-01 2.203842929798124073e-01 8.836718074237115417e-02 -5.029996357588527589e-01 -3.462377060338556189e-01
-7.928016353555085438e-02 -2.928875703705337008e-01 -3.830101398620215369e-01 5.001386129490063837e-02 3.897973020259174470e-01 3.361730218876010645e-01
-2.397411550960867610e-01 -5.105892329503879390e-01 7.816216587609062239e-02 7.590305170981584415e-02 4.265321233523633460e-01 -7.074148844832311989e-02
-1.406361400458598088e-01 1.142929252097862336e-01 -3.576808010817122963e-01 1.880139354345421732e-01 -2.472660144374587698e-01 5.148237897645971950e-01
2.772133748691995442e-02 -2.365544902640634162e-01 -4.985683583477495406e-01 -4.368680892731043874e-01 -8.850855518663738875e-02 3.744946781220362397e-01
-5.161590581901763508e-02 -4.399945838532940967e-01 3.607148977665728951e-01 3.613521190353363166e-01 4.742619561968963726e-02 -4.086214358261170410e-01
-3.139131902747368530e-01 1.930558243078349667e-01 4.572152575461659735e-02 5.563075622475909254e-01 -2.979433358575090396e-01 5.278150569050912844e-03
1.931661150148880901e-01 -9.545898065486282946e-02 -4.829205832705708579e-01 2.414120839327551504e-01 3.856435114037187750e-03 5.109651117033666701e-01
4.858167332045472686e-01 -4.267897073043189771e-01 8.477722602955840847e-02 -4.881103748580526980e-01 -2.058544848898719026e-01 1.362904833280395023e-01
1.790607397685811120e-01 1.337960552295169581e-01 -3.378066162871969369e-01 -2.577104260033705185e-02 -5.978580667435051677e-02 6.216567773206072012e-01
2.797193092641788170e-01 2.078362959496765916e-01 -2.440928651295359852e-01 -2.810283527006615656e-01 -3.648153269133155296e-01 3.539306949693504789e-01
4.325293182240812911e-02 -4.054718292182744599e-01 -3.459755461257351117e-01 -1.293522418850820699e-01 -2.862398643184316249e-02 5.640756378175749708e-01
-2.310259972507328341e-01 -4.073605017082294055e-01 -3.353096732927995371e-01 4.749050977149839037e-01 6.367418913282790749e-02 1.936398603914393779e-01
-2.490786461029242393e-01 1.520424322446122523e-01 -3.248820036154877466e-01 5.743188275896455863e-01 -2.413450871711802226e-01 8.409581960306189430e-02
-4.232692635864211406e-01 -2.797793516588367169e-01 -1.995651723331471616e-01 5.416073850437186366e-01 -3.502088744942394860e-01 5.352124619113338144e-02
-1.166128385720684724e-01 -2.084333912102180886e-01 4.721793038578633306e-01 -9.344077195327615826e-02 1.272036677933824356e-01 -4.695270303844140125e-01
-4.045051761476589625e-01 3.197102451436499571e-02 -4.956621448568903493e-02 3.866526874014454829e-01 -4.651603602343728494e-01 3.067056216762771292e-01
1.425472812280912938e-01 -6.529428436781783418e-01 -4.562239820204814361e-02 3.053484801230496037e-01 2.779895936904842602e-01 2.812729469670218196e-01
-1.664274022369619660e-02 -4.745886346283024332e-02 -4.555285704053362861e-01 -7.668683665048486864e-02 4.562458596172879605e-02 5.383175836484568322e-01
-2.985976750721075490e-01 -2.595770963969274425e-01 2.930824583872751465e-01 3.931068676560939279e-01 1.249511062826825780e-01 -3.182136130160658216e-01
-3.200832546783404786e-01 -1.745611353984661412e-02 -2.663248211348028804e-01 3.867418087708415775e-01 -4.404559861732338932e-01 3.006579276611351381e-01
5.614608000274748933e-01 -1.433173519045441435e-01 -4.267317254815933270e-02 -3.602941371182917241e-01 1.961861233728086629e-01 1.446907143724632250e-01
-1.096582426220441275e-01 -3.120758252836670077e-01 3.918620975277981588e-01 3.408975180295894525e-01 8.292352013088399865e-02 -4.087470603424476212e-01
