-5.101878191489447323e-01
5.665966325760272287e-02
-5.163332110965278970e-02
1.680961420208892720e+00
6.636401164237595296e+00
-1.609569077849887578e-02
1.287993929553267192e-01
4.631912797783750424e-01
2.628867739921744828e+00
5.170824188705982927e+00
5.604585261151207032e-01
3.274685811994614698e-02
-1.898353896664340956e-01
1.256723295563762388e+00
2.839703646004777760e+00
-3.061161131685558590e-01
3.641002453269823191e-02
3.509596613678755972e-01
2.460321331722431282e+00
2.938663210948502247e-01
-5.556938114657974936e-02
-3.545838681647896923e-02
-5.387917189675687224e-01
4.697844468780784100e-01
5.906213235835555686e+00
6.675486329683605335e-02
-5.606244265097052315e-01
5.617766973091826294e-02
1.295144218113372547e+00
1.899263772334207401e+00
3.336071547753554078e-01
-9.631124227550053041e-03
3.726338536162518977e-01
2.639013471523517396e+00
2.800397862682007410e+00
3.343114063257560109e-01
5.231357165623380656e-02
3.882012234607968293e-01
2.554803948765224320e+00
2.897264662685950842e+00
5.344190225037899200e-01
3.027997086966858764e-01
-1.727064997418676024e-03
1.819936493504091590e+00
3.123493369228984573e+00
3.991299649141266115e-01
5.051424487280410380e-01
-4.818332089384606137e-02
1.633084319042821253e+00
3.533511168803659341e+00
4.559177478361872704e-01
1.114374177147948175e-01
-2.894861903658661473e-01
1.000815719410549587e+00
3.068044311918742828e+00
-5.969741334379081721e-01
8.102357729640713435e-02
1.014221222266225297e-01
1.674049512824707042e+00
7.974854196621428137e-01
4.561638445827793098e-01
1.400387687254522617e-01
2.630334746992144535e-01
1.826612147099567762e+00
2.869363128192154999e+00
-3.296453387930429746e-01
-2.198043343170952846e-01
-2.182525547179941794e-01
1.081805739848463288e+00
5.520196262981019730e-01
4.461995728686649620e-01
8.801074741593506445e-02
-3.351610532636882245e-01
9.045419803051609753e-01
2.949183410680221051e+00
3.174558436578980153e-02
5.074046702911650941e-01
1.970224901924767513e-01
1.778811707251330976e+00
3.824406420401232243e+00
3.213097449590165966e-02
4.430795634658035720e-01
2.896493419692265925e-01
1.918999156396976158e+00
4.948530012811067635e+00
-4.242628248453657602e-01
3.009357867602712733e-01
2.920959264848567091e-02
1.620833174578815594e+00
6.297628119491327503e+00
3.961726305069414589e-01
-3.087351318072565354e-01
1.418033057342624192e-01
1.592208153444288898e+00
1.859582478670433137e+00
1.637654023850015628e-01
2.917962980304339982e-01
4.361356439658950479e-01
2.302555267476228629e+00
4.284622568695839462e+00
1.079632032956969953e-02
-3.881396094624361415e-01
-4.285802105847648091e-01
1.491561009186705145e-01
1.048571415852081579e+00
2.277078795299083691e-01
1.345732802729562028e-01
4.179777612751499616e-01
2.561370917326732055e+00
3.861348713709797043e+00
-5.486614062079633314e-01
-6.449414704835582102e-02
-1.135170707026811332e-01
1.789196756966238366e+00
4.787529285306162397e-01
-2.911143480772966294e-02
-2.689497983947068960e-01
-4.265719947519508448e-01
-3.901641636889201514e-01
4.035752046869313325e+00
-4.095174818064384326e-01
1.525762320002819195e-01
1.331659315294775325e-01
2.004468637173482115e+00
1.973559045039142423e-01
-9.454209859435973307e-02
4.306889015863643588e-01
4.163888180765945579e-01
1.887634704447024969e+00
4.650242490234738568e+00
1.989842878432021567e-01
-5.249000050950453078e-02
4.674681956584336162e-01
3.198746394329563980e+00
2.775477432693627122e+00
3.446989294875990595e-01
-1.640627835251134981e-01
3.297687027871445409e-01
2.715648794622611550e+00
2.850727407563919957e+00
-2.508575795163868194e-01
-8.548782184740777446e-02
3.022875901884942151e-01
2.417142081409892285e+00
5.183552695663338206e-01
-3.793713756299131601e-02
-1.993282892543008500e-01
-4.603548452449814365e-01
4.189419107504260831e-01
4.208165320858623937e-01
-1.989220147806215477e-01
4.981368944560584655e-01
6.234856501694749364e-02
1.642503986027743501e+00
6.018656943010412874e+00
8.475213664247251491e-03
-3.994382376410825497e-01
-4.405051748157154390e-01
-1.301680990772175472e-01
4.116305373301840653e+00
-6.327845462999450721e-01
3.311796874105085720e-02
1.444633777235729971e-02
1.844582042459463000e+00
6.023935978543391023e-01
-3.524847814874877971e-01
1.716495278337814125e-03
2.395653349052047631e-01
2.229661093265460359e+00
6.324066692959095626e+00
-2.182846536400846194e-01
6.600158662319650926e-02
4.180501778598504914e-01
2.995266741855342030e+00
5.819389821906062465e+00
5.858029861967705559e-02
5.444858915192438698e-01
-1.197162237645961747e-01
1.425654712535867175e+00
5.199152469650997865e+00
-8.490214081089100806e-02
-5.329308693408103537e-01
3.917843851588004994e-02
1.192820933323331500e+00
1.659434662153481232e+00
2.164760793155993124e-01
-2.334225646600711357e-02
-5.032726258895815485e-01
3.757540987843252522e-01
3.638560657312201130e+00
-1.738512893985894037e-01
3.924842709663692863e-01
-3.149833943637039835e-01
8.195164959776273239e-01
4.988689849811549948e+00
4.781444071017829089e-01
-9.536450189557765800e-02
1.891437946190594743e-01
1.780695959717440546e+00
2.079642569804688090e+00
-2.513274906566890805e-03
2.148868401577608556e-01
4.629040556808849405e-01
2.384270392541376182e+00
4.845613354252180649e+00
-7.449641729054497230e-03
-1.915382195716718583e-01
-4.878959027959965389e-01
3.700604165907089294e-01
5.797346821721210963e-01
-2.512689904194918555e-01
-4.867967443509246817e-01
7.671344104063923530e-02
1.465901274729220161e+00
1.615022050528749586e+00
-6.315618061232793068e-02
5.373881509943192469e-01
-2.659187411345674823e-01
1.477605212103756838e+00
4.267873598743235242e+00
-2.070775017872228743e-02
-3.536719923692326351e-01
1.904316570479462623e-01
2.135587862844342322e+00
1.821962968893274804e+00
1.447864592608771872e-01
-4.548553046251034293e-01
7.562986438614505147e-02
1.958432851021974619e+00
1.446557067302887134e+00
2.126353432311240688e-01
-3.197022935982107295e-01
-4.206934112966840278e-01
-2.551852021817754834e-01
5.535560265770035571e+00
7.185561092040413517e-03
-5.809023605211085517e-01
-8.772594452287911515e-02
1.080844625806677506e+00
1.226333390353310904e+00
1.713158747266607107e-01
2.967711301789467404e-01
3.451230872889081147e-01
2.252383403473770418e+00
3.822487709550410173e+00
-1.856562970854631900e-01
5.036102313306933809e-01
1.164182499493056078e-01
1.615259748412238627e+00
5.658260941212835071e+00
-3.300886935675103606e-01
-1.894872828605192183e-01
-4.250891449738112837e-01
3.849049948951295264e-01
6.098615482869933935e+00
-1.401963588249312276e-01
-2.708073866736991908e-01
-3.699203844745568848e-01
5.519429716656258922e-01
9.188330372417414793e-01
1.626614718443334107e-01
-6.520458658969711108e-01
6.060448272959578081e-02
1.345364883034118941e+00
1.415447121313419654e+00
5.931015797873880890e-01
8.978162978780256098e-02
-7.153155286300365290e-02
1.818852663816647341e+00
2.883195444620308745e+00
-6.396305012635432330e-02
1.938460654588878007e-01
4.599058703852823005e-01
2.586885370505111581e+00
5.433830139934531012e+00
-3.279876655253726736e-01
1.356476565783554245e-01
-3.548830839548636762e-01
9.709559739972957182e-01
2.545509194095549876e-01
-4.831434474385093436e-01
-1.132442005997052470e-01
1.420591980705365742e-01
2.047500025439298099e+00
7.922156031590603664e-01
-2.453274212131906495e-01
-1.372663377999365497e-01
3.212461093670792023e-01
2.689085957539794514e+00
6.528066953108052628e-01
4.219540235883496859e-02
4.141348496227842402e-01
-4.000061241357177888e-01
9.533053210794000254e-01
5.163606982618829555e+00
2.244660744126003027e-01
3.819939370612924767e-01
-5.829194799562786855e-01
9.909845931057831292e-01
4.894211301337298536e+00
3.235848436172029108e-01
-2.093304110262109996e-01
-3.415325346528569894e-01
7.123562416054983748e-01
2.357050347176134153e+00
8.768648476482371334e-02
-9.572349315135206954e-03
-6.962344321439644101e-01
3.809158289385998208e-01
5.064017974802577982e+00
-3.602750098259683697e-05
-2.796189717315001322e-01
-4.543995024837336749e-01
5.432081196135570000e-02
1.090495194629270692e+00
-3.623125248018476685e-01
1.164808956434923298e-01
-2.878130944187806128e-01
1.302386020056514715e+00
6.687703925888182077e+00
4.305226971718323914e-01
9.936446800024026360e-02
-2.879705002695402416e-01
9.974737264133828329e-01
3.035574632858855981e+00
-4.476978378054853325e-01
1.083710136678089353e-01
-1.338453242653840029e-03
1.662834193032987740e+00
3.075347380006761000e-01
2.138561096807432005e-01
-2.785080196376970574e-01
2.281071173914108463e-01
3.828272761367772503e+00
5.247981773778955805e+00
4.954970383984839133e-01
3.841365626552266099e-01
7.315136767982957644e-02
1.590454380725983663e+00
3.230059102623623613e+00
4.816646659250974905e-01
4.528899680844467590e-01
-1.078404879418079915e-01
1.646430428251578260e+00
3.154947870486088046e+00
3.114664982722233355e-01
2.703576610847819861e-01
3.011509458707359865e-01
2.141457178536847472e+00
3.509948996733204485e+00
-1.673685059706004896e-01
3.145472156106514094e-01
-4.394423106934594037e-01
1.266881626627913482e+00
4.766804093887220262e+00
4.285255504560345763e-01
-2.726682693901324450e-01
-2.419362794501133118e-01
1.174970820135458949e+00
1.843486152957492852e+00
-2.932591040439142677e-02
4.075963455675825631e-01
-5.216769908219404117e-01
1.094769764042322402e+00
4.419559437047743344e+00
8.194435647848310467e-01
2.447726623030654913e-02
-1.396189747932417013e-01
1.825394167835672654e+00
2.839372596703635843e+00
2.907610674145780782e-01
-4.588150299992048153e-01
-7.348500074088756828e-02
9.845200255878480133e-01
1.559878321598024975e+00
8.131653677018275961e-02
5.341084590770913375e-03
5.529292140069186345e-01
2.682971177950705499e+00
4.788251965673326005e+00
1.629633754308608407e-01
3.516960268929569255e-01
3.753914222661992595e-01
2.230014852485551646e+00
4.897832240307480767e+00
1.793634926141053632e-01
6.002784230074605931e-01
-6.319980982553947968e-02
1.665003184318953444e+00
3.973676663419610566e+00
-3.922048996039970703e-01
1.418541758880172976e-01
-2.477386367022012814e-01
1.206906818030371253e+00
6.347558575486010213e+00
1.880059515013679516e-01
3.152442250753357267e-01
3.807453167330805410e-01
2.212054249561361097e+00
4.142364756452771246e+00
3.800955564696689160e-01
3.984448666730380229e-01
-2.407854757247574196e-01
1.198752970436766097e+00
3.572163125788284432e+00
-2.298017712224763864e-01
-1.184787776988446145e-01
3.152149605858012849e-01
2.665615343393380687e+00
4.301093370478963340e-01
-4.319863271939369254e-01
2.466245010957835437e-01
1.620663036597276285e-01
2.000782405277024001e+00
6.432884498273415019e+00
-4.844504172376007389e-01
-2.476848348747894002e-02
1.076446275433030030e-02
1.931610457379696832e+00
3.901657496384373092e-01
-8.282569571016816512e-02
2.419589704634519944e-01
4.237240790804162049e-01
2.396397588539046275e+00
6.030887728635810241e+00
3.088113366867936346e-02
-3.895800397530554959e-02
-6.673134585774378458e-01
-3.240956593224742499e-01
2.090472017807352145e+00
1.474849323724462813e-01
-2.749045174603445552e-01
1.866638165416676653e-01
2.170273051414574716e+00
1.726501147886285947e+00
1.972642305355026271e-01
3.338688264931947702e-01
3.052951014651046902e-01
2.187148170277998016e+00
4.170308384267759294e+00
-9.249618936488553100e-02
4.940399037561703510e-01
2.826474213332297869e-01
1.750851140490843783e+00
4.409295825016240400e+00
5.485649079518424287e-01
-1.802241392860126634e-01
-1.009442722338631422e-02
1.430953932784110982e+00
2.326389333247464108e+00
-1.219430346634662737e-01
7.299790227684578303e-01
-1.268982125150262541e-01
1.068811473405832491e+00
5.484733047748852286e+00
-6.713341053722025886e-02
2.431941926370817797e-01
-5.149452181433129550e-01
6.823042704175817930e-01
5.698517065294531392e+00
-1.519120896194427195e-01
1.758905864771269367e-01
4.086595233286451356e-01
2.069599680327951940e+00
5.016494058325538852e+00
-3.877463084272411709e-01
2.867450962134737713e-01
-2.033898162760403583e-01
1.319039854700168046e+00
6.256300516402882650e+00
3.227795076800371032e-01
5.993218355963937372e-01
1.352693362979369429e-01
1.894655852444996569e+00
5.164210880256706382e+00
2.103106489380278388e-01
5.604435286325100130e-01
1.385105233387148582e-01
1.656838903906192151e+00
5.078159826510287189e+00
1.057063183194925787e-01
-6.619981064927463188e-02
6.743580822945391962e-01
2.824186639022738810e+00
5.224331102268450877e+00
2.296149340194572966e-02
1.651298421005944206e-01
-5.834294509865153300e-01
4.965912535693117191e-01
4.297029453570837987e+00
4.289311031633056825e-01
-2.001209376183225586e-01
-2.204224914346625819e-01
7.680402565753354782e-01
2.302133969880415520e+00
-4.091482811476922499e-01
2.024929490596660275e-01
8.178368574885178099e-02
1.819867990960366333e+00
6.475088859450925938e+00
4.459547514401425716e-01
-7.285546506424178670e-02
3.155986324876443039e-01
2.496160229663202390e+00
2.725169446854651678e+00
-1.275145980049631200e-01
1.700102255870756807e-01
3.940819985283176563e-01
2.526029811354863597e+00
5.594590721254907528e+00
3.698561384121673568e-02
-5.024325472660202685e-01
-2.024963236322088189e-01
7.665540777735168065e-01
1.488161469746308141e+00
9.284151736380112652e-02
-9.233754328014667778e-02
5.007682042740830841e-01
2.907600936448122120e+00
4.143973581255814054e+00
-2.866894543181306224e-02
2.752872989038294138e-01
-5.124957343616939331e-01
7.993933711377265716e-01
5.106253402613521786e+00
-3.527843714003187081e-02
-4.030810547009924250e-01
-2.887861982838960673e-01
6.631935173653930038e-01
1.509028198794318598e+00
2.084254385070736515e-01
-8.998847243797697404e-02
4.896358378685599089e-01
2.941170847821700018e+00
6.236790066923114217e+00
2.204134422640353919e-01
-4.735827939024321864e-01
7.213616673880850205e-02
2.106002861325122044e+00
1.478230521312579260e+00
-2.625762629749894828e-01
2.576142414441320860e-01
2.263942075342492699e-01
2.151490181088174580e+00
5.946183315615916065e+00
2.369296176360060624e-01
1.536158582523841909e-01
4.524773778709053063e-01
3.778292941837696706e+00
6.973311861738156203e-01
4.333744000676103547e-01
2.658619245357998762e-01
-2.237329601287821879e-01
1.256389035838848756e+00
3.324193813458629077e+00
1.111032242827547367e-01
-4.361608326455604923e-01
-2.649514313308656277e-01
4.663061602140836093e-01
1.743338891218290332e+00
2.088911656587874588e-01
-1.297435214674687587e-01
4.198063031007390755e-01
2.822249823963224991e+00
2.654337169023864185e+00
-1.044892049391300121e-01
6.742387611150565396e-01
8.724966847854644103e-02
1.509861017065780464e+00
4.378314914931408453e+00
4.520072566012203752e-01
-1.691653308466691541e-01
-2.355731910313101363e-01
1.085793446001320328e+00
2.290803798298360228e+00
4.654705482692101381e-01
-7.582744173623341688e-02
1.986121840522022952e-01
2.249275797526939069e+00
2.919626951268878390e+00
-3.370446635083022557e-01
-3.345307567039302460e-02
-2.677412821228452033e-01
1.105370221457533830e+00
5.541365861767052481e-01
-1.910971466686374742e-01
1.672983683396816745e-01
4.032031061242733472e-01
2.547859661449086932e+00
5.841663918458690041e+00
-2.710957889370910756e-01
2.841215179379725231e-01
1.617231508133210316e-01
1.904176709694056058e+00
5.927827017899173434e+00
3.548577460756739410e-01
-4.354641280784329327e-01
-1.635163922016981963e-01
1.942629423141135625e+00
1.688081426511869765e+00
1.604718842676738644e-01
-4.283387724370711358e-01
-2.478316888013318842e-01
7.348677744139259227e-01
1.742956604348431027e+00
1.691147313365747376e-02
2.623943726037641366e-01
4.855709095184135848e-01
2.559046275435512552e+00
5.093547953827789243e+00
-4.548570726693555999e-01
3.307216862958881065e-01
-4.718111160509539520e-02
1.373532432486630261e+00
1.514633836283527935e-01
4.783096431284641209e-02
3.482307341104112774e-01
-4.414586474482210532e-01
9.511625953633044972e-01
4.756990465198842166e+00
1.802174768416056616e-02
-1.776257582174862182e-01
-4.949128464701635921e-01
2.828976110048163073e-01
7.927350490641098535e-01
-3.065469359875321320e-01
-1.664934475022751548e-01
2.802897376873399460e-01
2.489425928238206964e+00
6.369117085566382563e-01
-3.882895059740716359e-01
-3.563922361783538606e-01
7.519060621559325863e-02
1.322448096425857367e+00
1.197425477051756948e+00
2.918235444209897889e-01
-1.734712216509973204e-01
-4.117356184349363346e-01
5.754377896565008310e-01
2.421693475874076018e+00
-3.006902951822691406e-01
5.773548629596446900e-04
-3.551059967969611431e-01
9.018942387660142668e-01
1.980161561739926523e-01
-1.072319434977803965e-01
2.683859616187999619e-01
3.803880057198174569e-01
2.326778558760875359e+00
5.462996982728544282e+00
4.347116487394323547e-01
4.917305807842614618e-01
9.568755980956071550e-03
1.760604242932536589e+00
3.382187000823308587e+00
5.109558950513667375e-01
-5.532035167719362434e-02
1.289166237940064241e-01
1.994941627295449216e+00
2.458893270394603814e+00
5.032876314696206332e-01
2.017863325654099468e-02
1.971493569176377969e-01
2.334869934053526830e+00
3.202589670716930570e+00
3.405651623912833159e-01
5.212156731792173536e-01
-1.000469922469224282e-01
1.501522342567270130e+00
4.796936981332665439e+00
-3.308028235995083555e-01
-2.097860498387775219e-01
2.375332348093679991e-01
2.353296381807877591e+00
8.612444332842877914e-01
2.272383018330971505e-01
7.008446532035693399e-02
-4.765534827084805802e-01
-4.420737234032104390e-01
4.199708423674630153e-01
1.747423487667329189e-01
-1.379560596922927429e-01
-7.390989442443003377e-01
1.981634536584468420e-01
5.324801195991722302e+00
4.980709213335207663e-01
-1.438072335805845314e-01
1.778810588014276273e-01
1.596017728687930237e+00
2.112959644440357998e+00
1.470997677564537531e-01
3.235725607812330873e-01
-5.528488918597178614e-01
8.563700021696625253e-01
4.995523845761494997e+00
1.013133712769057893e-01
6.134663795687057553e-01
-2.190773310292485829e-02
1.503604478074319406e+00
5.309909985866520188e+00
2.435680839840347056e-01
6.831755286683881268e-02
-4.877086722157499832e-01
4.204681468482245887e-01
3.283834055894500725e+00
1.543764078744046531e-01
-2.857574317408446141e-01
-3.962842300250576932e-01
3.619947325415646122e-01
2.035620699154982116e+00
1.036188152317072536e-02
-5.383983871039493829e-01
1.943626450703713274e-02
1.181985017026595974e+00
1.717904095391149299e+00
4.606803012745611658e-01
4.776107432568068439e-02
-1.978118867904359313e-01
1.059659569503645926e+00
2.809051755479845536e+00
-2.093162253937879899e-02
-4.253762283350231432e-01
1.491536549342524498e-01
2.299081150860496248e+00
1.322015524513622697e+00
5.388072703883147740e-01
-1.815618321358596077e-01
-7.224946055608887086e-02
1.438437681737929186e+00
2.216076394726237631e+00
4.681178730876565663e-01
-2.567205894161872504e-02
-2.591577367397647769e-01
1.037113168212887571e+00
2.692930642269832031e+00
-2.717688551237841255e-01
-1.329081778420370397e-01
2.863814799717386284e-01
2.546925897466822963e+00
5.945764178364075780e-01
-2.841388002309027661e-01
-1.062649792639854505e-02
3.519793281882783731e-01
2.572450249823145629e+00
1.679707536878637109e-01
-4.749678252018934010e-01
5.778662949453971381e-02
9.401496354141625211e-02
1.901522736966740901e+00
4.679103727993646489e-01
-4.536165080866731425e-01
1.957398118482105709e-01
2.805098374210193701e-02
1.700998887905167178e+00
2.310906856205756921e-01
-3.343981853585003550e-01
-3.535334216256380002e-01
3.195755394940334448e-01
2.000858093177125152e+00
1.728443667202522738e+00
-1.983587788731319690e-01
2.662156891766823130e-01
-5.859330549879924188e-01
1.270135980784784513e+00
5.046007909661173407e+00
-7.732184613486321745e-02
3.282150791623136832e-01
3.973247686105328413e-01
2.254311642503770141e+00
5.321614186695001081e+00
1.007701114831619504e-01
6.931898063201079319e-02
5.047243606885414291e-01
2.654320193685935081e+00
4.580774267674126321e+00
-3.005571592391605984e-01
-1.342277400069382676e-01
2.031208275045952583e-01
2.284838469200095368e+00
6.737115946338619876e-01
3.516359609730307922e-01
5.259645858475421321e-01
-1.315660893365414863e-01
1.530874252653078083e+00
3.500010962758705269e+00
-3.744530082198885973e-02
3.420457714593540949e-02
-5.489888887270533147e-01
4.673360666378124639e-01
5.671424556721585297e+00
4.560854493629025730e-01
-2.722849336818731758e-01
-3.192143208054985110e-02
2.095926318123919163e+00
2.287929228127559167e+00
5.775775458203928903e-01
-2.499950774256027575e-01
-9.301200512497354023e-02
1.364128689850204523e+00
1.909081933959809518e+00
1.828628621018921208e-01
6.191279192907612750e-01
-2.600054179603082383e-01
1.627521901781503244e+00
3.847368619729187866e+00
3.324614734782420644e-01
-1.750422746750417979e-01
-3.810489908687818561e-01
7.595101088963244207e-01
2.513046347498664623e+00
5.445570717078281886e-01
-8.935407503904721493e-02
-2.511802945499405082e-01
7.746840993105016393e-01
3.365940391878601723e+00
3.511822893696020520e-01
3.983500424086575120e-01
2.139031501369491328e-01
2.145079073131381353e+00
3.685902847465303722e+00
7.462225558385321422e-02
3.184799657025345621e-01
-4.805200942419544652e-01
8.529628538026369222e-01
4.639384270171924562e+00
7.732409577861690253e-02
-4.441311187863426491e-01
3.328113199347930706e-01
1.546791037071087116e+00
1.201689000343961533e+00
-4.797867437596347040e-01
4.975906678409267592e-01
-7.740192538397885902e-02
1.445932450687328341e+00
4.768322461952841707e+00
1.438226863523654198e-01
-4.679440379434877673e-01
-1.796750156831262990e-01
9.110859715768007128e-01
1.533075805890571797e+00
-1.518397505458404240e-01
-2.107566937968274878e-01
-3.588049662190136990e-01
6.279318864765013330e-01
6.973909918747833725e-01
-5.283673228372636199e-01
6.173139668144011355e-02
7.114468117854348683e-02
1.734801717402253418e+00
7.183944084179947343e-01
2.660094869053765687e-01
1.351734303543237203e-01
-4.674986803921975520e-01
6.202003761670462634e-01
3.554535161547581978e+00
5.358660159345334240e-01
8.752803486326353466e-02
4.075042717230435430e-01
2.839510813827795577e+00
3.798423749736028476e+00
-3.328814329076130174e-01
1.912542148487728078e-01
2.194643544421088222e-01
2.115611063129745339e+00
6.149450856673522203e+00
-4.105526212247458395e-01
-5.106114555946781458e-02
1.703627379301355382e-01
2.118716736498555964e+00
6.182405581983593246e-01
2.288870796759418791e-01
2.947773082036663217e-01
4.527109129218737649e-01
2.301627132000199527e+00
4.130999684357234969e+00
7.248902914210159087e-02
-1.576819568021281190e-02
-5.330868570548872309e-01
3.030475984524935718e-01
3.322213309392926472e+00
3.696184115218597577e-01
5.871743351151562651e-01
8.825524995852726540e-02
1.783422939041424460e+00
5.084175877840121593e+00
-6.672467891530924067e-02
6.001303938707537311e-01
-1.190629061621118617e-01
1.314572674194342872e+00
4.512421130508251110e+00
-1.133653652572774208e-02
2.300341557224730438e-01
4.593278664272745782e-01
2.576175340400776115e+00
5.716441980245673626e+00
2.487705372711598861e-01
3.448845672152172082e-01
-2.771277136191055979e-01
1.168241687179437216e+00
3.615504701079368832e+00
2.862898105617269207e-01
-5.191241204142020838e-01
-5.418991237395742733e-02
2.243663917248653661e+00
2.291217498883593606e+00
2.044447368732431880e-01
3.621531638373255424e-01
-4.929317940363282524e-01
1.045449424636147207e+00
4.811289497265833326e+00
2.979263923089162450e-02
5.910641630657621493e-01
-1.117911689577710393e-01
1.419553285169562251e+00
4.092421074191223695e+00
4.009406061400375698e-01
5.239458401685447297e-01
9.279188750113702422e-02
1.922979215259237984e+00
3.592275290715853053e+00
1.113567142781071717e-01
-2.650175508785116429e-01
3.722200905157018180e-01
3.443347136979235668e+00
4.780650200881893852e+00
-1.398189479482271347e-01
-2.258094939408112900e-01
2.814323555103809271e-01
2.603214147005846080e+00
9.109118763883214953e-01
-3.339936359733424731e-01
1.607293717528063270e-01
2.104653244303689164e-01
2.133605323705725976e+00
-7.542133840001549738e-02
-3.791526174656221215e-01
-3.931468721604634564e-01
-4.067868432546691004e-02
1.606401352520962611e+00
1.537910264152053674e+00
5.486787981464308350e-01
8.658683142719798831e-02
8.388176440000658096e-02
1.903718985351177118e+00
2.794421133556188597e+00
-3.748892608914153879e-01
2.957498348046391223e-01
-1.633981975418700716e-01
1.439931211056756144e+00
6.288561634876835171e+00
-4.205295802136255201e-01
-1.508525257469609526e-01
-5.482583835793535670e-02
1.170027241239814275e+00
7.566568330277764209e-01
3.772227340442493491e-04
4.957461831649140338e-01
2.055147256539476275e-01
1.841139735330893812e+00
5.491645970821906531e+00
-4.624197659676618222e-01
-6.738906943646386094e-02
1.512753014302841564e-02
1.531455208084055331e+00
6.419929718943878649e-01
-4.603130933152854154e-01
-2.439626790298408121e-01
1.043963939256900286e-01
1.988549354279897319e+00
9.776510362927148812e-01
-1.614948217679189613e-01
3.595994481336587945e-01
-3.284590378400206734e-01
1.309701502695814535e+00
5.921622126934165564e+00
-1.796160802622610159e-02
-1.291002926817871599e-01
-8.469104276483565563e-01
2.886416590780688241e-01
4.052857629728196187e+00
-1.372475341470753007e-01
4.710543777743402827e-01
1.950060535715330279e-01
1.788248132072184138e+00
5.541964352748859568e+00
3.304408279947846361e-01
3.694515421723814641e-01
-3.498347745364607797e-01
1.226722463130916152e+00
3.780396048474914394e+00
-1.985897781504805670e-01
3.060732296288528123e-02
4.549668065307452269e-01
2.198324504232876286e+00
6.161761633464790222e+00
-3.493338058899634890e-01
-2.865941566059633794e-01
1.513428664479963826e-01
1.952077766201150810e+00
1.201783401057908041e+00
-3.279170201069734891e-01
4.104819995491978402e-01
3.938158960209976744e-02
1.690279764573043186e+00
6.031735183489155716e+00
9.150316451856493893e-02
4.633609423150104045e-01
4.141689915978426506e-01
1.836402642040615429e+00
4.361899990498740998e+00
-4.389118310837619164e-01
3.002205567396284414e-01
-6.990869192922104756e-03
1.585124827573608730e+00
6.470222773922531978e+00
-3.265937651344669179e-01
4.879342817320697634e-01
-5.343181332304414166e-02
1.189388592536371636e+00
5.865085158129430987e+00
1.800118079397581283e-01
2.788490964762930790e-01
-5.758217361128671330e-01
9.508523887739578351e-01
4.344500559952329866e+00
5.010043623549781389e-01
2.227518510802974361e-01
1.501072424780436065e-01
2.073379905363455400e+00
3.243667545606737423e+00
-3.105529254737550149e-01
2.466415237896217305e-01
1.950333738528399474e-01
2.007816505681760955e+00
5.996488491287311540e+00
2.266519236295511663e-01
-4.544191546890464783e-01
-2.437665369692734729e-01
2.098023702227705289e+00
2.083521828966841127e+00
-7.547214009862124318e-02
-3.761387575798942340e-01
2.401584006128743010e-01
2.516417530533773039e+00
1.503864021545198382e+00
4.505083025749196945e-01
2.525618801190053220e-01
-2.846034848656341376e-01
1.047770600632057958e+00
3.199891935452304548e+00
-3.692088816679144347e-01
-1.013110417156223020e-01
1.612386398289301082e-01
2.207103139248471901e+00
5.047449562731964878e-01
5.066074010798520266e-01
-3.270001615326775107e-02
-2.140869135837066284e-01
1.149741778991486996e+00
2.737350075372269931e+00
7.144605413583952902e-02
-2.629001778038468351e-01
-4.355503505011051879e-01
2.257773856666372980e-01
1.389024980148809707e+00
-1.903202984692845337e-02
6.151886849460580509e-01
-5.673271775787384202e-02
1.626841925053537974e+00
4.193350946515080224e+00
-2.617126250690729461e-01
-3.382859106126168691e-01
1.229073705631763408e-01
2.213215689062050018e+00
1.186552055741043610e+00
-4.177588440835220962e-01
3.688323203653062210e-01
-2.673569296270132956e-01
1.312385523630803075e+00
4.728742690447445440e+00
-1.247125161494703482e-01
5.488137672600000849e-01
-1.806411304437227916e-01
1.472093261134081565e+00
5.609071670774160800e+00
-2.565421880879772965e-01
-3.131848562384541984e-02
3.351827008392128104e-01
2.452794475088764692e+00
4.579685665268832251e-01
3.314970134148524372e-01
2.727196005052126004e-01
-4.323328102078919932e-01
8.647908070453241836e-01
3.625938078510116735e+00
-4.592264426358551588e-01
1.144140781372861987e-01
1.796691217119946726e-01
2.133545213034512500e+00
6.532964444108651847e+00
5.472347764242393442e-01
-2.770749921915571790e-01
-1.254658763069210203e-01
1.209404103916660755e+00
2.062478009640100751e+00
3.188842836978489359e-01
-3.311579676196407807e-01
5.663380684545525623e-02
2.301637709028575784e+00
2.101396500417545443e+00
-6.334795983039159806e-02
-2.131661146978135191e-01
5.228208334934026924e-01
2.715458670772651129e+00
5.533447123326297401e+00
1.750735247363740810e-01
-3.258185346073372846e-01
-3.239714394574401135e-01
5.474715970541221832e-01
1.766184756779583198e+00
-1.839727186829945016e-01
1.274762702808748815e-01
3.890592687543016903e-01
2.600154883592954214e+00
5.995834441808206350e+00
3.604088110611173845e-01
-2.041420383329257682e-01
-2.387591818634239582e-01
9.568805933825108578e-01
2.210219536115806349e+00
-2.140192836882995331e-01
-4.439933447037086589e-01
-3.126878441756136828e-02
1.845729613940128466e+00
1.561055207161524683e+00
-8.578712463394626286e-02
1.077147734605767848e-01
4.657647666161073841e-01
2.599339963779274676e+00
5.337723809026344135e+00
3.564448472584788585e-02
-1.788155214970566301e-02
-6.037930293604009124e-01
3.840415012572327425e-01
4.387014326516384344e+00
7.599371116890573097e-01
-6.695020913095650616e-02
2.270496161599912157e-03
1.969132035419908666e+00
2.530483833317233255e+00
3.967392867602685946e-01
2.642708194331480076e-01
-2.510610370144965575e-01
1.183541420797802113e+00
3.313627295105442183e+00
3.774468647746863081e-01
-2.753979508560794875e-01
5.608811616470255057e-02
2.187452726653762003e+00
2.140091168080842987e+00
4.586075096130771134e-01
4.409166816407630862e-02
2.482274063753859561e-01
2.279169827726738706e+00
3.231581588217296908e+00
-6.893517160218108619e-02
2.276687280715209427e-01
4.417041594424622186e-01
2.453240469143442404e+00
5.422179783136060749e+00
7.913889445891685026e-02
4.924775650583568254e-01
3.670087006649093708e-01
1.783082882807110137e+00
4.119771632380028414e+00
-1.983246695978336804e-01
4.259351841816698681e-01
1.512830957375744800e-01
1.908937310290983458e+00
5.682767484349396270e+00
1.049092367813797208e-02
4.679284965363973980e-01
3.544821461820243935e-01
1.907854864607732015e+00
5.143879581349151131e+00
1.218734989822290171e-01
4.873752632000334373e-01
2.590049166456925289e-01
2.035591566893226734e+00
5.183014523014382036e+00
3.434462070275797752e-01
3.648649991567844975e-01
-3.189720301841341699e-01
1.080013822789982036e+00
3.420494766683509713e+00
-4.167510040108894642e-03
2.458797261610666252e-01
-5.537811483326264828e-01
6.612349746438006548e-01
5.598744595203397623e+00
2.727933157324373137e-01
-3.198658410385391559e-01
1.490517316847908835e-01
2.524545136142704926e+00
2.209807304371112835e+00
-1.640279776574717074e-01
2.652721490319068787e-01
-4.519677133568384408e-01
9.751132726963367414e-01
5.838831412058178572e+00
2.604997671948056648e-01
-3.436246059390454244e-01
1.458960012765664338e-01
3.593450186096368348e+00
5.339381828366192018e+00
-4.023023856156179856e-01
-2.359639878672709079e-02
3.982448940083408440e-01
2.975217395098291195e+00
5.623029247369723649e+00
7.475373539100554909e-02
4.163452595888381125e-01
-4.248100504462200555e-01
1.106459277463767599e+00
4.295170374947931080e+00
-4.640110629015718052e-02
-1.199109660433832353e-01
5.874220050323071263e-01
2.835420414963264690e+00
3.552859863752191760e+00
5.110184118365069805e-01
-2.955606708323931797e-01
-1.437951259403189297e-01
1.514241953109187078e+00
1.670632417237148282e+00
2.751637830554397590e-01
2.033704892538553410e-01
4.893070759850087215e-01
2.061021518778144213e+00
4.381228862690196735e+00
-5.081899670270090263e-01
8.953400765333315026e-02
3.213959486817699607e-02
1.758107314835779533e+00
4.237426946692378626e-01
4.948822321702764926e-01
1.074436347984301654e-01
-2.052190453089320910e-01
1.196224264247184976e+00
3.041659705641397426e+00
-2.688939966607757914e-01
-2.392930723658608372e-01
-2.629593482919260206e-01
8.996047417159012127e-01
5.477018519219741810e-01
-4.715230822416129897e-01
-4.534025010465512345e-02
-1.240053686827260193e-01
1.112157982270209455e+00
4.424129593377437719e-01
5.601366549946218409e-01
-8.431940367587366369e-02
2.557481625881167786e-01
1.538667980354873066e+00
2.333846856939455705e+00
-2.510175828106411128e-02
-5.095970459603209671e-03
5.539838600950974801e-01
2.767088712912196158e+00
3.289667142156750490e+00
2.952903515394198486e-01
-1.446088215165788615e-01
-3.930555700141720177e-01
5.286879043824800339e-01
2.425305110006050757e+00
1.699402718712798854e-01
-2.027513130215671533e-01
-5.214658465644731455e-01
-7.724180882961809158e-02
2.845586129299551903e+00
2.059083547878239606e-01
2.273189848336237273e-01
4.618518745546481563e-01
3.829965178261330649e+00
8.539570947600922945e-01
1.979608816420159734e-01
-3.915594526244733919e-01
2.527460437542927152e-01
3.512915377053086541e+00
4.904230499917384911e+00
-2.835379383035622758e-01
-4.349162750579199099e-01
3.287964240506087432e-02
2.110993594349880986e+00
1.457079571228443005e+00
5.921757126918141684e-02
2.962394219909559867e-01
4.851221683892770198e-01
2.225170444167258399e+00
4.842098334975410978e+00
6.744866186146122322e-01
-2.017783666628238937e-01
3.292179885169802672e-02
1.339043549758646812e+00
2.279209185071308763e+00
1.242677347515733638e-01
3.641696490771513806e-01
3.676362374502593067e-01
1.968767592846393688e+00
4.251670548425919627e+00
-3.378371659832345442e-01
2.060041783951094274e-01
-3.502246189995992798e-01
1.192790232417306751e+00
6.365913014554380744e+00
-4.099338364172924187e-01
-1.426280450950585636e-02
1.321383044224109515e-01
2.030734692056005208e+00
2.532768642950963822e-01
-4.977310195195122633e-01
1.639575388738321593e-01
-1.686622853941547040e-01
1.385617405426292414e+00
5.268998225294776461e-01
2.090596483844925357e-01
8.927465920025512425e-02
-4.999388613939548809e-01
4.209294634422011683e-01
3.356996163166265035e+00
-2.694022534385923096e-01
7.275235288654158250e-02
-3.471373927110374402e-01
9.794025087446366351e-01
-2.326389327661509618e-02
-4.219616361690743389e-01
2.255993979206577515e-01
1.292309259605506633e-01
1.927123878120745148e+00
1.575287567818308976e-01
-1.717514480050812975e-01
-1.780606315254187610e-01
-3.995950472069814130e-01
6.696571743680517219e-01
2.318308385673321093e-01
2.121546807818409930e-02
3.840684247960255426e-01
3.425772789739487401e-01
2.161015148039107547e+00
5.101625452904345437e+00
5.118132984229631366e-02
2.945656006586365727e-01
-6.169183417526602486e-01
8.101181752340136377e-01
4.227243222813265255e+00
4.982797424553848664e-01
-2.194840033918109834e-01
-7.789847052127675531e-02
1.463281223271710063e+00
1.986751277626324974e+00
1.823271701904139175e-01
3.568013824058231531e-01
3.130666095018942996e-01
2.077174531239729838e+00
3.845574086769058209e+00
-4.776188404039050650e-01
-1.080935111076302552e-01
-2.564628896977709516e-02
1.470952588718211329e+00
7.504792782598105338e-01
2.538441860492411939e-01
8.856406137463802841e-02
-4.872443078236251002e-01
5.129164435889426166e-01
3.390251284288769540e+00
1.960895859291072185e-01
5.232519042427542511e-01
1.928465541525679339e-01
1.645922584431498192e+00
4.877878399269607534e+00
-3.968904467244095957e-01
6.026712216872972400e-02
-1.882170601156793743e-01
1.281847835742271569e+00
2.500468037251474263e-01
-7.692709859082338952e-02
2.244303468889073117e-01
5.878638004562762864e-01
1.971057817608443230e+00
4.778734150521775526e+00
2.571258956696983455e-01
-2.329672935297672498e-01
1.974079568406466312e-01
3.476763851028712882e+00
5.302322382909947507e+00
-4.316574912367859146e-02
4.946424574662138252e-01
3.282646562852275518e-01
1.855561898358841111e+00
4.357640894551503052e+00
-2.137421254612321131e-01
3.770528100402585348e-01
-2.736618300370281531e-01
1.428841434588058013e+00
5.907477026838315659e+00
-1.408250614182590121e-01
1.022069526378456966e-01
-4.283789099435163505e-01
5.369227883756287900e-01
6.124057666190047655e+00
-3.438933311975785889e-01
4.239711715028944283e-01
8.734717467610164654e-02
1.779094190497654493e+00
6.044587844859500514e+00
-3.315133112186859354e-01
2.575798851356981278e-01
-3.333358919784164542e-01
1.208177613654789040e+00
-1.362059741871170238e-01
1.768285180871077555e-01
2.372322077383076655e-01
4.674705941170254064e-01
2.443487017115085980e+00
4.070585733901696202e+00
7.060716897048707752e-01
4.340993515420344014e-03
-2.017755927881292322e-01
1.639488461288370225e+00
2.453467372424319226e+00
1.569745979554067750e-01
4.648677629925435650e-01
-2.322703588296274602e-01
1.261586710603493477e+00
3.911938585409692859e+00
5.004097213956194556e-01
1.774402662513638318e-01
1.407307732333989425e-01
2.083537056135570165e+00
3.162292279528144068e+00
5.372522218065446387e-01
4.404667302869324508e-01
1.224835347435535189e-02
1.611980531925584215e+00
2.967836474166242411e+00
-1.322215394730330562e-01
-3.162971409374236154e-01
-1.678050356217487271e-01
8.600173466218693497e-01
1.229798768899892591e+00
-2.958048715972971809e-01
6.376245073961525622e-02
3.322042807305251588e-01
2.402132361097855551e+00
1.004717179050187287e-01
5.331984734946993987e-01
1.558193385168844536e-01
-1.541184310717677863e-01
1.296213277053075874e+00
2.848505467247703038e+00
-5.299937390176231444e-01
1.624350465950115951e-01
-1.097694603956755749e-01
1.569298352813567332e+00
5.679103185090446093e-01
4.386409220510395501e-01
-2.242302976956978000e-01
1.495550352255419213e-01
1.751365406137885605e+00
2.191384796024558934e+00
5.725767621384660055e-02
5.049346196745881921e-01
2.090930736571704751e-01
1.694224789926112251e+00
5.135852610092605630e+00
-2.910041588605360996e-02
-3.586103890186555510e-01
2.398228631369785091e-01
3.740539991822536603e+00
4.506236853185045632e+00
3.371513601226474588e-01
1.756917680990243980e-01
-4.211920777732526266e-01
7.138807756667616689e-01
3.420630509916669393e+00
2.021748165674879527e-01
7.126838344129651781e-03
4.665194972049886424e-01
2.741828089556614056e+00
4.281921630809812918e+00
-5.388341168642373225e-01
-4.837917489679369187e-02
1.585705463926324332e-01
2.118794896849010456e+00
5.086632820470170513e-01
1.048747055048769722e-01
-9.129463982558903845e-02
5.246268943242431426e-01
2.784884872673973888e+00
-1.656464801849760748e-01
3.670507773178174893e-01
-4.268537837747840569e-01
-9.443184427970104100e-02
1.356230796152118057e+00
1.460613700371215407e+00
4.914051230855549512e-01
-4.134298157409196234e-02
-3.544391350393057971e-01
8.700452222904029309e-01
2.600649323200695306e+00
5.167248804844866150e-01
-2.708506425238586535e-01
-1.091242219986836848e-01
1.283074287145509640e+00
2.034546992216031303e+00
1.370640772882997793e-01
4.541837815169552650e-01
-3.047729815663008934e-01
1.056341970801508712e+00
5.282468349942465835e+00
-2.955903277866837597e-01
2.135324109925187119e-01
2.730855850764425941e-01
2.236026661516093750e+00
6.054628941597212766e+00
-3.290509724753583609e-01
-1.491405730679732367e-01
2.867682554472674172e-01
3.909643527507866700e+00
3.759134362526800111e+00
-2.965736601850327836e-01
2.784100310205188111e-01
-3.044356861583478735e-01
1.218522494347789920e+00
6.098154387414482791e+00
-3.058177288779897474e-01
2.514194547679740044e-01
2.113577778314909006e-01
2.128097748346300833e+00
6.072664281158393074e+00
-7.088374583751241853e-02
4.265433734523621512e-01
2.318058754101083307e-01
2.002476720599279503e+00
5.303311023606338104e+00
1.480409736303998358e-01
1.900603260941094719e-01
4.791943211775219758e-01
2.523769578833573668e+00
4.246757859209148833e+00
-2.096252692099769555e-01
5.366524244258778775e-02
3.759397660485469528e-01
2.610989865980949620e+00
-7.420653882288658076e-02
3.387801261739284975e-01
-1.915944639232340374e-01
1.852225120095642719e-01
2.685717038289814340e+00
2.332450246858963183e+00
4.941516617439075110e-01
-1.077058595282718023e-01
1.669471296224930568e-01
1.685434751438890766e+00
2.071911335286811706e+00
-1.434484968857984433e-01
5.237589239104567529e-01
-1.943995691119288216e-01
1.515381563974487422e+00
5.830095785544533449e+00
-3.911007609849292410e-01
-3.880860422826268308e-01
6.229369149401985800e-02
1.893275349708943844e+00
1.473187539561162218e+00
-4.202335169042847873e-01
-1.558192074647159198e-02
-2.197761679264039480e-01
7.638816988407115538e-01
6.206536179502243122e+00
-1.256000362433018491e-01
2.019825282735311089e-01
-4.573301427880778758e-01
7.135505731486444514e-01
5.842009155582077007e+00
4.395323644591749707e-02
-7.960122907639707868e-02
5.166871265807720937e-01
3.589373077253560140e+00
3.010527685753770832e+00
4.019521172305507394e-03
1.725507842601620989e-01
-5.692232962096908100e-01
5.554167467130238789e-01
5.663948145358970621e+00
5.059210535445586299e-01
-7.729386951130570726e-02
1.559350439853657011e-01
1.699753643110631929e+00
2.321751346043484432e+00
-1.449825964843916293e-01
2.408310825649360165e-01
-4.669325055229606170e-01
6.026271346344077573e-01
4.850067595256812858e+00
-5.813375193146412823e-01
-1.882825117167272189e-01
9.556378838229602837e-03
1.830127641478574096e+00
9.163644844498625153e-01
-4.317059009054442509e-01
-3.118292532777992565e-01
1.468415243116828577e-02
1.698451779991614341e+00
1.293750621524022648e+00
-1.371721270742991827e-01
3.923906162707495593e-01
2.905041068792522663e-01
2.213821505758445163e+00
5.638753607015597247e+00
-1.036899944012831393e-01
-1.766253679501863516e-01
4.577293184809931303e-01
2.767774848853743030e+00
2.638024238117498310e+00
3.592039662353236351e-01
2.885627831497331042e-01
3.912371212128646913e-01
2.045109931194317276e+00
3.867362485877397837e+00
-1.334407338267730170e-01
3.041704899080520663e-01
-4.292050470836680232e-01
9.927197366555944313e-01
5.626425981403059495e+00
-1.250243593511305741e-02
-6.456511770188745614e-02
-6.152026694527413797e-01
-2.492123996203337577e-01
5.516157521806885899e-01
-1.262041737453197809e-01
-4.345466734137651832e-01
1.138924024681385247e-02
1.338071862977218585e+00
1.494303593460672319e+00
-4.380280828245715352e-03
-4.220987843611182649e-02
5.332971783511487596e-01
2.626565229638604393e+00
3.032477508917216458e+00
5.260466400026518607e-02
-3.906816732063103093e-01
2.232428308124224103e-01
2.019964598369714093e+00
1.899949409059428440e+00
6.611976526266718501e-01
9.136396401027366276e-02
-2.283279847750225439e-02
1.904981952319560135e+00
2.908077174541711329e+00
4.734666332223849139e-01
8.013779613587816708e-02
-2.414747301588407724e-01
1.075949122434553873e+00
2.979653678109664749e+00
-5.329669233227999348e-01
-2.271816439945578692e-01
-2.558251841938924062e-02
1.355555784274891540e+00
9.866220489326655851e-01
1.952643891043900626e-01
3.472631913735886311e-01
4.627825683782114119e-01
2.059088170363801318e+00
4.071163304652005266e+00
-1.061291752504705567e-02
-2.878858086523677362e-01
2.703088485014711329e-01
2.244265064463550452e+00
1.724058256986545024e+00
-5.408039476633390574e-01
4.781594634716218942e-03
-7.774900276845153960e-03
1.622030811859875854e+00
6.524698286749528453e-01
2.688531663838785724e-01
-2.439010666802252369e-01
3.489505677082211377e-01
2.957392116201096766e+00
2.535065224149556151e+00
4.135430026085201716e-01
1.164497917553262846e-01
3.161501555986565570e-01
2.309466333812625116e+00
3.420061207808448245e+00
3.479503399748997139e-01
-4.664980241077865131e-01
-1.126540793412858787e-01
1.468803214111255695e+00
1.312118076830843583e+00
-2.366312682309544835e-01
2.622431954126461795e-01
-3.283277354912247925e-01
1.160729917600492378e+00
6.079140082589129968e+00
1.561439316734996863e-01
5.076482254006516870e-01
1.898666854337884569e-01
1.788282474707528102e+00
3.724836996057481198e+00
-3.616632880064384881e-01
-1.483370554731024693e-01
2.059068139490254079e-01
1.757255293263991769e+00
1.265233017783788716e+00
-2.795364502283348984e-01
3.885691064861458988e-01
1.083684598601446919e-01
1.720958612475469884e+00
5.857989771101316911e+00
8.079048092185031615e-02
1.444397355746313283e-01
-6.028608363565877148e-01
4.591252607116476647e-01
4.018101839110515883e+00
-1.841697543616079846e-01
-4.463499350959066470e-01
2.530400637174059011e-02
9.310780590613354502e-01
1.008856781466474395e+00
-4.711876797956119911e-01
-2.533247365976569743e-01
6.687611499658084602e-02
1.490884613562378780e+00
1.127941813675552130e+00
3.675735532635941993e-01
-4.569430080896781654e-02
3.568209917031489042e-01
2.545607573071101193e+00
2.756509171792961066e+00
-1.741692713247972313e-01
3.898530975423359357e-01
1.837475103362736228e-01
1.950844984358421685e+00
5.609124006940047202e+00
1.136186085896429554e-01
1.030103118051314270e-01
5.104536978334719421e-01
3.648273640536530582e+00
1.060012148090864859e+00
-5.813792778995577337e-02
1.042754127423691779e-01
-7.125211479854429708e-01
5.230257312763161304e-01
5.465124912216579034e+00
-5.160592444169225246e-01
2.621090625398778129e-01
9.137082315976516322e-02
1.826077344634265520e+00
4.489863855862584741e-01
-2.932478778920884488e-01
-1.073019303694484894e-01
2.473178843570756347e-01
2.373441040126514245e+00
5.709082865560796138e-01
-8.794958100382621602e-02
-4.052565932057551334e-01
-1.437663687377052080e-01
9.838510965819575738e-01
1.501443668943777565e+00
-1.832496435862021877e-01
-2.579451900505796424e-01
-3.170660076191476051e-01
3.949614784889649011e-01
8.835109372476617207e-01
-4.150640683994822333e-01
3.907082688260213321e-01
-2.272858251390814377e-01
1.214742564404943437e+00
4.840169227396203588e+00
-2.972517141423184905e-01
-3.711460748792304587e-01
7.423775375387320352e-02
2.122069042935989636e+00
1.294392586961842007e+00
3.389870048828070442e-02
-3.248952482157048682e-01
3.945768119782862571e-01
2.853806743667116397e+00
1.144545541387151477e+00
2.830983423378143904e-01
-3.119145503555043053e-01
2.131417663567974907e-01
2.961191324166904781e+00
2.400692858385819584e+00
2.212002373157071489e-01
-1.825559784246225670e-01
-4.793533475015283596e-01
4.523581961396298118e-02
3.408835761155589950e+00
3.179619788062282293e-01
4.159489401675277032e-01
1.305351740922426895e-01
1.926420852331421019e+00
3.717431110051445664e+00
1.893594568619101359e-01
5.086954725999657256e-01
-2.500010232963677526e-01
1.437112408203429448e+00
3.899650497817932049e+00
1.649964333250530241e-02
-5.890921403671316448e-01
-7.517154530279249181e-02
2.022019756538436575e+00
1.326131631480411688e+00
1.028903416685690297e-01
-1.029886528548784180e-01
-4.920727507989843819e-01
4.232240014709031106e-01
2.513067495672761886e+00
-5.684551126136097032e-01
1.419398144423310026e-01
-5.405614365351180117e-02
1.774806148804314976e+00
2.853502498086550876e-01
1.462922825688573458e-01
3.761702227806242860e-01
-5.122154465764598985e-01
9.457352186517611337e-01
5.016556853895874468e+00
4.769798808207789675e-01
-2.871568417052107469e-02
2.653145583743820035e-01
2.298839655110629376e+00
2.780969068908877517e+00
-3.642875840175037183e-01
-2.369262363665767257e-01
-1.524424238976321566e-01
1.261489110122788970e+00
7.234423734332989575e+00
-1.503224790530806598e-01
-7.137109779714723157e-02
-4.639367789006188514e-01
-5.297025442910829884e-01
3.203389246036574267e+00
3.404280306933233358e-01
8.700312668166225449e-02
4.151662596037433151e-01
2.522672691926765687e+00
3.554422721816901554e+00
1.735836570300870740e-01
-4.052444848013873058e-01
1.359337346412681224e-01
2.884072503357633543e+00
1.833248662658929717e+00
-8.051575779835440372e-02
-3.585429078358061128e-01
2.296950742022792480e-01
2.490994137849297019e+00
1.459782497155704295e+00
4.555887574771718129e-01
1.128624153263359658e-01
-3.281042444145429449e-01
9.487095991712769516e-01
3.014089037168470320e+00
-1.032999608123064302e-02
1.201845174402945277e-01
-7.051963052279522914e-01
4.788515619445928850e-01
5.394495328880349660e+00
-4.145215077124623781e-01
3.121186611019423074e-01
-1.135564695821347919e-01
1.451500262861135093e+00
1.055807974162354390e-01
2.180256512665954827e-01
-6.109865965939156318e-01
-1.599223594053065800e-01
1.781974032685366804e+00
1.425237177830489754e+00
3.662445690557911138e-01
2.194298579454954379e-01
2.979090035395568492e-01
2.189320528881673500e+00
3.415610087126366157e+00
5.416793586170111086e-01
3.124538840395579276e-01
-1.290058278818573823e-01
1.529423996573393785e+00
3.048986717761745346e+00
3.084957739364033169e-01
5.143499479766121540e-01
1.881586572274597247e-01
1.769120109861949341e+00
4.979939481690917269e+00
-6.277437445621573964e-02
-4.246070655093859281e-01
-1.375021580083682360e-01
7.144038063696988017e-01
1.204833199001212218e+00
1.520638307353971153e-01
1.368190845902397534e-01
-5.633582100399818771e-01
6.425691233455942397e-01
3.865911762402071350e+00
-8.436971675288172656e-02
-3.349487564069991152e-01
3.298096855938455474e-01
2.815758861377528621e+00
1.004881941250974631e+00
2.765014469326256830e-01
3.156605665576742714e-01
3.958684666929702112e-01
2.120040145190059011e+00
4.077828023192277662e+00
4.367593653292806133e-01
-1.908717850522446968e-01
1.371841867530085302e-01
2.384160225763661156e+00
2.301707041458236347e+00
2.081133601476681250e-02
-3.059963552157233049e-02
5.382505554356923350e-01
2.626448882939076857e+00
4.955211317816146099e+00
1.662151503360372873e-01
-1.503113046704803446e-01
-5.673432093655169650e-01
3.601849604268207439e-01
3.667549796014967001e+00
1.628535242080556000e-01
4.351471625236492113e-01
-2.724796761466897754e-01
1.183511071003026771e+00
3.802015720014543021e+00
6.046795033318718565e-02
-5.329042727003802105e-01
-1.143789937654541428e-01
9.905214930019091701e-01
1.339281361544948368e+00
2.542300437668565394e-01
4.965313178445068809e-01
-1.897987744570889534e-01
1.165771064121928102e+00
3.884514380126316002e+00
1.303311300110198689e-01
4.026070318159253314e-01
-4.333021779737230572e-01
9.647918998300104576e-01
4.125919554443220783e+00
4.243860341051647334e-01
-1.657894381188372013e-01
2.248676936444052032e-01
2.545398219733489675e+00
2.259022506933565211e+00
5.796476223226968427e-01
1.412298826220052261e-01
2.086672072397538144e-02
1.563994287892688684e+00
2.718775238019105256e+00
-1.015995367475429068e-01
2.759945346295551438e-01
3.769897693495904978e-01
2.282589787689162542e+00
5.511881182211268104e+00
-4.131580068279102069e-01
1.283322473423819665e-01
-1.155718451013902220e-01
1.303410586599586196e+00
3.122740815523903368e-01
5.396069688709554946e-01
1.662336740910799193e-01
1.347766825637844272e-02
1.886529325716507000e+00
3.127236334903010562e+00
2.998217733971175192e-01
2.703830402758091167e-01
3.751961953039264497e-01
2.378192895187032807e+00
3.730236843881345354e+00
5.470309685042585857e-01
-3.453309206851457036e-01
3.194172186164256910e-02
1.565306642532449333e+00
1.729100541424003934e+00
1.860954330729807926e-01
4.242235805277442262e-01
3.803485702964660153e-01
1.920956068368021130e+00
3.958044810506693434e+00
-1.708038420339970942e-01
2.961976933740491091e-01
3.248568001419160911e-01
2.358417613895030129e+00
5.827159988573074045e+00
2.617422846105103562e-01
-1.974293563365091542e-01
-3.331106040206098795e-01
5.771721106540665946e-01
2.179642563309631242e+00
2.151699265316028009e-01
3.882895436451401783e-01
3.228052086220316030e-01
1.975044075480301808e+00
3.768816563775021944e+00
7.296979001942363596e-02
-5.084415243830499032e-01
7.027738927591782592e-02
1.384421353941333699e+00
1.138432494753422786e+00
1.106789076051847842e-01
3.235712518978061114e-01
-4.443355737447527987e-01
7.527662758919975161e-01
4.104516941228746774e+00
-9.048470013866109080e-03
4.365306483338390331e-01
3.459967436852155465e-01
1.943076002395549118e+00
5.282607230184123814e+00
3.281375123041601061e-01
-2.382053756268174005e-01
3.447454261981104384e-01
2.890388009146502846e+00
2.862056219944383972e+00
-1.399298945768795988e-01
-2.619865558522788129e-01
-2.465784399026778595e-01
6.626765732031680844e-01
1.101168889265937034e+00
-1.640789012012936476e-01
-2.790307428258751998e-01
-3.262401989115205625e-01
7.154297475953546037e-01
7.673720829069241578e-01
1.731100407173527533e-01
-4.024873934622376082e-01
-3.268388946505104697e-01
5.468718413677977619e-01
1.499123109010333410e+00
2.802978613291424170e-01
1.041682708767600329e-01
-4.686524295304048127e-01
5.550823272878011583e-01
3.387048162766954196e+00
-6.581356981004422846e-02
4.377265861453245172e-02
-6.404665881692044316e-01
5.501553824863899544e-01
5.619994455428257041e+00
5.276686382757059812e-01
1.628143534968908290e-01
1.032715020034936093e-01
2.072161802263965846e+00
3.089990141466026685e+00
-2.992113583469451221e-01
2.014283807950839889e-01
-3.655977023450578955e-01
1.026331000378494007e+00
6.335423233028846468e+00
2.628885110208512357e-02
4.525578784951880262e-01
3.376787282897144027e-01
1.919613298991285744e+00
4.505892219050034342e+00
1.439413581030607459e-01
-5.043363782399395978e-01
-1.341504432048114814e-01
7.981917559636011461e-01
1.554692657386374632e+00
-5.701830674016292871e-02
4.492974170758085584e-01
2.051792341968452227e-01
1.990945170903106742e+00
5.398374543644137269e+00
-4.231127461149724045e-01
2.179942912943837185e-01
6.503400463848411917e-02
1.699655443530354360e+00
6.429445812261161741e+00
-2.917348752971169468e-01
6.041960083709581042e-01
-2.437296793846616128e-02
1.593714890062954304e+00
-1.147698549763358361e-01
1.224714687550432363e-01
1.931516294888966090e-01
4.941188578666456666e-01
2.407422114461285734e+00
4.532602451933059662e+00
1.807716415714613056e-01
5.529878964408039277e-01
-8.702650499285179142e-02
1.339486274029976887e+00
4.036406194236833223e+00
9.036696974366578705e-02
3.751767334253526820e-01
3.813965631498381081e-01
2.263658479185753247e+00
4.268749954956742698e+00
-4.117258461137419667e-01
4.298888900750798547e-01
3.073891332486943309e-02
1.780651042867126277e+00
6.287534203509124175e+00
1.443315720409122926e-01
-3.475379225039565423e-01
-3.819503474298029944e-01
3.265725362155156297e-01
1.865357396982929794e+00
6.805397074868095864e-01
5.245406326614937553e-02
-7.433011955656435021e-02
1.701275442015054207e+00
2.631463744341802524e+00
-1.156322217726206691e-01
-2.186403242400322966e-01
-4.024014315515706541e-01
4.848481557935365172e-01
7.786278925925876893e-01
-1.920624832520636260e-01
5.043092206012198542e-01
-2.474865738227073897e-01
1.458475676738900217e+00
4.597364877605897959e+00
8.791847580502600012e-02
9.019789831243150979e-02
5.149557888399710626e-01
2.644260236672329789e+00
4.462312292890854515e+00
5.360276871351086214e-01
-1.397604379036276314e-03
-2.471339190231031380e-01
1.445259656966781936e+00
2.463710532442735079e+00
7.969098665531834658e-02
-4.432931549330341170e-01
-2.262228000453206100e-01
7.460748577673417259e-01
1.650656698003220013e+00
-1.613710451915791322e-01
5.413505669124624164e-01
-1.914855273329637286e-01
9.679336534118152535e-01
4.577960086472895540e+00
3.921113551533413899e-01
-1.115585334703219356e-01
-4.121789279565164499e-01
2.702175634618461664e-01
3.019635980847183543e+00
-3.967916947468180244e-01
-1.220150659898494930e-02
-2.160560276895469589e-01
1.044055597981535799e+00
2.896060739795372485e-01
-1.116005885186834579e-01
-2.852983780701508487e-01
3.568292221440753642e-01
2.784280492984367861e+00
7.638270132626269193e-01
-5.951960222573802334e-02
6.122136533950907067e-01
8.283943504437335514e-02
1.860850177518451165e+00
5.444855464184226612e+00
-5.213836158000915155e-01
-4.684262870339991197e-02
-1.791072385487578467e-01
1.747078532117252392e+00
5.350130623467955759e-01
5.120263393403742258e-01
-1.681157832521244233e-01
-2.192216815806494745e-01
1.140092015981705842e+00
2.442287151006028445e+00
-4.297981207780370294e-01
-3.409327875103277533e-02
-1.543009898713139094e-01
1.088443075607771426e+00
6.626225372142806158e+00
7.059303534840250492e-03
-6.088089012326154403e-01
7.327446744082526109e-02
1.997085198575734077e+00
1.770058105541245208e+00
-1.248125393854877113e-01
-5.718356180100770958e-01
-1.870953448000220731e-01
2.019984687844070148e+00
1.616947184049393638e+00
1.824582328434704026e-02
-2.846497158298937902e-01
-4.246291325210386214e-01
3.417008519501065211e-01
1.259677794428323727e+00
-4.585622698916339002e-01
2.656433934883662418e-01
-1.337560422843873109e-01
1.505530233641142468e+00
3.241130952539780785e-01
5.889077469057508313e-02
-2.113781340456872548e-01
-4.650639710034465968e-01
-2.835172473992125242e-01
4.195174644420050392e+00
1.446659561542623373e-01
-4.606975079106106485e-01
-3.962768668221467450e-01
1.408263901208118007e-01
2.066367272004281386e+00
-1.462736294853151653e-01
5.894114237699575876e-01
8.249588274470613658e-02
1.507250833550370483e+00
5.440491432357275947e+00
1.810011343048502364e-02
-5.031854447139636477e-01
1.790130268765830479e-01
1.998006926487123414e+00
2.245660817301593504e+00
2.593401638168253004e-02
3.879759195625722690e-01
4.128872267053099732e-01
2.096418538897923067e+00
4.425615872135915119e+00
1.080469160663307532e-01
2.449445108331623211e-01
-6.779723375810625674e-01
7.940351669089342757e-01
4.284434261664642030e+00
5.605835433727700545e-01
-1.687092585828099123e-01
1.384814531980889732e-02
1.423894039522427768e+00
2.467593126135843029e+00
3.677993221527723344e-01
-4.199742498956670622e-01
3.499350425567225586e-02
2.028704780209451108e+00
1.807255120111758151e+00
-4.032936339605452392e-01
-1.628520102577198647e-01
1.240706621830327400e-01
2.140042064480420780e+00
7.174342689805011108e-01
-4.568270504973324098e-01
2.105989603579328240e-01
-9.342407655390146115e-02
1.546887472868671898e+00
3.474977335146621771e-01
1.335252733746950665e-02
-3.794170689527556761e-01
3.221594577671021975e-01
2.899957506463237689e+00
1.494423392120681759e+00
1.585074226558904342e-01
5.748245292747716784e-01
1.017246309910453395e-01
1.740316912771401103e+00
3.683226936820927389e+00
3.894595694104380224e-01
3.937994831144345231e-01
1.073604557622477307e-01
1.915158658782128320e+00
3.673517513730765405e+00
-1.477982386535118819e-01
-3.292594076602170516e-01
2.568856213245901410e-01
2.501590307829619775e+00
9.201448783966446054e-01
4.402717976480781219e-03
-4.608156651637143608e-01
1.636053925296638845e-01
2.451374993455152751e+00
1.616283391843365225e+00
1.742049736032378060e-01
-2.273746779511423011e-01
-3.848014458260283766e-01
3.748217593498751610e-01
2.363029208145878357e+00
-4.052337593721417330e-01
2.129021690256915345e-01
1.009784107282714061e-01
1.953273475815167526e+00
6.263333019978110983e+00
-5.695705167809411718e-01
2.699435126044033573e-02
5.968150683640708470e-02
1.760459901463290455e+00
7.370516326116627326e-01
1.334262470867669803e-01
9.733171356816497366e-02
4.708924167808402617e-01
2.546445357275404664e+00
4.503893777294599055e+00
1.373046709416932964e-01
-4.738342924685204349e-01
-1.143227780601234339e-01
1.024539118100518342e+00
1.486344575606943774e+00
1.289077643245685467e-02
1.380675847023759562e-01
-5.650918781727183315e-01
6.079432416837985409e-01
4.904114963813740680e+00
6.768168778482308579e-02
1.986573742410623344e-01
5.621133485776327321e-01
2.411193248859572424e+00
4.527185718077695320e+00
-3.517704404901093596e-01
-2.792598490603770967e-01
1.395721312339557874e-01
2.196428942164591724e+00
1.033342778143637952e+00
-3.407720623934687443e-01
2.573780501970939286e-02
4.087104102893220903e-01
2.807357871960554530e+00
5.710944445801764857e+00
3.275411459206781228e-02
-2.630121998257486937e-01
3.642295239634505966e-01
2.672147229889674236e+00
1.654272912879898971e+00
3.686811476376959384e-01
-3.913556646420570662e-01
1.083291739799827763e-02
2.134141887831894735e+00
1.862270363183878841e+00
-2.510705797152591456e-01
7.227837858435443019e-02
3.770054785069964498e-01
2.645279817036401582e+00
5.787599741948634247e+00
-1.845736927830623764e-01
1.228296721808619929e-01
-5.145870128892469086e-01
1.219482233980750258e-01
4.608489670875006716e+00
2.250064054486841103e-01
-1.162356251906292159e-01
-4.511567806754750998e-01
4.070260631093010617e-01
2.511360707358985422e+00
-2.745486656995784758e-01
3.315418572493309957e-01
1.700866375808636755e-01
1.826127273995218792e+00
5.894703915458996413e+00
1.316439493319994103e-01
-6.318052552150725809e-01
-8.686706002280457362e-02
1.902740853680675581e+00
1.995036619487836171e+00
4.040494287299490339e-01
-4.117272028012883833e-01
-1.330439627130499958e-01
1.673175935242587453e+00
1.573739976595978085e+00
-1.155809905141278321e-01
-1.049355855340188826e-01
5.051603021959337747e-01
3.381166005720493750e+00
6.339565772355443052e+00
5.980769668479344464e-02
-6.236908092886905147e-02
-6.211469707906920323e-01
-4.018175444448736089e-01
1.801144945272378006e+00
-5.474034671361969195e-01
5.388531380509281599e-02
1.189946926195765697e-01
1.853756146884524059e+00
6.595520106288799145e-01
3.796521436851852394e-01
-7.855988359365961848e-02
2.427652511408035230e-01
2.935830304827820036e+00
2.487400266287195905e+00
-3.415309188193409451e-01
-2.182866536955855863e-01
1.651678082734434616e-01
2.255342508495143061e+00
8.346711402808209002e-01
1.593504294165085933e-01
1.634745736091373358e-01
4.745436846198918812e-01
2.595712805816047908e+00
4.152667853668502218e+00
5.160572647197736451e-01
3.186606479922546309e-01
-1.664434367306563134e-01
1.327798610794575840e+00
3.015075845083423189e+00
5.199123526889742886e-01
-2.118333527745622502e-01
1.594912260944858773e-01
1.525485037070842598e+00
2.213187675239836061e+00
5.026450983437112940e-01
1.219942870133499668e-01
1.906907758100608030e-01
1.751170542461879753e+00
2.816507178996745520e+00
-4.847943855579004979e-01
-3.154139324315635706e-01
-1.189935847905352478e-01
1.945481610172583586e+00
1.124085745071450537e+00
3.002471619838526506e-01
2.023153436574538777e-01
4.239668596258804878e-01
2.182117778194621494e+00
3.741907982410707323e+00
-1.583019850757031721e-01
-1.195479252451530777e-01
-4.715428847280219715e-01
-4.550603775791296490e-01
3.442536128125434747e+00
1.395875168159864677e-01
-6.859700420688207290e-01
5.822030614460071279e-02
2.100711709500086233e+00
2.110291668103197793e+00
-1.622278804999748303e-01
1.846713190609083899e-01
-4.890861580610385007e-01
9.802462498991474371e-01
-2.110231219556293614e-01
4.266878517244240832e-01
-4.549305313355345159e-02
2.805262648102834211e-01
2.471016333301910173e+00
2.774497304382003371e+00
-1.197132868613026528e-02
6.439309305511208004e-02
-5.772165270311666596e-01
-4.180462094881194912e-01
2.374515197628295660e+00
2.877178461747278634e-02
3.061437716829275568e-01
4.257925977280750396e-01
2.334248061407194985e+00
5.173162921464339092e+00
1.311843237647267735e-01
5.922783353539124995e-01
1.317731152277350215e-01
1.615491179599877425e+00
5.113770676582246821e+00
4.912408078935250749e-02
-5.871380360710672930e-01
-1.944235883534235765e-02
1.021211503285019528e+00
1.304161187373615860e+00
7.533553911795369817e-01
1.772811607181574711e-01
-6.705528256744669457e-02
1.650954491514794231e+00
2.931627679822698784e+00
-3.810258839077426685e-01
1.031261988657760642e-01
-2.989399282797178814e-01
1.117515705497207357e+00
1.719037708102168216e-01
1.850328705741868807e-01
-3.169009385142489421e-01
-3.286858184903909685e-01
5.706077550974640866e-01
1.946586136343115392e+00
4.867652629294638156e-01
2.982866498078894923e-01
1.313082348755009177e-01
1.977236314180808918e+00
3.396382540906481839e+00
1.666628060354556351e-01
3.946311332604460209e-02
5.061906430069526008e-01
2.596697082737136952e+00
4.353796809757711550e+00
-6.051124578606409399e-02
-1.451209075046691055e-01
4.196196957214856638e-01
2.865471949290884446e+00
4.053905247656424682e-01
-5.403202419754643548e-02
6.240833770880966913e-01
-2.624819897133448196e-02
1.320523773172026738e+00
5.243974362256519584e+00
7.014782368896484988e-01
1.261657779687266057e-01
-1.473701816129389663e-01
1.616993790045104795e+00
2.468100093824977304e+00
1.104246870385742624e-01
-7.548905129723809670e-02
-7.980444732839125921e-01
4.430205099335858265e-01
5.375243803490092454e+00
