-5.101878191489447323e-01 5.665966325760272287e-02 -5.163332110965278970e-02 4.223895277356845002e-01 4.004796188610751928e-01 -1.615757160556064442e-01
-1.609569077849887578e-02 1.287993929553267192e-01 4.631912797783750424e-01 2.009965557028787486e-01 -3.111026146068194276e-01 -4.082197485317229368e-01
5.604585261151207032e-01 3.274685811994614698e-02 -1.898353896664340956e-01 -3.476133679975307311e-01 3.155270084883243231e-01 1.190995900304254729e-01
-3.061161131685558590e-01 3.641002453269823191e-02 3.509596613678755972e-01 2.966669471229375632e-01 2.188292306940244347e-01 -4.258130308974314993e-01
-5.556938114657974936e-02 -3.545838681647896923e-02 -5.387917189675687224e-01 3.653381173281222694e-01 -2.020981808374277267e-01 3.528741695671584466e-01
6.675486329683605335e-02 -5.606244265097052315e-01 5.617766973091826294e-02 -2.436593733582034238e-01 3.501796421001034387e-01 3.283521547321548995e-01
3.336071547753554078e-01 -9.631124227550053041e-03 3.726338536162518977e-01 -1.203136252074528123e-01 1.515478570153399318e-01 -5.037092649767470620e-01
3.343114063257560109e-01 5.231357165623380656e-02 3.882012234607968293e-01 -2.029338293775680424e-01 1.862535222264867785e-01 -4.445218075376967115e-01
5.344190225037899200e-01 3.027997086966858764e-01 -1.727064997418676024e-03 -4.345470365761198162e-01 3.203392161989999654e-01 -2.482978297440226467e-01
3.991299649141266115e-01 5.051424487280410380e-01 -4.818332089384606137e-02 -5.232557655016805143e-01 1.239210099912573249e-01 -1.104310435249149791e-01
4.559177478361872704e-01 1.114374177147948175e-01 -2.894861903658661473e-01 -3.837176179025595935e-01 1.733027973955881818e-01 2.501295316046042161e-01
-5.969741334379081721e-01 8.102357729640713435e-02 1.014221222266225297e-01 9.781405197671788621e-02 7.928142701088434219e-01 -1.647694081757258844e-03
4.561638445827793098e-01 1.400387687254522617e-01 2.630334746992144535e-01 -4.756655867766276802e-01 4.001681962717896779e-01 9.998710730270643499e-03
-3.296453387930429746e-01 -2.198043343170952846e-01 -2.182525547179941794e-01 4.220362184561270991e-01 2.431469121803904732e-01 2.514824555355389402e-01
4.461995728686649620e-01 8.801074741593506445e-02 -3.351610532636882245e-01 -3.254354176568600154e-01 2.383401777280099165e-01 2.828846600769350794e-01
3.174558436578980153e-02 5.074046702911650941e-01 1.970224901924767513e-01 -7.273306219318452781e-01 -1.099715796861938655e-01 -9.495981128331915100e-03
3.213097449590165966e-02 4.430795634658035720e-01 2.896493419692265925e-01 2.520433902060681963e-01 -4.708213716590742282e-01 -5.155969981365610133e-02
-4.242628248453657602e-01 3.009357867602712733e-01 2.920959264848567091e-02 5.743814281836696622e-01 3.153600212271492897e-01 -2.080637832203854551e-02
3.961726305069414589e-01 -3.087351318072565354e-01 1.418033057342624192e-01 1.114490588668658466e-01 6.496354079588410046e-01 1.203931151475954309e-01
1.637654023850015628e-01 2.917962980304339982e-01 4.361356439658950479e-01 -1.448753026756223472e-01 -3.851655259380264984e-01 -2.320436763284225434e-01
1.079632032956969953e-02 -3.881396094624361415e-01 -4.285802105847648091e-01 8.492126955876729000e-02 -2.593431087951678649e-01 5.603166259546363825e-01
2.277078795299083691e-01 1.345732802729562028e-01 4.179777612751499616e-01 -1.845272535568027450e-01 -2.268070435810108088e-01 -4.183633512980533542e-01
-5.486614062079633314e-01 -6.449414704835582102e-02 -1.135170707026811332e-01 3.178247138966002749e-01 3.852353706776868725e-01 -3.301853991497356589e-01
-2.911143480772966294e-02 -2.689497983947068960e-01 -4.265719947519508448e-01 2.090479076818834159e-01 2.759502229757582192e-02 4.982746395099126868e-01
-4.095174818064384326e-01 1.525762320002819195e-01 1.331659315294775325e-01 4.802966665822827608e-01 3.305023646456373698e-01 -2.870400568251890716e-01
-9.454209859435973307e-02 4.306889015863643588e-01 4.163888180765945579e-01 -1.535572553823390529e-01 -5.177019284388335585e-01 1.048249485515708734e-01
1.989842878432021567e-01 -5.249000050950453078e-02 4.674681956584336162e-01 2.523211213283117482e-01 -7.293937800486317846e-02 -5.308989738507776668e-01
3.446989294875990595e-01 -1.640627835251134981e-01 3.297687027871445409e-01 -5.112636765863426414e-02 -4.557037245349787602e-02 -5.808804517490749886e-01
-2.508575795163868194e-01 -8.548782184740777446e-02 3.022875901884942151e-01 3.248079244374357244e-01 2.428602483849341409e-01 -4.465760638449277065e-01
-3.793713756299131601e-02 -1.993282892543008500e-01 -4.603548452449814365e-01 3.333664862284851371e-01 -3.315050792853843631e-02 4.531650308129863691e-01
-1.989220147806215477e-01 4.981368944560584655e-01 6.234856501694749364e-02 7.638134031926036016e-01 2.373547365248145358e-01 -9.297656688339511755e-03
8.475213664247251491e-03 -3.994382376410825497e-01 -4.405051748157154390e-01 8.134614932281457322e-02 -2.920227826111431724e-01 5.510349135099941176e-01
-6.327845462999450721e-01 3.311796874105085720e-02 1.444633777235729971e-02 1.605073391722668941e-01 5.786302772447055043e-01 -2.559317414333293628e-01
-3.524847814874877971e-01 1.716495278337814125e-03 2.395653349052047631e-01 4.375423302733662534e-01 3.403190319797303603e-02 -3.726542965129576168e-01
-2.182846536400846194e-01 6.600158662319650926e-02 4.180501778598504914e-01 -8.788296712532558952e-02 7.766374390965752328e-04 -5.712632740642795692e-01
5.858029861967705559e-02 5.444858915192438698e-01 -1.197162237645961747e-01 5.214296721319846561e-01 -3.300722146500845167e-01 2.491633264225842637e-02
-8.490214081089100806e-02 -5.329308693408103537e-01 3.917843851588004994e-02 -1.671759909429635926e-01 3.928341326316460158e-01 4.082179685223321641e-01
2.164760793155993124e-01 -2.334225646600711357e-02 -5.032726258895815485e-01 -1.061059671569579699e-01 -1.983017595169485614e-01 4.269585258064603206e-01
-1.738512893985894037e-01 3.924842709663692863e-01 -3.149833943637039835e-01 2.551433200799169132e-02 -3.106126004105443927e-01 3.675912451162311467e-01
4.781444071017829089e-01 -9.536450189557765800e-02 1.891437946190594743e-01 1.666908562804103600e-03 7.587751705637018063e-01 -1.921794207266672161e-02
-2.513274906566890805e-03 2.148868401577608556e-01 4.629040556808849405e-01 8.873845268930966035e-02 -4.660037322108032676e-01 -2.637741060044495600e-01
-7.449641729054497230e-03 -1.915382195716718583e-01 -4.878959027959965389e-01 2.951278531053673770e-01 6.586289581387821945e-03 4.444095935369300476e-01
-2.512689904194918555e-01 -4.867967443509246817e-01 7.671344104063923530e-02 -2.952372936519249147e-01 5.067343886975331779e-01 1.814162393523760519e-01
-6.315618061232793068e-02 5.373881509943192469e-01 -2.659187411345674823e-01 -4.913106655203332007e-01 -3.615135481741332812e-01 -1.728624555584208911e-01
-2.070775017872228743e-02 -3.536719923692326351e-01 1.904316570479462623e-01 -2.306446080148903677e-01 4.645241567771515312e-01 -3.448080810544338348e-01
1.447864592608771872e-01 -4.548553046251034293e-01 7.562986438614505147e-02 2.595121204530024817e-01 4.638138404869030507e-01 -3.023714907479402303e-01
2.126353432311240688e-01 -3.197022935982107295e-01 -4.206934112966840278e-01 2.753094044285045450e-02 -1.480790210805445206e-01 5.469231513967847125e-01
7.185561092040413517e-03 -5.809023605211085517e-01 -8.772594452287911515e-02 3.051492884002371953e-01 2.496209693706621380e-01 3.828573272942260575e-01
1.713158747266607107e-01 2.967711301789467404e-01 3.451230872889081147e-01 -4.320894226399160654e-01 -1.920733333506921547e-01 -2.849032118338926112e-01
-1.856562970854631900e-01 5.036102313306933809e-01 1.164182499493056078e-01 6.245495263267147878e-01 -8.084749198318363916e-02 7.196947755057378493e-02
-3.300886935675103606e-01 -1.894872828605192183e-01 -4.250891449738112837e-01 3.900512304739872649e-02 -2.583951184821408065e-01 5.017449635518640427e-01
-1.401963588249312276e-01 -2.708073866736991908e-01 -3.699203844745568848e-01 1.779476040007345883e-01 1.459895145645427883e-01 4.815869625494019202e-01
1.626614718443334107e-01 -6.520458658969711108e-01 6.060448272959578081e-02 3.134716886857357165e-01 3.109141534794661599e-01 2.841313929189075993e-01
5.931015797873880890e-01 8.978162978780256098e-02 -7.153155286300365290e-02 -3.441068439306971261e-01 3.374914911791621619e-01 -3.170518067756600833e-01
-6.396305012635432330e-02 1.938460654588878007e-01 4.599058703852823005e-01 2.839015261600802975e-01 -2.016249576930907728e-01 -3.901487786886383979e-01
-3.279876655253726736e-01 1.356476565783554245e-01 -3.548830839548636762e-01 4.708399565736522407e-01 3.434987946664883607e-01 2.096276197231846661e-01
-4.831434474385093436e-01 -1.132442005997052470e-01 1.420591980705365742e-01 1.408318192496986754e-01 5.192974270397445746e-01 -3.167936714471500936e-01
-2.453274212131906495e-01 -1.372663377999365497e-01 3.212461093670792023e-01 1.019933592987599946e-01 1.283099251222634407e-01 -5.781078387517067929e-01
4.219540235883496859e-02 4.141348496227842402e-01 -4.000061241357177888e-01 3.977314150204245280e-01 -3.195975252968086266e-01 1.789851933255649508e-01
2.244660744126003027e-01 3.819939370612924767e-01 -5.829194799562786855e-01 3.757357061756585459e-01 -4.407817627440391295e-01 -3.505303061290476752e-02
3.235848436172029108e-01 -2.093304110262109996e-01 -3.415325346528569894e-01 -1.389888623120794642e-01 2.524521779194309756e-01 4.152913597436598825e-01
8.768648476482371334e-02 -9.572349315135206954e-03 -6.962344321439644101e-01 2.157346075053251933e-01 -3.585955787511480031e-01 2.320901143249360921e-01
-3.602750098259683697e-05 -2.796189717315001322e-01 -4.543995024837336749e-01 2.505035883259333976e-02 -2.314679316101952433e-01 5.441254849632299884e-01
-3.623125248018476685e-01 1.164808956434923298e-01 -2.878130944187806128e-01 5.240629948826631690e-01 4.959646612982250291e-01 -2.261409421607019077e-02
4.305226971718323914e-01 9.936446800024026360e-02 -2.879705002695402416e-01 -4.048637675312141693e-01 1.882638082602761387e-01 2.544558651408037053e-01
-4.476978378054853325e-01 1.083710136678089353e-01 -1.338453242653840029e-03 5.013509686558359491e-01 4.097997552263218379e-01 -9.324643285700974504e-02
2.138561096807432005e-01 -2.785080196376970574e-01 2.281071173914108463e-01 -1.096927037056972254e-01 2.666875562004812905e-01 -5.452478783529132178e-01
4.954970383984839133e-01 3.841365626552266099e-01 7.315136767982957644e-02 -5.003998990265128288e-01 2.958025334310458998e-01 5.349457983100600056e-02
4.816646659250974905e-01 4.528899680844467590e-01 -1.078404879418079915e-01 -5.153875140480671524e-01 4.395733282278674880e-01 -1.834024989902853231e-01
3.114664982722233355e-01 2.703576610847819861e-01 3.011509458707359865e-01 -4.736272781839538371e-01 -3.266768425969251988e-02 -2.390373567133168287e-01
-1.673685059706004896e-01 3.145472156106514094e-01 -4.394423106934594037e-01 -1.154727314803310756e-01 -6.382127775357024912e-01 -1.401845220733222708e-01
4.285255504560345763e-01 -2.726682693901324450e-01 -2.419362794501133118e-01 1.800271282391227023e-01 6.159172983792861045e-01 1.436337179661865693e-01
-2.932591040439142677e-02 4.075963455675825631e-01 -5.216769908219404117e-01 -2.858956849981305059e-01 -4.433900591583793127e-01 -6.342586999788907276e-02
8.194435647848310467e-01 2.447726623030654913e-02 -1.396189747932417013e-01 -1.044601271524557839e-01 3.125231055151754811e-01 -3.914752085761808997e-01
2.907610674145780782e-01 -4.588150299992048153e-01 -7.348500074088756828e-02 2.998556574909431727e-01 3.741419564215529570e-01 4.797779992909169122e-01
8.131653677018275961e-02 5.341084590770913375e-03 5.529292140069186345e-01 1.148698193666422007e-01 -4.360980339035781528e-01 -3.437344252078842199e-01
1.629633754308608407e-01 3.516960268929569255e-01 3.753914222661992595e-01 3.087121897888962518e-01 -4.252221689512267200e-01 -2.371078839207104716e-01
1.793634926141053632e-01 6.002784230074605931e-01 -6.319980982553947968e-02 -4.909872483923312103e-01 -1.357794387026973748e-01 -1.572673825952862203e-01
-3.922048996039970703e-01 1.418541758880172976e-01 -2.477386367022012814e-01 5.403790570350475164e-01 2.019707154268098603e-01 1.081731016450261651e-01
1.880059515013679516e-01 3.152442250753357267e-01 3.807453167330805410e-01 -2.444412403760123920e-01 -3.593975084945071896e-01 -2.174586263860243118e-01
3.800955564696689160e-01 3.984448666730380229e-01 -2.407854757247574196e-01 -4.664629749602476338e-01 9.610657472719330574e-03 1.227342769968596536e-01
-2.298017712224763864e-01 -1.184787776988446145e-01 3.152149605858012849e-01 1.866721229300888629e-01 7.258002242258383696e-02 -5.736303748835129834e-01
-4.319863271939369254e-01 2.466245010957835437e-01 1.620663036597276285e-01 4.668192748572710382e-01 3.821891498642805418e-01 -2.547918445461572756e-01
-4.844504172376007389e-01 -2.476848348747894002e-02 1.076446275433030030e-02 3.808445155240889335e-01 3.310829189444892129e-01 -3.422715959197721314e-01
-8.282569571016816512e-02 2.419589704634519944e-01 4.237240790804162049e-01 5.738213379303684913e-01 7.268144463700923485e-02 -3.112315607109673588e-01
3.088113366867936346e-02 -3.895800397530554959e-02 -6.673134585774378458e-01 1.890238026988980413e-01 -3.153677607393370330e-01 2.806256442122126993e-01
1.474849323724462813e-01 -2.749045174603445552e-01 1.866638165416676653e-01 1.944902789973135260e-02 5.407383567208723374e-01 -3.775467017609046572e-01
1.972642305355026271e-01 3.338688264931947702e-01 3.052951014651046902e-01 -2.237222746285613684e-01 -3.651408439884174517e-01 -2.727670431551217356e-01
-9.249618936488553100e-02 4.940399037561703510e-01 2.826474213332297869e-01 -3.861448180632363614e-01 -4.449486917219274140e-01 1.035639200673474647e-01
5.485649079518424287e-01 -1.802241392860126634e-01 -1.009442722338631422e-02 -1.304614912457668918e-01 5.405354598734307681e-01 1.292926217167763570e-01
-1.219430346634662737e-01 7.299790227684578303e-01 -1.268982125150262541e-01 4.897830145252040634e-01 1.020697355833144471e-01 3.542682532851847421e-01
-6.713341053722025886e-02 2.431941926370817797e-01 -5.149452181433129550e-01 4.587068252696368531e-01 -1.048389680607041130e-01 2.611765284024838429e-01
-1.519120896194427195e-01 1.758905864771269367e-01 4.086595233286451356e-01 1.110423391798213977e-01 -6.619711502886976850e-01 -6.971551619433080660e-02
-3.877463084272411709e-01 2.867450962134737713e-01 -2.033898162760403583e-01 5.803800783224652982e-01 2.607109481336000179e-01 4.571562808982027049e-02
3.227795076800371032e-01 5.993218355963937372e-01 1.352693362979369429e-01 7.366875978846467721e-01 -2.535621868009371171e-01 -1.829584707876821537e-01
2.103106489380278388e-01 5.604435286325100130e-01 1.385105233387148582e-01 5.666567487108168377e-01 -3.699501427866288550e-01 5.257407379641113043e-02
1.057063183194925787e-01 -6.619981064927463188e-02 6.743580822945391962e-01 2.585967201452645248e-01 -3.382897477271817888e-01 -2.756901223616743390e-01
2.296149340194572966e-02 1.651298421005944206e-01 -5.834294509865153300e-01 -1.692875480338960070e-01 -2.707911280107493379e-01 2.957822492792312463e-01
4.289311031633056825e-01 -2.001209376183225586e-01 -2.204224914346625819e-01 -3.505329922594235814e-02 3.169516432604501666e-01 4.988510451582371386e-01
-4.091482811476922499e-01 2.024929490596660275e-01 8.178368574885178099e-02 5.422028180401485820e-01 3.873352558081271102e-01 -1.647206909059950319e-01
4.459547514401425716e-01 -7.285546506424178670e-02 3.155986324876443039e-01 -1.041821814602534313e-01 1.704641958123429279e-01 -4.832410871619541304e-01
-1.275145980049631200e-01 1.700102255870756807e-01 3.940819985283176563e-01 3.183329629958448481e-01 -1.969116558299942588e-01 -4.223665823921151641e-01
3.698561384121673568e-02 -5.024325472660202685e-01 -2.024963236322088189e-01 9.424066805524866641e-02 1.888577201643261150e-01 5.178089067549017654e-01
9.284151736380112652e-02 -9.233754328014667778e-02 5.007682042740830841e-01 -3.196933029219357902e-02 -2.877406585048325471e-01 -4.719804142640674494e-01
-2.866894543181306224e-02 2.752872989038294138e-01 -5.124957343616939331e-01 2.464612454233659211e-01 -3.867525476586312072e-01 1.846460156745137748e-01
-3.527843714003187081e-02 -4.030810547009924250e-01 -2.887861982838960673e-01 2.724105680703026167e-03 2.113814741774902028e-01 4.992440088423397704e-01
2.084254385070736515e-01 -8.998847243797697404e-02 4.896358378685599089e-01 4.072939231921809955e-01 -9.922164937608593527e-02 -4.903468529187207103e-01
2.204134422640353919e-01 -4.735827939024321864e-01 7.213616673880850205e-02 2.999214952249395494e-01 3.828980239559111043e-01 -4.378825369918187826e-01
-2.625762629749894828e-01 2.576142414441320860e-01 2.263942075342492699e-01 5.264765007217119264e-01 -1.884403928061439970e-02 -3.222099804932527234e-01
2.369296176360060624e-01 1.536158582523841909e-01 4.524773778709053063e-01 -2.188244505387637040e-01 -2.281859136806800026e-01 -3.515845826090813753e-01
4.333744000676103547e-01 2.658619245357998762e-01 -2.237329601287821879e-01 -5.017950990426240931e-01 9.317530209165819644e-02 8.551991109919443446e-02
1.111032242827547367e-01 -4.361608326455604923e-01 -2.649514313308656277e-01 3.391416412941342107e-02 6.753290710757864357e-03 6.282836599660156507e-01
2.088911656587874588e-01 -1.297435214674687587e-01 4.198063031007390755e-01 -6.851523675627874121e-02 1.724524110347774863e-02 -5.296356338164124322e-01
-1.044892049391300121e-01 6.742387611150565396e-01 8.724966847854644103e-02 -4.317752055903371633e-01 -2.687221899665881431e-01 1.481472752700948858e-01
4.520072566012203752e-01 -1.691653308466691541e-01 -2.355731910313101363e-01 -1.313379282297869044e-01 4.959329961580675183e-01 2.306377169813385586e-01
4.654705482692101381e-01 -7.582744173623341688e-02 1.986121840522022952e-01 -2.939574246004856284e-01 9.556355179523777499e-02 -4.289977914575247020e-01
-3.370446635083022557e-01 -3.345307567039302460e-02 -2.677412821228452033e-01 4.228585066373397594e-01 4.367835457300218716e-01 1.810623407419065245e-01
-1.910971466686374742e-01 1.672983683396816745e-01 4.032031061242733472e-01 3.147112190318201441e-01 -7.176712094464410274e-02 -4.256548968054674198e-01
-2.710957889370910756e-01 2.841215179379725231e-01 1.617231508133210316e-01 6.148076004987972354e-01 -4.464849164939671544e-02 -1.655160054347140919e-01
3.548577460756739410e-01 -4.354641280784329327e-01 -1.635163922016981963e-01 2.458379136259826181e-01 4.897982358642415379e-01 -5.268402615027049096e-01
1.604718842676738644e-01 -4.283387724370711358e-01 -2.478316888013318842e-01 4.560967291005053881e-02 2.322384395632794418e-01 4.940877268954677604e-01
1.691147313365747376e-02 2.623943726037641366e-01 4.855709095184135848e-01 2.215661415213437124e-01 -2.482755879863156045e-01 -3.494935538962695154e-01
-4.548570726693555999e-01 3.307216862958881065e-01 -4.718111160509539520e-02 5.145227800656345662e-01 4.786804212188491281e-01 1.488059131477837138e-01
4.783096431284641209e-02 3.482307341104112774e-01 -4.414586474482210532e-01 8.412860413403307203e-02 -4.650508843410540161e-01 1.392783760248623715e-01
1.802174768416056616e-02 -1.776257582174862182e-01 -4.949128464701635921e-01 2.139495405758781166e-01 2.119833610681770564e-02 4.653377872128871551e-01
-3.065469359875321320e-01 -1.664934475022751548e-01 2.802897376873399460e-01 1.813699120881928084e-01 1.944452596071135908e-01 -5.144809204739015929e-01
-3.882895059740716359e-01 -3.563922361783538606e-01 7.519060621559325863e-02 -3.472420606787957054e-02 5.461443915592878451e-01 3.209938085832801935e-01
2.918235444209897889e-01 -1.734712216509973204e-01 -4.117356184349363346e-01 -1.173469102620904314e-01 1.853260685056971613e-01 4.272185183274103126e-01
-3.006902951822691406e-01 5.773548629596446900e-04 -3.551059967969611431e-01 4.684825391143499496e-01 1.549084230783216443e-01 2.650190489507580627e-01
-1.072319434977803965e-01 2.683859616187999619e-01 3.803880057198174569e-01 3.890507030487557749e-01 -2.636878115487276131e-01 -3.056156638359920352e-01
4.347116487394323547e-01 4.917305807842614618e-01 9.568755980956071550e-03 -5.190426665897041048e-01 2.577300736272450932e-01 -1.791015083462804691e-01
5.109558950513667375e-01 -5.532035167719362434e-02 1.289166237940064241e-01 -1.961672030537733313e-01 5.196667208880908495e-01 -2.826253430927166965e-01
5.032876314696206332e-01 2.017863325654099468e-02 1.971493569176377969e-01 -2.173932004350989100e-01 -2.383534800413015728e-02 -4.947190611928484749e-01
3.405651623912833159e-01 5.212156731792173536e-01 -1.000469922469224282e-01 4.248099239143608985e-01 -4.728223576763044278e-01 -3.082840103909456619e-02
-3.308028235995083555e-01 -2.097860498387775219e-01 2.375332348093679991e-01 1.312060676791362845e-01 3.282156941513651449e-01 -4.675213076503217935e-01
2.272383018330971505e-01 7.008446532035693399e-02 -4.765534827084805802e-01 -1.633997035145059173e-01 -1.043500820119108857e-01 4.273129551433919038e-01
1.747423487667329189e-01 -1.379560596922927429e-01 -7.390989442443003377e-01 2.879111412647369361e-01 -2.990468751498140954e-01 2.413308459904591752e-01
4.980709213335207663e-01 -1.438072335805845314e-01 1.778810588014276273e-01 -1.775525519296344834e-02 7.125147685702930556e-01 1.526623307926491813e-01
1.470997677564537531e-01 3.235725607812330873e-01 -5.528488918597178614e-01 3.581529889151681689e-01 -4.018171917369419699e-01 1.023352385800780917e-01
1.013133712769057893e-01 6.134663795687057553e-01 -2.190773310292485829e-02 6.626386012964200489e-01 -2.114009017720556161e-01 4.523356802417966005e-02
2.435680839840347056e-01 6.831755286683881268e-02 -4.877086722157499832e-01 -1.604973873931168360e-01 1.045192852074109530e-02 4.251892762756445121e-01
1.543764078744046531e-01 -2.857574317408446141e-01 -3.962842300250576932e-01 -4.372624849294237670e-03 3.080877620279792728e-02 5.389080392957876775e-01
1.036188152317072536e-02 -5.383983871039493829e-01 1.943626450703713274e-02 -1.252753601385132032e-01 3.769672686640110904e-01 3.985249809243179842e-01
4.606803012745611658e-01 4.776107432568068439e-02 -1.978118867904359313e-01 -3.637266402349534911e-01 3.324834916766318260e-01 2.913571431458003014e-01
-2.093162253937879899e-02 -4.253762283350231432e-01 1.491536549342524498e-01 1.628284256770584082e-01 2.979642620760945548e-01 -5.164368945864694638e-01
5.388072703883147740e-01 -1.815618321358596077e-01 -7.224946055608887086e-02 -5.735453212571395287e-02 6.103815740172251481e-01 5.972306186382404791e-02
4.681178730876565663e-01 -2.567205894161872504e-02 -2.591577367397647769e-01 -3.076127460517570911e-01 3.477692632164904873e-01 2.495500236044088660e-01
-2.717688551237841255e-01 -1.329081778420370397e-01 2.863814799717386284e-01 1.923200237835541726e-01 1.809106303364807211e-01 -5.419537589912941655e-01
-2.841388002309027661e-01 -1.062649792639854505e-02 3.519793281882783731e-01 2.471864489616381055e-01 7.946953105550789986e-02 -4.903841237326700409e-01
-4.749678252018934010e-01 5.778662949453971381e-02 9.401496354141625211e-02 3.691766756978390740e-01 4.843665004821373077e-01 -2.307151940801790424e-01
-4.536165080866731425e-01 1.957398118482105709e-01 2.805098374210193701e-02 5.115612779332960880e-01 4.228404861499425182e-01 -1.017840080948027859e-01
-3.343981853585003550e-01 -3.535334216256380002e-01 3.195755394940334448e-01 -4.770973642630341738e-01 5.441351512561372061e-01 -9.735140566586969468e-02
-1.983587788731319690e-01 2.662156891766823130e-01 -5.859330549879924188e-01 1.144160920721822294e-01 -6.362622708703917773e-01 -2.897820601653954831e-01
-7.732184613486321745e-02 3.282150791623136832e-01 3.973247686105328413e-01 3.663627126043853544e-01 -3.076491242321811037e-01 -2.341977782378303341e-01
1.007701114831619504e-01 6.931898063201079319e-02 5.047243606885414291e-01 3.932355398284242270e-02 -3.948490789004949209e-01 -3.788888652656585698e-01
-3.005571592391605984e-01 -1.342277400069382676e-01 2.031208275045952583e-01 2.900473440447024487e-01 3.372596654069281996e-01 -4.517730167456937007e-01
3.516359609730307922e-01 5.259645858475421321e-01 -1.315660893365414863e-01 -5.840707336555619467e-01 1.754505973298101096e-01 -9.165461879705150139e-02
-3.744530082198885973e-02 3.420457714593540949e-02 -5.489888887270533147e-01 3.313590113913299495e-01 -2.245274878063388269e-01 3.437826934026608772e-01
4.560854493629025730e-01 -2.722849336818731758e-01 -3.192143208054985110e-02 -1.125855193229657325e-01 3.798546889567616103e-01 -5.332469171285526555e-01
5.775775458203928903e-01 -2.499950774256027575e-01 -9.301200512497354023e-02 2.527693470427097022e-01 6.732561129246352749e-01 1.121875892305361222e-01
1.828628621018921208e-01 6.191279192907612750e-01 -2.600054179603082383e-01 -5.770213924964318064e-01 -2.845341048042282495e-02 -3.167005760016654570e-01
3.324614734782420644e-01 -1.750422746750417979e-01 -3.810489908687818561e-01 -2.245081403438432543e-01 2.298136995444545749e-01 3.441244293678258348e-01
5.445570717078281886e-01 -8.935407503904721493e-02 -2.511802945499405082e-01 -1.374036510506601028e-01 -2.449700396086007537e-01 4.634617446457729439e-01
3.511822893696020520e-01 3.983500424086575120e-01 2.139031501369491328e-01 -3.670673938231756583e-01 -3.640918514564628339e-02 -3.293295869563335199e-01
7.462225558385321422e-02 3.184799657025345621e-01 -4.805200942419544652e-01 1.968156555193207452e-02 -4.327462168335171055e-01 1.772342240647573619e-01
7.732409577861690253e-02 -4.441311187863426491e-01 3.328113199347930706e-01 4.380031734872726901e-01 4.882499511896287170e-01 3.568143042012537625e-01
-4.797867437596347040e-01 4.975906678409267592e-01 -7.740192538397885902e-02 -4.243176586513507931e-01 -4.930722673133177691e-01 4.713774503804743499e-02
1.438226863523654198e-01 -4.679440379434877673e-01 -1.796750156831262990e-01 1.736212346353362967e-01 3.216636714820005349e-01 4.332129934474659994e-01
-1.518397505458404240e-01 -2.107566937968274878e-01 -3.588049662190136990e-01 2.984698050297996397e-01 1.665298454240024539e-01 4.504392314617844395e-01
-5.283673228372636199e-01 6.173139668144011355e-02 7.114468117854348683e-02 2.143936408946713890e-01 7.110762069920091299e-01 -9.212646776926754211e-02
2.660094869053765687e-01 1.351734303543237203e-01 -4.674986803921975520e-01 -2.663355122108920781e-01 -9.806504268318944062e-02 3.462633343338703540e-01
5.358660159345334240e-01 8.752803486326353466e-02 4.075042717230435430e-01 3.002598229455880618e-01 -9.413369245613147085e-02 -5.472149218897117695e-01
-3.328814329076130174e-01 1.912542148487728078e-01 2.194643544421088222e-01 5.147054856065811368e-01 7.722201380193954856e-02 -2.987953031505185542e-01
-4.105526212247458395e-01 -5.106114555946781458e-02 1.703627379301355382e-01 2.850534531262089444e-01 4.436929642880459990e-01 -3.505504603237080685e-01
2.288870796759418791e-01 2.947773082036663217e-01 4.527109129218737649e-01 -1.800474871261338039e-01 -3.275020687929647289e-01 -2.147775866337990336e-01
7.248902914210159087e-02 -1.576819568021281190e-02 -5.330868570548872309e-01 -2.210865339911421978e-01 -6.937826678761502275e-02 4.213445700297714369e-01
3.696184115218597577e-01 5.871743351151562651e-01 8.825524995852726540e-02 7.247181537861728806e-01 -3.235239244946738202e-01 -1.227728358202260783e-01
-6.672467891530924067e-02 6.001303938707537311e-01 -1.190629061621118617e-01 -2.588777522619021831e-01 -3.479470210500068550e-01 1.343663970382615314e-01
-1.133653652572774208e-02 2.300341557224730438e-01 4.593278664272745782e-01 4.406664247455202021e-01 -5.761305255702520167e-02 -3.850372243782569925e-01
2.487705372711598861e-01 3.448845672152172082e-01 -2.771277136191055979e-01 -5.698922443547573824e-01 -7.500527490185071589e-02 1.146423343266495531e-01
2.862898105617269207e-01 -5.191241204142020838e-01 -5.418991237395742733e-02 -2.296214480727284957e-01 6.859907667510245499e-02 -6.774210226511470090e-01
2.044447368732431880e-01 3.621531638373255424e-01 -4.929317940363282524e-01 2.898691013237063574e-01 -4.987691503469930954e-01 8.581363216551674000e-03
2.979263923089162450e-02 5.910641630657621493e-01 -1.117911689577710393e-01 -5.445839245456488564e-01 -2.135419442113722921e-01 3.887593135477336592e-02
4.009406061400375698e-01 5.239458401685447297e-01 9.279188750113702422e-02 -4.439599289592662812e-01 1.151007789637400469e-01 -2.521556472303774776e-01
1.113567142781071717e-01 -2.650175508785116429e-01 3.722200905157018180e-01 9.108551242074056087e-02 3.148618482031007026e-02 -5.825964432183455832e-01
-1.398189479482271347e-01 -2.258094939408112900e-01 2.814323555103809271e-01 1.745065677103588841e-01 1.792910381292126543e-01 -5.771088660524206215e-01
-3.339936359733424731e-01 1.607293717528063270e-01 2.104653244303689164e-01 5.093616735935613260e-01 9.700150363584758573e-02 -3.230987116989220143e-01
-3.791526174656221215e-01 -3.931468721604634564e-01 -4.067868432546691004e-02 -3.462933213429786328e-01 6.056789807356681710e-01 -7.627618767387631116e-02
5.486787981464308350e-01 8.658683142719798831e-02 8.388176440000658096e-02 -3.400271934301392074e-01 4.081441470553677786e-01 -2.429248348324919704e-01
-3.748892608914153879e-01 2.957498348046391223e-01 -1.633981975418700716e-01 6.165457844076810412e-01 3.010801658563637684e-01 -3.290628774031315040e-02
-4.205295802136255201e-01 -1.508525257469609526e-01 -5.482583835793535670e-02 2.489882580711507698e-01 4.812448550461256858e-01 3.353007634176929930e-01
3.772227340442493491e-04 4.957461831649140338e-01 2.055147256539476275e-01 6.776037827260781299e-01 -1.898498110619093460e-01 -6.154766245319409634e-02
-4.624197659676618222e-01 -6.738906943646386094e-02 1.512753014302841564e-02 3.378644969744646898e-01 5.309404160343764723e-01 5.445850144271728588e-02
-4.603130933152854154e-01 -2.439626790298408121e-01 1.043963939256900286e-01 5.058874614082436993e-02 5.139162957514509245e-01 -3.013113457402195605e-01
-1.614948217679189613e-01 3.595994481336587945e-01 -3.284590378400206734e-01 7.421494222500660820e-01 1.785153815434814550e-02 -7.032061319553434275e-02
-1.796160802622610159e-02 -1.291002926817871599e-01 -8.469104276483565563e-01 -1.923801232279001294e-01 -3.540536156653342759e-01 1.117209843309835415e-01
-1.372475341470753007e-01 4.710543777743402827e-01 1.950060535715330279e-01 5.830259404033724113e-01 -1.882342165905926401e-01 -2.073608695584874817e-02
3.304408279947846361e-01 3.694515421723814641e-01 -3.498347745364607797e-01 -4.253148880517808039e-01 -1.918372992618417316e-01 -1.250980637612636448e-02
-1.985897781504805670e-01 3.060732296288528123e-02 4.549668065307452269e-01 6.049314714953495375e-01 -6.744152123815229383e-02 -1.321788530107728676e-01
-3.493338058899634890e-01 -2.865941566059633794e-01 1.513428664479963826e-01 -1.454085174803304570e-02 5.791123080014832780e-01 -2.207673255567307868e-01
-3.279170201069734891e-01 4.104819995491978402e-01 3.938158960209976744e-02 6.337301677790947441e-01 1.634471792436262005e-01 -7.981775430302079366e-02
9.150316451856493893e-02 4.633609423150104045e-01 4.141689915978426506e-01 -2.398136217859560548e-01 -4.429093775619174500e-01 1.516746213286593314e-01
-4.389118310837619164e-01 3.002205567396284414e-01 -6.990869192922104756e-03 5.435467337297419377e-01 4.861503191226743681e-01 -2.131887968895992275e-02
-3.265937651344669179e-01 4.879342817320697634e-01 -5.343181332304414166e-02 5.215995132383359767e-01 1.110856192198891867e-01 3.187956011509270327e-01
1.800118079397581283e-01 2.788490964762930790e-01 -5.758217361128671330e-01 -1.127079924464883809e-01 -4.806022068888862186e-01 5.167795874385094912e-03
5.010043623549781389e-01 2.227518510802974361e-01 1.501072424780436065e-01 -3.707751784491029046e-01 1.334546954864528623e-01 -3.315839970502191258e-01
-3.105529254737550149e-01 2.466415237896217305e-01 1.950333738528399474e-01 5.584832322235834257e-01 -9.566832127588797974e-03 -2.282082060667689760e-01
2.266519236295511663e-01 -4.544191546890464783e-01 -2.437665369692734729e-01 -1.972875798753092047e-01 2.986587177621362610e-01 -7.469056980295636361e-01
-7.547214009862124318e-02 -3.761387575798942340e-01 2.401584006128743010e-01 -3.632996681552952412e-02 2.077900975271597117e-01 -5.707022424350181034e-01
4.505083025749196945e-01 2.525618801190053220e-01 -2.846034848656341376e-01 -4.143316876860849707e-01 2.020851299004944313e-01 2.149001576963829874e-01
-3.692088816679144347e-01 -1.013110417156223020e-01 1.612386398289301082e-01 3.347895260166775522e-01 2.876337309613667959e-01 -4.329904454444215012e-01
5.066074010798520266e-01 -3.270001615326775107e-02 -2.140869135837066284e-01 -3.324912812113535177e-01 3.262690784045804704e-01 1.946362085044388013e-01
7.144605413583952902e-02 -2.629001778038468351e-01 -4.355503505011051879e-01 1.119144170679522432e-01 -4.272424717917608361e-02 5.390700223493471999e-01
-1.903202984692845337e-02 6.151886849460580509e-01 -5.673271775787384202e-02 -5.142982632886459182e-01 -2.517447244958667119e-01 -1.127489797346810096e-01
-2.617126250690729461e-01 -3.382859106126168691e-01 1.229073705631763408e-01 3.841739756249651361e-02 4.039809670810473041e-01 -4.762268813320668093e-01
-4.177588440835220962e-01 3.688323203653062210e-01 -2.673569296270132956e-01 -4.019488259362036242e-01 -5.978357097579923840e-01 -1.181248561829878474e-02
-1.247125161494703482e-01 5.488137672600000849e-01 -1.806411304437227916e-01 6.527454677496842272e-01 -7.235318652250322113e-02 -8.209825246653232322e-02
-2.565421880879772965e-01 -3.131848562384541984e-02 3.351827008392128104e-01 3.135696308205609406e-01 2.497017283445089886e-01 -4.368277610600923011e-01
3.314970134148524372e-01 2.727196005052126004e-01 -4.323328102078919932e-01 -3.419369196464330796e-01 -8.160536859104922103e-02 2.164665070517219347e-01
-4.592264426358551588e-01 1.144140781372861987e-01 1.796691217119946726e-01 3.603178778252001391e-01 3.234853016738080123e-01 -3.538440742719181076e-01
5.472347764242393442e-01 -2.770749921915571790e-01 -1.254658763069210203e-01 1.056214098291253789e-01 5.475225051141653365e-01 2.281109921130429208e-01
3.188842836978489359e-01 -3.311579676196407807e-01 5.663380684545525623e-02 -5.792795571237341345e-02 3.110733965138491319e-01 -6.108625685408759498e-01
-6.334795983039159806e-02 -2.131661146978135191e-01 5.228208334934026924e-01 2.391720402579779470e-01 -4.948447678243519388e-01 -3.877497491191436163e-01
1.750735247363740810e-01 -3.258185346073372846e-01 -3.239714394574401135e-01 7.401387361413332144e-02 1.848070270755372557e-01 5.298719201063032402e-01
-1.839727186829945016e-01 1.274762702808748815e-01 3.890592687543016903e-01 3.102648033096870872e-01 -1.858575358041392178e-02 -4.679093170410458247e-01
3.604088110611173845e-01 -2.041420383329257682e-01 -2.387591818634239582e-01 -1.273596293507118227e-01 4.517713153012091754e-01 3.373134012913673319e-01
-2.140192836882995331e-01 -4.439933447037086589e-01 -3.126878441756136828e-02 -2.046441565223300896e-01 5.184043039754712145e-01 -3.027515146370131638e-01
-8.578712463394626286e-02 1.077147734605767848e-01 4.657647666161073841e-01 2.163022870107718654e-01 -3.106952739008392306e-01 -3.907835505494601791e-01
3.564448472584788585e-02 -1.788155214970566301e-02 -6.037930293604009124e-01 -8.412415403052526941e-02 -3.728935992427596102e-01 3.233649504840507838e-01
7.599371116890573097e-01 -6.695020913095650616e-02 2.270496161599912157e-03 5.047060586068852217e-03 4.619035731069034423e-01 -3.856143936684086615e-01
3.967392867602685946e-01 2.642708194331480076e-01 -2.510610370144965575e-01 -5.155415419202947769e-01 1.057600628871928072e-01 1.265869865221473378e-01
3.774468647746863081e-01 -2.753979508560794875e-01 5.608811616470255057e-02 -6.230950859912365303e-02 4.117491535854242435e-01 -5.222225174352438382e-01
4.586075096130771134e-01 4.409166816407630862e-02 2.482274063753859561e-01 -2.977407451717881126e-01 -2.415562741372249966e-02 -4.023720280927092219e-01
-6.893517160218108619e-02 2.276687280715209427e-01 4.417041594424622186e-01 3.450515084362015261e-01 -2.541789838068403418e-01 -3.305897038688977441e-01
7.913889445891685026e-02 4.924775650583568254e-01 3.670087006649093708e-01 -4.668569447432050490e-01 -3.183836289414603282e-01 1.563130252485364080e-01
-1.983246695978336804e-01 4.259351841816698681e-01 1.512830957375744800e-01 5.800520315994408538e-01 -1.070585466269794450e-01 -1.804508246744416788e-01
1.049092367813797208e-02 4.679284965363973980e-01 3.544821461820243935e-01 4.051832711610383608e-01 -3.893037606459454625e-01 2.376956994020223979e-02
1.218734989822290171e-01 4.873752632000334373e-01 2.590049166456925289e-01 5.272130714382279315e-01 -3.093561449265478380e-01 -1.892348565849111819e-01
3.434462070275797752e-01 3.648649991567844975e-01 -3.189720301841341699e-01 -5.044374843795136343e-01 1.220599108575861347e-01 1.523441428270403963e-01
-4.167510040108894642e-03 2.458797261610666252e-01 -5.537811483326264828e-01 4.716142548276259228e-01 -1.423736733992347347e-01 2.354532971582000700e-01
2.727933157324373137e-01 -3.198658410385391559e-01 1.490517316847908835e-01 -7.230249472974425995e-02 1.445920969316309423e-01 -6.665386713104550775e-01
-1.640279776574717074e-01 2.652721490319068787e-01 -4.519677133568384408e-01 5.833520069776056971e-01 -9.056319949833835370e-02 1.091065805679772294e-01
2.604997671948056648e-01 -3.436246059390454244e-01 1.458960012765664338e-01 4.319266209743544138e-03 9.962389647527047920e-03 -7.537415854588388475e-01
-4.023023856156179856e-01 -2.359639878672709079e-02 3.982448940083408440e-01 -2.714886028579197585e-01 -1.251543336006558094e-01 -5.879466391721825946e-01
7.475373539100554909e-02 4.163452595888381125e-01 -4.248100504462200555e-01 -2.875603257348721686e-01 -4.010754912024896979e-01 2.302009289633766276e-02
-4.640110629015718052e-02 -1.199109660433832353e-01 5.874220050323071263e-01 -3.226790355709279190e-01 -2.404064428564348654e-01 -3.660722769956056277e-01
5.110184118365069805e-01 -2.955606708323931797e-01 -1.437951259403189297e-01 4.115074373865663659e-01 6.978690333953649905e-01 -8.727089465875018104e-02
2.751637830554397590e-01 2.033704892538553410e-01 4.893070759850087215e-01 -1.168374822010104230e-02 -6.309212568357286388e-01 1.848250546227075963e-02
-5.081899670270090263e-01 8.953400765333315026e-02 3.213959486817699607e-02 3.874219951190951416e-01 4.935169539032187025e-01 -1.540779993598316577e-01
4.948822321702764926e-01 1.074436347984301654e-01 -2.052190453089320910e-01 -4.311388291692804797e-01 2.002929380628624689e-01 1.606552511903847069e-01
-2.688939966607757914e-01 -2.392930723658608372e-01 -2.629593482919260206e-01 3.996407713538890349e-01 1.684781312558249478e-01 3.589601878640785726e-01
-4.715230822416129897e-01 -4.534025010465512345e-02 -1.240053686827260193e-01 3.388041585725205529e-01 3.385374020521557670e-01 3.187222123071278279e-01
5.601366549946218409e-01 -8.431940367587366369e-02 2.557481625881167786e-01 -1.306360435541270570e-01 6.380386816339900236e-01 2.878709820027783861e-01
-2.510175828106411128e-02 -5.095970459603209671e-03 5.539838600950974801e-01 -3.869095828932546111e-01 -5.906550313081319892e-02 -3.767053402250983840e-01
2.952903515394198486e-01 -1.446088215165788615e-01 -3.930555700141720177e-01 -8.515320078343652233e-02 1.865752537547263612e-01 4.704140656897457529e-01
1.699402718712798854e-01 -2.027513130215671533e-01 -5.214658465644731455e-01 2.437493132502720206e-01 -2.252605624613326640e-01 4.755524878207941786e-01
2.059083547878239606e-01 2.273189848336237273e-01 4.618518745546481563e-01 -2.114746037561385517e-01 -2.516106686538282511e-01 -3.104290671547002001e-01
1.979608816420159734e-01 -3.915594526244733919e-01 2.527460437542927152e-01 1.287776965670665019e-01 -3.536765743345782198e-02 -6.791021691760572576e-01
-2.835379383035622758e-01 -4.349162750579199099e-01 3.287964240506087432e-02 -1.862236785786523519e-01 4.171518659636248016e-01 -4.814255373377469005e-01
5.921757126918141684e-02 2.962394219909559867e-01 4.851221683892770198e-01 1.618443989770036728e-01 -4.905244356639323344e-01 -1.235406007387744864e-01
6.744866186146122322e-01 -2.017783666628238937e-01 3.292179885169802672e-02 4.125167184785938357e-02 5.373149005426660629e-01 2.626055914118654022e-01
1.242677347515733638e-01 3.641696490771513806e-01 3.676362374502593067e-01 -2.855787761039930150e-01 -4.615613273310411047e-01 -1.991271705676966874e-02
-3.378371659832345442e-01 2.060041783951094274e-01 -3.502246189995992798e-01 5.883866607469078192e-01 2.828038344647926805e-01 1.884344467558435321e-02
-4.099338364172924187e-01 -1.426280450950585636e-02 1.321383044224109515e-01 4.575579489782863885e-01 2.102747535726476324e-01 -3.117545737381816062e-01
-4.977310195195122633e-01 1.639575388738321593e-01 -1.686622853941547040e-01 3.518612877249120974e-01 6.582164322698309533e-01 1.546011348783465911e-02
2.090596483844925357e-01 8.927465920025512425e-02 -4.999388613939548809e-01 -1.901064508845686229e-01 1.937914040784527447e-03 4.127706861288436557e-01
-2.694022534385923096e-01 7.275235288654158250e-02 -3.471373927110374402e-01 5.605375167497983480e-01 5.344123873996720064e-02 2.103812695147747047e-01
-4.219616361690743389e-01 2.255993979206577515e-01 1.292309259605506633e-01 5.036183510836870214e-01 3.726230249051689092e-01 -2.196039064537275987e-01
-1.717514480050812975e-01 -1.780606315254187610e-01 -3.995950472069814130e-01 4.323599719039937228e-01 -3.544478426662206472e-02 3.844394625220845518e-01
2.121546807818409930e-02 3.840684247960255426e-01 3.425772789739487401e-01 3.364963839340230356e-01 -3.846044670176769209e-01 -2.139655580906059118e-01
5.118132984229631366e-02 2.945656006586365727e-01 -6.169183417526602486e-01 -2.866187929070358464e-01 -3.462159686388240898e-01 7.249449357840587194e-02
4.982797424553848664e-01 -2.194840033918109834e-01 -7.789847052127675531e-02 9.654924246202151172e-02 6.899650495835711883e-01 2.940961592733531971e-02
1.823271701904139175e-01 3.568013824058231531e-01 3.130666095018942996e-01 -4.842842413140041602e-01 -2.092299511473808549e-01 -1.719465403075403076e-01
-4.776188404039050650e-01 -1.080935111076302552e-01 -2.564628896977709516e-02 2.501008861641327852e-01 5.704993778947015093e-01 7.403164519425568801e-02
2.538441860492411939e-01 8.856406137463802841e-02 -4.872443078236251002e-01 -2.217834027055241575e-01 -3.220424418162427804e-02 3.840727488144262680e-01
1.960895859291072185e-01 5.232519042427542511e-01 1.928465541525679339e-01 3.603600089413172558e-01 -4.603038306417496228e-01 1.177909447739666216e-01
-3.968904467244095957e-01 6.026712216872972400e-02 -1.882170601156793743e-01 5.318436674130704311e-01 2.974581780515423990e-01 9.672740508143043425e-02
-7.692709859082338952e-02 2.244303468889073117e-01 5.878638004562762864e-01 -1.587072300978164402e-02 -6.945026452363097791e-01 1.982046224754383523e-01
2.571258956696983455e-01 -2.329672935297672498e-01 1.974079568406466312e-01 7.413979686091376475e-02 4.036691377607298792e-02 -7.469460545127386553e-01
-4.316574912367859146e-02 4.946424574662138252e-01 3.282646562852275518e-01 -3.765310900390322901e-01 -4.053267063844306906e-01 4.733218469398947637e-02
-2.137421254612321131e-01 3.770528100402585348e-01 -2.736618300370281531e-01 7.071487658955690758e-01 1.381216187986489263e-02 -1.321832177308087108e-01
-1.408250614182590121e-01 1.022069526378456966e-01 -4.283789099435163505e-01 3.642068751194172949e-01 2.115715059853220947e-02 4.309078132556685148e-01
-3.438933311975785889e-01 4.239711715028944283e-01 8.734717467610164654e-02 6.067737632702445705e-01 1.927397663724230159e-01 -1.194476820720651866e-01
-3.315133112186859354e-01 2.575798851356981278e-01 -3.333358919784164542e-01 5.947983757345169931e-01 1.306246325521260854e-01 2.138797591794155961e-02
1.768285180871077555e-01 2.372322077383076655e-01 4.674705941170254064e-01 -2.079584475123062437e-01 -2.776359637793323065e-01 -2.985906025656400731e-01
7.060716897048707752e-01 4.340993515420344014e-03 -2.017755927881292322e-01 -6.454459748088514637e-02 6.379334064063888476e-01 -2.704137181343322927e-01
1.569745979554067750e-01 4.648677629925435650e-01 -2.322703588296274602e-01 -5.266592817816311278e-01 -1.984893647777825065e-01 7.203547337210405854e-02
5.004097213956194556e-01 1.774402662513638318e-01 1.407307732333989425e-01 -3.708068679901295184e-01 1.594038326154931517e-01 -3.498365936396554132e-01
5.372522218065446387e-01 4.404667302869324508e-01 1.224835347435535189e-02 -4.468549332224928117e-01 6.132033141763475470e-01 -2.892421028926102367e-02
-1.322215394730330562e-01 -3.162971409374236154e-01 -1.678050356217487271e-01 1.212255469593645496e-01 3.979206678343255033e-01 4.846192864357677932e-01
-2.958048715972971809e-01 6.376245073961525622e-02 3.322042807305251588e-01 3.746859352651092934e-01 1.313554076766674239e-01 -4.066280886777899339e-01
5.331984734946993987e-01 1.558193385168844536e-01 -1.541184310717677863e-01 -3.882938804129759669e-01 4.339054565810057107e-01 1.170271988574626276e-01
-5.299937390176231444e-01 1.624350465950115951e-01 -1.097694603956755749e-01 3.130321103906325009e-01 7.003060100287321621e-01 -1.082714869745700359e-01
4.386409220510395501e-01 -2.242302976956978000e-01 1.495550352255419213e-01 -1.334186229465419427e-01 5.760793384944559170e-01 -3.003439430287890843e-02
5.725767621384660055e-02 5.049346196745881921e-01 2.090930736571704751e-01 4.650521483053438043e-01 -3.998008611384156197e-01 8.597776880160100388e-02
-2.910041588605360996e-02 -3.586103890186555510e-01 2.398228631369785091e-01 8.630118775255818386e-02 1.932255222629654656e-01 -5.861066719310075168e-01
3.371513601226474588e-01 1.756917680990243980e-01 -4.211920777732526266e-01 -2.922945317410062804e-01 -4.652607720679463599e-03 3.346344733124915205e-01
2.021748165674879527e-01 7.126838344129651781e-03 4.665194972049886424e-01 3.976276611401802219e-02 -3.465681126996478789e-01 -4.546331543537197595e-01
-5.388341168642373225e-01 -4.837917489679369187e-02 1.585705463926324332e-01 2.066698189220732562e-01 3.673176013687520225e-01 -3.624093686996417985e-01
1.048747055048769722e-01 -9.129463982558903845e-02 5.246268943242431426e-01 4.492861165727602413e-01 -1.488727677312929321e-01 -4.124246192613781892e-01
3.670507773178174893e-01 -4.268537837747840569e-01 -9.443184427970104100e-02 4.744891097413146408e-01 5.442902969622749332e-01 1.184910975923072624e-01
4.914051230855549512e-01 -4.134298157409196234e-02 -3.544391350393057971e-01 -1.638204467902630856e-01 3.522592957185657347e-01 2.903528468362005510e-01
5.167248804844866150e-01 -2.708506425238586535e-01 -1.091242219986836848e-01 8.780660910787108087e-02 5.867649318646996903e-01 1.746444215218423135e-01
1.370640772882997793e-01 4.541837815169552650e-01 -3.047729815663008934e-01 6.069050480742197440e-01 -2.787053719999653678e-01 1.872869241648975613e-01
-2.955903277866837597e-01 2.135324109925187119e-01 2.730855850764425941e-01 4.707238358170690584e-01 3.527156968951056237e-02 -3.441547855395958311e-01
-3.290509724753583609e-01 -1.491405730679732367e-01 2.867682554472674172e-01 2.373691839874370602e-01 2.531334589787792022e-01 -4.324979049506137430e-01
-2.965736601850327836e-01 2.784100310205188111e-01 -3.044356861583478735e-01 6.259957193565715006e-01 1.057310193372854867e-01 4.059720916660686241e-02
-3.058177288779897474e-01 2.514194547679740044e-01 2.113577778314909006e-01 5.241306085617769561e-01 7.407011756044945550e-02 -3.175401043471192120e-01
-7.088374583751241853e-02 4.265433734523621512e-01 2.318058754101083307e-01 4.351345833150891407e-01 -3.277038478168765590e-01 -1.865917581506486567e-01
1.480409736303998358e-01 1.900603260941094719e-01 4.791943211775219758e-01 -1.120400453940750551e-01 -3.275325312496656371e-01 -3.359470761087998691e-01
-2.096252692099769555e-01 5.366524244258778775e-02 3.759397660485469528e-01 2.950353894956004863e-01 1.614723069432329877e-02 -4.865624184990110512e-01
3.387801261739284975e-01 -1.915944639232340374e-01 1.852225120095642719e-01 3.495600765163803247e-02 1.270115655556976475e-01 -7.126533719431250580e-01
4.941516617439075110e-01 -1.077058595282718023e-01 1.669471296224930568e-01 1.690117920464467849e-02 7.635848371808198198e-01 5.255963579459931034e-02
-1.434484968857984433e-01 5.237589239104567529e-01 -1.943995691119288216e-01 7.542703532231187502e-01 8.668546075288502406e-02 -1.390131631753590280e-01
-3.911007609849292410e-01 -3.880860422826268308e-01 6.229369149401985800e-02 -2.986703793835951970e-01 5.558520484141034057e-01 -2.546250764715948245e-01
-4.202335169042847873e-01 -1.558192074647159198e-02 -2.197761679264039480e-01 2.694653335880264899e-01 -6.855050836655220137e-02 5.023802031976887239e-01
-1.256000362433018491e-01 2.019825282735311089e-01 -4.573301427880778758e-01 4.662517764359829231e-01 -7.750064043826190852e-02 2.987125744145021078e-01
4.395323644591749707e-02 -7.960122907639707868e-02 5.166871265807720937e-01 4.732056607381630586e-01 -1.361855582714096569e-01 -3.847231961517670884e-01
4.019521172305507394e-03 1.725507842601620989e-01 -5.692232962096908100e-01 4.334091462845796605e-01 -1.335001071661228444e-01 2.804574683737597329e-01
5.059210535445586299e-01 -7.729386951130570726e-02 1.559350439853657011e-01 -1.707504003932279746e-01 6.476735334436583003e-01 2.733485705526542131e-02
-1.449825964843916293e-01 2.408310825649360165e-01 -4.669325055229606170e-01 -6.719145232679382684e-02 -3.206141440399008502e-01 3.569168711311067055e-01
-5.813375193146412823e-01 -1.882825117167272189e-01 9.556378838229602837e-03 7.016850288550258163e-03 5.785816183116014866e-01 -2.468779048383599461e-01
-4.317059009054442509e-01 -3.118292532777992565e-01 1.468415243116828577e-02 -1.604162606909688704e-01 6.422118062253192594e-01 -1.126248727574147707e-01
-1.371721270742991827e-01 3.923906162707495593e-01 2.905041068792522663e-01 5.026091263479662841e-01 -8.837624709902930364e-02 -3.091150813185731816e-01
-1.036899944012831393e-01 -1.766253679501863516e-01 4.577293184809931303e-01 -4.235320051649198447e-01 -4.100254055283414356e-04 -4.732106587476908044e-01
3.592039662353236351e-01 2.885627831497331042e-01 3.912371212128646913e-01 -3.062115862233326102e-01 -3.018792020386069086e-01 -6.549081166730552628e-02
-1.334407338267730170e-01 3.041704899080520663e-01 -4.292050470836680232e-01 5.298503413114538096e-01 -2.071773572359202342e-01 1.172090164827815917e-01
-1.250243593511305741e-02 -6.456511770188745614e-02 -6.152026694527413797e-01 -2.225611671274667358e-01 -1.938206680722632247e-01 3.539043071748699809e-01
-1.262041737453197809e-01 -4.345466734137651832e-01 1.138924024681385247e-02 -5.184611983155094916e-02 5.356496793399657674e-01 2.420186332597492607e-01
-4.380280828245715352e-03 -4.220987843611182649e-02 5.332971783511487596e-01 -4.940096743723625949e-01 1.142915031577724366e-02 -3.369820363679977282e-01
5.260466400026518607e-02 -3.906816732063103093e-01 2.232428308124224103e-01 -2.385742206284555134e-01 4.617682820554679379e-01 -2.109736254862379368e-01
6.611976526266718501e-01 9.136396401027366276e-02 -2.283279847750225439e-02 -2.578405203104944254e-01 3.099614587433547896e-01 -3.508327557652063944e-01
4.734666332223849139e-01 8.013779613587816708e-02 -2.414747301588407724e-01 -3.950606410201245033e-01 2.220287137446558257e-01 2.334224601855704184e-01
-5.329669233227999348e-01 -2.271816439945578692e-01 -2.558251841938924062e-02 5.817770889315898586e-03 5.877377387528016639e-01 1.879999080707586145e-01
1.952643891043900626e-01 3.472631913735886311e-01 4.627825683782114119e-01 -3.330079121784123020e-01 -3.604490668694687594e-01 -6.335471383514479360e-03
-1.061291752504705567e-02 -2.878858086523677362e-01 2.703088485014711329e-01 -1.299436373338601070e-01 4.846147385486667125e-01 -3.533922689289957231e-01
-5.408039476633390574e-01 4.781594634716218942e-03 -7.774900276845153960e-03 2.527400616429461566e-01 6.111356404341217186e-01 -5.898697343151042966e-02
2.688531663838785724e-01 -2.439010666802252369e-01 3.489505677082211377e-01 1.183624396097422427e-01 -1.394962471284465211e-01 -6.341324271652293287e-01
4.135430026085201716e-01 1.164497917553262846e-01 3.161501555986565570e-01 -2.973395498861637343e-01 -8.678938108303975441e-02 -3.571550019507414575e-01
3.479503399748997139e-01 -4.664980241077865131e-01 -1.126540793412858787e-01 6.024239871644376798e-01 4.952070186078822989e-01 -1.083770687934663968e-02
-2.366312682309544835e-01 2.622431954126461795e-01 -3.283277354912247925e-01 6.614378664742963654e-01 7.641027281966680795e-02 7.034249686919830102e-02
1.561439316734996863e-01 5.076482254006516870e-01 1.898666854337884569e-01 -6.588737470602575863e-01 -3.011291278320094023e-02 -2.590898884541573133e-02
-3.616632880064384881e-01 -1.483370554731024693e-01 2.059068139490254079e-01 -6.604719417777987767e-02 7.888103338399942155e-01 2.052640567152499984e-02
-2.795364502283348984e-01 3.885691064861458988e-01 1.083684598601446919e-01 6.211704601878995646e-01 -1.928788099092343389e-02 -4.123013403221488515e-02
8.079048092185031615e-02 1.444397355746313283e-01 -6.028608363565877148e-01 -2.027626614287543760e-01 -1.961363309010256961e-01 2.935796571548704437e-01
-1.841697543616079846e-01 -4.463499350959066470e-01 2.530400637174059011e-02 2.432993461323551543e-01 2.325445001049686877e-01 6.222734477807346787e-01
-4.711876797956119911e-01 -2.533247365976569743e-01 6.687611499658084602e-02 -4.403484029098542196e-02 6.473240025816873189e-01 1.467028042539480215e-01
3.675735532635941993e-01 -4.569430080896781654e-02 3.568209917031489042e-01 -1.526433047176242175e-01 1.651595888554018288e-01 -4.707749591602869432e-01
-1.741692713247972313e-01 3.898530975423359357e-01 1.837475103362736228e-01 5.513759900101610212e-01 -1.897748487903282988e-01 -1.872181451961023035e-01
1.136186085896429554e-01 1.030103118051314270e-01 5.104536978334719421e-01 -1.236150722661920331e-01 -3.203274179830332136e-01 -3.639062664863697005e-01
-5.813792778995577337e-02 1.042754127423691779e-01 -7.125211479854429708e-01 2.833417750297442250e-01 -2.602729460803815398e-01 1.537906357516872768e-01
-5.160592444169225246e-01 2.621090625398778129e-01 9.137082315976516322e-02 3.556326548017569866e-01 6.820950518656576644e-01 -1.611465061595855064e-01
-2.932478778920884488e-01 -1.073019303694484894e-01 2.473178843570756347e-01 2.913700807200870213e-01 2.681693897689385597e-01 -4.718782851416709057e-01
-8.794958100382621602e-02 -4.052565932057551334e-01 -1.437663687377052080e-01 -3.025031634692487703e-02 4.253781600690660358e-01 4.100537297691383420e-01
-1.832496435862021877e-01 -2.579451900505796424e-01 -3.170660076191476051e-01 6.086597028415147159e-02 3.947294389829048011e-02 6.059453794520370806e-01
-4.150640683994822333e-01 3.907082688260213321e-01 -2.272858251390814377e-01 -2.956238906219977869e-01 -5.389299739477952933e-01 1.212924035340433304e-01
-2.972517141423184905e-01 -3.711460748792304587e-01 7.423775375387320352e-02 -6.478149270959879247e-02 4.483785857350518489e-01 -4.495340732777720616e-01
3.389870048828070442e-02 -3.248952482157048682e-01 3.945768119782862571e-01 1.512509981500522183e-01 -6.646180731264472730e-02 -5.642978382531751436e-01
2.830983423378143904e-01 -3.119145503555043053e-01 2.131417663567974907e-01 1.507079751880168461e-01 -1.908116701790513736e-01 -7.706299973663282010e-01
2.212002373157071489e-01 -1.825559784246225670e-01 -4.793533475015283596e-01 1.775850508257419136e-01 -1.944974821513418273e-01 5.196236872676350815e-01
3.179619788062282293e-01 4.159489401675277032e-01 1.305351740922426895e-01 -4.682936853538103295e-01 -9.451710773019372791e-02 -2.176407074962697918e-01
1.893594568619101359e-01 5.086954725999657256e-01 -2.500010232963677526e-01 -5.303339795343212648e-01 -1.726826723039627254e-01 -1.167149352921623695e-01
1.649964333250530241e-02 -5.890921403671316448e-01 -7.517154530279249181e-02 2.344867966175112062e-01 2.840214319939057264e-01 -5.112383873828192371e-01
1.028903416685690297e-01 -1.029886528548784180e-01 -4.920727507989843819e-01 -2.293247723606189892e-01 1.384846514184047694e-01 4.196968260864895051e-01
-5.684551126136097032e-01 1.419398144423310026e-01 -5.405614365351180117e-02 3.712086552137543460e-01 4.175957767815168808e-01 -2.566537592844446158e-01
1.462922825688573458e-01 3.761702227806242860e-01 -5.122154465764598985e-01 3.891645009342862283e-01 -3.975327401700179397e-01 7.293138172191915292e-02
4.769798808207789675e-01 -2.871568417052107469e-02 2.653145583743820035e-01 -2.214822231289529930e-01 2.346848189691699282e-01 -4.000957393306291410e-01
-3.642875840175037183e-01 -2.369262363665767257e-01 -1.524424238976321566e-01 1.888315726980190901e-01 5.385739683587619231e-01 1.519563785725264460e-01
-1.503224790530806598e-01 -7.137109779714723157e-02 -4.639367789006188514e-01 3.539897198529243227e-01 -4.016659080608833698e-02 3.990206272197731052e-01
3.404280306933233358e-01 8.700312668166225449e-02 4.151662596037433151e-01 -1.909883369268486342e-01 -1.457572623272709311e-01 -3.993392624977292193e-01
1.735836570300870740e-01 -4.052444848013873058e-01 1.359337346412681224e-01 1.075061638622794580e-01 -1.592824373376691971e-01 -8.310907925058533818e-01
-8.051575779835440372e-02 -3.585429078358061128e-01 2.296950742022792480e-01 -1.341683506887113297e-02 2.433915742160954743e-01 -5.660263681916353207e-01
4.555887574771718129e-01 1.128624153263359658e-01 -3.281042444145429449e-01 -3.504785993152132462e-01 2.161995159408134914e-01 2.546279925093561380e-01
-1.032999608123064302e-02 1.201845174402945277e-01 -7.051963052279522914e-01 2.801468191347206704e-01 -2.374790021730002199e-01 1.823283572799851981e-01
-4.145215077124623781e-01 3.121186611019423074e-01 -1.135564695821347919e-01 5.728422522381302340e-01 4.167544056428046928e-01 5.456834298598847721e-03
2.180256512665954827e-01 -6.109865965939156318e-01 -1.599223594053065800e-01 3.598491107354692131e-01 3.564580212583420282e-01 -3.695339471884722116e-01
3.662445690557911138e-01 2.194298579454954379e-01 2.979090035395568492e-01 -4.180939858736182901e-01 -1.038393958470634759e-03 -2.819244045645771246e-01
5.416793586170111086e-01 3.124538840395579276e-01 -1.290058278818573823e-01 -4.531837290513499594e-01 4.048483831645503517e-01 -8.764529927768367756e-02
3.084957739364033169e-01 5.143499479766121540e-01 1.881586572274597247e-01 5.676835352868883078e-01 -4.311670332874223410e-01 -8.867591042844402693e-03
-6.277437445621573964e-02 -4.246070655093859281e-01 -1.375021580083682360e-01 1.716763987901798183e-01 1.871745850726604377e-01 6.179818239100269839e-01
1.520638307353971153e-01 1.368190845902397534e-01 -5.633582100399818771e-01 -2.967480281106030793e-01 -2.602620822441525927e-01 2.372006337089554995e-01
-8.436971675288172656e-02 -3.349487564069991152e-01 3.298096855938455474e-01 8.726338750214567008e-02 -6.475376908800412057e-02 -6.175744742650106645e-01
2.765014469326256830e-01 3.156605665576742714e-01 3.958684666929702112e-01 -2.291297142160867439e-01 -3.712228621054701749e-01 -1.261739494988251553e-01
4.367593653292806133e-01 -1.908717850522446968e-01 1.371841867530085302e-01 -2.188489998585491092e-02 3.206888477640875701e-01 -5.894182883639520476e-01
2.081133601476681250e-02 -3.059963552157233049e-02 5.382505554356923350e-01 1.392680352575230152e-01 -5.088065499348571885e-01 -3.319713458123954020e-01
1.662151503360372873e-01 -1.503113046704803446e-01 -5.673432093655169650e-01 -1.385967434284999800e-01 -3.272543198939083520e-01 3.684884415115615708e-01
1.628535242080556000e-01 4.351471625236492113e-01 -2.724796761466897754e-01 -5.683898730665113419e-01 -1.328703002313557646e-01 1.051964495850231107e-01
6.046795033318718565e-02 -5.329042727003802105e-01 -1.143789937654541428e-01 2.523616897511397617e-01 2.810948420710402962e-01 4.338748105291798662e-01
2.542300437668565394e-01 4.965313178445068809e-01 -1.897987744570889534e-01 -4.226772433879993907e-01 -1.251819948668051463e-01 2.042432047712412768e-01
1.303311300110198689e-01 4.026070318159253314e-01 -4.333021779737230572e-01 -3.245447693964157443e-01 -2.819786116849138380e-01 1.362857545273249427e-01
4.243860341051647334e-01 -1.657894381188372013e-01 2.248676936444052032e-01 6.774070238194573879e-02 2.678965954783889547e-01 -6.026107239730821297e-01
5.796476223226968427e-01 1.412298826220052261e-01 2.086672072397538144e-02 -3.322677683539845273e-01 5.515517723955484231e-01 2.766870717381777339e-02
-1.015995367475429068e-01 2.759945346295551438e-01 3.769897693495904978e-01 4.413085287231593434e-01 -2.518217020760930014e-01 -2.762030449990877656e-01
-4.131580068279102069e-01 1.283322473423819665e-01 -1.155718451013902220e-01 5.046628506230812494e-01 4.246385607603010426e-01 1.486391354739992621e-01
5.396069688709554946e-01 1.662336740910799193e-01 1.347766825637844272e-02 -4.108641031956790091e-01 1.798798772289514347e-01 -2.970356523989882702e-01
2.998217733971175192e-01 2.703830402758091167e-01 3.751961953039264497e-01 -2.751964224139791804e-01 -1.134955419965111845e-01 -3.472934645243264118e-01
5.470309685042585857e-01 -3.453309206851457036e-01 3.194172186164256910e-02 3.893894911687303395e-01 6.421502327010384370e-01 3.743137855069780806e-02
1.860954330729807926e-01 4.242235805277442262e-01 3.803485702964660153e-01 -4.571597200664702099e-01 -2.602769481352956715e-01 3.730071034167747879e-02
-1.708038420339970942e-01 2.961976933740491091e-01 3.248568001419160911e-01 4.626307618024431134e-01 -1.450712841786433449e-02 -3.838202182365744175e-01
2.617422846105103562e-01 -1.974293563365091542e-01 -3.331106040206098795e-01 -5.033024411630532269e-02 2.501771244949322903e-01 5.048984503050240047e-01
2.151699265316028009e-01 3.882895436451401783e-01 3.228052086220316030e-01 -5.292302124370765748e-01 -1.513048458532090801e-01 -7.052204434337694394e-02
7.296979001942363596e-02 -5.084415243830499032e-01 7.027738927591782592e-02 4.847316772351577541e-01 3.838122778801651425e-01 2.555752591594446232e-01
1.106789076051847842e-01 3.235712518978061114e-01 -4.443355737447527987e-01 -2.797744647511257732e-01 -2.376216175672086761e-01 2.854648971219130860e-01
-9.048470013866109080e-03 4.365306483338390331e-01 3.459967436852155465e-01 4.937902307389588907e-01 -3.475908538963359273e-01 -1.774315069743909179e-02
3.281375123041601061e-01 -2.382053756268174005e-01 3.447454261981104384e-01 8.921520697241414055e-02 -1.696221317445533727e-01 -6.238682587524738699e-01
-1.399298945768795988e-01 -2.619865558522788129e-01 -2.465784399026778595e-01 1.384945617886188529e-01 2.866359908062238171e-01 5.417699116498040368e-01
-1.640789012012936476e-01 -2.790307428258751998e-01 -3.262401989115205625e-01 3.080270988488450490e-01 1.763544158164729314e-01 4.285712225739666259e-01
1.731100407173527533e-01 -4.024873934622376082e-01 -3.268388946505104697e-01 2.103494902962570190e-01 1.161953433497662225e-01 5.273165021762435956e-01
2.802978613291424170e-01 1.041682708767600329e-01 -4.686524295304048127e-01 -2.309191001557854839e-01 -2.389500792020493591e-02 3.812046260465248859e-01
-6.581356981004422846e-02 4.377265861453245172e-02 -6.404665881692044316e-01 3.461849967620734825e-01 -2.780931665277066034e-01 2.119767071578372297e-01
5.276686382757059812e-01 1.628143534968908290e-01 1.032715020034936093e-01 -3.480911717426743435e-01 2.080459146638134194e-01 -3.773519067387080539e-01
-2.992113583469451221e-01 2.014283807950839889e-01 -3.655977023450578955e-01 5.550261459433170064e-01 2.460926101909833574e-01 1.523631001066479418e-01
2.628885110208512357e-02 4.525578784951880262e-01 3.376787282897144027e-01 -1.663959837207756309e-01 -4.672544416864757855e-01 -4.107535435601439300e-03
1.439413581030607459e-01 -5.043363782399395978e-01 -1.341504432048114814e-01 1.554726184957519186e-01 2.116658749987008203e-01 5.638522812819527497e-01
-5.701830674016292871e-02 4.492974170758085584e-01 2.051792341968452227e-01 5.213265959160739982e-01 -2.571993882710811863e-01 -2.027171222543820150e-01
-4.231127461149724045e-01 2.179942912943837185e-01 6.503400463848411917e-02 5.580079076184102371e-01 3.625255773989498609e-01 -6.346879748948495992e-02
-2.917348752971169468e-01 6.041960083709581042e-01 -2.437296793846616128e-02 7.014254000374120501e-01 4.897080224731240605e-01 -4.728952488972147650e-02
1.224714687550432363e-01 1.931516294888966090e-01 4.941188578666456666e-01 2.667449960241208284e-03 -4.660212986403288182e-01 -2.482678660866843856e-01
1.807716415714613056e-01 5.529878964408039277e-01 -8.702650499285179142e-02 -4.282292599284196477e-01 -2.063282551830328826e-01 1.422263768985189691e-01
9.036696974366578705e-02 3.751767334253526820e-01 3.813965631498381081e-01 -2.398908731652792115e-01 -3.197609761906824999e-01 -2.573454324561733064e-01
-4.117258461137419667e-01 4.298888900750798547e-01 3.073891332486943309e-02 5.663260951896614825e-01 4.341423633879160637e-01 -1.775788921489327710e-01
1.443315720409122926e-01 -3.475379225039565423e-01 -3.819503474298029944e-01 5.119736799543100902e-02 -4.055622053498342261e-02 5.651970828539132352e-01
6.805397074868095864e-01 5.245406326614937553e-02 -7.433011955656435021e-02 -1.847237812086535147e-01 5.365931870470046494e-01 -2.044393196742418650e-01
-1.156322217726206691e-01 -2.186403242400322966e-01 -4.024014315515706541e-01 2.161555473812204475e-01 1.086850025818030530e-01 4.823442983962466513e-01
-1.920624832520636260e-01 5.043092206012198542e-01 -2.474865738227073897e-01 -3.061099069564709452e-01 -4.828231015511533775e-01 -1.354019463823200042e-01
8.791847580502600012e-02 9.019789831243150979e-02 5.149557888399710626e-01 -3.014914913471285207e-02 -3.720445106832506177e-01 -3.639025565530494832e-01
5.360276871351086214e-01 -1.397604379036276314e-03 -2.471339190231031380e-01 -2.367455092669423777e-01 6.208119620069856293e-01 -1.219267210659734924e-01
7.969098665531834658e-02 -4.432931549330341170e-01 -2.262228000453206100e-01 2.554243848302894387e-02 2.333050672321121954e-01 5.081359545792815124e-01
-1.613710451915791322e-01 5.413505669124624164e-01 -1.914855273329637286e-01 -2.717690504937033680e-01 -2.749337458608824836e-01 3.755172955396037793e-01
3.921113551533413899e-01 -1.115585334703219356e-01 -4.121789279565164499e-01 1.271529491211784157e-01 -7.908392504590291971e-02 5.515339145855844283e-01
-3.967916947468180244e-01 -1.220150659898494930e-02 -2.160560276895469589e-01 4.316596829517831968e-01 2.346636093578759741e-01 2.866625111698182793e-01
-1.116005885186834579e-01 -2.852983780701508487e-01 3.568292221440753642e-01 1.409921932987546478e-01 -4.337454329015250076e-02 -5.800110762734660419e-01
-5.951960222573802334e-02 6.122136533950907067e-01 8.283943504437335514e-02 5.812531120647858041e-01 -1.002553913129761165e-01 -2.031643917718587988e-01
-5.213836158000915155e-01 -4.684262870339991197e-02 -1.791072385487578467e-01 3.255464327246890832e-01 4.551082055845066532e-01 -3.544778542843690650e-01
5.120263393403742258e-01 -1.681157832521244233e-01 -2.192216815806494745e-01 -1.833706566789823356e-01 4.167839276642613111e-01 1.982892118067967058e-01
-4.297981207780370294e-01 -3.409327875103277533e-02 -1.543009898713139094e-01 4.044916824366706631e-01 2.638825337683590178e-01 3.095642269809228408e-01
7.059303534840250492e-03 -6.088089012326154403e-01 7.327446744082526109e-02 -1.731716168363993391e-01 2.836814286232324234e-01 -3.402201836200268725e-01
-1.248125393854877113e-01 -5.718356180100770958e-01 -1.870953448000220731e-01 -1.663704681983201039e-01 3.280050854200751154e-01 -6.213298977816065216e-01
1.824582328434704026e-02 -2.846497158298937902e-01 -4.246291325210386214e-01 1.208248300677335213e-01 3.435329231622841206e-02 5.175569574638746451e-01
-4.585622698916339002e-01 2.656433934883662418e-01 -1.337560422843873109e-01 4.873530581224513880e-01 5.834335351244527290e-01 -6.853627452244635820e-02
5.889077469057508313e-02 -2.113781340456872548e-01 -4.650639710034465968e-01 1.972083608942629129e-01 3.176682082519782790e-02 4.950135135089341332e-01
1.446659561542623373e-01 -4.606975079106106485e-01 -3.962768668221467450e-01 7.791935338372465991e-02 -3.372219813416894585e-01 5.938234742327987981e-01
-1.462736294853151653e-01 5.894114237699575876e-01 8.249588274470613658e-02 5.178376912241996477e-01 -1.555204900961713044e-01 1.459986181913806580e-01
1.810011343048502364e-02 -5.031854447139636477e-01 1.790130268765830479e-01 -5.505382863730154952e-01 2.074325561989903699e-01 -2.353206877151590160e-01
2.593401638168253004e-02 3.879759195625722690e-01 4.128872267053099732e-01 -2.187420358602375214e-01 -4.417103100938570837e-01 -8.886409594148492186e-02
1.080469160663307532e-01 2.449445108331623211e-01 -6.779723375810625674e-01 -1.879336758882508840e-01 -4.039253244725267700e-01 2.300086163313230792e-02
5.605835433727700545e-01 -1.687092585828099123e-01 1.384814531980889732e-02 -2.123326802269689395e-01 4.486844727561791757e-01 1.602226369487765312e-01
3.677993221527723344e-01 -4.199742498956670622e-01 3.499350425567225586e-02 1.576717171503563830e-01 4.520451597159595436e-01 -4.070794974946480571e-01
-4.032936339605452392e-01 -1.628520102577198647e-01 1.240706621830327400e-01 2.313810990126055622e-01 3.909262354997005140e-01 -4.149262189315928717e-01
-4.568270504973324098e-01 2.105989603579328240e-01 -9.342407655390146115e-02 4.831320223278713355e-01 5.510478067809425617e-01 -6.951750041206872233e-02
1.335252733746950665e-02 -3.794170689527556761e-01 3.221594577671021975e-01 3.161009086879816576e-02 -1.408240114427137257e-01 -6.487885399556951871e-01
1.585074226558904342e-01 5.748245292747716784e-01 1.017246309910453395e-01 -6.860773301582059336e-01 6.667731658773212722e-02 -6.698519549320092192e-02
3.894595694104380224e-01 3.937994831144345231e-01 1.073604557622477307e-01 -4.217754341828419129e-01 -8.361685733609974802e-02 -2.302360590536355889e-01
-1.477982386535118819e-01 -3.292594076602170516e-01 2.568856213245901410e-01 2.139270970067073119e-01 1.459241610819609902e-01 -5.452087356802135520e-01
4.402717976480781219e-03 -4.608156651637143608e-01 1.636053925296638845e-01 -2.454913911386466877e-02 1.752307904284717277e-01 -6.075020554305003984e-01
1.742049736032378060e-01 -2.273746779511423011e-01 -3.848014458260283766e-01 -8.643482234393709551e-02 2.972644970896365368e-02 5.457714459586597844e-01
-4.052337593721417330e-01 2.129021690256915345e-01 1.009784107282714061e-01 5.223263906816242308e-01 1.944855590562562520e-01 -2.722413589912181520e-01
-5.695705167809411718e-01 2.699435126044033573e-02 5.968150683640708470e-02 1.576048576331060547e-01 6.870496327016474281e-01 -1.288470063581735603e-01
1.334262470867669803e-01 9.733171356816497366e-02 4.708924167808402617e-01 1.738245442173716460e-02 -4.511577169977742940e-01 -3.571735122014886299e-01
1.373046709416932964e-01 -4.738342924685204349e-01 -1.143227780601234339e-01 2.093808217873818212e-01 3.775952742216031610e-01 4.051699759270114831e-01
1.289077643245685467e-02 1.380675847023759562e-01 -5.650918781727183315e-01 1.217312273145123025e-01 -4.226469967355258039e-01 2.557326550953300526e-01
6.768168778482308579e-02 1.986573742410623344e-01 5.621133485776327321e-01 -5.517470080340036720e-02 -4.571005011938575890e-01 -1.827946434510065998e-01
-3.517704404901093596e-01 -2.792598490603770967e-01 1.395721312339557874e-01 6.321272470526662079e-02 4.170516369239753440e-01 -4.460380523273363429e-01
-3.407720623934687443e-01 2.573780501970939286e-02 4.087104102893220903e-01 -6.498686385988339254e-02 -1.519049843173882197e-01 -5.359512030232579383e-01
3.275411459206781228e-02 -2.630121998257486937e-01 3.642295239634505966e-01 -4.966162604518785384e-03 1.878042784371806717e-01 -5.275897871163344188e-01
3.686811476376959384e-01 -3.913556646420570662e-01 1.083291739799827763e-02 1.257222322117326763e-01 4.184566553283215473e-01 -5.231848462009599521e-01
-2.510705797152591456e-01 7.227837858435443019e-02 3.770054785069964498e-01 1.678261085621124971e-01 -1.541706093817990786e-01 -5.023388342621004643e-01
-1.845736927830623764e-01 1.228296721808619929e-01 -5.145870128892469086e-01 -1.971899206684708528e-01 1.839479208046612690e-03 4.779865128499520832e-01
2.250064054486841103e-01 -1.162356251906292159e-01 -4.511567806754750998e-01 -9.482150771779457310e-02 1.170692554537650365e-01 4.671454237360575523e-01
-2.745486656995784758e-01 3.315418572493309957e-01 1.700866375808636755e-01 6.209322301134151401e-01 -3.496129769924422037e-02 -8.247900269250973970e-02
1.316439493319994103e-01 -6.318052552150725809e-01 -8.686706002280457362e-02 -2.575139718683629453e-01 2.297961734138426193e-01 -4.127490793973399019e-01
4.040494287299490339e-01 -4.117272028012883833e-01 -1.330439627130499958e-01 4.011211967441314918e-01 5.830322712891571335e-01 -2.352448147874688367e-01
-1.155809905141278321e-01 -1.049355855340188826e-01 5.051603021959337747e-01 -3.524921352118222106e-01 -1.183069171514584683e-01 -4.662789995665616027e-01
5.980769668479344464e-02 -6.236908092886905147e-02 -6.211469707906920323e-01 1.491005753306596238e-01 -4.431308862636270107e-01 2.992047171098357605e-01
-5.474034671361969195e-01 5.388531380509281599e-02 1.189946926195765697e-01 2.114370250641387505e-01 6.422806181030256134e-01 -1.602042924740215146e-01
3.796521436851852394e-01 -7.855988359365961848e-02 2.427652511408035230e-01 2.175212942685364470e-01 4.576866693785887341e-02 -7.361402597182209462e-01
-3.415309188193409451e-01 -2.182866536955855863e-01 1.651678082734434616e-01 1.786233483898717056e-01 3.558292386774075111e-01 -4.671536925699241172e-01
1.593504294165085933e-01 1.634745736091373358e-01 4.745436846198918812e-01 -1.163029746018882926e-01 -2.764719819567867942e-01 -3.801271462259663836e-01
5.160572647197736451e-01 3.186606479922546309e-01 -1.664434367306563134e-01 -4.468060137832665646e-01 4.411331877317561934e-01 7.416991269146730459e-02
5.199123526889742886e-01 -2.118333527745622502e-01 1.594912260944858773e-01 -7.858455283434295779e-02 5.880102230631987226e-01 2.047870125439721078e-01
5.026450983437112940e-01 1.219942870133499668e-01 1.906907758100608030e-01 -4.296046846163275035e-01 4.362024925467983816e-01 1.129304520454044169e-02
-4.847943855579004979e-01 -3.154139324315635706e-01 -1.189935847905352478e-01 -8.276416216006177162e-02 5.238896982494694043e-01 -4.849732495265967613e-01
3.002471619838526506e-01 2.023153436574538777e-01 4.239668596258804878e-01 -3.754663202680607603e-01 -2.602779877485945637e-01 -1.499832249996442823e-01
-1.583019850757031721e-01 -1.195479252451530777e-01 -4.715428847280219715e-01 2.614614796270454677e-01 1.073418986708978007e-02 4.266916081426451735e-01
1.395875168159864677e-01 -6.859700420688207290e-01 5.822030614460071279e-02 -3.036611023737393888e-01 5.432754362018821226e-02 -4.472400248502519382e-01
-1.622278804999748303e-01 1.846713190609083899e-01 -4.890861580610385007e-01 6.499807683185818696e-01 1.068625245085266795e-02 6.773186192487123947e-02
4.266878517244240832e-01 -4.549305313355345159e-02 2.805262648102834211e-01 -1.533457236994227313e-01 1.775445271595386121e-01 -5.029373840963082820e-01
-1.197132868613026528e-02 6.439309305511208004e-02 -5.772165270311666596e-01 2.803076577312946793e-01 -2.173678980684252138e-01 3.366673485131416177e-01
2.877178461747278634e-02 3.061437716829275568e-01 4.257925977280750396e-01 3.500046671669673759e-01 -3.409642700666584703e-01 -2.656266798972733434e-01
1.311843237647267735e-01 5.922783353539124995e-01 1.317731152277350215e-01 5.214847577795660438e-01 -3.273244436552397163e-01 8.709314156533815021e-02
4.912408078935250749e-02 -5.871380360710672930e-01 -1.944235883534235765e-02 2.738103501460429356e-01 2.354700548139644356e-01 5.028908769184778915e-01
7.533553911795369817e-01 1.772811607181574711e-01 -6.705528256744669457e-02 -2.215423967593243004e-01 3.850375602443092404e-01 -1.471276343990567392e-01
-3.810258839077426685e-01 1.031261988657760642e-01 -2.989399282797178814e-01 5.047387388306507905e-01 2.569102900373527176e-01 1.389772858231806407e-01
1.850328705741868807e-01 -3.169009385142489421e-01 -3.286858184903909685e-01 -1.320380135449158998e-02 1.855504030819015160e-01 5.128870370787927957e-01
4.867652629294638156e-01 2.982866498078894923e-01 1.313082348755009177e-01 -4.021150977511828706e-01 6.677740981712809720e-02 -2.640336123847447647e-01
1.666628060354556351e-01 3.946311332604460209e-02 5.061906430069526008e-01 -1.524794821071981388e-02 -4.458957326874301019e-01 -3.489907810698661406e-01
-6.051124578606409399e-02 -1.451209075046691055e-01 4.196196957214856638e-01 1.900174072716884210e-01 -3.760355517034574824e-02 -5.425005737584194243e-01
-5.403202419754643548e-02 6.240833770880966913e-01 -2.624819897133448196e-02 4.370760492430117994e-01 -2.110653562487144752e-01 2.214198316814391942e-01
7.014782368896484988e-01 1.261657779687266057e-01 -1.473701816129389663e-01 -7.933587171203282384e-02 7.492200613531634357e-01 -1.935512141356941496e-01
1.104246870385742624e-01 -7.548905129723809670e-02 -7.980444732839125921e-01 3.742153926125133534e-01 -4.133835834398460474e-01 1.054165102681893229e-01
