-9.397321909353674174e-01
5.242298487255738770e-01
-2.233377878174728770e-01
1.776327780113560628e+00
6.859376736778388661e+00
5.499630481914211805e-02
-2.573329725494141185e-01
7.106062563324745396e-01
2.425292228036675990e+00
5.343909990214696926e+00
7.887343942981630551e-01
9.518376954954764768e-01
-3.185943165688077117e-01
1.082856069819743361e+00
2.607580606237176024e+00
-3.827000568827960136e-01
1.754465815994947497e-01
3.236525196351456302e-01
2.336878938111951243e+00
1.547091997590055168e-01
2.547363387342329588e-01
-5.114095612808803315e-01
-9.594195853719803546e-01
6.674489593295471757e-01
5.875224396885273315e+00
-2.148052195972916245e-01
-1.152476581878208117e+00
7.803504464465057522e-01
9.289189478278995216e-01
2.077066720521224319e+00
7.690914330727165460e-01
-1.758851307085528282e-01
7.595619370737078692e-03
2.735787508837906223e+00
2.954680064378700788e+00
5.143760396169964055e-01
5.862786266005168972e-02
4.088056284418143949e-01
2.678612317971608814e+00
2.837965374137955354e+00
7.583778102103937435e-01
8.360641166179555439e-01
-4.075594483223803910e-01
2.036650288204997938e+00
2.837441642107809248e+00
1.114609968849001737e-01
2.087976113701005776e+00
-1.401143007551760578e-01
1.663894553536516829e+00
3.173836778874564502e+00
4.306188535325311539e-01
3.545198845333210058e-01
-3.467982531469309126e-01
9.941046386653029643e-01
3.110743300158119062e+00
-8.889830570961682055e-01
4.026625447951718839e-01
6.220656497326064738e-01
1.372159195271386745e+00
1.012642823823366678e+00
6.998976418482346640e-01
9.612117323119020451e-01
5.008370040895672171e-01
1.732775857852887791e+00
2.390203455194230830e+00
-1.727256966295196428e-01
-6.899341477315809046e-01
-3.132787164432597748e-01
8.621321894949501852e-01
2.937754245544106357e-01
5.612980017535879051e-01
2.300484565750351151e-01
-3.189144836057623555e-01
7.935090937472724093e-01
3.115414343058314106e+00
-2.954901687529185583e-01
8.381192474075858101e-01
4.232794660892089667e-01
1.520128665639860266e+00
3.594874811262883441e+00
1.570484668221553137e-01
1.980247832010191833e-01
2.473312915077116703e+00
8.592797776191563042e-01
5.006923565144959731e+00
-4.494974481640915398e-01
1.014805213652401950e+00
2.778466380129467339e-01
1.658914325182614169e+00
6.547105047833452041e+00
8.886479642925833033e-01
-1.822232394206806660e-01
7.866439888337725117e-01
1.315295661109410430e+00
1.607085262436726003e+00
-5.566427590855550778e-02
-2.433170513014485878e-02
1.172255298779340871e+00
1.950630133346952011e+00
4.270097595058302886e+00
1.112125969013087190e-01
-1.288836757482035633e+00
-3.499839957597848938e-01
-2.220243009281335500e-01
1.113733639126935460e+00
2.831924917807718822e-01
-3.507180350025829174e-02
4.490194532073375489e-01
2.621382042684525349e+00
3.962994765092157312e+00
-8.176844826735129024e-01
7.229026328199482654e-01
-2.663966885273979512e-01
1.874679474921026268e+00
8.089803734281619807e-01
-4.763591193094890430e-02
-1.018050250143335944e+00
-1.970294952870580707e-01
-3.754127887367929572e-01
3.797732364689125895e+00
-5.012916494899051223e-01
5.370214782236625295e-01
-1.553216177802864972e-01
1.921808536946902235e+00
3.437721635691369793e-01
-6.895246458711166149e-01
2.499605913144384572e-01
8.051070724839474169e-01
1.681286141197723349e+00
4.567505389048291065e+00
8.478186179028889269e-01
-2.719651424219830527e-01
5.417379456626456591e-01
3.420342282105853560e+00
2.818942098782430072e+00
6.986221372574057398e-01
-8.484712971691429351e-01
1.446834054053214857e-01
2.766690413974747020e+00
2.809648958899757965e+00
-2.378895723556853636e-01
1.291410969398867903e-01
7.676966759415301822e-02
2.370400815780485893e+00
3.586957466594461463e-01
1.383868044455043578e-01
-8.763604607440140803e-01
-4.448148454922488115e-01
3.939294826703994001e-01
3.472192494646584859e-01
1.417010195864599198e-01
1.448387662841540857e+00
1.948936238879642180e-01
1.581615995747835068e+00
6.451934210791050006e+00
9.151947553642544864e-02
-2.566539628288379227e+00
-3.373050851207182732e-01
3.907220574727663376e-01
4.502311816811376488e+00
-1.194807302721062170e+00
9.026811429774259654e-01
-3.006062905018371256e-01
1.955531820530451048e+00
1.048155416655734529e+00
-5.318382987759858738e-01
2.941632664694318264e-03
4.397957725997433259e-02
2.574008098113559573e+00
6.383352342268201696e+00
-9.873753109765227576e-01
-1.686428555200608081e-01
4.113854308998025067e-01
3.270478422655755946e+00
5.800924509380584126e+00
9.405023818864639562e-01
9.233137895228225034e-01
-1.174324662418999160e-01
1.429178804493556276e+00
5.627413616908089722e+00
-1.060312359246064484e-01
-9.226328426873054989e-01
9.148946787230872735e-01
1.268995385740386839e-01
1.712383012722039854e+00
1.718618235291141383e-01
-7.187594248818822695e-01
-6.225357944176042047e-01
4.822904423960956422e-01
3.804598044254489331e+00
-8.173874465706187920e-01
1.279166596568674097e-01
-4.344555694540478963e-01
9.653132365825871641e-01
4.736056144845877114e+00
8.690192619495193949e-01
2.648656958343545975e-01
6.801674089375723264e-01
1.599898757747170608e+00
1.981929489552139989e+00
-1.851938832694381976e-01
-4.612951729265276080e-01
1.069401239630944911e+00
2.093138806256762408e+00
4.621224570854228553e+00
4.228217498132229024e-01
-5.432964183176893780e-01
-3.744312118669634870e-01
3.891279215315898155e-01
3.676333556479227660e-01
-2.606662559520799061e+00
-6.005163399982623718e-01
1.545153801939063376e+00
7.958293421265876244e-01
2.696054795556362738e+00
-7.233003721635454797e-01
7.320856577477643512e-01
-5.922520543573053242e-01
1.502329754800861839e+00
3.657860409310552008e+00
-5.166898887543230900e-01
-6.248018573258863340e-01
-9.622576898662418832e-02
2.122461141489912606e+00
1.928253523080659226e+00
5.364850358652456519e-01
-6.237612072024437682e-01
-2.624710960160869244e-01
2.169590246526149624e+00
1.351377674654066441e+00
5.743792704355892287e-01
-1.085294138381584395e+00
-4.350685343008722783e-01
6.185113179362810021e-01
5.487519727003113523e+00
5.493313002989385074e-01
-8.685208573310660984e-01
4.249120992746928671e-01
8.032703821098232666e-01
1.136316154739616779e+00
-1.930486070782252706e-01
4.273785452940508378e-01
8.242181948138859182e-01
1.947249576104800095e+00
3.659173024910895577e+00
1.598629835500444407e-01
1.066077642010072823e+00
6.953812109963171117e-01
1.331988471755694903e+00
5.961263146951313097e+00
-1.252975726472417950e+00
-2.710710763474504792e-01
-1.942565678465812129e-01
-9.681227652691502816e-02
6.076388732320039843e+00
-3.063053556177214309e-01
-6.035535864401874173e-01
-3.302276627992840607e-01
4.523820791977501976e-01
7.490785412492413364e-01
2.206848215027535254e+00
-9.631527672053785682e-01
1.897559285080535174e+00
3.955963708320056060e-01
5.689287302612646702e-01
9.352664252835050096e-01
7.836860011043307317e-01
-5.022324479110000794e-01
1.889296451296987644e+00
2.651874713596364064e+00
4.351378589929509322e-01
4.847896667625762809e-03
7.852740782928049335e-01
2.468776094332516102e+00
5.333538122058419262e+00
-2.162950630290350895e-01
4.979539112869947326e-01
-7.286580727176352745e-01
1.191511228295032421e+00
3.403741564933147057e-01
-1.183887646417751904e+00
1.078942210676579472e-01
-1.601804852519939648e-01
2.302885192059059616e+00
9.657242576918571020e-01
-1.044461992889130109e+00
-2.446836224347730127e-01
2.449682312269849116e-02
3.372675651250345741e+00
6.094716130017086009e-01
3.764774394144721481e-01
3.007099169111348558e-01
-1.096111190426540150e+00
1.265107396634467474e+00
5.352216911713394865e+00
9.048191481206121489e-01
2.435849330938086033e-01
-1.104059296373229415e+00
1.399855689370698375e+00
5.059380385694741911e+00
6.741845581500272022e-01
-2.825051129435435793e-01
-2.392488944148323804e-01
6.838824590342960086e-01
2.372282517638192978e+00
1.934479726169233971e-01
-8.681659868232267652e-01
-7.826717164998899801e-01
8.843190383695200829e-01
4.971192239105964639e+00
-1.898405742714581179e-01
-2.607407027526571053e+00
-5.008323788863913162e-01
-1.100272064887256818e+00
1.290828380475739667e+00
-6.137658681943087835e-01
4.753799936735230713e-01
-5.010849386300401109e-01
1.571207933072198859e+00
6.872586190009771556e+00
4.036260886617937804e-01
3.264246642189032599e-01
-2.156152242934274987e-01
9.605739007221608672e-01
3.003873620788551690e+00
-6.721661227570937536e-01
6.441845723693583325e-01
-3.748613491408833154e-01
1.787683205810569609e+00
5.990833971604805352e-01
3.287386572950708463e-01
-4.651122136847376520e-01
-1.993379142173948640e-02
3.656245277168414631e+00
5.632122173495851314e+00
4.244904698668193199e-01
2.810331408926150853e+00
5.536926074717393037e-02
1.522383680815158513e+00
1.989709947867555506e+00
1.415891433974071911e-01
1.481548249350508772e+00
-4.790741104498329184e-02
1.652107099444550586e+00
2.916020772332558852e+00
-3.136227358462523318e-02
4.466335930328312886e-01
6.294752878557205999e-01
1.960147181132551486e+00
3.658588942167390723e+00
-7.314351603026760795e-01
2.185302134413006497e-02
-1.313988070496941774e+00
1.672141559283721435e+00
4.471308833588565790e+00
1.193062439559824828e+00
-9.107401120272767825e-02
-2.548547834331214013e-01
1.184389040035125129e+00
1.585507400902297581e+00
-9.981635737447509538e-01
4.104504912021071372e-01
-8.030667065128549442e-01
1.272064683395431217e+00
4.108810804437981190e+00
8.766689990984043446e-01
7.896973618081382096e-01
-9.239394185738675214e-01
2.114536004975714700e+00
2.508117670382234099e+00
9.429401499280658516e-01
-5.205986630038774710e-01
1.318551214348827383e+00
8.966082396056944681e-01
1.550876479678614084e+00
1.801216381083971946e-02
-5.845636318374864970e-01
9.862187071180502640e-01
2.313588767492062992e+00
4.740621220460208285e+00
6.028903795477442706e-01
1.987901102705774692e-01
6.318451865376973897e-01
1.986632426710112753e+00
5.061937903951369222e+00
-5.970845156144243271e-01
1.155830285769343213e+00
-3.198012396988551553e-01
1.753358204913308072e+00
3.537763365932494075e+00
-3.579292587091202904e-01
7.099589885328528860e-01
-1.053582188722388679e-01
1.306889264010169693e+00
6.409675392120393944e+00
-7.937602577954076810e-02
9.137529359900724291e-02
8.771560298497096397e-01
1.971821213511924853e+00
4.148580458311939445e+00
2.182015065696887579e-01
6.571584293384802322e-01
-2.437489709898288115e-01
1.090784789804775778e+00
3.201032792891220780e+00
-6.301817938671493424e-01
-3.746338164076727373e-01
2.098449226829724457e-01
2.700532540968596074e+00
4.805797816477118678e-01
-7.619201716730306106e-01
8.917856762844242891e-01
1.177833861897952250e-01
1.862833592777421776e+00
6.740375645442632901e+00
-7.831283868149142569e-01
1.913293156038506915e-01
-3.284248032278994089e-01
2.269583465423897550e+00
3.943773054529077782e-01
2.125117099638165474e-01
3.143555331626889382e-01
3.338488502615106213e-01
2.067998870192610639e+00
6.209166069263271304e+00
8.249298683215497419e-02
-9.234552156715218896e-01
-7.410084536354434315e-01
-5.324027823507059276e-01
2.099552950667818330e+00
3.474449257136121849e-01
-2.496627231366314315e-01
-2.821245133740232780e-01
2.230594046996406288e+00
1.515371151874312261e+00
-1.508594915263613834e-01
1.842709429421396372e-01
7.266281994579375514e-01
2.097262691276122748e+00
4.138662086884952629e+00
-5.987841117819114878e-01
7.270971866700473019e-01
5.443293267416182690e-01
1.585002708567243124e+00
4.108098126994281785e+00
1.148459417303721697e+00
2.394067332187762298e-01
1.702052048419602504e-01
1.376953914554744918e+00
2.233383563904461688e+00
9.208020303869922374e-02
1.083376014770342177e+00
4.895523705547070170e-01
9.699200312776771193e-01
5.690145553007540435e+00
2.026619842205618638e-01
1.381998667032338091e-01
-8.533020726829887437e-01
7.972945039536269984e-01
5.913109249773462750e+00
-2.505008290009296257e-01
-2.670145956989847802e-01
1.170909629457473011e+00
1.677112024955653924e+00
4.740487371252712023e+00
-2.892642829861271636e-01
7.733432115255267636e-01
-4.271356434574832273e-01
1.262434241032958315e+00
6.520777250253765978e+00
9.992131417490409673e-01
7.709268769652966036e-01
2.060130298873300292e-01
1.843161292143185914e+00
5.340033439477887001e+00
5.766354234513400012e-01
7.335576349405976693e-01
7.404390964969759237e-01
1.472737391116334393e+00
5.306311392180197650e+00
2.464148088555996319e-01
-7.200390506724069217e-01
1.041142909057460431e+00
2.491733762932631713e+00
5.196737921844474251e+00
-4.477844365591811537e-01
-2.423968620994463585e-01
-8.810361787328420125e-01
9.224093463107216895e-01
4.374699744527144496e+00
8.711617569023345498e-01
-1.051631771211721383e-01
6.107896247597134620e-02
8.298741577122685786e-01
2.434201711613345420e+00
-7.031537671406700163e-01
9.841315060217644684e-01
2.021571308703099760e-03
1.931063360998292788e+00
6.808200302318589969e+00
9.609939981336650394e-01
-2.515105813999200107e-02
9.970230331728481554e-02
2.542071997984539866e+00
2.651434963276568357e+00
-1.158126198345666271e-03
2.843260456401310310e-01
4.202153060450306010e-01
2.446810214381101023e+00
5.522897068282415667e+00
-1.561586794815700008e-01
-1.086211653666205645e+00
3.299412717062261691e-01
4.412612793420698787e-01
1.420710794051704751e+00
-3.261597852106525308e-01
-7.373973873423688152e-01
7.145678516667609559e-01
2.125649106288050927e+00
4.172262972344342735e+00
1.976490378621685307e-01
-7.353589365954867757e-03
-8.824878511313251073e-01
9.326147661406929412e-01
4.978599866569621391e+00
-2.450556922947317862e-01
-9.379473998275095203e-01
-8.254535049694326776e-02
4.553484961413685195e-01
1.492702619825485355e+00
7.564998011135602995e-01
-7.750346073802231173e-01
5.782583532110064928e-01
2.755486263965924554e+00
6.174336852954138699e+00
6.979120583862034044e-01
-8.082028068563847922e-01
-6.607319258503476789e-01
2.370257198025623957e+00
1.354018668120793745e+00
1.224640488835618685e-01
6.805726696015672594e-01
3.063008574066993783e-01
2.095829636976056065e+00
5.992995757355478403e+00
1.285999731462988682e-01
-3.930276979889760769e-01
7.098547149899055997e-01
3.783505638697231888e+00
6.322907847437243545e-01
2.217211564071272512e-01
6.835132120713813819e-01
-3.524160978467855143e-01
1.176368793062209539e+00
3.357922609111169798e+00
3.633588971370593779e-01
-1.110792248601014665e+00
6.169500485319738825e-01
1.324371041654786793e-02
1.750591746967220752e+00
1.674451317987938892e-01
-9.908644465014256886e-01
2.428977081548383543e-01
2.945287120189000074e+00
2.913232291100677163e+00
-2.284017122304057068e+00
8.714111320448550968e-01
3.576965716465499989e-01
1.392398007230795098e+00
3.201530339191872354e+00
8.483840967478739614e-01
3.502243351972670338e-01
5.496748047212821758e-02
9.362233491557669929e-01
2.442408463657382622e+00
6.464723941929658713e-01
-5.998301528659328863e-01
4.379152076553976397e-02
2.393074587257633556e+00
3.176141525401167343e+00
-4.242939432741004158e-01
3.632809300434922672e-01
-4.828839450821924006e-01
1.114963935264622563e+00
3.200412178873315860e-01
-2.898053151872071465e-01
1.395032674260134331e-01
3.959567135350746669e-01
2.647578980498584755e+00
6.002763411749786115e+00
1.709741325366929965e-01
4.378188737489109861e-01
3.963897199864509502e-01
1.842551590765282965e+00
5.943574037290403567e+00
1.333612303294594126e+00
-4.497026254836260506e-01
-4.312346075947262602e-01
2.718237038444814235e+00
1.230753326252827407e+00
2.118638282690208929e-01
-8.257256380216726477e-01
2.623238993192120172e-01
6.701501976862559440e-01
2.026184256882684664e+00
2.454203723389760394e-01
-1.546349344148025828e-01
8.787737975813567637e-01
2.398270096760253711e+00
5.110261620054431297e+00
-5.705852475854543693e-01
8.340719576995017093e-01
1.506903054012911913e-01
1.265850822580941060e+00
3.753167978686593464e-01
-6.843611301170354766e-02
7.523177580242806917e-02
-1.115270330282521760e+00
1.121046938443473362e+00
4.646963937250156107e+00
1.808101642448143448e-02
-1.125834489100885571e+00
-4.547022938631748445e-01
1.423766151506793143e-01
6.399628827522021446e-01
-8.232147691373926657e-01
-1.901415769248375465e-01
1.651290915255502340e-02
2.628573329633034916e+00
6.531522852507827270e-01
-1.408005104747174663e+00
-2.583474325558157703e-01
3.798070603069525486e-01
1.049163244359994307e+00
1.593947324934703813e+00
1.532804421434924014e-01
-1.669819976467173672e-01
-4.032473294091878935e-01
4.906044275710808034e-01
2.501936534977270643e+00
6.687729357217686577e-02
1.827986897628705587e-01
-6.468361721649458218e-01
7.825459691410414642e-01
-1.241481800695763277e-01
6.653080795558155569e-02
2.152538163969819340e-01
5.957632938069736817e-01
2.427271229450097323e+00
5.478205686304070454e+00
2.797015023794385269e-01
1.459248162421735273e+00
9.417676628877504064e-02
1.705045394580820162e+00
3.116237561272834800e+00
1.028722681027099961e+00
2.518006734559246618e-01
-2.950592373170141669e-01
2.298423669616221243e+00
2.444967021381724059e+00
6.327631452125512812e-01
-3.817752143414068211e-01
5.226445059747935468e-02
2.496241003179426876e+00
3.306892485644052027e+00
1.124215977701040092e+00
5.708743838040633012e-01
-1.666925167580362577e-01
1.577902397413637692e+00
5.190127166085240162e+00
-6.482362339466951617e-01
-3.811876107837748329e-01
-9.711325636782015824e-03
2.569495537946090646e+00
8.454051914675581036e-01
5.245259728080509457e-03
-1.205044830408024958e-01
-7.173359852663414582e-01
-3.021411415460771854e-01
8.526840858226928388e-01
4.999307934748598026e-01
-7.092660956663667804e-01
-6.610329736989359883e-01
5.683670121198385328e-01
5.455895241833038867e+00
1.128104038734591530e+00
2.887451119280082246e-01
1.721208568113734572e+00
8.461024910581846914e-01
1.858400568319535262e+00
4.867064725787063062e-01
7.590974552272831966e-02
-8.512866907998378752e-01
1.045927917780720362e+00
5.120078104225181725e+00
2.290861969788195118e+00
1.747568107392501124e+00
-4.781560906535558403e-02
1.537621178625411922e+00
6.420635072605542781e+00
2.729499919929677110e-01
5.607716930454424015e-02
-3.998536618548066413e-01
3.215959809965929228e-01
3.301005834939097827e+00
2.079989553915121969e-01
-1.264034445909640869e+00
1.742694782423691857e-01
-1.213862555219806516e-02
2.098716093372864577e+00
-5.962839711376276275e-02
-8.537505137474928896e-01
2.147550479521217248e+00
-1.058284769111970947e-02
1.791173136003757271e+00
8.366074746370136817e-01
4.890409241710068078e-01
4.701510918523685995e-02
9.924445959611475354e-01
2.577149924156677319e+00
-1.243018398752395934e-03
-8.619001596303690338e-01
-4.089821248591216096e-01
2.590343669742754873e+00
1.244050922201797027e+00
9.055015806704742598e-01
3.960633334660238480e-01
-5.001313274337713943e-02
1.426385911275472207e+00
1.682256421587702278e+00
6.683236594400671082e-01
3.955882592305137169e-01
-9.138725059371445580e-02
9.356167318645300934e-01
2.810916323077764289e+00
-5.394506869084029210e-01
-4.400436498333704649e-01
1.112380033205542240e-01
2.641300747616684319e+00
4.816082477216673263e-01
-5.315393398493640786e-01
8.502984975585786698e-02
1.358369753048220552e-01
2.626917336904694977e+00
1.959230744215982034e-01
-8.782146237234985664e-01
6.030867556665565621e-01
-5.432675730793843499e-02
2.017549565629895181e+00
7.088027407578537664e-01
-7.307061577668979568e-01
8.488941010831876355e-01
7.272924761365982468e-03
1.857834505179839280e+00
5.325930383133825607e-01
-7.455785350157123625e-01
-3.130580081717495577e-01
4.609611727163314132e-01
1.916876156029940548e+00
2.140911284518505653e+00
-3.528385204819859955e-01
-8.374168075766456054e-01
-2.363775110106445254e+00
2.265302896391059306e+00
4.263560074736302496e+00
6.068633377036852794e-01
3.128075902773538308e-01
8.925850120322927905e-01
2.152429851370403657e+00
5.436904627758180730e+00
2.063846029630164725e-02
-4.718052138538714746e-01
9.626706811320515644e-01
2.410489608837251829e+00
4.568946838199063443e+00
-6.805839487804326016e-01
-1.200210773724836311e-01
-6.418415837560814685e-02
2.642758845219318253e+00
5.893228155102125942e-01
-1.905184290730544128e-01
1.392309823857097006e+00
-2.711150418431724218e-01
1.677995391019302174e+00
3.055555078147122128e+00
-8.712128957392802076e-02
-3.896386652020046304e-01
-6.736234784993146985e-01
7.120886171830008715e-01
6.007547657684662035e+00
8.408079962705450328e-01
-3.705277614370152128e-01
-5.076887425553290312e-01
2.394973016293628909e+00
2.384702280579360067e+00
1.349659954072550461e+00
1.246636902962757198e-01
1.379693198667564236e-01
1.378647370068019740e+00
9.777839742939562484e-01
-3.654403877925534450e-01
1.094069377532924214e+00
-5.223335237281113708e-01
1.696699878803243688e+00
3.523614972370597620e+00
6.957375066828016541e-01
-4.585089279440117405e-02
-1.080024348515651184e-01
7.424260470989740845e-01
2.349489560750559924e+00
1.063409829931649009e+00
-5.438452007405399913e-01
2.371776260913586662e-02
3.186481809877109161e-01
3.683569862185264832e+00
1.417759490513613267e-02
6.835723723411483155e-01
1.854591575581965024e-01
1.984556145534954075e+00
3.640791049970582005e+00
2.054210522847630116e-01
4.051239607553668021e-02
-1.062692905267101029e+00
1.159826021746170666e+00
4.661998375676781770e+00
5.847945783995948110e-01
-6.535159304501829691e-01
8.679524736892165748e-01
5.832702332828038072e-01
9.465487606421856270e-01
-1.169276858024533183e+00
3.546403677031344515e-01
-1.075000578794480660e-01
1.415337015407852173e+00
4.326454156209748270e+00
2.490069335047078447e-01
-8.518715109343419911e-01
3.691914532701190965e-01
4.530747323227427570e-01
1.397719211674470108e+00
-1.288166715632457215e-01
-7.174561528392678911e-01
-1.628333143166960373e-01
4.476738109702188551e-01
6.310437379822260162e-01
-9.536570655627281123e-01
2.069516817470112624e+00
1.043534091737058356e-01
1.702235994258606278e+00
1.838676693105198101e+00
1.383870793955839854e-02
-1.194831112234330354e-02
-6.670252503231742791e-01
6.013906887245390465e-01
3.285475602680191010e+00
1.159266215732016603e+00
2.917642702827855788e-02
3.151707764608939200e-01
2.981575617534738765e+00
3.820472887825343111e+00
-1.662402344234563956e-01
5.821541886885915895e-01
2.911510748309411589e-01
2.150968775623271156e+00
6.142772157009097178e+00
-9.967696900249152225e-01
3.276766521236122998e-01
-5.577954616874822996e-02
2.388133590733058309e+00
7.734364569718560345e-01
7.052513052721921805e-02
1.288346338959945880e-01
8.774967384514495983e-01
2.038449557912945131e+00
4.051245927336846187e+00
-2.176189557238317474e-01
-5.723523987217029596e-01
-7.186304484706032003e-01
6.479771906607647569e-01
3.494997060193829608e+00
9.608153039352679281e-01
7.380153955088669671e-01
-3.861699501713641847e-02
1.795004770688429341e+00
5.784740245176691609e+00
-8.112682073995138854e-01
9.587662859199002074e-01
5.100729512160531026e-02
1.230305096310821966e+00
3.877258949132131427e+00
2.309375162902416179e-01
1.969564286180744694e-01
6.699934079216852689e-01
2.234307423213752752e+00
5.514031346849996851e+00
-3.897043639079673660e-01
8.421875086604928562e-01
-5.841084102264914035e-01
1.292318155222623499e+00
3.495661111605173232e+00
4.100592430937632371e-01
-9.738746381576062205e-01
-2.028479636731836955e+00
2.591492723337891046e+00
2.322710770574829553e+00
6.004865759230668676e-01
-3.844835889432197673e-01
-9.691904445156116488e-01
1.389682420991344536e+00
4.864211249547383709e+00
-4.352543088512230707e-01
1.066655942809228375e+00
-2.318044095853394049e-01
1.329673263641464098e+00
3.566248916392442236e+00
3.193564057511836252e-01
1.317698866745335318e+00
-3.097814284631623116e-01
2.044369616447601512e+00
3.272949233386866386e+00
6.203763114846710947e-01
-8.058940458087149317e-01
2.469169128452643747e-01
3.477612095920957103e+00
4.609536700816965649e+00
-6.258523962357293025e-01
-6.166708777181535428e-01
-1.797667735448376380e-01
2.426462879842044451e+00
7.865096694680329126e-01
-3.070954167739018414e-01
4.696539222793605362e-01
1.810062990267916339e-01
2.157522919986909038e+00
-2.606335278039211348e-02
-1.266818704379463867e+00
-3.734087486227286035e-01
-8.711724062978835892e-02
1.693578107709055924e+00
2.809599961894020836e+00
9.146675836932413040e-01
7.674780184971593533e-01
1.527199346992123008e-01
1.957540788314830582e+00
2.616354775418331613e+00
-2.882715467229938211e-01
7.944197015167954179e-01
-5.793616567330273082e-01
1.713851697921244588e+00
6.405023923664163732e+00
-6.995811791892734277e-01
-2.570690709879007788e-02
5.536504147673518839e-01
8.836330757992466589e-01
7.817361001405316312e-01
2.404898048913847175e-01
6.135508262904370014e-01
4.763627290472862152e-01
1.793385174271641791e+00
5.620748913575118522e+00
-9.878433084343675175e-01
4.286241916746222902e-01
3.276607633256621854e-01
1.372547089258204345e+00
1.062060273032388480e+00
-1.348570653048323686e+00
-1.247869975553409921e-01
-7.100533641585661249e-01
2.273302490618914540e+00
1.157092126216535233e+00
-1.930598589640291490e-02
6.157451712565211732e-01
-2.041607872416197900e+00
2.255747078332549282e+00
6.089428705021967758e+00
-1.982147189560374001e-01
-6.378673112802661915e-01
-9.917484254689002965e-01
6.033994892896129558e-01
4.055435234266845157e+00
6.959286295614210138e-02
6.495389535955407023e-01
5.498661171901184641e-01
1.577082592695692620e+00
5.670205863602113538e+00
-6.224463023717941197e-03
7.497105712703925340e-01
-8.732077470662266139e-01
1.650263652942136616e+00
3.699607077274154054e+00
-1.571862340596328900e-01
-1.965179891146153213e-01
4.363118071220079552e-01
2.138779450631716816e+00
6.153994810540847737e+00
-1.298386895883525405e+00
-1.938379802905849242e-02
1.692385308721046089e-01
1.858297272265004629e+00
1.738058007678351169e+00
-2.997579535825232733e-01
1.212462224110071540e+00
3.055186699407682477e-02
1.762111368920050936e+00
6.474096411396787154e+00
-5.666845797401948159e-01
3.850352069883208328e-01
9.028307828213203434e-01
1.625127526236579856e+00
4.318070911457373207e+00
-5.046315500062844572e-01
1.578073715847047254e+00
2.778734053478917627e-03
1.616056160773850836e+00
7.413618841971856277e+00
1.951298502296284210e-01
1.389449140046946640e+00
-6.808809900955183590e-03
1.235542436420130619e+00
6.245592842363589803e+00
9.420402642413458483e-02
-1.501366524353249798e-01
-1.129943294020214095e+00
1.133459668584323898e+00
4.300985643009626713e+00
3.520178757147195969e-01
7.129042209375330286e-01
1.390980034855665015e-01
2.011295456826427852e+00
3.535625916752617393e+00
7.724656272632562937e-02
3.121308328881506888e-01
2.702849533330836107e-01
1.992297910149755547e+00
6.112546436975740072e+00
2.329349656779748923e-01
-1.791889817786576966e+00
-2.316026165710117990e+00
3.126354650547162439e+00
2.152109470489422804e+00
-4.326785132341441353e-01
-6.994399359306425756e-01
-2.870981709106196211e-02
2.761765943062875817e+00
1.334657608585677391e+00
4.447023748022964629e-01
4.205842023297278187e-01
-4.630429461444953154e-01
1.004632572423125758e+00
3.182201543317157100e+00
-6.714320073129534938e-01
5.692852064691305419e-02
-1.280809646752970044e-01
2.346680734756682263e+00
6.093790166772145023e-01
7.797450783423551801e-01
4.191953973462078098e-01
-2.083056709254252077e-04
1.006344558802741318e+00
2.567192349684494168e+00
-6.114312206868300487e-02
-1.105728440270808965e+00
-2.468095317461633520e-01
-3.301568954001610767e-01
1.567744747066242228e+00
-1.139361122448169450e+00
7.498195222879749933e-01
-2.204641295948868152e-01
1.601075792839498968e+00
3.619053454902747102e+00
-9.822718716495908442e-01
-4.531354221872050392e-01
-2.510837321213333362e-01
2.681355257764999056e+00
1.470766220061222596e+00
-7.773660357637779406e-01
8.566262244698331918e-02
-8.575391797678387773e-01
1.491975858166021629e+00
4.610994682188170657e+00
3.474906480872582137e-01
1.069364763046237732e+00
-3.759154513718259150e-01
1.660757310327673153e+00
5.980099717703601492e+00
-2.862703880877388030e-01
1.222309511917096525e-01
-1.005256242255605087e-01
2.468745513824915694e+00
5.901522957788729595e-01
1.591170112432468281e-02
4.441049918395243434e-01
-7.283413568892073142e-01
8.015631145883255204e-01
3.688186911245081134e+00
-5.341557225428146261e-01
3.199629939932339684e-01
6.833873246391916623e-02
2.195078957623503246e+00
6.414738037705540741e+00
5.747009649337990744e-01
-3.028353074480623630e-01
6.229198429685157690e-01
8.179911652571498770e-01
1.993540334786174206e+00
4.476121939110888071e-01
-4.147300713907486336e-01
-6.186040361257784115e-01
2.493516457081665916e+00
2.001313530056433088e+00
-1.345027584260843345e-01
-5.321448218175797162e-01
6.205706503647111516e-01
2.573833205393347701e+00
5.394388165924948630e+00
4.050582580177368719e-01
-9.086300021113129510e-01
1.968326002082265991e-01
3.376662954803272831e-01
1.696853195814821191e+00
-3.034288526281987974e-01
4.136533866742445054e-02
3.284247605447420670e-01
2.651962727549735277e+00
6.004829416827438315e+00
8.863619333827058577e-01
-3.032424530281336295e-01
2.116803720776913589e-02
8.023928128402942894e-01
2.252769690789608870e+00
-9.006897575719993165e-01
-6.260280121997779945e-01
-6.168199165247945093e-01
2.020983077548894613e+00
2.672827365512528530e+00
-1.051747949733234933e-01
-3.762797388460966674e-01
8.567779287902077545e-01
2.501337649289661957e+00
5.225567797246267077e+00
-3.263480304598889714e-01
-3.883629329238977856e-01
-1.145741570127741804e+00
9.435983670819328983e-01
4.253481960176399568e+00
9.593463683836929157e-01
2.596938260273576327e-01
-4.774215158555977778e-01
2.275175031682704407e+00
2.482282898092833978e+00
4.130828532330692027e-01
7.656302430023382843e-01
-3.226255676183829579e-01
1.340015354061437458e+00
3.092679182168384333e+00
9.800184638193858433e-01
-3.129765599786863417e-01
-3.050426205469947138e-01
2.337513534112421798e+00
1.742164188500660682e+00
6.408735992769900580e-01
-5.380873142628120886e-01
3.203179657742264430e-01
2.335569960647711163e+00
3.340992513009936715e+00
2.434132565546791582e-01
1.789671831386629650e-02
1.144416597486453968e+00
2.356455857578075186e+00
5.117045773862369806e+00
-1.546239691265793581e-01
7.056943469854792816e-01
9.345989588962420047e-01
1.477891373647865603e+00
3.941021129861232986e+00
2.006234651324776685e-01
9.788203727033302215e-01
2.308162122477530609e-01
2.150894257717283153e+00
5.965682532020620599e+00
3.367418147777192505e-01
5.333648747628743081e-01
9.441317353629936626e-01
1.584817291129948735e+00
5.323666600583133679e+00
5.130952496805174512e-01
5.817004712045660275e-01
6.243177032697044826e-01
1.933650723327706489e+00
5.338652917527117125e+00
2.220617257948986345e-01
7.684074490226802112e-01
-5.407595169225971610e-01
1.218876891771097926e+00
3.320419591797155068e+00
6.091170598086854682e-01
2.453862398011043833e-01
-6.619595756037321976e-01
8.597451972691689814e-01
5.594984637902455482e+00
8.375771680581807210e-01
-4.827924447489254645e-01
-4.794018165212425853e-01
2.751319815581598771e+00
2.256825511942520901e+00
1.701765925386353739e-01
2.750857913775354158e-01
-1.020807819050014720e+00
1.320249617311278767e+00
5.929605898874545922e+00
1.033626737604985246e+00
-5.332307194622100122e-01
-9.255230067661129878e-01
3.320101996141059164e+00
5.296708348485745788e+00
-9.038502024051923156e-01
-2.460238072569225498e-01
3.237996898338428298e-01
3.292887575236818076e+00
5.839886845437216145e+00
-2.798347167475057629e-01
4.748386070529534431e-01
-1.065836504516124883e+00
1.211305136903547020e+00
4.114227006427025657e+00
-8.391214396672133091e-01
-5.551956336447282370e-01
8.411578740863610015e-01
2.424885926605010678e+00
3.668550716833478997e+00
2.924261771010101540e+00
-2.307273150256961003e-01
-3.873912794661966696e-01
1.645015802221458712e+00
5.863039308121225091e-01
6.886708340839287068e-01
-3.821517280011877543e-02
1.132045366780616291e+00
1.771232922438669366e+00
4.436210811229398310e+00
-7.277033545014917060e-01
4.985074730771706375e-01
-5.502146256735673119e-02
1.957252883394881904e+00
6.176050917289108710e-01
4.528889647544121488e-01
9.337358732920714166e-01
-4.139353057065167096e-01
1.388551809197866582e+00
2.847680481987067136e+00
-1.004917243164007434e-01
-5.917566885308690461e-01
-8.496503919747069866e-02
7.496783807120562804e-01
6.233845532349346907e-01
-7.220504357639845328e-01
-1.477506719189156381e-01
5.249803043946839054e-01
6.563021659051747614e-01
6.535295646591323671e-01
9.796595099756953973e-01
2.757346292733812154e-01
4.299808891939471134e-01
1.393181914292353607e+00
2.220098836726231095e+00
-5.041582771017850684e-01
-4.191940000587913162e-01
6.530164846898037778e-01
2.510116359231990391e+00
3.371806559806260761e+00
2.589518605560913178e-01
-1.219136171918526884e-01
-5.647376362049935095e-01
4.669060905573015896e-01
2.500217483719080480e+00
4.184288702223353251e-01
-8.539401766232235236e-01
-4.521303284722594240e-01
-2.777988769139172476e-01
2.815059277479444066e+00
-7.914675813782832969e-02
1.159399689701299252e-01
5.295856605438262754e-01
3.965860818290620760e+00
1.140457233409389870e+00
5.623467885813162592e-01
-2.357210601613922929e+00
-7.250739860742637655e-01
2.393962920104359515e+00
5.018373080028742272e+00
-6.019832991719226145e-01
-7.005465470352149060e-01
-3.550903421569555074e-01
2.344711161552909484e+00
1.550615930312358559e+00
1.953254708840668208e-01
2.546991686076931494e-01
9.436422486330291459e-01
2.080886943559339564e+00
4.776954520212185251e+00
8.204067817192048917e-01
-7.874708487269761747e-02
5.140500393736222584e-01
1.074177738007521477e+00
2.006821447142255632e+00
-1.630873086002926631e-01
3.560884348709046354e-01
7.389439707677866176e-01
1.680314844240783589e+00
4.048969530142399798e+00
-1.069115726213706735e-01
6.411164190395343132e-01
-7.473321622044729606e-01
1.264209240095336195e+00
6.412313198124064861e+00
-8.041945279436498728e-01
3.687007196444709867e-01
-4.716867231714842734e-02
2.144958226498078879e+00
4.166903430893986182e-01
-7.834593348999623341e-01
1.159765587795977382e+00
-4.276883140716559173e-01
1.533960945068380877e+00
9.638290622623207904e-01
1.059551355968845754e-01
-1.459048730496917690e-01
-6.838941108684463144e-01
2.494093945279622637e-01
3.624879851635581574e+00
5.843164644641998112e-02
4.958253568263623068e-01
-5.730104279735306338e-01
1.197814305143686697e+00
1.503683979140262028e-01
-4.005824861250450453e-01
8.044955114181908673e-01
2.841362595462975649e-01
1.839647824084714056e+00
3.004803645919608690e-01
9.977716463329215635e-02
-2.587521137755138256e-01
-3.588996890769260428e-01
3.829662635141819482e-01
5.463591926684342459e-01
4.972395801785002845e-01
2.744348321098199484e-01
3.904615310582101873e-01
2.130640708134885042e+00
5.067998555530260241e+00
-3.842528955813052094e-01
-8.234194920606849322e-02
-1.353636022233458247e+00
8.683742763273438747e-01
4.225671382129208453e+00
2.768508982064329604e+00
4.675254672523469421e-04
4.711416006684157609e-02
1.158031520538242320e+00
8.544394805658088732e-01
1.022550493299679078e-02
2.649189753214039600e-01
7.560804219130388137e-01
2.134559938542635482e+00
4.088155254884897616e+00
-1.063026959547354933e+00
5.683299063596477518e-01
4.289485600010501387e-01
1.308449261800821217e+00
1.176687681273773212e+00
1.523390609116256900e-02
7.153570093896509385e-02
-5.863881587540589191e-01
5.996510886753804170e-01
3.287627300065096847e+00
9.048799182771110061e-01
5.976769049019644564e-01
6.712078306749461598e-01
1.460972075095797296e+00
5.234758900933707437e+00
-6.437034410466700995e-01
2.976330501165164732e-01
-2.560613129308237368e-01
1.143972732187817476e+00
4.592517791583283215e-01
-6.141347603391124066e-01
1.204730436058464201e-02
8.932600039460142360e-01
1.791614611105607713e+00
4.579878959037334774e+00
3.982201340204895579e-01
-1.012141609808724141e+00
1.185086431780787014e-01
2.987245545559833459e+00
5.206565970100962559e+00
-1.987920387362988262e+00
9.386730241574267053e-01
7.814310561214558026e-01
1.740362548716149371e+00
3.394143646868676978e+00
2.420400566100762985e-01
8.101903024785277463e-01
-7.513667029134890596e-01
1.472418635252009000e+00
6.187546735454743541e+00
-1.988899849801101516e-01
-1.393138556440073339e-01
-2.814396991448758212e-01
4.314470416300058564e-01
6.363205365937535163e+00
-6.278000812208493764e-02
8.428288163034090008e-01
-7.951136308095917149e-02
1.851902236110346545e+00
6.134017259333031546e+00
1.455122146673184513e-01
7.066746025046375390e-01
-8.504523905301878406e-01
1.278029954495708553e+00
-6.999082500353485947e-02
2.230036166945565668e-01
-2.780267007139420321e-01
5.089301376689081557e-01
2.345982336630026754e+00
3.879000157868176313e+00
1.900385880499602553e+00
4.266259043797678285e-01
-1.798382463529013986e+00
2.412533988206288615e+00
2.171008369071885102e+00
-1.129622911764140702e-01
7.036393689194010426e-01
-6.588489457140054295e-01
1.451988309862078719e+00
3.701124541720111072e+00
8.103515887653534033e-01
4.385616784118137046e-01
-4.171194782507105514e-01
2.114606252555938148e+00
2.979461632979561792e+00
5.258056003414335322e-01
1.432757448943028811e+00
1.980852737128823565e-02
1.508403026003560798e+00
2.555532275541604559e+00
-3.622196529736448900e-01
-4.311850107372327545e-01
3.783462034598959467e-01
9.355485000166052778e-01
1.221613100748383030e+00
-1.846468596237395565e-01
2.185639297798251945e-01
2.792083494741227079e-01
2.355426800433994217e+00
5.819345826427620855e-02
6.682716377756575676e-01
7.256587376569192394e-01
-1.603881947347904624e-01
1.267417253016890566e+00
2.677293593311917519e+00
-6.711314889982844534e-01
1.378586196165646705e+00
-5.133231484385868404e-01
1.818672032960830798e+00
6.015304652850830269e-01
9.261759080935977329e-01
5.444351419549011695e-01
5.056527528169417751e-01
1.792983047618573078e+00
2.081570356108336295e+00
2.259046194047586720e-01
5.278348762486168022e-01
9.249087307406083092e-01
1.635747350737064787e+00
5.261957256609337996e+00
-4.284561344886535228e-02
-7.266009890662820103e-01
-8.242383845915907115e-01
3.592563071098531680e+00
4.497431838572040874e+00
1.515511819366209545e-01
3.297634831092732255e-01
-4.977058102256600169e-01
7.489263370794162489e-01
3.463140556507838141e+00
3.554658170235516779e-01
-6.252133541090532098e-01
6.931741221668317188e-01
2.702219969850954584e+00
4.497824938304452402e+00
-9.789738069074197524e-01
2.033929049378229159e-01
3.784610693248244284e-02
2.311261505284261997e+00
8.043342784423002101e-01
7.681168577885582049e-01
-4.712473573573595642e-01
7.294695111290611100e-01
2.440636383812288646e+00
-9.048299161443398853e-02
2.819063291826925166e+00
-4.960743838012756091e-01
1.845321978576980326e-01
1.306041314233074457e+00
4.267194699157139670e-01
8.391098599751405374e-01
2.197707309891079874e-01
-2.004194205826244635e-01
8.644870168218590223e-01
2.678824004920565383e+00
8.949985089497944912e-01
-2.326796778161553947e-01
6.206727939063602095e-01
1.018265286747174647e+00
1.966147928166075642e+00
3.654205788539640620e-01
4.886858941408288581e-01
-1.051171747386059563e+00
1.467305294229899859e+00
5.363541854515544216e+00
-1.535124924796019141e-01
5.248339017768113290e-01
3.838452600338804754e-01
2.194645293077289949e+00
6.094711044192420601e+00
-3.571659983679270067e-01
-2.468887553216623232e-01
-1.759189275094725224e-01
3.663130074968564465e+00
3.894750651907059602e+00
-1.254383214782034128e-01
9.777447880971618099e-01
-6.299660298921319068e-01
1.483162538559142485e+00
6.499978178156221809e+00
-3.132445001088648984e-02
6.302893926466968111e-01
3.007138638299496347e-01
2.125931817675704494e+00
6.090519777895517350e+00
4.769534965971677365e-01
9.003792766679464821e-01
3.200200428742531744e-01
1.894416775477202330e+00
5.562821244239270158e+00
2.439591222577354168e-01
-4.655413622045093680e-01
9.365987220881328845e-01
2.254934020085157087e+00
4.337680093147941562e+00
-3.722422506147128329e-01
4.606758515517484637e-02
1.630128697701605511e-01
2.539368932324417294e+00
5.456581573313674244e-02
5.679656837127429192e-01
-9.304674464675446455e-01
-2.289868386647314624e-01
3.102678139898588761e+00
2.396475757368426773e+00
1.309275413412510192e+00
4.572452025130560593e-01
4.359734385672324186e-01
1.540519223442267993e+00
1.703877362793084105e+00
1.035203128837414721e-01
1.026934358125809910e+00
-8.810679375116921008e-01
1.685922774590202122e+00
6.223227352807715107e+00
-1.147411362423467640e+00
-3.442281032621266612e-01
-1.901197143987537821e-02
2.066185694918325044e+00
1.764591113496864372e+00
-7.870522449608051696e-01
-2.830849404014151305e-01
4.171173625201093915e-02
3.486529985846680280e-01
6.022869293515924483e+00
2.934053717395095906e-01
5.586880920789839833e-02
-8.674356085525539717e-01
8.069123162895637247e-01
5.944203059221950802e+00
4.732878547926849255e-01
-6.018398843119403541e-01
7.173913903958610838e-01
3.691473098950100784e+00
2.904215781790446371e+00
5.691810902461607036e-01
1.626146742714956184e-01
-7.329845203729428160e-01
8.915836150136421390e-01
5.633744655827838343e+00
9.158339977329393866e-01
1.637319622544784359e+00
5.559332934396843395e-01
1.474947885193236052e+00
2.061770406929859689e+00
-5.016863747539785923e-01
-1.312124482390703284e-01
-6.906314159864715974e-01
5.604297280921545221e-01
4.804534793034720863e+00
-9.828187448982409480e-01
-4.788630306947663784e-02
-4.860261451088931928e-01
2.301669170269953213e+00
1.132216354172558725e+00
-9.983654691907319911e-01
-4.846196761208867998e-02
-8.987996816337390227e-02
1.803685211908405250e+00
1.643474299886815482e+00
3.658528843863401714e-01
6.878865074862922091e-01
5.927864685173094283e-01
2.097610410272868098e+00
5.703893489384427973e+00
-6.721917595559234737e-01
-9.255860921804891506e-01
4.704371705373205370e-01
2.806513293212728133e+00
2.800668118597681833e+00
2.530839532709908135e-01
1.283122753688517581e-01
7.396367407480660683e-01
2.019228332194087372e+00
3.996409873024664439e+00
3.036955030478690754e-01
4.990810797473754223e-01
-1.212624042955230186e+00
1.184940247817013459e+00
5.797496810928673305e+00
-6.347029634770626760e-01
-5.952963633596258797e-01
-6.842109109309653103e-01
-6.140440771338863124e-01
3.330496280284570565e-01
-3.398648397578689084e-01
-7.731249625437588424e-01
9.365821199621643389e-01
6.842514677892621577e-01
1.577026974005550475e+00
-5.097066667180363275e-01
-5.412024084899611509e-01
6.753757995761051625e-01
2.392663086127520877e+00
3.168569344636971152e+00
-4.802115654001740119e-01
-3.098993467952835812e-01
6.250652948009430832e-01
1.922231618660733776e+00
1.976288580095156178e+00
7.410621079430066427e-01
3.054414335414896708e-01
-6.190155929607830121e-01
2.272646693849631472e+00
2.882934349612938263e+00
5.493350594272684573e-01
2.953445199999603088e-01
-1.936745277464680948e-01
9.714848092078048891e-01
2.932593206523157470e+00
-1.344869435019240722e+00
1.104547847052000709e+00
-5.232047892597973052e-03
1.444697771348333326e+00
1.460740193476315563e+00
1.396836721566671602e-01
2.077429961414052617e-01
7.725814001678805720e-01
1.925719019246155739e+00
4.159632788007256998e+00
-4.125058953024114961e-01
-4.627840111467522166e-01
1.654533848928741446e-01
2.399695402210865414e+00
1.626351733181570003e+00
-8.905794005909167810e-01
4.348548434937286045e-01
1.519157782479993168e-01
1.701478289453825399e+00
7.455412608360677540e-01
6.398133658310177774e-01
-1.017017528329020593e+00
2.656661310272411813e-01
3.178835207230032545e+00
2.567303840520338554e+00
4.843525942106974846e-01
-2.947910426070816103e-01
4.356013031335153607e-01
2.424384656456772813e+00
3.393299239935124945e+00
2.984216592640468679e+00
-9.821626373620422346e-01
2.310508865666646983e-01
1.365637542943631377e+00
1.935313416555327348e-01
4.796284422514036916e-02
6.452965590863063428e-01
-8.021155977402874004e-01
1.277914313878962593e+00
6.211084480576508859e+00
-4.169490600634938038e-01
9.234223899188528373e-01
3.099146495655937250e-01
1.882688751129000471e+00
3.541570546769460925e+00
-8.399132206701791503e-01
1.051102398678641914e-01
1.780230059608661319e+00
8.978372083530903325e-01
1.445727150219108470e+00
1.490180864951767825e-01
1.020277957816194681e+00
4.274259096399302682e-01
1.634683347775448992e+00
5.781911326884108249e+00
-2.351598540511110058e-01
-6.147154526392835383e-02
-8.867057869685939231e-01
8.387706128989451670e-01
3.974569153282701439e+00
-2.472171674077106307e-01
-9.540821728029698079e-01
3.866513072812897689e-01
5.138922268295152973e-01
1.010958591834697273e+00
-8.996941771706024049e-01
6.159834412967526984e-02
4.079615688941499174e-01
1.172140233101144569e+00
1.057161250128975549e+00
4.717802172663766447e-01
-3.993776705863646415e-01
1.539175782762844669e-01
2.766921930605713342e+00
2.802989349811217057e+00
2.264199438095808592e-01
6.582030325985167574e-01
3.742796620857403722e-01
1.913206325194724666e+00
5.704622124454478360e+00
-2.741508796997119135e-01
-1.814037903619277609e-02
7.873767926071051360e-01
4.057286127240560702e+00
1.105698694241780133e+00
2.988801016176300118e-01
-1.715623856248181534e-01
-1.190967522925724831e+00
8.706010113323329191e-01
5.437958285251822232e+00
-8.382348638984972178e-01
6.516281150394694910e-01
-3.430952406625618067e-01
1.812462941337924516e+00
6.006226906942870869e-01
-8.044122998618896681e-01
-7.789554248551905369e-02
-2.864300293447091892e-03
2.598523994099067647e+00
6.213521346814533386e-01
-3.245851938043479712e-01
-8.385143665574625871e-01
4.748054884373102413e-01
7.924804339854429891e-01
1.530857123502516348e+00
-7.475742390617060584e-01
-2.054430968121724543e+00
-1.818352644306416299e-01
-8.177968183491997056e-01
8.635917581813614685e-01
-1.115198437821509181e+00
1.727500930764832576e-01
-4.585161703766135743e-01
1.301397414564157806e+00
4.489223448177580345e+00
-7.198669411647271588e-01
-5.206279820323528318e-01
-5.738056320137047139e-01
2.382756720933296712e+00
1.465406680890017688e+00
-1.855438780167877888e-01
-1.025175382510783217e+00
6.521142167454523075e-02
3.014235405913650467e+00
9.142417323506616400e-01
3.043871900740339198e-01
-2.068416857918294216e+00
1.024992460856132548e-01
3.076607405690712671e+00
2.421444081430899509e+00
5.037849345205355212e-01
-1.239284714047227176e+00
-4.579358338366937287e-01
-1.842181386720855574e-01
2.593723433667719735e+00
-1.118485335342181419e-01
6.956986062657296577e-01
2.365314035044178420e-01
1.969810216223556010e+00
3.722963677313129605e+00
-2.440846870706449567e-01
8.882456414968039615e-01
-8.951812734669343241e-01
1.552562024694390974e+00
3.625154155913477894e+00
3.625900668447064601e-01
-9.412524081288388134e-01
-6.907102660412055561e-01
2.351265096059966364e+00
1.153435404358348126e+00
-1.424200164201456231e-01
-3.973037071990785929e-01
-4.872183670383229415e-01
4.338412396591944109e-01
2.527502900024776178e+00
-8.922450018826529883e-01
7.770151417441824027e-01
-3.100418084158180765e-01
1.823569421477599928e+00
8.233315561088440093e-01
5.395644638813401617e-01
2.159239055951626962e-01
-1.134468378404085875e+00
1.298377608234674740e+00
5.192591068609140770e+00
6.891243803004388768e-01
6.554950663062814042e-02
-1.582270733453761680e-01
2.326211122158592381e+00
2.758359026063863517e+00
-8.071025163584396589e-01
1.167251606066493641e-01
7.600158324353663286e-02
1.344721545727431522e+00
7.089194180214527741e+00
1.336941298265508123e-02
-5.240389359260505531e-01
-5.355207287311213316e-01
-6.895444439993156927e-01
2.870358075982485602e+00
4.444129975073800032e-01
-3.614274368781875135e-01
5.312885846320275496e-01
2.538969391279138677e+00
3.515270957924093498e+00
3.785236350678308215e-01
-1.158898995579688673e+00
2.362492583178151320e-02
3.470753953749116771e+00
1.866657912131364228e+00
-8.992750071203814421e-01
-5.801470411396520976e-01
-1.312150365330634338e-01
2.724235835757720103e+00
1.619903744826034497e+00
5.527383194127872823e-01
4.010381892614473531e-01
-2.659394184220326696e-01
9.967200762178681783e-01
2.995034288143938017e+00
3.239654438334050868e-01
-2.738026609626027508e-01
-9.983729040531265086e-01
8.707144937372947036e-01
5.436301460930836882e+00
-4.552904287863095423e-01
1.249499048958630176e+00
-1.431895920395436506e-01
1.601614356680378659e+00
4.534450605317643657e-01
7.456315178399752774e-01
-6.473624657416082728e-01
-2.322479495066823496e+00
2.798328591818729283e+00
1.104365721871503947e+00
8.102066036137672497e-03
4.038132848480872061e-01
5.458541493959547797e-01
2.213436125317226555e+00
3.450411367358252157e+00
6.956733576679668962e-01
7.411293047929154998e-01
-9.071951027074321994e-01
1.718108352719728948e+00
2.697555238917595410e+00
9.093661121226258581e-01
5.317208984371317726e-01
8.288745010827227588e-01
1.195522988130170328e+00
5.205939180621006912e+00
-1.346156427787748855e-01
-7.894758383666986568e-01
5.158052851248048354e-01
4.785411843036772583e-01
1.345831882325790207e+00
-2.845838089235526169e-01
-4.473215357539612330e-02
-1.018563530151481267e+00
7.440526010706638438e-01
3.885316603374633804e+00
-3.430276079899913233e-01
-1.121680234789944608e+00
6.795234825816623414e-02
3.215422667478448737e+00
1.057180983797857410e+00
8.699248938107080609e-02
2.463028384782179891e-01
1.187320979554673528e+00
1.995015089854011991e+00
4.048952253193584205e+00
1.070571438360053751e+00
-2.705496655283147756e-01
-4.975868591182099343e-01
2.687593459187529010e+00
2.224960605465239993e+00
-1.060999958306873929e-02
-8.982364678034521210e-01
1.457006876465992917e+00
1.612639902285573967e+00
4.871403782643698221e+00
2.487077538705662894e-01
-6.826849813018738278e-01
-5.678332437296054191e-01
4.806626081200316980e-01
3.752468167224352058e+00
-7.907141612336171521e-01
7.902228371630374282e-01
-5.278832847288371655e-01
1.351019430820138201e+00
3.565010580277403918e+00
4.880120857324619643e-01
-8.675010131438943839e-01
5.159788385006683908e-01
8.258756885297681150e-01
1.182012736226747407e+00
-1.838233408915286304e-01
9.137540117964562114e-01
6.900191323749434169e-02
1.138139009545837244e+00
3.744019523819909878e+00
-4.650713169405025216e-01
3.818212870470585885e-01
-1.005794705932508082e+00
9.013864281566396075e-01
4.139328558003517067e+00
1.212235183079807932e+00
-2.001656480194758392e-01
-1.385160739842700162e-01
3.040171888171362635e+00
2.220307146655065456e+00
9.185934925024851205e-01
8.590512371642586853e-01
2.908866167126175073e-01
1.465729980263270171e+00
2.175329565736680237e+00
-7.937647321409475876e-02
2.788235600042665574e-01
6.207114184699428217e-01
2.431086681634615498e+00
5.601476578531769057e+00
-4.418598102792256066e-01
8.413186624764330546e-01
-2.443871879269978731e-01
1.267330087161443464e+00
3.587817517874518081e-01
7.617986656452367944e-01
6.527986225884864213e-01
-1.985907489263276093e-01
1.978366606866067023e+00
3.223956512477331504e+00
-1.434198718141561912e-01
5.168593300909483101e-01
6.178781216734203774e-01
2.223995692473376806e+00
3.808567645697181536e+00
2.962508328617576847e+00
-2.784277596140395383e-01
5.119541520815636126e-02
1.526747162428181870e+00
5.059089122975412023e-01
-6.195065291711990829e-01
5.560407432861302901e-01
7.558422004405158656e-01
1.598702699939219762e+00
3.879427341879080782e+00
4.193137967017627338e-02
4.755672404158677313e-01
3.671410112187236119e-01
2.250122381377675396e+00
5.907014704633431812e+00
6.037770853134394322e-01
-5.520551396448555304e-01
4.121261796559569923e-01
3.188994324014317039e-01
2.163303882162213476e+00
-2.114041719028343369e-01
6.040815339218634783e-01
7.552261533954102157e-01
1.720629225000744000e+00
3.571974745420622543e+00
2.473893896710883222e+00
-8.005409014167402804e-01
5.638280123931148635e-01
1.149659456809102309e+00
1.189996931300884853e-01
-2.410691395315870955e-01
2.341939418490832925e-01
-1.137674582609454754e+00
1.339837575208904452e+00
4.037731339472189873e+00
2.640338258143387629e-01
5.273475665767558551e-01
8.287310161561820543e-01
1.612608309247919758e+00
5.328254263860263684e+00
9.558815567478171626e-01
-1.131232113868245737e+00
2.205975084657794960e-01
3.295441775576212873e+00
2.871603330225128481e+00
-1.637351521174428837e-01
-5.456134399891445774e-01
-2.327822699894965541e-01
4.756096547105003181e-01
8.739448279373182027e-01
-2.573348982034770471e-01
-5.443724861167482665e-01
6.621301942877649838e-02
4.722299170318324246e-01
5.998425457893890034e-01
8.758536388994587751e-01
-1.000786420453351200e+00
7.587248005072734225e-01
1.170548611547938544e-01
1.535410113185253778e+00
9.475977335833482562e-02
-1.251912657865977656e-02
-6.081862987438725332e-01
5.650827012802179805e-01
3.232708082304152963e+00
8.141809258936789917e-02
-5.967271138660346086e-01
-1.060852096731744743e+00
7.215495124098703084e-01
5.510992205173297798e+00
7.815764931853487196e-01
4.792668255692572044e-01
-3.290504281646608464e-01
2.092140700170292078e+00
3.042070582213769026e+00
-2.098622210283854761e-01
4.506878265154604102e-01
-6.033488086957069507e-01
1.085802190989664462e+00
6.452682362305331765e+00
-3.391373097839939232e-01
4.891672732945027136e-01
1.075433852968715076e+00
1.568871550095982004e+00
4.306990129278116086e+00
3.403625295566916620e-01
-7.091650981323468494e-01
2.703468362094569866e-01
4.621244727944754938e-01
1.447058751859985115e+00
3.953675546666626239e-01
5.426347226784051792e-01
5.457789647998996241e-01
1.949074212821144680e+00
5.780300653561615043e+00
-3.987633498111774477e-01
5.934065424162503488e-01
3.932443936261227346e-01
1.746529869399322532e+00
6.667420243755006304e+00
-1.733041768070583133e-01
1.316719496210234208e+00
-7.429753713171846630e-02
1.653481364441770296e+00
2.447087792153541941e-01
1.314884883427594187e-01
-5.837838717101934138e-01
1.071513999138812068e+00
2.150359323987386606e+00
4.347487775771449847e+00
-3.122463495129454425e-01
1.007959612170288288e+00
-5.381539366827578497e-02
1.360760896289741284e+00
3.730638324327878230e+00
-2.754146966490296222e-01
7.911452568575924604e-02
1.301704305387499261e+00
1.912609411301265050e+00
4.172100303084764761e+00
-3.849144415978761335e-01
9.909168192542775477e-01
-1.902173631066034487e-01
1.662114123852781677e+00
6.460824744244585638e+00
3.043431842756858519e-01
-1.196173537094097572e+00
1.306341259512661113e-01
1.277895935264834748e-02
1.857141535069035232e+00
1.606202460424660083e+00
5.790357240856625065e-01
-3.883823817745846174e-01
1.797040900815458420e+00
1.733401236355653019e+00
1.381686221748632537e-01
-1.088316414049683711e+00
-2.672448378832600335e-01
3.571179304068254345e-01
7.110071066536874929e-01
-8.562381447973957949e-01
5.398624549136483708e-01
-7.852080218704123871e-01
1.724869082340695359e+00
4.426777940160719460e+00
-1.895902904354122565e-01
-1.582693645844040764e-01
8.621939623135338460e-01
2.015336157408089690e+00
4.254876258855419202e+00
9.004792680252814430e-01
4.092085007815795539e-01
-7.910512970418898115e-01
1.616802382947221339e+00
2.173330770323740779e+00
-1.559636016033649764e-03
-8.427867421397158276e-01
2.426014596856335415e-01
5.155784254092967700e-01
1.809857090907507127e+00
-5.934120857648101932e-01
5.840278390615107895e-01
7.036421937645293001e-02
1.031117936162525561e+00
4.355804588369337260e+00
1.132813403156061938e+00
-4.029234694105460757e-01
-2.057523372998479316e-01
-1.008846597845820536e-01
3.029555182548065329e+00
-6.552700203953386593e-01
1.652611285238324845e-01
-1.024680443572359156e-01
9.310951899441536339e-01
3.256359132961836322e-01
-2.851364687093481121e-01
-1.016206678329617752e+00
6.427433776714829017e-02
3.230988277467365055e+00
8.102028733370034708e-01
7.395196248178457221e-01
8.741334192932984637e-01
-3.931284984405771649e-02
1.995086940361700867e+00
5.855283366304351311e+00
-8.719550684152879150e-01
3.467586015070818206e-01
-5.651974037579545751e-01
1.956070535562360879e+00
1.078687000224633596e+00
1.063436490204848317e+00
2.514812803881419923e-01
-1.541049488297414199e-02
9.591041704430751658e-01
2.414633835858707833e+00
-7.593492247835430531e-01
4.248593641922360775e-01
2.326263031142948023e-01
9.524553554933833377e-01
6.705815103256477450e+00
-2.923762439574622007e-01
-8.734305341714814208e-01
-4.516013878265377479e-01
2.313669556405475447e+00
1.889426984022239076e+00
-7.115227529997094624e-01
-7.705255899638520090e-01
-8.371905355065351051e-01
2.162978628283775073e+00
1.906156454375387943e+00
2.292601958145896734e-01
-1.134060337147270392e+00
-6.551569311317394229e-02
2.920186386633271888e-02
1.317610665101693002e+00
-7.188289679354838979e-01
9.498250783012279763e-01
-2.588509517794954085e-01
1.802883368772131734e+00
6.078812367580799236e-01
-1.558380047302341254e-01
-1.141342660238595874e+00
-2.421805197851864544e-01
3.733426247648484186e-01
4.247741891576922058e+00
1.892863884895950310e-01
-1.477399941119848181e+00
-3.374109606571336073e-01
-8.346887715390376161e-02
1.945719701000386159e+00
5.500264169791170277e-01
9.448572353322798323e-01
4.898430022409553941e-01
1.376677072310416694e+00
5.672101760206439636e+00
-4.849214941796634037e-01
-7.739908346930106653e-01
1.339405734594299180e-01
2.190263741451884627e+00
2.017484971405162586e+00
-6.827581702469122105e-01
2.872795733468910262e-01
7.119654891714902734e-01
1.820831065868328436e+00
4.123993706594116126e+00
-3.990303095107505249e-01
1.268062961401431876e-01
-1.004923459289597476e+00
9.169132300393254553e-01
4.135058093122981226e+00
9.997542728732616846e-01
1.117171325688841588e-01
3.748533927496734974e-01
1.043564425537368834e+00
2.328533860926774057e+00
1.291179393349744853e+00
-4.442219632317863098e-01
-2.743896649603206339e-01
2.224331350637141824e+00
1.569986010900404017e+00
-1.092110921659068090e+00
6.142074932303008550e-02
-1.799822304447405708e-01
2.204142166810084458e+00
8.025603538148963212e-01
-7.076035929142979741e-01
1.156939390557544689e+00
-1.723094325597658294e-01
1.620634029234370610e+00
6.966263471062161816e-01
-2.548965280078641094e-01
-1.148326153829056562e+00
-2.554476940780702754e-01
3.345348398369775822e+00
1.394509262038284403e+00
-3.168724200906152255e-01
1.056187711143482533e+00
3.723477054997303415e-01
1.585484384166327310e+00
3.167531018215807848e+00
3.398943918190061586e-01
6.485160214213050445e-01
2.294438286659569379e-02
2.024441942610993195e+00
3.470296389451910546e+00
-4.486954108844624090e-01
-8.020994709262894151e-01
-5.407049418785968564e-01
2.730130702002363741e+00
9.679699633551779314e-01
-4.651307915461020959e-01
-8.482618360761128296e-01
-1.042448980566136330e-01
2.831740084263460577e+00
1.867994394171108796e+00
1.504746105788464516e-01
-1.195603392929701414e+00
-7.860032387665466524e-02
4.225978521961800544e-02
2.279362918907505975e+00
-2.634601209543098732e-01
7.199885007706419149e-01
4.869916426890720795e-01
1.862684639863787073e+00
6.705081588598081233e+00
-9.460406145533033495e-01
7.537596859012672956e-01
2.226311530954855900e-01
1.694255944063633779e+00
1.182076874178539017e+00
1.379241212721452614e-01
-3.367415337954010601e-01
1.072014355741154334e+00
2.450343426956108850e+00
4.518434633930563216e+00
5.297818774544916787e-01
-1.029029735089633801e+00
6.859268139288337007e-01
7.427759351276366218e-01
1.356694051598109185e+00
-2.595457593159877785e-01
-7.014203953289482874e-01
-1.074558502478051736e+00
8.245268670940074651e-01
4.891881999066023390e+00
-1.835655756443122788e-01
-5.107958255999516251e-01
9.259389558758838179e-01
2.141193634866143114e+00
4.496708871083957781e+00
-8.694161959456382371e-01
-2.851268031952705617e-01
-5.138935754342712769e-01
2.246024295000249360e+00
1.070308710477317460e+00
-9.148852229382669066e-01
-1.137970651801959998e-01
2.676849152911743857e-01
3.134368136269067406e+00
5.706032270764604064e+00
-6.713130114319434960e-02
-1.051935569929157710e+00
-4.195797776969626414e-01
3.091432712017943896e+00
1.614672817242746916e+00
9.125448211134173926e-01
-5.513064026923949479e-01
-7.125834245425891056e-02
2.381475717067357056e+00
1.725041162933848460e+00
-4.241440487237387313e-01
-7.392426386977486719e-02
4.625275379454827362e-01
2.763244262630227155e+00
5.657360446146509680e+00
-5.866636881563899175e-01
-1.254743173491581487e-01
-5.652691244855722053e-01
1.289810836217016310e-01
4.812133805785969720e+00
2.613389245014498541e-01
-1.676488729989946136e-01
-4.148891429707498579e-01
2.617129274146784979e-01
2.256108607956217149e+00
3.211633168178779085e-01
4.902765746687509085e-01
6.748238820175750385e-01
1.700508996855241151e+00
5.795029559576795108e+00
-6.487209564823531727e-01
-1.928043270481497595e+00
-1.921901543801224577e+00
2.933363372433729577e+00
2.472257925171633008e+00
2.864820732423229099e+00
-3.812699977426814990e-01
-7.405661045234909201e-01
1.980498873012378702e+00
1.377078831548487425e+00
-5.911880422463114959e-01
-1.100535014587900262e+00
5.962885125868023772e-01
3.572138019789834029e+00
6.299157841679126513e+00
3.058049549558296623e-02
-2.263125662541271677e+00
-1.119624082714010038e+00
-1.134285748311107733e+00
1.868711583352681727e+00
-9.045511661780385460e-01
6.905885460361410599e-01
2.964874091987015348e-01
1.717742811949223958e+00
8.986655584606172420e-01
8.492202551033962710e-01
-3.855063380161480313e-01
4.711845268811088450e-01
3.892168188537373563e+00
2.732830684721639258e+00
-6.803091908757820105e-01
-9.296472872709468649e-02
6.699553714214361022e-02
2.420552734281956386e+00
6.363938614848765329e-01
-1.246662256572497463e-01
-3.926448575629539750e-01
6.402462453180135515e-01
2.474186948085412396e+00
4.244882258966105049e+00
5.288935936960222906e-01
6.886210968664804311e-01
-1.619082303330208195e-01
1.225053640590490156e+00
2.685416944405996986e+00
9.570266966613280024e-01
2.537430964224308694e-01
5.383573717023624194e-01
1.376512092468942683e+00
1.941955299445101923e+00
6.813252565321140652e-01
2.151145456089649244e+00
4.257881091585544175e-01
1.654413296713210135e+00
1.774903991995528951e+00
-1.440896575815237890e+00
-2.559497902662104529e-01
-3.197998319245236587e-01
2.034888749253274565e+00
1.321609632447244165e+00
1.821249302471409093e-01
1.437599629880998708e-01
9.943737651577847503e-01
2.038174335456966801e+00
4.044563560638450461e+00
-8.870871652545898878e-02
-5.197935573023100275e-01
-4.930956788685098569e-01
-5.752746614823746052e-01
3.347451321441643035e+00
-3.432238936129292650e-01
-9.583552944051395572e-01
-7.712770543601253914e-01
2.480443735479517020e+00
2.293792900432049642e+00
2.272648508696141489e-01
3.116271965468611072e-01
-9.218383651768138343e-01
1.204922696335558818e+00
-1.716638583341715540e-01
9.442865737063924625e-01
-2.491862586451494208e-02
-1.105914638460221422e-01
2.466418437958944665e+00
2.874011377421100910e+00
2.385455500893721159e-01
-3.536077645616327869e-01
-7.993392018997212967e-01
-8.053561753295574999e-01
2.364646198999662552e+00
4.292892992366242888e-01
1.328468987048913585e-01
7.103961267670404478e-01
2.285081258127720005e+00
5.395137905359258745e+00
8.379455547715859431e-01
8.874044463612901223e-01
3.851240216245424564e-01
1.398926033301409300e+00
5.415576357114001205e+00
4.594466614535452353e-01
-9.626082139273798299e-01
1.061217618673539143e+00
-5.495774338041893581e-02
5.914610388950697351e-01
1.064876396081401611e+00
2.462040833389492978e+00
-3.855990951211092366e-01
1.715645439896593683e+00
1.841928316194653359e+00
-3.038912069536479077e-01
4.170559044948212168e-01
-5.388315003741040998e-01
1.093221056118690138e+00
2.297403958413935521e-01
3.174654672023596302e-01
-1.082373831330065705e+00
-6.829009761591720712e-03
8.266941536832210502e-02
1.947372569946952181e+00
3.905730437286568657e-01
7.741651705789796001e-01
2.476315571929484927e-01
2.012584011530178962e+00
2.974837906200137994e+00
2.524241669422817025e-01
-2.835889288600780822e-01
1.140731938899177456e+00
2.072439159063734326e+00
4.464938831309058109e+00
-1.229693442913868950e-01
-8.200463808255694653e-01
4.173764938205510311e-01
3.127133293633648226e+00
4.304466450971965452e-01
6.652169068002488084e-01
9.516878831559184571e-01
1.921437153179943180e-01
1.381414681883428752e+00
5.567476987507368413e+00
1.759774344040149874e+00
7.130598552543304658e-01
-3.583439798841001056e-01
1.696880333127560592e+00
1.426841287940139980e+00
5.174769246863969441e-01
-5.824219370760139736e-01
-8.394932047098039307e-01
7.212134255128203053e-01
5.330577038502588572e+00
