5.396270136654462979e-01
-4.441295651074956274e-01
9.010064028176714701e-02
1.620878327965130206e+00
3.059979490542970915e+00
-4.145253616456817114e-01
-1.288135970639811834e-01
-1.445398315553993347e-02
1.522462558323276927e+00
6.280114686142515001e-01
-2.426609148721434184e-01
-1.163686860560915887e-01
3.233095291186750542e-01
2.390914858637172014e+00
4.820126058692292270e-01
4.405113952664319044e-01
2.034190297281660009e-01
-2.461571326532086545e-01
9.858468274017949673e-01
3.930326702042253650e+00
1.257886109904921557e-01
6.016377560134950064e-02
4.897265498310087728e-01
2.834561733744042744e+00
3.276533335777999323e+00
8.642414042519271089e-02
-5.725148014535333951e-01
1.952372923437891003e-03
1.561845975152895916e+00
2.138201268520202092e+00
-3.636368489338542842e-01
3.598618895306840426e-01
-7.096994451826539596e-02
1.449962827520336228e+00
4.463532525110226051e-02
8.673875285337673269e-02
1.700113432738588892e-01
5.361796771704909759e-01
2.820313854204390847e+00
2.022868211648032322e+00
9.698937115594392921e-02
-1.488361050165772359e-01
-5.192294882456272020e-01
-3.682776187194246043e-01
2.739187987252579504e+00
8.132357856958778025e-03
1.784104701255228853e-01
5.605944839254991541e-01
3.315960657650279142e+00
5.594230873410146465e+00
2.961704054527320995e-01
-5.373146821085578173e-01
1.370083124611425340e-01
1.583131504717825599e+00
1.410133384478155838e+00
-3.806866740150444128e-02
5.754418194234578454e-01
-4.419614567308163822e-02
1.392750007913731602e+00
4.292017311690605297e+00
9.555607295352049058e-02
-4.890517748304542001e-01
3.018272567196630396e-01
1.907238979886132002e+00
1.211483220490064516e+00
9.386809571120582332e-04
-4.413206301840642554e-01
2.758814761581558916e-01
2.219911918181310284e+00
1.527676714013669113e+00
-2.240634708324303059e-01
-4.066289174543940566e-01
1.463261274642676524e-01
2.060814248792719017e+00
1.246401528296960270e+00
-6.340935867389679848e-02
-4.450635428284482886e-02
5.116566421632792183e-01
2.664220229109166116e+00
5.738318949303010896e+00
6.121143779979704158e-01
1.773138481244417586e-01
-1.176346167542454274e-01
1.392226526418974153e+00
4.216869080592434926e+00
-1.370920753774831080e-01
3.886755895007055761e-01
-1.466795554771201382e-01
1.556785619775413076e+00
4.942920622848092194e+00
8.326212163809725009e-02
-4.254029765102778637e-01
-4.382617947492974397e-01
3.555053178799067459e-01
9.276295367885399878e-01
-3.464934920032887167e-01
-3.048909549231011984e-01
-4.220289827146142536e-02
1.316382011548077324e+00
9.866376289707218250e-01
-3.430945288358305811e-01
-9.486791003623837315e-02
2.246244889649482435e-01
1.853176654643849286e+00
6.394667993282975971e+00
3.096265054741342837e-01
-1.097036742541555865e-01
4.696884766815853651e-01
2.550214412218407389e+00
1.874502935237936985e+00
-2.094966424947235506e-01
1.237504042583295605e-01
4.225596476786286360e-01
2.640270294005158558e+00
5.945173017259663517e+00
-3.011413199700581078e-01
-4.358150048543574240e-01
2.310305457348953428e-01
2.179670396363472928e+00
2.941613005394609348e-01
-2.099691807568312418e-01
-7.163899044366885648e-03
4.639166417908854312e-01
2.366757336500329600e+00
6.003981396952533522e+00
9.343216654170376223e-02
-4.777244327570805971e-01
1.868511406291613330e-01
1.908039645102424187e+00
1.293574839394611375e+00
1.496139433943212138e-01
-5.313550992854998954e-03
5.187458960472817182e-01
2.857577918901916370e+00
1.527284313420900430e+00
2.515789111869918826e-01
-3.357557879467991668e-01
3.172071830582106622e-01
2.014392492372418353e+00
1.838613727918593677e+00
1.887176323056836413e-01
-1.320542899087619737e-01
-4.806538418449310401e-01
-5.299503549659346779e-01
6.101017139520273247e+00
4.732317959740862667e-01
1.585506805572584055e-01
1.833694719689908381e-01
1.891842929889314462e+00
3.494078250330656665e+00
2.706480369755204229e-01
2.049702290647145986e-01
4.372011767636294621e-01
3.331562379401212137e+00
1.282569269753122132e+00
1.272328896905808304e-01
3.339995490164257008e-01
-3.337206129123191922e-01
4.620412983513358940e-01
4.576146898805152574e+00
3.037403044257336870e-01
3.924897045905004211e-01
-9.176036836131871988e-02
1.454780654040217724e+00
4.831760384745002135e+00
-3.579450923970323717e-01
-1.580078461833947234e-01
-2.120273814985456917e-01
1.448647184559993528e+00
4.283651912301112419e-01
-2.113884023278635171e-01
-2.235222412047555285e-01
1.994617723270121212e-01
2.273110125059375264e+00
3.444535858362458569e-01
-1.701888563043242042e-01
2.127211104357962235e-01
2.754691400838535364e-01
1.960089181438321226e+00
5.441357550934339926e+00
-4.327072727677198222e-02
3.116348294584971867e-01
-2.986092044029612924e-01
8.986106683069332579e-01
5.239668328262387931e+00
-2.262998774664508328e-01
6.431865642419440365e-02
-3.226965237794393038e-01
-4.414486191860585440e-01
2.441763318634272650e+00
1.869502902417526091e-01
-3.728776351566189806e-01
-2.467555248000146140e-01
8.916477836615219754e-01
1.890959714568924532e+00
1.882458132358088010e-01
2.594248841146728490e-01
-2.160679556758900999e-01
8.120400269590262177e-01
4.023472843638622898e+00
2.223347463061527973e-01
-3.834012464513063545e-01
3.800353148997063779e-01
2.650795721930441662e+00
1.763508446110147121e+00
-2.019221622170814245e-01
4.182883976810345406e-01
3.084288122416440486e-02
1.467249570341034648e+00
-3.891411021469138865e-01
1.585086594282006656e-01
4.451636285923655234e-01
3.025917054025739628e-02
1.942160114511425340e+00
4.565834653000339749e+00
-1.672663116386220727e-02
-1.517431221350767079e-01
5.208514828433774557e-01
3.017460051630570739e+00
3.758999396021885264e+00
6.571378018136313504e-01
-1.555087022003630651e-02
2.583309929552007334e-01
2.144323011172961646e+00
3.813065025786452011e+00
5.317064543945611010e-01
-4.098974350787611964e-01
-6.848244444643382389e-02
1.439193337990042121e+00
1.830851837547472494e+00
-3.509830686805655020e-01
-2.879760641808224442e-01
1.499771328869354270e-01
1.383345521780015908e+00
7.468166588450377841e-01
4.708242534161787285e-01
8.555614814448893324e-02
3.794397043775679657e-01
2.184003024461435682e+00
2.976912687312911476e+00
3.522681672306715028e-01
-2.203319570561003971e-01
-3.080864212056173002e-01
5.339692471492956116e-01
2.226882688755375206e+00
8.282765017363896698e-02
-1.006312799641898986e-01
-4.967141378756517178e-01
-3.147018234977612683e-01
2.135774116353737484e-01
1.905548710642403776e-01
-2.531833529580814757e-01
-4.824291087177415838e-01
1.856506973673753003e-01
4.698746704579278344e+00
-2.733972064367021226e-01
1.877886698471400717e-01
3.176672226967008350e-01
2.827665604793541565e+00
5.332866251697053528e+00
2.732775396413166802e-01
3.185715468280574392e-01
-2.998512518491620038e-01
1.190810116889827519e+00
3.965094321912512765e+00
-3.890044081592291536e-01
2.896179292951565551e-02
-2.161510577655514631e-01
1.659060630842113637e+00
6.175253034726709167e+00
-3.520256863081664411e-01
2.122651123193047829e-01
-1.340027018853928720e-01
1.706933786320434354e+00
5.900719527705949652e+00
4.973312978517346328e-01
-3.588128529343025397e-01
2.641697791950696206e-01
1.510904353581599802e+00
2.334923158191394066e+00
-1.386080338045249556e-02
3.812367293654927297e-02
6.082172360086555152e-01
2.433278563048232979e+00
5.758857467484131298e+00
-5.448188889483477487e-02
5.538449306963655339e-01
2.073003603821915175e-01
1.378942166311328821e+00
5.183345072458736880e+00
7.806867611801467099e-02
5.537524184342483557e-02
-4.934078171258868273e-01
2.222831446994183724e-01
1.621577395784661979e+00
4.224951258651886143e-01
3.000356987822911936e-01
-3.279789615851707446e-02
1.679663103300237603e+00
4.125176303727818627e+00
7.364155361531320165e-02
1.898573580831999785e-02
-4.420381399513826359e-01
4.298925871635652651e-01
4.866302886617494217e+00
1.073596980511438807e-02
2.026903726418408935e-01
4.812883935750017494e-01
2.535639223384662522e+00
4.519998853162401353e+00
2.446618637134725383e-01
3.639277512225125855e-01
-3.090320214972052670e-01
7.136953799635653573e-01
4.658902253522627213e+00
-1.951384177739215187e-01
-1.354670663472037906e-01
-3.589486660969001819e-01
8.119407808996073062e-01
4.920637942850537572e-01
-8.197562539432391715e-02
4.219738807602333996e-01
-2.934407071656189303e-02
1.213121378460268573e+00
4.910659167919920520e+00
9.282253339854967811e-02
-2.646258084080379755e-02
-5.105333628708015326e-01
4.467330998822309773e-01
3.799005508054902336e+00
3.241679004503512096e-01
-3.378575696808430034e-02
-4.426915106583587112e-01
-1.615350437339654888e-01
2.991350151635613130e+00
1.155342117053191064e-01
-1.667415412731506064e-01
5.072290910686587662e-01
2.694640412597645973e+00
1.974460142371809779e+00
-2.218831388482608302e-01
-1.746298565093528377e-01
3.944206638118402664e-01
2.700830770432554928e+00
6.504837877645970323e-01
-3.985596934171566352e-01
-2.973077434677926650e-02
2.499236898304280363e-01
1.647549080383975850e+00
3.038944089373497581e-01
3.593700018054897805e-01
1.584634060388785404e-01
-4.458358171309445561e-01
8.098534813578901481e-01
2.783812313704380870e+00
5.195499485840533449e-01
1.585130533288316435e-01
-2.660050377941559629e-01
1.222891519086316103e+00
3.129802673826470372e+00
-3.435759018811319621e-01
-3.723242378754435672e-02
-1.020535838481718000e-01
1.208406547145146392e+00
6.381820445393321606e+00
4.547000470552940432e-01
-4.113947765537422779e-02
3.928710215740469636e-01
2.014739648619237489e+00
3.593274649905445095e+00
-3.587697872282160083e-01
-1.789116341269902100e-01
1.020599388581603095e-01
1.739170920038581869e+00
6.167242844162618143e-01
-3.629397917680471375e-01
1.265303630599065032e-01
-9.540883383634841952e-02
9.715626664319659822e-01
5.951304213888231942e+00
1.600411336427919051e-01
-5.145908642109402464e-01
-8.412701458740802496e-02
1.053078527434706091e+00
1.673305281434243952e+00
9.636148539624925236e-02
4.450575746321712156e-01
-1.482308137346078081e-01
1.420398165033805560e+00
4.499089231316444781e+00
2.038921822774440729e-01
1.827141056598391433e-01
-3.683179189148251820e-01
6.503592302238468958e-01
4.211382157136736915e+00
5.247927078888813268e-01
-1.151459722767990274e-01
3.176068307503541743e-01
2.734009388937285401e+00
2.936949605815888820e+00
1.424566696933034227e-01
2.825349155829517261e-02
5.863033440806322272e-01
2.580514341690468783e+00
3.246258860439545924e+00
3.943441794758032470e-01
8.607359594473242004e-02
-2.738348162537538322e-01
7.965722835906979826e-01
3.717258880931036735e+00
-1.973628984621740856e-01
9.492618689274892607e-02
-2.845069629683709689e-01
6.043157130554364098e-01
6.360411138328379899e+00
-1.357910998632780586e-01
-1.894560387813570557e-01
-3.954122052321506486e-01
5.480998516416546451e-01
6.510687392738527812e+00
4.698434344009531083e-01
4.361890735296137800e-01
3.167056338476575278e-02
1.419011903735370561e+00
3.384589768595487325e+00
-3.932219514938388727e-01
2.616856062315864317e-01
6.688424808524358334e-02
1.564627972655343591e+00
6.159122857876091039e+00
-3.706649496007298761e-01
-1.078146981032992724e-01
-2.703289667551945774e-01
6.950985592484271169e-01
3.114494628009349952e-01
2.628941051457124867e-01
2.316717089412090869e-01
3.973360094532793485e-01
2.675406191381148435e+00
3.842322008085107932e+00
-1.787485194947797118e-01
-4.686216516561361178e-01
6.430416660751629709e-02
1.832102820054662073e+00
7.992336638756462053e-01
-1.188331031263547555e-01
-2.805305536858312410e-01
4.103029533405135876e-01
2.956730737609207349e+00
8.236168377356143377e-01
2.242268380689353968e-01
-5.271850902794528171e-01
1.404893546649854941e-01
1.981206841653256223e+00
1.999469669625706159e+00
2.107558347209998184e-01
4.786748062150338046e-02
-5.816023343942909873e-01
7.733039826526437732e-01
3.244291309185831196e+00
-3.548627878609493802e-01
1.030139413399102921e-01
2.625035803638091636e-01
2.156234901234301393e+00
5.845007733279581480e-02
8.712433193437615908e-02
-9.494205020710737297e-02
5.174790350870005495e-01
2.701452057448367139e+00
2.307746840389341525e+00
1.498230210105956084e-01
5.601769204106221006e-02
5.325728596977670204e-01
2.753036284511394260e+00
6.244711477701221369e+00
-2.773609405096975206e-02
-5.048085559381786380e-01
-5.097088444963791820e-02
1.219065811813564437e+00
1.538811664665998835e+00
4.922479594043758788e-01
-2.794894548472787732e-01
6.577967702307017939e-02
1.405002922426624723e+00
2.564339357396903107e+00
1.532868661621873130e-01
-3.538983140056583543e-01
-4.078092822926014938e-01
5.069044483557274550e-01
2.519151514432570238e+00
-1.355526820208808880e-01
-2.389308623595708392e-01
-4.033321408717164269e-01
1.190535710278985526e+00
2.781314867645048872e-01
3.671500556395629888e-01
-1.423917330645831369e-01
-4.005393366136664191e-01
8.150472438784390761e-01
3.279257807095529831e+00
7.108202442109219643e-02
-3.699480353552760947e-01
4.474442005559886582e-01
2.601299605766655088e+00
9.970288543261173198e-01
-1.208304922530041292e-01
2.488911324762024535e-01
-2.749519358899595867e-01
1.049079868927302206e+00
5.361805814211541232e+00
1.610728864374790514e-01
-4.080219986067007421e-01
-2.983567412269350072e-01
1.087407790911244954e+00
1.499472449462547319e+00
3.104932388783818165e-01
3.386729402396453370e-01
-1.793740126647368760e-01
9.189396663496818274e-01
4.364018020877887594e+00
4.998837847597877304e-01
3.170752268898304194e-01
-1.437010890466841051e-01
1.079959118491539138e+00
3.399493019343385214e+00
2.541437420087362398e-01
4.514516637570575863e-01
-1.803205490094361430e-01
1.083191208611312906e+00
4.800724013417663194e+00
-2.861491299345810813e-01
9.157545232961206150e-02
-4.006174259068324695e-01
1.042005898205532910e+00
6.411062695699278891e+00
2.179834261460230904e-01
-3.482559314731407674e-01
4.179543602695356963e-01
2.146969568360648672e+00
2.463549929147540674e+00
3.926009131857304268e-01
1.591123152803468332e-01
-3.155280939894090086e-01
7.895130413280277981e-01
4.477632232339111340e+00
-3.746585842209630701e-02
-2.532576903325484130e-01
-5.418307885233171195e-01
4.378971639335135779e-01
5.782695913814000832e+00
-1.072058597092079985e-01
4.297065945002855880e-01
-1.414578698332014106e-01
1.282699472913672922e+00
4.642859288799559003e+00
1.231736281474752059e-01
2.395903047916077000e-01
3.686576494192718711e-01
2.381376013013511539e+00
4.435707738276402523e+00
4.213238137940289452e-02
-2.083557083195107518e-01
-5.294374545749427341e-01
5.387299960074782845e-01
1.149838522109746020e+00
7.985625605749661904e-02
1.896236522656411516e-01
-4.628871913877969368e-01
6.818008606299919006e-01
4.428293940900339898e+00
5.750586640994784782e-01
-2.517451881101193667e-01
-1.249762725908085265e-01
1.412380529234940729e+00
3.072598465810084445e+00
1.866905101930533759e-02
3.469650537424401326e-01
-3.174818495639031846e-01
1.303816538594706032e+00
4.779169816294962736e+00
2.258776760363299385e-01
4.080454489728914114e-01
2.822645858309372757e-01
1.879145804735670833e+00
3.705828604931591830e+00
-9.902145577701215728e-02
-4.627225163716315315e-01
-2.010171136009254733e-01
1.380775759276126724e+00
1.128816318866622925e+00
-1.994343128916156171e-01
-1.104897902734063575e-01
-3.850302008409874355e-01
4.088030474743530318e-01
6.252856626714624333e-02
-3.583511021603461577e-01
-2.607206859482595895e-01
-2.032845920102727133e-01
1.163563996210522200e+00
-1.086587732396566003e-01
2.963940638685606532e-01
-1.862759462569711366e-01
5.050097726256466135e-01
2.997175037868804015e+00
2.601930033095958716e+00
3.030653025361070355e-02
3.044334155749439663e-01
3.433099812115875671e-01
2.480671374453344402e+00
4.791569707222095964e+00
2.725201979743301778e-02
-7.477739947032283618e-01
3.202065226885236759e-02
1.188141094138487341e+00
2.019597867773597510e+00
3.129302059297384142e-01
9.813944561605768280e-02
5.160399267361195363e-01
2.861516534472076323e+00
5.806714675309881279e+00
2.573075381989242127e-01
-1.689739680440759673e-01
-4.852282621022411258e-01
-5.295572257431598734e-02
1.971901164064928214e+00
5.217941738359874876e-02
-4.100655541374045310e-01
3.237550569549545454e-01
2.259159776968555189e+00
1.705560360335073300e+00
5.954319547067689067e-01
1.266015570408656754e-01
-4.809576783345241580e-02
1.276755800139345975e+00
3.626373449528018433e+00
-1.608027489884656103e-01
-5.010546970659383037e-01
-9.669568459137480032e-02
1.524766791400786081e+00
1.491729870463763596e+00
-4.116272213267569563e-02
-7.521654270597774583e-02
4.773125036681848954e-01
3.548810743126478595e+00
2.541119225723939223e+00
8.790524302539846555e-03
2.387802524117297598e-01
-4.657145849973124974e-01
1.257179734124062032e-01
4.361955513916514704e+00
-5.149128292213341063e-02
4.648116510173796456e-01
-1.792308629576510812e-02
1.378860368905370226e+00
5.365253217273767028e+00
1.738237095172355251e-01
-2.836643264583534746e-02
-4.859900845556999194e-01
-4.201326596190027574e-01
1.002311373051644416e+00
-4.760265122610959909e-02
4.737335046605214983e-01
-1.634385545033189280e-01
1.840169201818059319e+00
5.342118164045169593e+00
9.922066843270356540e-02
-1.610601673691841318e-01
-4.109203930186745013e-01
3.660689359599664794e-01
1.403547125512016214e+00
5.138520004917773026e-02
4.442192229411274784e-01
1.763443588020430497e-01
1.778193855933626555e+00
5.486146648394379710e+00
-4.067650720513590890e-01
2.250157092527123315e-01
8.128871834657855344e-02
2.097301325183171805e+00
5.607167114245636519e+00
-3.496710554012258942e-01
-1.401469690950995772e-01
-3.253314399985502425e-01
1.219112596071097121e+00
-3.011759093681651844e-01
-1.047706608453903149e-01
7.593660967525603378e-02
-4.052511603688301323e-01
-1.004613617968486833e-01
2.425505084740003703e+00
-2.612583322779696987e-02
2.478294539321411749e-01
4.096846811991450843e-01
2.840467760666791186e+00
5.446893490724915132e+00
-8.424512864367464382e-02
3.492162709365631557e-01
-1.782773402677708396e-01
1.095298512211240194e+00
5.448532390110224277e+00
-4.000848414753850890e-01
-3.861094482956214241e-02
-6.029059186906577522e-02
1.282262614761850106e+00
6.222886859839316998e+00
-4.418431266304450461e-02
-4.983133173510190250e-01
2.596185541075237690e-01
2.152099121333704179e+00
1.048969885572420546e+00
-2.375689898073425343e-01
-3.951007786368047614e-01
2.549096467194947313e-02
1.536509563989867821e+00
6.600358361001475771e+00
-3.963457032588804663e-01
2.802168208105442967e-02
-2.349423844339730005e-01
1.167367255950534366e+00
4.883928136016270627e-01
-1.481327385364310523e-01
4.555921779754033563e-01
-9.104202827305750423e-02
1.599197351984478432e+00
4.631638759642000558e+00
-4.008451952732405288e-01
-1.963024130930899891e-01
-9.105686893446522656e-02
1.726927660024622169e+00
6.480868304652549761e-02
1.811658777137418741e-01
-4.260659782990744993e-01
-3.690457641108564335e-01
4.080277481180910049e-01
1.729965914804724836e+00
2.647850492853182081e-01
2.654690113667284579e-01
-2.479777238343401358e-01
6.220417888137151907e-01
4.028148831185926149e+00
-4.844536740738992348e-02
-4.125983348650271165e-01
-3.072138016782976488e-01
9.643428591800552452e-01
6.484438380333601426e-01
3.109711111855870680e-01
2.157379842182525764e-01
3.715517257603187518e-01
2.436982717276064747e+00
4.032144584815518407e+00
2.951769666940834425e-01
1.319628483959880971e-01
-3.011542255439879079e-01
8.640863696909263370e-01
4.003017842233338008e+00
-3.447925945630813671e-01
-2.800941112898457661e-04
2.386616176475414297e-01
2.338762276320917266e+00
5.586712265006838152e+00
-2.197364761515673837e-01
2.109193060510360929e-01
-8.480364554943858879e-02
1.152179168419887434e+00
5.213177409057876410e+00
3.795460518872503797e-01
-4.350038119022724414e-01
1.339224327000834436e-01
1.826556669578306868e+00
2.613457830547314398e+00
5.205728141867186354e-01
-7.596581264188692617e-02
-1.706069155370879553e-01
7.423889366847936655e-01
3.097274196673617475e+00
2.184969982313363090e-01
2.239654036006403781e-01
-3.788373214507473885e-01
1.053297423610228822e+00
4.573335317861249472e+00
3.415922969626424832e-01
-2.199302398261861191e-01
3.499848623148026916e-01
2.560254673554911875e+00
2.698799246038136701e+00
4.547344257084752206e-01
-3.546596425106533501e-01
-1.150387004600139373e-01
1.288808638886372648e+00
2.716672571547988912e+00
3.882331525162097674e-01
2.499928607285951121e-01
2.728252053270853184e-01
1.946807091630817999e+00
3.990458636921322633e+00
-2.189387884011572416e-01
3.015955077217077340e-01
-1.907749723081059445e-01
1.691883473429064422e+00
5.342165039129896265e+00
1.275345657890228634e-01
-5.137542026762376146e-01
-2.100162770487011277e-01
9.729138369100492900e-01
1.315419703988870870e+00
2.353463065083498951e-01
-6.266264549383873117e-01
7.320914266966521700e-02
1.644023242576845956e+00
1.143990836110211129e+00
-2.190995512397782286e-01
-3.409518839426692316e-01
1.938117662152273324e-01
1.891577372067751339e+00
9.547923086061186337e-01
2.453449668715106113e-01
-2.871207145860642518e-01
3.685436749065442164e-01
2.442668315249755917e+00
2.079160315515065527e+00
5.865516599618398885e-01
6.654509694837382194e-02
8.967577134761822721e-02
1.816938162085288022e+00
3.747125087832003043e+00
-2.503209302327078500e-01
-2.045151772366720910e-01
2.726876277915001312e-01
2.498709927405532660e+00
5.398976201764990046e-01
5.268804997106001364e-01
-2.095174192248882017e-01
-1.816863997681239795e-01
1.146399771858626293e+00
2.604671431947974014e+00
5.637016330140859344e-01
-3.956639185840382655e-02
-3.272554716555935439e-01
1.249022927691775919e+00
3.911456023603143262e+00
1.316194655985438167e-01
-3.171085789358168427e-01
-3.616651801894829044e-01
8.518082133032134351e-01
1.575483647996807068e+00
-1.501485424411266312e-01
3.764348398339483620e-02
-4.707876106554577667e-01
5.989901293662005903e-03
5.654457428320042389e+00
-2.457127718979138509e-01
-1.875066869396445901e-01
-2.771384134212185324e-01
8.908688321961455436e-01
5.800320198399817606e-01
2.767616201448101776e-02
2.827695074735657801e-02
6.455451603927901960e-01
2.762117856516084657e+00
2.213671076562429452e+00
5.180008009830741958e-03
-3.889499440843641742e-01
-3.481041604690313651e-01
1.032906006428646606e+00
1.872746885274690021e+00
4.831264769628088596e-01
-5.572250792171638129e-02
3.002629257824834252e-01
2.481933545028141008e+00
3.308659104549394048e+00
3.002316815086106261e-01
6.066344217055585908e-02
-3.698548016051711462e-01
-3.266390671367886966e-01
4.090057894019038520e-01
3.623119428211299398e-01
1.360405640509171343e-01
3.626347230778708131e-01
2.793268471777083928e+00
3.536950813474113886e+00
-1.747589907703269718e-01
1.468076712286486840e-01
-3.007784760717719386e-01
9.867007099897908695e-01
5.695051269785198933e+00
6.412387340360866661e-01
-2.747767009723917631e-01
6.368073893944939043e-03
1.397026671316064839e+00
2.270279252405979165e+00
4.211130406958179528e-01
-1.748778790978757769e-01
3.278292562375685892e-01
2.372665286432258824e+00
2.343406392114839587e+00
1.237824808580739039e-01
-6.281821969192098731e-02
5.777681405807182369e-01
2.678383310990284816e+00
1.157448144008071056e+00
3.266808756736072072e-01
-5.456640809886644794e-01
-1.895135987638061140e-02
1.743588828620899145e+00
2.360611211661151287e+00
2.195619818001143947e-02
3.821576046476949373e-01
-3.012093388529919480e-01
5.238985919459907548e-01
4.676546664422053468e+00
-1.110914836823764656e-01
-2.548462494638650822e-01
-3.567164509199398648e-01
1.193490481779366646e-01
9.116683773149728554e-01
1.699324448890287831e-01
4.934179267540740876e-01
1.500425711970766462e-01
1.987170113688339956e+00
4.981666738703157904e+00
-2.483846355191470512e-01
-4.129731056802190547e-01
9.811065571735627655e-02
1.552570841861216744e+00
1.390557747725367888e+00
2.526157064503534166e-01
-2.368132501258370451e-02
5.013016472252739275e-01
2.545617554003042127e+00
3.878541265743391531e+00
5.186289964910011374e-01
2.303708294842701787e-01
2.044133180575808950e-01
1.649577130628108623e+00
3.130372939000080290e+00
-3.393859890882110902e-02
4.194885250759851081e-01
1.951348438758746251e-01
1.958949547985141981e+00
5.585274493601026791e+00
5.511974229170821804e-01
-1.633433704079566839e-01
2.070571313640883759e-01
1.803944183419241343e+00
3.321656117308627643e+00
1.430690356857592695e-02
-5.066689165476040424e-01
-1.878469623251888543e-01
7.199461320627725813e-01
1.342257572360729734e+00
2.179069650370919070e-02
6.964631934258842805e-02
-4.463255842823398711e-01
4.861319708955992858e-01
5.960796306781609211e+00
-2.581884821268180807e-02
-1.818466114924838783e-01
4.492997552258939931e-01
2.975747535047124526e+00
1.170346741988207873e+00
-9.462395654854144356e-02
2.252817803079369408e-01
4.045219916545987338e-01
2.479429612415630313e+00
5.609814440917624268e+00
2.845718712536798867e-01
-3.379526891690577406e-01
-2.485290583666290853e-01
8.766095001834471878e-01
2.151747043556969885e+00
4.802917878490119974e-01
1.874742868846630550e-01
2.106346209360822619e-01
1.706528506910284460e+00
3.981062936136535502e+00
-3.754682328565199234e-01
5.439080156966891871e-02
2.470042002686194393e-01
1.538327844966478786e+00
-2.798087640655853026e-01
6.130086546718772622e-01
-7.967180497862912103e-02
-3.593143397526156468e-02
1.607188309146576621e+00
3.374727061097854364e+00
-2.491634534495510422e-01
-6.534020406200666264e-02
5.398090571171797469e-01
3.226370098591571978e+00
1.470834149443905614e-01
1.635221017840378932e-01
3.903939613826699628e-01
1.736788578712461784e-01
1.705822286396729393e+00
4.832201439891082195e+00
5.027598415641741925e-01
1.121324449412342966e-01
-1.778751083405269440e-01
6.043505458874908198e-01
3.383532372750714945e+00
