# rod_radius=0.0025
# rod_length=1.0
-4.094758992367033557e-01 -2.048574470023085126e-01 -1.436164467916390686e-01 3.947388648810624678e-01 9.404019235902855156e-02 3.700943807750245451e-01
1.167353446769219538e-01 -1.742791515724307072e-01 4.514803003548107929e-01 -3.452319353294673876e-01 2.379423386391754380e-01 -3.337965140305503287e-01
2.269098469224642423e-01 -1.135760056445196675e-01 3.743765168296608881e-01 -3.530638782087788807e-01 2.991365034433038361e-02 -4.275219784810553314e-01
-4.647420572305092229e-02 -3.506023395690104905e-01 -4.137669055688352193e-01 4.123322194848112049e-02 2.856826755151167796e-01 3.526851716745075249e-01
-4.677638886319948619e-01 -2.128452521107708217e-01 1.068579554645769369e-01 2.652013232388611974e-01 1.509888027268021515e-01 -4.679348582757839048e-01
-1.555172269765330850e-01 -8.320529768824119765e-02 2.763191793818570718e-01 -1.705146425766396190e-01 -9.431893473570335251e-02 -7.235065877380422172e-01
-1.277295681457074616e-01 -4.408894391009473557e-01 1.189697095874977656e-01 2.310546297982015718e-01 4.140258806028295213e-01 -2.557217574110649538e-01
1.291757464376327158e-01 -4.361092794501815750e-01 -2.821735320126974589e-01 -5.534330913753257586e-02 4.094637694790305704e-01 2.187844872406181640e-01
3.869905647326881692e-01 2.010093897058885803e-02 2.549941509801078587e-01 -5.120558126065521964e-01 1.785403641457007362e-01 -1.531878671727846530e-01
-1.357173851476100590e-01 -2.278797763933677334e-01 -4.601369758516544173e-01 -7.423871100084035446e-02 -1.601929318283087933e-02 5.152273193114160765e-01
9.608148954866595204e-02 -2.535309137495089793e-01 3.708148019715434285e-01 -1.542109434870569395e-01 2.833265044587310877e-01 -4.348760881841297610e-01
3.778509761576050452e-01 -2.672090124712873105e-01 8.774883777300319931e-02 -2.334357697213891858e-01 5.117211916486856804e-01 -5.223777380927392688e-02
-4.790932230545606046e-02 4.154213239538464553e-01 1.590486020671303125e-01 7.542977685633378560e-02 -4.172753680302480062e-01 -3.807695948998711666e-01
1.610643450090603890e-01 4.448034716933280674e-01 6.918739574055851604e-02 1.022353555606901193e-01 -5.170298968764075465e-01 -1.980498043388443652e-01
-3.461789236715919205e-01 4.620095588261551728e-02 3.167819049303030043e-01 8.249002114672365771e-02 2.141274124527750913e-02 -5.863396152226857394e-01
-2.609205941639744508e-02 2.040803712758229027e-01 -4.770571895199909318e-01 -1.305716343775582301e-02 -2.753670780271175178e-01 4.004165906260202523e-01
2.280161020656800708e-01 -2.756844949731931949e-01 -3.631372191372754799e-01 -2.501407294777795443e-01 4.156176421961716438e-01 1.785890951519496506e-01
-2.586618333660542501e-02 -1.880542549918624018e-01 4.141890505649013510e-01 -5.690121497233656400e-02 1.069434877577731258e-01 -5.408047497207282284e-01
-1.053455388287232453e-01 -4.861099320650783540e-01 2.561279307137370731e-02 3.503231950465126587e-01 3.978813390166133779e-01 -7.891202512944600622e-02
-2.671095837835539832e-01 -4.644890029179005730e-01 -3.866427793047817751e-02 5.323204942649435445e-01 1.355648533811426026e-01 -6.776616536102705868e-02
-3.015220752331317922e-01 -3.485771101488087109e-01 -3.175967576606928411e-01 2.709086598751675456e-01 1.783825001604231741e-01 3.106043427889279007e-01
-4.864594643915878258e-01 -1.851288242247104143e-01 -1.100744077718776859e-01 4.695895759750291498e-01 -2.479617405216389403e-01 1.763208733409471762e-01
4.601761319429385072e-02 1.550222969208436274e-01 4.366512025283381115e-01 -3.123648463375591211e-01 -2.787357550811868090e-01 -3.900385609399799058e-01
3.434418387470519751e-01 2.006868408061830977e-01 1.548576017773564129e-01 -3.510009524933128122e-01 -4.577727910970674219e-01 -1.352805081774148266e-01
2.273110607550842682e-02 -3.117178376650375227e-01 -4.232216475848097903e-01 -2.786303142050571696e-02 3.010491867234006969e-01 3.654207346602566520e-01
1.799487847756416625e-01 -1.398678342816703779e-01 4.074544072944827344e-01 -3.753623510931649587e-01 1.996316082024209293e-01 -3.517357341938581183e-01
-3.832986361644984963e-01 -2.438811943876391941e-01 -3.182233869917365787e-01 2.429191550215277773e-01 1.415683409826699324e-01 3.594785634886403791e-01
2.822742678523480764e-02 -4.621885714562043446e-01 -2.588799389999750789e-01 2.226815872903727955e-01 4.205493157012973326e-01 1.688599376060668789e-01
2.462867036263922116e-01 3.161953677336949431e-01 -1.767198039701677326e-01 -1.227874979154243151e-01 -5.989287205347070264e-01 -1.444800473445154165e-02
4.132424447568894821e-01 4.393201358108671239e-02 -1.885310293583117580e-01 -4.858740240293836776e-01 -3.650204933610712854e-01 -3.249442268210020468e-02
-4.172492532583677027e-01 1.970356019097029565e-01 -1.843258079872667488e-01 3.865579899114750528e-01 -1.017256029910287018e-01 3.301016973756953909e-01
1.903930560052732035e-01 1.354540490056221902e-01 4.147267215477634106e-01 -3.049825871938135480e-01 -1.877851893719391096e-01 -3.915730780914186693e-01
-2.851637037273035413e-01 1.413086754656166233e-01 -3.677964292653119749e-01 1.341098498388773042e-01 -1.150421794508410533e-02 5.271102177585196280e-01
-3.713202272233154799e-01 -1.825441843813181142e-01 -3.232018404948186485e-01 2.855463717618885733e-01 8.983322803780638410e-02 3.798890614101008700e-01
3.199321373478605235e-01 -3.710253527817234942e-01 -1.464618878782802426e-02 -2.478870326319843054e-02 5.673067872395360922e-01 -4.111007080706973599e-02
8.652578968986322783e-02 2.281864351100120758e-01 -4.754392682581353169e-01 -1.243340525465147089e-01 -3.019947267408190084e-01 3.458073832117825042e-01
8.947134313544133355e-02 3.256061490757244381e-01 3.205050577832466718e-01 -1.045563969253497649e-01 -3.977625560808721317e-01 -3.421343256576795389e-01
3.666040701268215574e-01 -9.169974129203856128e-02 -4.042991203597078864e-01 -4.292050673506395131e-01 1.829237489919691151e-01 1.353950108772446481e-01
2.034848191588652377e-01 -2.007383648459323544e-01 -4.375790971802826501e-01 -2.226635322207967116e-01 3.539894229667522874e-01 2.770359488723744823e-01
-9.776585624086892370e-03 -4.646654273825779335e-01 4.168417328603273714e-02 1.640697255567885038e-01 5.058959300177583440e-01 -1.250134919946142564e-01
1.573295494837466946e-01 2.518722105780949461e-01 -3.822964222413007263e-01 -1.235761274938194376e-01 -4.050985188763482903e-01 3.173330949189402950e-01
-3.023766654864880610e-01 4.287660186025604170e-01 6.943659050603055716e-02 4.310436983266411892e-01 -1.150911256847751418e-01 -3.383795157867951486e-01
-3.119295123306435324e-01 -1.540914627433504214e-01 2.847743945230903351e-01 1.155564072538636244e-01 1.138723393283578578e-01 -5.786207579628745989e-01
8.110013597853477085e-02 6.265942326741408275e-02 4.698632108597020629e-01 -4.375279900013153145e-01 -1.311925952047759691e-01 -3.628709975627011364e-01
2.296241452915626438e-02 -4.561544388407963169e-01 1.028290048846502852e-01 8.974324618790685548e-02 4.844961389774723459e-01 -2.299123525885722885e-01
-2.548454194583436028e-01 1.274821894301370329e-01 2.844108632528599134e-01 2.655461303114925453e-02 -9.513742215780648936e-02 -6.489992986006232201e-01
-9.440676558899348952e-03 3.308142846250518576e-01 3.079207942992109870e-01 3.311818447801798126e-02 -3.169090475206088331e-01 -4.527652305108696429e-01
-2.131756749037888032e-01 -3.964527846155398993e-01 1.271935626726634350e-01 3.484380591031073782e-01 2.932881539451245301e-01 -3.298047430663021418e-01
-2.363060721347430004e-01 3.377378558042485324e-01 -1.382454411364512081e-01 6.499194389969292773e-01 -1.149621618996716221e-01 -3.992434782338474819e-02
-4.842854874783830144e-01 -9.334039527275975190e-02 -1.824155108857591356e-01 3.529182663589742197e-01 -5.462288629032376747e-02 3.631033513535156798e-01
4.193673220131591273e-01 -9.545605981875321389e-02 1.966095308733359082e-01 -4.530866943087784038e-01 2.134649306259763235e-01 -1.820615811306928455e-01
-7.712596817943463690e-02 -5.911756342961184407e-02 -5.305791545670921483e-01 -1.204789742152439225e-01 2.004338010641750767e-01 4.341765689490072466e-01
3.145484173191706589e-01 -2.872533726992123060e-01 -1.839179159424930987e-01 -5.482873072840854789e-01 1.972048439527225305e-01 -3.964474218243241310e-02
-1.636662133153802268e-01 3.103903787261013680e-01 3.159833725480051259e-01 1.374409959972123785e-01 -2.329823722106920125e-01 -4.676495147400182573e-01
-2.284440001009225285e-01 -1.702225314913017873e-01 3.300685717838650612e-01 9.231717868796635029e-02 1.018076731519131917e-01 -5.771865378428225890e-01
1.820505515328468549e-01 1.819610299179981738e-01 3.748275008534059372e-01 -3.046378141866025180e-01 -2.571415764597428377e-01 -3.803700466436752969e-01
1.680446543685076149e-02 2.775989828142479410e-01 -4.110012479526942153e-01 -8.906726050165958419e-02 -3.891208158881822032e-01 3.267493112914123810e-01
3.907523336431915073e-01 1.151308648581521737e-01 -2.288016523293815718e-01 -4.287299771352803823e-01 -4.228197570723378762e-01 -3.117101025742180509e-02
-3.208888337278347214e-01 3.727633772080624630e-01 4.397760786017170659e-02 5.136623790038111759e-01 -1.109668438503437771e-01 -2.197065717238993743e-01
-3.543794564946849412e-01 -3.423193798370192942e-02 -3.827789879512404347e-01 2.167032472135551613e-01 -1.091184486741382520e-02 4.377822338855790196e-01
4.801441088786419509e-01 5.173103147261057244e-02 -1.029227252226992267e-01 -4.122592092970424615e-01 -3.993164507232648264e-01 -8.978931310742950533e-02
4.257087500568670912e-01 -3.575051532416626942e-03 -3.168769839301100455e-01 -4.620446408947103678e-01 -2.583281209947237977e-01 6.652201248681938184e-02
-4.710249084984640677e-01 -1.011569968155090343e-01 -1.786306237142950837e-01 4.526947274107498420e-01 2.811538273375953079e-01 -1.545377207940679676e-01
-1.299589258777525957e-01 -4.298895660710645994e-01 1.767488767129735960e-01 2.303922920151091347e-01 3.476410080156243088e-01 -3.386084809754126290e-01
-1.096586382750791011e-01 -1.275660871503982857e-02 -7.140752288235676648e-01 -2.684771441058837471e-01 -5.779527108118558132e-02 2.722047522659498675e-01
-3.092782735242647352e-01 -3.882864612782552793e-01 6.212861316341188045e-02 4.514018404317036159e-01 1.978942342035017177e-01 -2.167225236039654890e-01
1.370833293647477080e-01 -3.346409408376294081e-01 -3.754406844899302875e-01 -1.164483451965680483e-01 4.162850011771102032e-01 2.343395378881091284e-01
-3.375995779688391041e-01 1.483949868764272151e-01 2.077383873001878989e-01 2.437285159707782700e-01 -1.382545559853187722e-01 -5.537664956609678057e-01
-2.393853019799872806e-01 1.134816932470892742e-01 3.189625873720159377e-01 -9.111926257998870238e-02 -3.409614172277165844e-02 -6.589116193571760149e-01
9.982868884139509125e-02 3.434596944631950616e-02 4.850507194294989555e-01 -3.719320474065103133e-01 9.733451621559233158e-02 -3.944231293634764546e-01
1.569756968780731676e-01 2.704702708990200377e-01 2.844997859266358287e-01 -1.772013671903080456e-01 -3.731526596571763110e-01 -4.040314138841576419e-01
-5.167166212904134026e-01 1.920470113697857889e-02 1.144537733863021517e-01 4.533427616783933800e-01 -1.814965057362495360e-01 2.512156799019962805e-01
-3.730335410818536590e-01 2.561089333676398461e-01 6.240601323476286516e-02 4.210424370320662857e-01 -1.693358952227187464e-01 -3.716907948716107191e-01
-6.951104659470339064e-02 1.748901052085820862e-01 -4.880006552662018993e-01 2.167009623481677694e-02 -2.127277019892488130e-01 4.292988785478341618e-01
5.200545157132546031e-02 2.596272349153249531e-02 -6.223075862101140610e-01 -3.540835510464773739e-01 -1.607809917518658871e-01 2.722417454479956200e-01
3.008584584281047414e-02 -5.641249245983352978e-01 -9.918466244332091453e-02 3.338134849553068828e-01 3.765701710347272302e-01 5.195189266844746356e-02
-3.106363573947687126e-02 4.183159669508497158e-01 1.547044169030762084e-01 1.767899822010150779e-01 -4.578397887956201506e-01 -2.802070283146601559e-01
2.358451876163421002e-01 -2.725314959336470610e-01 -4.086506694166749387e-01 -2.412317175730936403e-01 3.539114202464491155e-01 2.077638820847048651e-01
3.399333670764133064e-01 -4.023339042505009178e-01 -1.111890816645653146e-01 -2.591786094850823119e-02 5.073542937255692831e-01 8.533130255983828460e-02
1.022617419587068255e-01 -3.611203532755427603e-01 2.998476083579876827e-01 -5.439394402791661309e-03 4.166612708812933996e-01 -3.193908032012403031e-01
-2.302296855565572342e-01 -2.435817508832252842e-01 -4.751444302226610072e-01 2.190395833732679820e-01 -1.851081482896466124e-01 4.163363389445648433e-01
-4.039728067714603021e-01 2.593649187170196657e-01 -9.633548364493406402e-02 5.597044999149599631e-01 -7.467102312873619141e-03 -8.507843559895059138e-02
-3.794786694811619898e-01 -2.739237710675411774e-01 -2.348577021992415970e-01 3.089079146875873261e-01 2.171656515402959342e-01 2.989541464320738529e-01
-2.635440665131113525e-01 1.835760133845867614e-01 -3.953155635376641164e-01 1.682572217125958280e-01 -8.779168777065829432e-02 4.648630331830037599e-01
-1.922326316817510594e-01 -3.217036586279041765e-01 2.148776223546819408e-01 2.697024013260753694e-01 2.828330910283884947e-01 -4.340841204276359444e-01
4.517355268158526060e-01 1.919930596018060848e-02 -4.135451062966349345e-01 -4.347615465577068239e-01 1.186778595370236444e-01 3.836966031137623023e-02
-2.607794558565930676e-01 -1.832030736452785746e-01 2.812642434009059444e-01 1.233549417715906205e-01 1.885277511983518561e-02 -6.196320872268982205e-01
4.800405661066324270e-01 -6.947016084925285162e-02 1.341019316906965665e-02 -4.241840162458106467e-01 3.495657505855601643e-01 -6.897190195812018254e-02
6.984485636158691002e-02 3.571641144569695503e-01 2.356903737855364500e-01 -7.270926686713996556e-02 -4.822445718228010603e-01 -2.887821034223324590e-01
-9.387337217751540175e-02 -1.907478704249394030e-01 -4.655036513353184580e-01 -6.923351406991684609e-03 4.599869840399095633e-02 5.021692045595516074e-01
3.503399768081454368e-01 3.029841623088477265e-01 2.871672614613639089e-03 -1.397820356285370269e-01 -5.567421803471488406e-01 -1.408329851677992128e-01
-7.115291410854149290e-02 -5.437633856617376527e-01 -1.599287625090632659e-01 3.534304568315120854e-01 3.041223977976981185e-01 1.575907791392573143e-01
-9.114156792521657668e-02 4.707093818200384638e-01 -1.777245694308611512e-01 3.511911569046052284e-01 -3.357343095556996615e-01 2.146914511199039255e-01
-3.755173002603891946e-02 4.217254789579980012e-01 1.851798167329608280e-01 2.787242212934950003e-01 -4.026474016584942750e-01 -2.842654690256569694e-01
-4.321285315465892701e-02 1.733469665266222093e-01 4.184622245852229194e-01 -7.630432793029276461e-02 -2.343524000013994801e-01 -4.940541757220940355e-01
2.541777052395007841e-01 -1.911144098852339546e-01 -4.463266548288331026e-01 -4.496967197355487000e-01 6.799240878880227767e-02 2.150540603289823882e-01
-6.615486462230071862e-02 2.466096794413170090e-01 -4.601172167314694916e-01 -8.096848495308221760e-03 -3.005376250975699270e-01 3.749031985274800527e-01
-3.388337577446998150e-01 7.325395472907218763e-02 2.857619950616341886e-01 2.497400351907231864e-01 -9.888103415057676593e-02 -5.041433384265079365e-01
-4.403040761758735266e-01 -1.912374084516501593e-01 1.413715109436580221e-02 5.045532738481476320e-01 -3.891898543292873769e-02 -2.757657397409520872e-01
5.010787365325607423e-01 -8.824134720517552710e-03 6.484397055933623089e-02 -4.632440476090774473e-01 -2.709651478108755507e-01 1.017717005366851335e-01
-6.800423535495163721e-03 -3.658824115314335823e-01 -3.886564947083807620e-01 1.782502845728166363e-02 4.008522116938937896e-01 2.528352080140057745e-01
-2.481993796198639357e-01 -3.274606497537860261e-01 -4.127111437551715389e-01 -9.065647496575277020e-02 1.354272137741050486e-01 4.595933093985023477e-01
-3.554869835214015672e-01 1.975940144359574768e-01 -3.108105681278547916e-01 2.784658803002900140e-01 -2.437452584579498649e-01 3.242669174231234130e-01
3.821083016568682655e-01 -2.736569145413046966e-01 1.416654460641448010e-01 -5.497691964934824371e-01 8.008592775870043701e-02 6.122708480189030522e-02
-3.952736999936681261e-01 -1.518346183413832873e-01 -2.276868679087590275e-01 3.254666857995671680e-01 1.826441124458174081e-01 3.794846687574467969e-01
-3.025636466933756541e-01 4.903632166858273161e-02 3.171116599998141661e-01 2.155087341146828539e-01 -5.945340323870437066e-02 -5.313168802046105421e-01
-7.148015460159336254e-02 4.431896286983900701e-01 9.413452851059285476e-02 2.553128824059643920e-01 -4.318518514686319199e-01 -2.629491016805489134e-01
3.999123728872295280e-01 -2.446617033118717588e-01 7.771668119767101424e-02 -3.781381251773539565e-01 3.702978686301579003e-01 -5.058821870225251038e-02
3.207529751331407164e-01 3.366405152064895212e-01 1.521072096073513430e-02 -1.722998051490209348e-01 -5.197650521719503480e-01 -1.379834695924407328e-01
9.255122795951652159e-02 -4.826530764132886397e-01 -8.777302163402479762e-02 1.437757178197084096e-01 5.070196450947779265e-01 4.610735759078950224e-02
5.153777798513272668e-01 -3.129902590869371726e-01 -6.303123859042669697e-02 -3.109089321454061583e-02 5.082486566484503143e-01 1.010986875028812015e-01
1.830847018769928003e-01 -3.477104050661071755e-01 -3.598344709919493734e-01 -1.598459010838126637e-01 4.285350050535779998e-01 1.691661573829706389e-01
-4.605475696863972623e-01 1.686460000791939473e-01 -3.070925443950464975e-02 5.131240608368929923e-01 2.193613088535265043e-02 1.437607148825635617e-01
-9.905919208889175931e-02 3.081859184398921259e-01 -3.642575621207675418e-01 2.274171379908311585e-02 -3.658467150101864518e-01 3.643332341216917181e-01
3.498919733799802367e-01 -3.267852880330149867e-01 -1.024252527805078958e-02 -2.268471953245103645e-01 4.873869647734361266e-01 5.680577106213526017e-02
4.224823631742216645e-01 -7.923036732506184843e-02 2.265656928391168168e-01 -4.891492521161968088e-01 -2.425665852885002804e-01 -1.505935280535753429e-01
4.208038615513846198e-02 -1.739357984057837980e-01 4.367638496466175746e-01 -2.132364813782181845e-01 2.024233311627323395e-01 -4.538354445050133967e-01
-3.378577645869795809e-01 3.136804157307183233e-02 -4.043270994912823713e-01 1.812165519450551487e-01 -6.872208496675949463e-02 4.445214267406017439e-01
-1.062333654496488283e-01 3.209915203555640528e-01 3.017724943310933772e-01 1.059438709384201288e-01 -2.669855939603156814e-01 -4.787809845539170994e-01
-2.413549595231849199e-01 -1.775912058043292996e-01 3.463873266284754338e-01 2.843474665921913447e-02 1.479889922666973723e-01 -5.598196304525453471e-01
6.797723681646861138e-02 4.608129748959492455e-01 -3.677019377000785572e-02 1.128769269401431186e-01 -5.345205305966533871e-01 4.864192873379873105e-02
-4.726610955650170087e-01 3.007753504851410839e-02 1.652252295898028744e-01 5.191093953084503498e-01 1.202185929465498099e-01 7.430832734591608091e-02
-3.843572366045754918e-01 -2.224894070256615008e-01 -1.767120919776954679e-01 3.894429392304779580e-01 1.856803584006013752e-01 3.076748715850226024e-01
-1.358792985342508475e-01 -3.893234528744410339e-01 -3.463923305396572894e-01 1.715743440147324272e-01 3.789566432584662303e-01 2.150504105919499032e-01
-1.220251492950655825e-01 -5.226898431241877585e-01 -2.049310734258638078e-01 2.057518800885356214e-01 3.266875075581709975e-01 2.087358640447047331e-01
3.764216684679005942e-01 1.128024468086199772e-01 -3.486571393741862424e-01 -4.942541872514100154e-01 1.397581043524370736e-01 1.424609185241429432e-01
-2.284574664931650900e-01 -4.497268550685394328e-01 -1.250775886172474094e-01 4.777409806779462365e-01 2.283612295221629229e-01 7.858954851887381410e-02
-6.523149058122061639e-02 -3.752328682704337837e-01 2.870031910195445790e-01 1.259347166080272418e-01 3.130233710923024937e-01 -4.128245236411005048e-01
-2.679370604432593228e-01 -9.517535658141695887e-02 -4.291932271684082423e-01 1.674982875669510096e-01 1.396725063400389433e-01 4.398536869763070012e-01
-3.303316402618969860e-01 -1.996188292121247321e-01 -3.429249182140662322e-01 7.511572301666485929e-02 1.133134791032462674e-01 5.159614572878831185e-01
-2.086302036261148407e-01 -4.564492373987728557e-01 5.834455178549718957e-02 3.423005025922584155e-01 3.097435036908163797e-01 -2.724484959760090086e-01
-3.650824112418945555e-01 2.716200866089378274e-01 -1.731528456217718837e-01 3.791876927814132880e-01 -1.661397941634231157e-01 3.312560153663186568e-01
-2.722653811078123431e-01 -4.375645968792189477e-01 3.807603763436531036e-02 3.502892951206030836e-01 2.891534128245310531e-01 -2.522799670880327971e-01
-3.723165424476864716e-01 3.401143185230571242e-01 -5.096136526915528986e-02 5.288791806718040611e-01 -8.369904549891971079e-02 -1.416724511821458310e-01
3.363129243051879991e-01 5.704162426479307546e-02 3.583169711223903042e-01 -4.900005932186518587e-01 1.050739787344921461e-01 -2.028415302669016040e-01
-4.510813084022310404e-01 1.356629992973271692e-01 -1.418664740495102217e-01 4.799141987889002925e-01 2.691727188930431725e-02 2.065897389248432525e-01
-2.707043704697826847e-01 -4.521517187815979888e-01 1.460727010788718250e-01 3.265452920765017364e-01 2.288872188833969146e-01 -2.775766893048327022e-01
-3.170499203901183671e-01 -2.533003021255998410e-01 1.222323588971281488e-01 3.256995810714505835e-01 1.412215934108104198e-01 -5.344453035166791821e-01
4.047902077351310246e-01 1.632777657632281942e-01 -2.370089959897744014e-01 -2.756474206641907343e-01 -4.811404675106740747e-01 1.118889467993014197e-01
-2.566119363779702928e-02 -3.262218194857368081e-01 -4.178113625752383209e-01 1.834269708521558961e-02 2.939102041885238714e-01 3.654510013966962845e-01
-4.648122457007853314e-01 -2.601007051773777667e-01 -8.415299392915900900e-02 5.139882784387226344e-01 -1.234098682697150062e-01 -2.366821683506680485e-01
-2.635605773816667718e-01 1.785967617982838207e-01 2.614154815912035357e-01 1.993358853078611714e-01 -1.816625343156565986e-01 -5.484858114025851217e-01
1.496579926414312867e-01 -4.727053451557713948e-01 -1.136486654949454556e-01 1.523323301556817888e-01 5.067484227472542901e-01 8.800243035981469841e-02
3.858165824452072790e-01 1.927021535377985290e-02 1.750110551271780168e-01 -4.815317084882557164e-01 -3.017404719083940923e-01 -2.053296879943911635e-01
-1.586566000656950970e-01 2.682133516171291698e-01 3.543393959091807877e-01 3.794318137531413337e-02 -2.545378771869077350e-01 -4.751662874476103027e-01
-2.034110092401696934e-01 2.601183312062960162e-01 -3.978854495012281167e-01 1.469363782948646113e-01 -2.416282771942938057e-01 3.930045864746221640e-01
3.418109166361252282e-01 -1.033422593320704463e-01 -3.673870182067144330e-01 -4.045112342969689467e-01 2.622675669021762301e-01 1.887898439401783368e-01
-1.757371342483191323e-01 4.407641775578024501e-01 -5.518829312851005614e-02 3.758479006985308013e-01 -3.884934332240653210e-01 3.473258421947058444e-02
-4.118842545098082286e-02 3.448153932812021982e-01 -3.296802327499048779e-01 1.157066898532025795e-01 -4.474392196862794768e-01 2.599947209537715187e-01
-1.586698458458140060e-01 3.521658447478495102e-01 -2.574443485786109265e-01 3.227739684252199925e-01 -3.383657330409989283e-01 2.823500509631050037e-01
-1.453879763429949401e-02 2.805595045522618070e-01 3.293301822902420239e-01 1.606179934769946457e-02 -3.525902633009257436e-01 -4.440940059349518521e-01
4.220826663878408658e-01 -4.691610125295329198e-02 2.131969522488993962e-01 -4.847989823965216383e-01 2.028179311852496836e-01 -1.262122228485202946e-01
2.610450888059319685e-01 -5.943169970072308822e-02 4.018404376311719428e-01 -4.256471434490080585e-01 1.513388057991311708e-01 -2.938819007855726362e-01
-3.050520846219761939e-01 -2.426586156841058911e-02 3.776474619768562802e-01 -1.004062117449031621e-01 -1.146419935223078404e-02 -6.011048990210029475e-01
3.754131989746671838e-01 2.017363301403905795e-01 1.081891076663336199e-01 -5.973252191547403500e-01 4.397269399544145863e-02 -6.178325775058361724e-02
-3.968810923437767757e-01 2.825945387318914981e-01 2.922726388093659089e-02 4.273591657643308617e-01 -1.465137004784228814e-01 -3.402238370183621186e-01
3.270470871166513693e-01 4.889101152532174949e-02 -3.859622563233915393e-01 -5.162521447250278950e-01 -1.479002682722768969e-01 1.141573271472589024e-01
3.220494391750826080e-01 3.074450674298279118e-02 3.826275382541190484e-01 -4.301143650857957579e-01 -1.767855963425705723e-01 -2.428169979544105295e-01
-8.997850592629137723e-02 -2.701263678957858128e-01 3.744461144478628545e-01 3.811096626803477105e-02 2.013129632686457837e-01 -4.981007577281895693e-01
-1.122849806915878351e-01 -4.741891779515888250e-01 -1.438117341197372723e-01 4.359609563495586149e-01 3.418500857953827299e-01 3.923556179357551299e-02
3.003972400589555725e-01 -2.650353162898484369e-02 3.652679848769909143e-01 -4.957583719533022459e-01 -6.097710979128304065e-02 -2.388411227104342838e-01
-4.407439165609471354e-01 1.239674125652864556e-01 8.119711628340531284e-02 3.774003772762668518e-01 -1.667135031223903330e-01 -4.149324229667588626e-01
2.781848129875346687e-01 2.034753061433173527e-01 2.092744523616271168e-01 -2.991668200983007009e-01 -4.808345372116127336e-01 -2.361300043523465453e-01
1.740272331094386282e-01 2.748737400593636027e-01 2.603665718560871367e-01 -2.016603833196128903e-01 -4.040109562674637500e-01 -3.704855375602874590e-01
-2.548355913595427569e-01 -3.527181473929977829e-01 1.547346847354177934e-01 3.289437697367675884e-01 2.551373840114408154e-01 -3.835155456398335327e-01
-1.041227474743092324e-01 -5.133963363417549663e-01 -1.880136279805797173e-01 2.597456303944836176e-01 3.496989067046918365e-01 1.622240127974045876e-01
-6.340906027604648054e-02 4.616394979368504403e-01 1.345716367208545372e-01 2.261857742189728460e-01 -4.053649838478770029e-01 -2.709379937430825280e-01
-1.555321356551256640e-01 2.478046250494419719e-02 -5.244242416672076912e-01 -3.241504393359708192e-01 3.294420593639000444e-02 4.612233733337011143e-01
8.341121667952047791e-02 -5.009883981755383076e-01 -6.573297905337098512e-02 2.182516417689015498e-01 4.898001158817046896e-01 -7.823018569946847689e-02
-1.076711576903631451e-01 3.457612759351289533e-01 2.871167593846024602e-01 1.205127841539024303e-01 -3.051902534182459048e-01 -4.368958061948321481e-01
-2.719364338745767773e-01 3.853105523240194508e-01 7.249479011071405243e-02 3.091121650959203215e-01 -3.367961782546924354e-01 -3.029308287372091124e-01
7.512114079466850058e-02 -1.866225747335289453e-01 -4.996088291928263980e-01 -2.286316123743939166e-01 2.186562756309060052e-01 3.626459582044350705e-01
1.519843481919034844e-01 -4.643222750966653489e-01 1.073580252626058495e-01 4.531968947585431062e-02 4.931563310204215567e-01 -1.607042238682053759e-01
-4.084990964686022186e-01 3.993048476887707532e-02 1.992555220309625563e-01 3.247089554660977373e-01 -3.349642005547806556e-02 -4.767729109702223411e-01
8.776238261612163971e-02 -9.371997374139920400e-02 -4.995901147248358320e-01 -3.091526487729954753e-01 1.695931968817997182e-02 4.115676937053532880e-01
-5.324099029496980051e-02 1.481803892504667246e-03 -5.418570074672111048e-01 -7.431739659314628987e-02 -2.965622266801724027e-01 4.124624049611158583e-01
-1.303028732030102887e-01 -4.238450072123318702e-01 -1.975217483662871643e-01 3.973076980349115050e-01 3.519396805466650235e-01 1.485782420362982137e-01
1.897435966046580325e-01 -3.094310157289933971e-01 2.517288633039957979e-01 -1.484602535573424642e-01 4.508013764342658214e-01 -3.029465964392016319e-01
4.247353756044180972e-01 -1.194996471044741521e-01 -2.344084409595077190e-01 -5.039623865552526061e-01 -1.595751569635598943e-01 1.342572884881233219e-01
1.694134675568373660e-01 1.500621464939139449e-01 -5.024076289950154539e-01 -2.242488304289400325e-01 -2.848350415612552755e-01 3.074654665985249169e-01
2.185183839897395300e-02 -2.302933783599877271e-01 3.905840266602492727e-01 -1.001179072056550268e-01 2.167128712896669585e-01 -4.955924760361902770e-01
-1.381427533644039585e-01 -3.602997252756717228e-01 2.668542726264631626e-01 2.137264127042620698e-01 2.752484066531966644e-01 -4.203623322164839471e-01
3.679600006882771113e-01 -2.733643405509747493e-01 -1.419378174797193692e-01 -3.139685535708503505e-01 4.565956715007562505e-01 -9.576609787244150240e-02
-3.394269242418916366e-01 -3.945815872865322538e-01 -1.201764543503821003e-01 4.222083842067873571e-01 1.777421814251635146e-01 1.837267550632843971e-01
-1.862232041388424963e-01 6.353967079499359127e-02 -5.306155456952028615e-01 -1.904692359614136854e-01 -1.192397226197712545e-02 4.665239680090389474e-01
3.318747868867129025e-01 2.980291263992824180e-01 -1.108613895935269822e-01 -1.993635486262538281e-01 -5.464709544501447080e-01 -4.299796552191308130e-02
1.925600331722181480e-01 -3.615631297097687824e-01 2.190905630294613660e-01 -1.137230415576367393e-01 4.248640591454128090e-01 -3.173075678056140880e-01
-4.865295683510881819e-01 1.761715936575848351e-01 -1.183461631644757428e-01 5.087677831769024106e-01 1.958971517120808581e-01 -2.131833098993186626e-01
-1.764800737304182410e-01 -1.424233766028787651e-01 -4.636610331543559727e-01 -1.396313526903479318e-01 -6.763195326207556424e-02 5.328571125672199038e-01
2.134213061323838589e-01 3.737174838639013563e-01 1.056384192061446542e-01 2.330755845688151084e-02 -5.648891226291411494e-01 -1.822407241724444127e-01
-1.369479850961832224e-01 -5.062238633731038773e-01 2.263593735077139291e-03 4.648711499940987313e-01 2.792038442348568905e-01 -1.423636677369174985e-01
2.296503376172289168e-01 4.091586272702030791e-01 -6.253137143847137258e-02 7.539390216057290095e-02 -5.755368545268495506e-01 1.858434990256742358e-02
2.171691567922933441e-01 -2.126547395372074822e-01 -3.914034873591089592e-01 -4.217499686252078606e-01 2.062023813779541581e-01 2.538414765378571025e-01
2.634286077181072216e-01 -3.536650370042652147e-01 2.281270896043928811e-02 -2.973729243804190681e-02 5.939671909929477023e-01 -1.038637112868703721e-01
-3.881544496578308578e-01 -1.087562287108768677e-01 -3.120943145785582407e-01 2.275213226301170399e-01 8.716091339404724581e-02 4.511617478586018026e-01
-7.997807637853927842e-02 -3.546311128393203616e-01 -3.765574607361602544e-01 5.911522418182317551e-02 3.148598063888290444e-01 3.531239511212833637e-01
-4.891542908185916860e-02 1.545897539215705489e-02 -5.621982105809696373e-01 -2.680077503586981158e-01 -1.618676764566128745e-01 3.972567457883388053e-01
-2.410399597207761035e-01 -4.454822534074485141e-01 4.937073957508945898e-02 4.956656379213705277e-01 2.085522520358858989e-01 -1.223957533512681911e-01
-4.829657553614878918e-01 -8.109693040754109572e-02 7.868997117785785089e-02 3.335028227025336189e-01 1.470337421456130444e-02 -4.906968592532885975e-01
-3.187385074957711506e-01 2.891403017321439450e-01 -2.315077263216321068e-01 3.431974815126219713e-01 -2.027579212520131957e-01 3.340688685623047771e-01
1.614097851379772408e-01 3.866255598784573699e-01 -2.379757058724659147e-01 -7.326831906929356930e-02 -5.016485007773808791e-01 1.568601848108274188e-01
3.083494237325664633e-01 2.125803823946530446e-01 9.893300596326343177e-02 -6.617423327106738418e-01 -1.818159731410823321e-02 2.362767546294490539e-02
2.726006213494592822e-01 -1.318098109142471774e-01 3.303677859923379034e-01 -4.168349355127379807e-01 1.637257579920526618e-01 -3.309470712771337975e-01
2.937449627121479501e-01 2.454853069977364910e-01 2.446647505448089621e-01 -2.956997794102251276e-01 -3.824965761686357490e-01 -2.634628420922233705e-01
-3.926255960211934987e-02 -2.253152160452008002e-01 3.963587325876005707e-01 2.277758980684094214e-03 1.900841588215342604e-01 -5.123314023276878126e-01
-3.394449901272729164e-01 -5.754856858048365553e-02 3.191065582373303622e-01 1.799527126051700954e-01 -6.905771943317284833e-02 -5.353485698079700761e-01
-2.622211193406855448e-02 -4.199680312153447059e-01 -3.051028533514482111e-01 6.522436009721857553e-02 3.737941696259710622e-01 2.962116328108108099e-01
-1.322847144067385294e-01 4.642103774361044932e-01 3.684718966060787637e-02 3.210068548515285780e-01 -3.936534973125305203e-01 -2.052195896393118058e-01
4.795373683567352718e-01 1.178567430996718679e-01 -1.491540143972386713e-03 -4.516519735043918460e-01 9.379039361380960005e-02 -3.652321351105850544e-01
-3.202771796993876263e-01 1.468238062571747661e-04 3.534745960630101269e-01 6.183489727367796895e-02 -3.940733301546434780e-02 -5.697945030134469180e-01
-3.135525990231036175e-01 -2.980113638534001019e-01 -3.327338574001740823e-01 2.977148631177480853e-01 1.602006319231861764e-01 3.125520146397459675e-01
-2.617129106126490634e-01 4.491551137686512485e-01 1.279673096350515127e-01 3.285076300011676165e-01 -2.133354083418264047e-01 -3.332766838774066098e-01
2.476265682409035940e-01 -3.960371765360622964e-01 8.434193018223984373e-02 -1.167759612810324310e-01 5.083447755009775637e-01 -1.377032933819876404e-01
-3.605236099234917502e-01 -2.991377986323134897e-01 -1.760048851974726769e-01 4.067045714400802092e-01 1.524850758589076372e-01 2.794044877383867753e-01
-3.281379765148503824e-01 -3.989267730933395706e-01 -8.105497917579254641e-02 5.106938939463778748e-01 9.985189013404427438e-02 1.370755739515060190e-01
2.238940735048474406e-01 3.353860307900859389e-04 -5.257666456891733064e-01 -4.392673311847098416e-01 -1.028347791111364345e-01 2.155651749922006255e-01
-2.497051287709150802e-01 -1.361294347951139960e-01 3.702546909633610550e-01 2.008043918774868319e-02 8.828482256119418725e-02 -5.661501298360824830e-01
7.041976724052216585e-02 4.404172303085391316e-01 -1.617961963313213902e-01 1.190776913342014437e-01 -5.188515365141825875e-01 1.164767621488523586e-01
-3.345232990128375189e-02 2.521221471108172074e-01 -4.288207651071916371e-01 -1.809410149680489716e-02 -3.485275567242991923e-01 3.705440190202196615e-01
-2.832476994065869502e-01 3.833747125791647781e-01 9.575266189409094297e-02 4.428642072479365699e-01 -2.273043213591204870e-01 -2.202103367667258005e-01
-1.600651879095980612e-01 -2.933887031241658727e-01 3.008307801714968921e-01 1.224120450731385201e-01 2.423189064101696211e-01 -4.949229316850201066e-01
-4.338541632520122038e-01 1.340194860149396261e-01 9.856695544622885718e-02 4.063515280120536532e-01 -2.302705051309844597e-02 -4.204617352174192524e-01
-1.259034378450694935e-01 -2.751153276758994681e-01 -4.611747326389786794e-01 -4.322652006938583480e-02 5.225988113170459970e-02 4.800956854265687745e-01
3.858602387267023870e-01 -4.711655905731198385e-02 -3.766202913964233900e-01 -4.287625330148420177e-01 2.017583550467017262e-01 1.472604363363722024e-01
-3.363151243085828468e-01 -1.759692634550968915e-01 -3.607167217086706956e-01 1.527596312456800387e-01 8.751869865412559291e-02 4.707758984047413775e-01
-1.942648294872808823e-01 3.513926527939151973e-02 4.129306000888378625e-01 -1.264866432779349070e-02 -8.380688015423681803e-02 -5.632186625955345471e-01
3.938273063207931024e-02 -2.207083713048677287e-01 3.706571913389374862e-01 -1.289423440280149935e-01 2.358783956912085256e-01 -5.029532444073077091e-01
-3.865701105690681483e-01 -3.283400738855123957e-01 -9.342236968463867031e-02 5.064945263957836286e-01 1.052917773293732817e-01 -2.134180855031167223e-01
-1.602176289992024161e-01 -3.930177693312024156e-01 -3.750519123681329003e-01 1.485588252236731133e-01 3.315861946245945435e-01 2.410699885062756453e-01
-4.067366070302590453e-01 -2.043257054215011706e-02 -3.069235239342675836e-01 2.514265316063512001e-01 2.075365863631198002e-02 4.448244241614125460e-01
3.063893101547093822e-01 -3.239399976447566165e-01 -1.375422014141301497e-01 -4.664767957145878885e-01 2.892167136194255250e-01 2.591063530068637988e-02
-2.122403224370676689e-01 3.783997454633041824e-01 -1.678495368443964353e-01 5.117687235208836505e-01 -3.084206670912413295e-01 -1.039072013423142093e-01
4.347828286143339827e-01 3.844962931830677721e-01 -6.757787782326507564e-02 -3.882880791523103947e-01 -1.718259662918300013e-01 -1.818574665560584169e-01
3.397726395758988160e-01 1.609495610394430509e-01 -2.553908954985950053e-01 -3.992439573389283125e-01 -4.151768378624374201e-01 9.379793876272446429e-02
-1.841345243105722840e-01 -4.447119616656332042e-01 1.355228453463945271e-01 2.980097815267936934e-01 3.108128345416761862e-01 -3.080074813106538634e-01
-2.189424740110043899e-01 -2.537982382716061358e-01 -3.541095743655534034e-01 1.157707990145794563e-01 7.263949837167243961e-02 5.298618216398345293e-01
-2.354807091436976474e-01 -1.806136767933794185e-01 -3.511765899360511645e-01 4.964692490596264718e-02 3.314015929915253844e-02 5.831742702106980092e-01
-7.662006060917783690e-02 -7.271619735678937213e-02 -6.361857333687395144e-01 -3.532731920518247248e-01 1.433034117881074043e-01 3.001894976833551221e-01
-2.222757851158813358e-01 -2.315776880205181951e-02 -5.263665117405906813e-01 -2.129475264265589807e-01 -2.455000485137702818e-02 4.735890099045513280e-01
-2.081204073047730752e-01 -3.341982876567903826e-01 2.932437951674609078e-01 1.528422310109766313e-01 2.247011857817465819e-01 -4.533065061051723132e-01
3.741698390550474151e-01 3.212740008157878302e-01 6.849258064374363908e-02 -1.035411875677913485e-01 -5.171597099868329162e-01 -1.938451551715614229e-01
3.432733064865600703e-01 -1.237919458809603745e-01 3.172168643970063595e-01 -5.558832967030815642e-01 -1.349950649566531991e-01 -1.202667273678061921e-01
-7.434035403424855970e-02 -1.938956214778450871e-01 4.139040912896966296e-01 -6.900240711454518061e-02 -5.579864343844376240e-02 -5.765002357298633084e-01
2.525000048899794791e-01 -3.693165934314967536e-01 -2.397173528544606635e-01 -1.289907181519061030e-01 4.744652600498245332e-01 1.377704111440635204e-01
1.448772118517343936e-02 -1.522819795273285502e-03 -5.505653432545386528e-01 -4.445338605067329918e-01 -5.970386042734785598e-03 3.378486405928200487e-01
-5.369181635406850006e-02 3.836374324443757589e-01 -2.644596960497520022e-01 1.659211174474653494e-01 -4.561128302340657914e-01 2.321182491296241435e-01
4.346152751446808460e-01 -1.805886165648144803e-01 4.529242771084751595e-02 -3.632120023820502586e-01 4.200065378443795794e-01 -7.215626285476159363e-03
2.346351965963742181e-01 2.135940158953305301e-01 3.671933531861644728e-01 -2.193400689847789242e-01 -3.010141312426309890e-01 -3.601888799895955340e-01
4.284935316587327181e-01 1.777913077447157153e-01 -7.589948565944849845e-02 -3.538997594724487827e-01 -4.433050838620399281e-01 -3.007361604428615554e-02
3.861838402849785551e-02 4.599283048870675961e-01 1.062728913675978909e-02 2.180619055445794929e-01 -5.238121471709743515e-01 3.228264164038984439e-03
3.320850390546869479e-01 -2.115242459574148137e-01 1.979667229706347786e-01 -3.009509752503096158e-01 4.216001449245061483e-01 -2.474756529471047739e-01
-1.276657685591014828e-02 -3.927339487863581308e-02 -5.500853690870509682e-01 -3.338245570675913987e-01 5.100051555059669645e-02 3.926618899586651334e-01
-2.825421640810299451e-01 1.264945704548817995e-01 -3.951030931152773040e-01 1.066124383885818649e-01 -4.520952336665792770e-02 5.099253039760196504e-01
4.838116071048723099e-02 -4.923757261765095428e-01 -8.598917676337712590e-02 2.480079310834669704e-01 4.848850987691942227e-01 -1.450188714559839942e-02
4.449972472886489228e-01 1.024548932961788089e-01 1.998452660616747978e-01 -4.158070831504763754e-01 -2.859220799059172258e-01 -1.290608472649518168e-01
2.302540410108811497e-01 4.181403294915934099e-01 -4.613177411995994515e-02 5.570474980501766149e-02 -5.665040588871398386e-01 -4.330805780968770280e-02
-1.898354223155472031e-01 -4.626809846948953253e-01 -1.721545897238730138e-01 4.394384603203491668e-01 2.581863754548476275e-01 1.183013100321571864e-01
4.324481261563118545e-02 1.332971271415132886e-01 -5.211836334851287500e-01 -1.477684144935472454e-01 -2.384673030787435588e-01 3.872794397833146940e-01
3.298421489648802885e-01 -2.806575658494078751e-01 -2.277236081845257776e-01 -3.358122228585362912e-01 4.437384542116327713e-01 -4.840639375128413802e-02
4.497568626101819400e-01 -8.888257903011649932e-03 -1.791986096022429864e-01 -4.736667521313771556e-01 3.589374757457791665e-01 -6.968579115909664945e-02
4.152125583846750789e-01 -5.753901195892358739e-02 -4.075329706420160458e-01 -4.892832707021963490e-01 -2.041037409714318573e-01 -7.025698081400411077e-03
7.428738541700688480e-02 4.388647495147510735e-01 -8.479273410824177126e-02 1.594965600872630396e-01 -5.440641255687576061e-01 7.827235436590727902e-02
1.348207588030048143e-01 -2.900532417148338760e-01 -4.005248558097083134e-01 -1.556996308979626265e-01 3.634136165161821475e-01 2.984593846146972318e-01
3.142108331394150578e-01 -7.536063477460626381e-02 -4.126614528592972286e-01 -6.300975156303938451e-01 2.517174493214012487e-02 -9.933257919117316481e-02
-3.090491043767194454e-02 1.931338616188663926e-01 -4.802858629003993740e-01 -8.596396171160025634e-02 -3.565346131514968153e-02 4.916322724060168681e-01
1.156736918271749903e-01 -4.876504346424594405e-01 -9.232713796209923718e-02 2.329403389885852382e-01 5.045295438754582307e-01 -4.957876148174574643e-02
-3.441365680937092941e-01 -2.326738650456031121e-01 -3.057349172435822604e-01 3.504079549524691251e-01 6.516185200932944621e-02 3.491710234478506703e-01
-1.207479077172609050e-01 4.753391507836994823e-01 7.713277959399390815e-02 2.841986208773575329e-01 -3.859678622642307433e-01 -2.297361472357200007e-01
3.639680881211326269e-01 1.555192403636930509e-01 2.060531495706573457e-01 -3.528049708155455710e-01 -4.086612376731855178e-01 -2.037477413320303299e-01
2.336594179330768462e-02 4.431022201492204049e-01 8.208841870543487351e-02 2.531256686642210929e-01 -5.172155028259122211e-01 -7.602653583100338341e-02
-5.006820779934150201e-01 4.560398851930683867e-02 -1.387780157199881292e-01 4.128059863123673123e-01 4.112723777015558357e-01 3.962093473582095626e-02
-3.302556201629493482e-01 3.223533581176137308e-01 1.415492690964360312e-01 3.295065043943525285e-01 -1.856810577837731402e-01 -4.121789776630840896e-01
-3.117536561038786735e-01 1.123621635610876635e-01 -3.828858785980428503e-01 -4.588172197303791444e-02 2.387205851851564864e-03 5.748289136644435526e-01
1.813257481088017403e-02 3.634278818441457615e-01 2.353767985414726704e-01 9.362092211319880675e-04 -4.826967664857971796e-01 -2.973307802473353911e-01
-3.616178657948961872e-01 2.455519590749803971e-01 1.537382089046858136e-01 3.618682373501334038e-01 -1.442443036039147142e-01 -4.160220320366994073e-01
1.059369190370821473e-01 1.530202076729630101e-01 -5.001207254092349119e-01 -1.632379499954899060e-01 -2.857712012031510262e-01 3.572047608431058174e-01
-2.736841150771960884e-01 -2.622559138678756119e-01 3.107003394847290823e-01 1.832961407864122649e-01 1.575078133272458936e-01 -4.734982699772430914e-01
2.992198399063888403e-01 1.524670210039482388e-01 -3.049241831278144965e-01 -3.766243264787819123e-01 -4.051906158280491610e-01 1.770017684934751534e-01
1.705465864726713465e-01 3.432655087370170555e-02 -5.221045092026396217e-01 -4.212868200302784527e-01 1.217243197235269928e-02 2.836512937319833894e-01
-4.111520390749425213e-01 -2.470197306958713812e-01 -1.074765875507484036e-01 4.592716237765460119e-01 -7.306251790126561119e-03 3.225235231226130095e-01
2.127123287773187710e-01 -1.651925207538305629e-01 4.474046127021061303e-01 -3.128606170427637445e-01 2.253518455906171059e-01 -3.084050038936438365e-01
5.780933173779418954e-01 6.580604996500148685e-02 -5.308937917660099676e-02 -3.601535668233450949e-01 3.825227091426759429e-01 8.613469232653261920e-02
2.622299537003678904e-01 3.667627195857496858e-01 1.675173335357903193e-02 1.770190993916231914e-02 -6.012263674128202062e-01 -3.984476182053166976e-02
4.462444408039390464e-01 -1.838239494091528994e-02 1.834751327076936112e-01 -4.700426244195192171e-01 -2.679626373936033756e-01 -1.297783057114870187e-01
-1.809781007724294358e-02 -4.956322903074844924e-03 4.573105844594785863e-01 -2.987278485509827775e-01 -4.841675637693697992e-02 -5.015209816815675570e-01
2.727443361845142134e-01 -4.120858771334256487e-01 -1.095599410094304921e-01 -8.375056296494187702e-02 5.193126052159502404e-01 -3.601910910158052925e-02
-2.269373022823248376e-01 -2.186732848380221750e-01 2.890341820852822541e-01 1.775511222389781207e-01 1.308704143018663002e-01 -5.560742824444946386e-01
-9.525110744617640290e-02 5.224508853225861595e-03 -5.357625355464701311e-01 -1.785179607795312762e-01 1.535420555948449894e-01 4.496655625228457298e-01
3.371202823599420695e-01 -8.188075653533555265e-02 3.232289499421703849e-01 -5.177267949521927592e-01 6.214362279550855739e-02 -1.752622260772914720e-01
-5.428749056538442752e-02 -7.090474015855268743e-03 4.574848404096991672e-01 -1.035730383435104207e-01 1.930921802530170817e-01 -5.210333452721405134e-01
3.761610035165208199e-02 -8.571442753111613300e-02 -5.532142187821798007e-01 -3.253807067334837932e-01 1.058748898842462038e-01 3.586667227328362850e-01
-1.228804497073591323e-01 1.375720976461078660e-01 4.162120083058775677e-01 -4.529604032307210648e-02 -1.793919534474978927e-01 -5.290469243336513028e-01
-3.869081387612883227e-01 2.703262597816873392e-01 -1.476906825698559578e-01 4.752288386252948027e-01 -1.123813235198069527e-01 1.843556062307509791e-01
-8.136853959640606704e-02 2.173887428579643344e-01 3.604252217949791559e-01 6.794281627084057529e-02 -2.377071016363603850e-01 -5.174095527116371329e-01
3.207862023255554917e-01 -2.060934087221773237e-01 -2.729210752189265010e-01 -6.101716461636990108e-01 6.177040204188541384e-02 -2.479517326749275385e-02
-6.015233719611377122e-02 -3.969506696264460399e-01 2.252027733291165068e-01 1.617755797648379179e-01 3.536231907961985832e-01 -3.972013395458076079e-01
-5.093679619944209147e-01 -1.366588868502003305e-02 -2.252104980778039944e-01 2.798850397869051543e-01 9.202216469872498417e-02 3.796942337197913853e-01
-2.234101751428021199e-01 1.734136370874068411e-01 -4.277967134379136449e-01 1.155383356543198403e-01 -8.124509876263794061e-02 4.778869152557215227e-01
4.428872138004703585e-01 -2.971939512901684011e-01 4.845196383897085873e-02 -7.775098618312714649e-02 5.409068523752962321e-01 -1.144065870975443655e-01
3.606835432952392728e-01 1.295351793246656280e-01 -2.298042252790244988e-01 -4.376794911465616278e-01 -3.971290659538687651e-01 6.215679606127627599e-02
2.311180853809067237e-01 -1.085792927005393427e-01 3.392914177338732240e-01 -3.474133620125496869e-01 1.453171229503704143e-01 -4.358459729888636836e-01
7.468958215958898528e-02 -4.478106256679552089e-01 -2.333820342563165395e-01 8.942556861631287268e-02 4.493887887058823360e-01 2.079976906409539139e-01
3.760194170601486446e-02 1.674994792366002738e-01 4.023535969976646531e-01 -2.173789204034116962e-01 -1.397761773826603771e-01 -5.144705032566512237e-01
-5.198809699808869533e-01 -4.889085429443641717e-02 1.872757061305445336e-01 1.790930782106515684e-01 8.741323159840043433e-02 -5.147616690309569920e-01
-3.136083831677358158e-01 -2.059889876453951663e-01 2.419376021747230987e-01 2.548578820743517270e-01 4.221340219453187381e-02 -5.424358286345194458e-01
2.600460086355349532e-02 7.494012658505628047e-03 -5.646360835776242926e-01 -1.310416802361950295e-01 -3.357972189067140456e-01 3.613701776988174075e-01
1.686152859518633973e-01 -5.278519215522375213e-02 4.388730954982653643e-01 -3.062417190067560080e-01 1.823982952743096464e-01 -4.091832423014188924e-01
2.762802452418198218e-01 3.021705963086814273e-01 1.074380777943244186e-01 -3.872453057873964655e-02 -6.216277918825368065e-01 -1.102050456567652964e-01
-2.160681503729147968e-01 -4.555561210547610096e-01 -1.076664547540049678e-02 3.017553765025796642e-01 3.987698197812198919e-01 3.379771056101081583e-02
4.383028326955795695e-01 -1.074767135135381441e-01 -1.367694277817906590e-01 -4.620488507145792401e-01 3.216422383437021471e-01 -6.449376564413357438e-02
-4.830991901325552562e-01 7.174401564169360923e-02 -1.676949121668986076e-01 5.027235118135939818e-01 3.072871645239470123e-02 -3.303950829105273268e-01
-1.856108445254319173e-01 2.579601688143244864e-01 -4.040877434699933768e-01 1.459491597307479016e-01 -2.314239787267013404e-01 4.024921470016111225e-01
1.593675764775129844e-01 2.131809695565695661e-01 -4.756951137837521770e-01 -2.316738470345767742e-01 -2.932259325569517849e-01 2.928350772884169562e-01
1.754116929273541181e-01 3.914987861514434009e-01 -2.069069622132701514e-01 -6.825556952883943262e-02 -5.286771535395479171e-01 9.952819442007954098e-02
5.306430942931431721e-02 -4.708282433130097089e-01 8.174792745169527641e-02 1.452865344970940553e-01 4.918197250018129796e-01 -1.728182727848877054e-01
3.931852200041844325e-01 -2.589820116203529476e-01 -2.100556381450396082e-01 -2.406076612733546449e-01 4.166053788911662226e-01 1.666249446087722796e-01
1.396011948676638137e-01 -1.252764170169562985e-01 -5.180909731500560333e-01 -2.652043391319779952e-01 1.829574928264878220e-01 3.427948128087366930e-01
-1.159439346403551147e-01 2.583290878435595683e-01 -4.298624097666415289e-01 7.253005935683513872e-02 -2.660606189358662999e-01 4.004947356897789468e-01
1.117342848031153274e-02 -4.630506322298594268e-01 9.364442087546247240e-02 2.038777044892665091e-01 4.802316221835427612e-01 -1.766954587513399622e-01
-1.163284742237079977e-01 -8.939047396368056397e-02 4.669425832261695497e-01 -1.386342366724698238e-01 -1.251817444564009008e-01 -5.321677399704713984e-01
-4.463627566121292634e-01 -1.347751336965709590e-01 -2.290045240452107389e-01 3.576134017159196543e-01 3.409677190515228440e-02 3.411749357203218702e-01
7.587996289430322221e-03 5.285835120503177276e-01 -2.287081072997921433e-02 2.893110305002096205e-01 -4.280493579611099886e-01 -9.693621431877291750e-02
3.414117708700570852e-01 -2.944740588013590177e-01 1.361176074371501510e-01 -2.431188611360530216e-01 4.456448269575772336e-01 -1.963699490059266084e-01
4.286433358739467070e-01 -1.884180619391482847e-01 -1.832463967003875038e-01 -3.272454993300734638e-01 4.229671969515935159e-01 5.093330785363725521e-02
1.374504262068105553e-01 -4.224837971320478114e-01 1.611960202154052724e-01 5.329419171154679835e-02 4.661711897107188585e-01 -2.895922255886088648e-01
4.903624718234439461e-02 4.436117811560160162e-01 6.313410659124528423e-02 1.952440849979086845e-01 -5.354137328129788820e-01 -7.875426910966594474e-02
-8.719066683051074351e-02 -4.846216250318866603e-01 1.488632456160004780e-01 2.312095456170752406e-01 3.500661070158441746e-01 -3.004892826759268942e-01
2.804825795821166423e-01 -1.214869226608388392e-01 -4.459430413038820151e-01 -4.266036509042384628e-01 8.454215017693288148e-02 2.305043578353306866e-01
-7.095104947923318306e-02 -3.303334279600824153e-01 2.645490255726395401e-01 1.689054733370006778e-01 3.252603202683950756e-01 -4.514577381846878734e-01
2.555140814623821366e-01 -1.819033648554417848e-01 -3.595672420966643523e-01 -3.301960783231496221e-01 3.455663241920188256e-01 2.558345257429982533e-01
-2.660586242491895168e-02 -4.913443509005183674e-01 2.529885807049971763e-02 2.301712310355294722e-01 4.604446705530683137e-01 -1.425200410869791878e-01
-2.650335912435564101e-01 -2.192039387761564040e-01 2.583150360865321682e-01 2.188960547905026699e-01 8.648242498359531849e-02 -5.616654177662965264e-01
8.233566790831366167e-02 -4.520841584526651413e-01 1.255806662055510003e-01 2.320583710603035116e-02 4.793336845636306798e-01 -2.335355612475734921e-01
-1.710218818450038869e-01 -4.002207583054600004e-01 1.796568782491372862e-01 2.868293815048145734e-01 3.024397296374213839e-01 -3.649902178900479854e-01
-6.164780379933708365e-02 -5.117932996353187214e-01 -1.115111662062679004e-01 2.227099514409743852e-01 4.247702339034226116e-01 9.340202194939493940e-02
-4.544627014265814613e-01 -2.431875354448488624e-01 -8.799930180240110589e-02 5.204810377830599855e-01 -4.999123758230492043e-02 -1.982712196606209176e-01
1.670265892066833888e-02 -4.542857754228035172e-01 1.482286724345880657e-01 1.527327098829156238e-01 4.261518830389299795e-01 -3.060018360053760045e-01
5.617483984645546546e-02 -4.568606199729395301e-01 1.783827890359331869e-01 5.657646812227276611e-02 4.427237327527593913e-01 -2.583640839074383133e-01
4.096731962026032847e-01 -3.790469075894626894e-01 -8.689024169026274280e-02 -5.593409591462206176e-02 4.487844612547513545e-01 2.260076238901525814e-01
3.508561405767772756e-01 -1.928546363810522968e-01 1.422680139371573504e-01 -3.728152472765465797e-01 4.147681920709624936e-01 -1.849845196610070130e-01
-3.028308803879380395e-01 -4.214867614268850149e-01 -1.580678924526204010e-01 3.346444511780651832e-01 2.518012660551041115e-01 2.165097813270997762e-01
1.499763593868756392e-02 3.080927559673514726e-01 -3.975229340013127777e-01 5.694663987910057734e-02 -3.811276556537122606e-01 3.258134367649432317e-01
-4.834282752568633962e-02 -1.422947695153936598e-01 4.287218502522705532e-01 -1.609172802378475153e-01 1.924778406031197875e-01 -5.068284114178307487e-01
-2.303737239689007121e-01 2.371971618515270885e-01 -2.412622567231539061e-01 2.993179625695398527e-01 -3.132127370557769019e-01 4.040869978645568183e-01
4.623994338277605531e-01 1.955926286832855854e-01 -8.456698960161100620e-02 -2.419071260158234815e-01 -5.052360950308432130e-01 2.853194840631725904e-02
-1.972308618915540324e-01 -2.265165272263180152e-01 -4.135062748315375680e-01 -2.801852334471080508e-02 1.755691869218607148e-01 4.863238552271628157e-01
2.928882891533569621e-01 2.345701942729052358e-01 3.215163395046686245e-01 -3.585679008400483037e-01 -3.133338705891961506e-01 -2.032750173476162159e-01
-3.132400706290374703e-01 5.213781811829469870e-01 3.834070492161827104e-02 3.183513421503026963e-01 -1.925192244211993975e-01 -2.640543703938805220e-01
8.928826071494061489e-02 -2.164729146603760201e-01 -4.672588983255720474e-01 -1.204952903087289640e-01 2.511715787716319870e-01 3.914025538676774718e-01
-9.343738380295998902e-02 3.647713341361091821e-01 -3.326490869970234465e-01 1.771685877811637611e-01 -3.920171414635290619e-01 2.623665525811209598e-01
4.078128255443723704e-01 -2.683024585853505672e-01 -7.665731120985261327e-02 -2.505904898222198751e-01 4.843608770219974269e-01 -7.838286813451372792e-02
-1.032424032353624899e-01 2.914144299863858159e-02 4.880057447742056076e-01 -3.060277030470570647e-01 -1.292522479737889529e-01 -4.783221296247544552e-01
-2.459852980686033364e-01 -3.129006205780009431e-01 2.384681578313329608e-01 3.178683573616087887e-01 1.880982684934850990e-01 -4.180904217387800270e-01
9.264345777957239125e-02 -3.546398624891226037e-01 -4.014703744568035026e-01 -8.149182395344764518e-02 3.713339258965455691e-01 2.638408025368817467e-01
2.045188665500537739e-01 3.830318099912333185e-01 -1.873718885471766238e-01 -1.040872848253979188e-02 -5.642306605607211312e-01 5.032527335702682847e-02
-1.484790624244648194e-01 2.063873516027241728e-01 3.057955129611083511e-01 1.663109610083240153e-01 -2.295988944677958832e-01 -5.373078225704979172e-01
-1.460384183973333083e-01 -3.978252468984641022e-01 2.023046975270582359e-01 2.370737475561116858e-01 3.065575344249663603e-01 -3.952486186494386100e-01
-2.470839723812499333e-01 -8.458989314126430514e-02 3.643989206964877159e-01 4.723675806893032347e-02 3.974267253354310525e-02 -5.831857566490210587e-01
-2.084341815037897283e-01 3.024843579430089302e-01 -3.275778169717524224e-01 1.663075026090011788e-01 -3.500315306593811404e-01 3.310508229382826406e-01
4.140277208093973149e-01 -2.494180385418365287e-02 -2.870709386198304625e-01 -4.729492929970062765e-01 2.850140453569648402e-01 5.527267314891670669e-02
-1.944949301551437137e-01 1.420504277850465347e-01 -4.767819124894628335e-01 -9.694443456511227242e-02 -6.189920155856754036e-02 4.973271417240485159e-01
3.010225329510775039e-01 2.015485104937701777e-01 -3.759675420687666469e-01 -2.071528469262959860e-01 -4.395783989875592379e-01 1.991099042159980015e-01
-1.140263709225700084e-01 1.300547276693339860e-01 4.266536970090732961e-01 -1.321109997136928615e-01 -2.346131971002775318e-01 -5.043083058920720951e-01
3.315056060585660491e-01 2.745231560542430449e-01 -1.788610636795370801e-01 -2.532374638995851246e-01 -5.156948112366230852e-01 4.526793897262182398e-03
3.448763399560841880e-01 1.927279711864914591e-01 1.879974966475376208e-01 -2.851795702579412173e-01 -4.618819067117384547e-01 -2.297529764371022964e-01
-2.191810609682858790e-01 2.742874706873633661e-01 -3.697423458662882911e-01 1.077095796234394665e-01 -1.350181852862373244e-01 4.820859168026324637e-01
-9.188501861332905307e-02 -4.181496438496190571e-01 -2.965615575911121904e-01 1.374506364648326318e-01 3.430671931700681743e-01 3.100306318966962738e-01
3.423074323679052289e-01 7.329663325832501408e-02 2.868177723222249398e-01 -5.048882502173046571e-01 -1.784798290777371288e-01 -1.810156258255746775e-01
3.774315379200511855e-01 -1.261244316254996611e-01 2.824445859121027524e-01 -3.851041872611316585e-01 2.255619734351818340e-01 -2.605618047665906323e-01
-6.054301802363636770e-02 4.824475329120249123e-01 4.782288447795490088e-02 2.394582043144037331e-01 -4.467690431463291478e-01 -1.679450959409919675e-01
3.346977577137976168e-01 -1.288149285596605111e-02 3.547547519282723827e-01 -4.280541487194875483e-01 1.203765327179528583e-01 -2.780578805724781000e-01
3.368442446481753616e-01 -2.950340591012102220e-01 1.288028658437620766e-01 -1.707641161488752668e-01 5.097599062201001452e-01 -1.788339743287581662e-01
5.236037514472544063e-02 -1.130825970301492789e-01 -5.278385391024150719e-01 -3.534204661298980810e-01 1.283832950909587489e-01 3.536579905541776814e-01
-1.033000245526872057e-01 -1.571153263125042721e-01 -3.963786576429547126e-01 -5.434143283270104208e-03 -1.359681996666672887e-02 5.884181272927091477e-01
3.673873752018037009e-01 -3.739684015503211278e-01 -5.878955927236859808e-02 2.195311304647284967e-03 5.542376927328931391e-01 1.240175341419653271e-02
-4.429434120786224782e-01 2.366792091502804563e-01 -9.169831999727812155e-02 4.711036562591031651e-01 -9.376940281398465915e-02 -3.269039145610544428e-01
2.921279366491627560e-01 -2.224503326044015572e-01 2.184912143057226586e-01 -2.705412818566314548e-01 4.546557628185705080e-01 -2.557773658122690641e-01
7.697537066528940819e-02 4.096209256457385428e-01 -2.328790999697508135e-01 1.430497260460086850e-02 -5.067719937115322537e-01 1.624643438342071033e-01
-2.940283971257517392e-01 3.993896009187853924e-01 -1.850997569145121091e-01 3.674732521034028143e-01 -2.656224769789979900e-01 1.615621883826045269e-01
3.527260531451532066e-01 -8.509937475262366324e-02 2.992280489794323373e-01 -4.700445392111758935e-01 1.232428278295449320e-01 -2.295839015065849198e-01
1.055243603081409548e-01 1.987153510364134956e-01 -4.583375173228550481e-01 -1.598238112460342308e-01 -3.050137052894092982e-01 3.637618596784610303e-01
4.906598688890481674e-02 3.781659669074277641e-02 4.692769276250564059e-01 -1.628004677159689273e-01 -2.100367839331744313e-01 -4.760702610450409655e-01
-4.214983459545581373e-02 -2.779032155436354512e-01 3.544909520908905431e-01 -2.344878977183596433e-02 2.427981553015449712e-01 -4.990430854978015196e-01
-2.673670884257227653e-01 2.244260024890399607e-01 2.913017948895914033e-01 1.343624028096498391e-01 -1.807449488302254881e-01 -5.299472027224666482e-01
4.228412165335987405e-01 -1.034866588650010105e-01 -3.569585323527162957e-01 -4.221004243259605104e-01 2.656284199709209592e-01 3.011727691144672203e-02
-2.570627508610253686e-01 -4.252889036101302200e-01 2.857627168168139220e-02 4.101605001711726706e-01 2.674228713025171289e-01 -2.452184144964733303e-01
1.400086228288026091e-01 -3.633995871523756915e-01 -3.720456644912257804e-01 -1.218262635543299610e-01 4.276926343662139085e-01 1.807794338224405495e-01
-1.764008497321634672e-01 3.764411539428192399e-01 -2.939754280595145985e-01 2.719247456999124846e-01 -2.979394471818516688e-01 2.927229316682096183e-01
-2.845122767025221600e-01 3.031492529991481888e-01 2.863421221683267737e-01 2.456294169144462303e-01 -1.576955392972841929e-01 -4.253964970608046237e-01
-4.328841929572567748e-01 -1.459298484279398234e-01 1.902615302003356768e-01 5.464779158036158213e-01 -1.258247212677847948e-01 -1.084949332977991343e-02
-8.784905881373250569e-02 4.864066795980976354e-01 -1.511477311902754694e-01 3.142938724459384825e-01 -3.862838349852567021e-01 1.257860670253261870e-01
-3.226232141581258372e-01 2.386520397223241274e-01 1.698524365910017708e-01 5.501328417413482441e-01 -1.835665725871668541e-01 -7.515431905104535959e-02
-3.597961327626931771e-01 -2.835555843866006120e-01 5.894108772545839092e-02 4.961303849948129896e-01 6.809533339453976986e-02 -3.201781919520479969e-01
-1.789602343484300861e-01 1.398701662242614052e-01 3.796891726149704271e-01 4.588065670097560278e-02 -1.903505420992820940e-01 -5.370446259909316122e-01
-1.709781954283376981e-01 1.121215642925738193e-01 4.101053795438358018e-01 -1.390867315602457854e-01 -5.328981818717150321e-02 -5.756035070339862170e-01
-3.110906187109306886e-01 -4.191174953270187520e-01 -1.419110255142207733e-01 5.051685042109429480e-01 8.686176896317471252e-02 1.368469848732265792e-01
-3.589281268201777175e-02 4.300247498490451514e-01 -1.659077927076964554e-01 3.164437139628482609e-01 -4.856492479927058126e-01 2.748326620748878235e-02
-3.408735670308802868e-01 -1.749978321625140776e-01 -3.746860668891540680e-01 2.381023536638697258e-01 1.374783029069965856e-01 3.784045971531559971e-01
-4.163605315172505539e-01 -3.693052428078445748e-02 2.419112706301908000e-01 2.416722050080028494e-01 -9.552611919918467531e-02 -5.087947130393449813e-01
-1.050644417417729015e-01 -2.074606137537986922e-02 4.582821946665168733e-01 -3.084375842230666076e-01 -5.151737065122108383e-02 -5.203354484621638409e-01
-1.410077857482294472e-01 -2.184795012391162472e-01 -4.409548735719692747e-01 -2.888587449583070177e-02 7.202525115174546189e-02 5.093270140042558403e-01
-4.060462235868218528e-01 7.708424838497808518e-02 -2.684151985352594139e-01 2.443437686037195355e-01 1.529009429927036257e-02 4.886675846392223299e-01
-3.302383735896510797e-01 -7.538373920919880233e-02 3.174408204903290676e-01 1.377379998414653417e-01 -9.202419543880777097e-03 -5.638185890126942157e-01
-2.956693101970119253e-01 -2.567057702155287058e-01 2.168949649341240515e-01 2.714105311240641027e-01 1.725296708877837037e-01 -4.860825522512465247e-01
-2.463666120422226269e-01 -3.864683727035984062e-01 -2.555038227826943453e-01 2.994889741928742355e-01 2.454035810895349168e-01 2.947502212602249871e-01
-7.679229779326249283e-02 -1.810166661527429499e-01 4.105995647366336709e-01 -2.301240831668435738e-02 2.056351259093630313e-01 -5.100567854739370688e-01
-6.311229376417936549e-03 -4.033031331218714377e-01 1.837135383274487166e-01 1.451999232972983889e-01 4.298835895463427037e-01 -3.481175023094084109e-01
-3.150095435325293014e-01 3.907875986837622273e-02 -4.585385343812296011e-01 -8.464139017727184688e-02 -3.335474208048840039e-02 5.118654545404526246e-01
1.605857841818394138e-01 4.780423952241720509e-02 -5.272903459931677084e-01 -4.243894869064667175e-01 -1.377038396688740063e-01 2.622605926864848280e-01
2.201942391469549343e-01 -7.138019674390944092e-02 4.054931902343522632e-01 -5.300469067128160683e-01 -1.195448975884458309e-02 -2.529950848384413531e-01
-1.110101415526821601e-02 -1.438555101761600508e-01 -5.209274956344959184e-01 -1.733162512539493660e-01 2.079464912110738362e-01 4.009844137543324694e-01
2.185804589091262240e-01 9.828471866321857042e-02 -4.169357419917146812e-01 -5.235120193103021125e-01 -1.182395970002955571e-01 2.174269102006998189e-01
2.586864938119391999e-01 2.749408926790687935e-01 -3.543835998574386137e-01 -1.910335319062935189e-01 -4.279725582263195771e-01 1.966740913186035833e-01
3.531443874851654396e-02 -3.453739960897355132e-01 -3.940372934661928728e-01 -3.829714721937262090e-02 3.825202441224871963e-01 2.876894182571801961e-01
-7.559929957302859160e-02 -1.385155740107907492e-02 4.478530500878223908e-01 -1.067438109671953461e-01 -1.462480579140756354e-01 -5.428543668935640332e-01
3.494469714536060367e-01 2.941818177558818692e-01 1.357907625690951692e-01 -9.915564985577801638e-02 -4.987042147570245887e-01 -2.766258079033961925e-01
-4.043323021910947279e-01 -2.616299917783914686e-01 1.113319086377758671e-01 5.507853905684984008e-01 2.828596686007145422e-02 5.051308010308128149e-02
4.150671890183386115e-01 -2.727883330305130860e-01 -2.813279919981381827e-02 -3.195621985915472196e-01 3.471165077542519573e-01 -3.038820534717687205e-01
-4.092438912077471791e-01 -2.917565624462619689e-01 3.093198186863381494e-02 4.798674601489054670e-01 6.705483650802779305e-02 -2.532077458520995417e-01
-3.729372196866725386e-01 3.278163058862483825e-01 -1.739092165847612448e-01 4.157337530869834041e-01 -1.396833221844789308e-01 2.253929177170564124e-01
1.109748816542510813e-01 3.417992488617188629e-01 -3.403260717852090722e-01 -4.429850070635495130e-02 -4.639823792899012700e-01 2.311685865132050988e-01
2.792109134325442277e-01 3.535995796682923076e-01 -1.127929948267559768e-01 -3.136105567651759074e-03 -6.044414515652722919e-01 -6.342151181651081715e-02
2.096624023174290252e-01 2.686502374568286444e-01 2.817177935727341875e-01 -3.201614720698227057e-01 -3.576367286133643186e-01 -2.901661966384577740e-01
-2.473196492793777734e-01 1.836871674968856005e-01 -4.165090098642373895e-01 1.338416514366092547e-01 -9.973571551994006579e-02 4.634839061407311500e-01
3.292266854180098123e-01 -1.279175646407141598e-01 2.243407849189734404e-01 -3.939468595413848639e-01 4.020908930603134257e-01 -2.185034976863691469e-01
1.219895363397182908e-01 2.174802531600940891e-01 3.073609329301676962e-01 -3.224444090040393673e-01 -1.927915583399090471e-01 -4.889778824710959149e-01
5.746899241168060973e-02 -2.110200201842956161e-02 -5.447237878785003984e-01 -2.931410869980285994e-01 7.520774010956281230e-02 3.868324400474133506e-01
-1.347263493904398701e-01 -4.609825126938664752e-01 5.398291044862924687e-02 3.162873312522211933e-01 4.072298850073601262e-01 -1.528839364627274933e-01
2.373593287942658836e-01 -4.549652910267627526e-01 -2.206035423231479317e-02 4.817423728202824273e-02 5.152462001867319508e-01 -1.733833976420784961e-01
-4.382901639241936625e-02 1.441120506040553459e-02 -5.507167012615714619e-01 -1.626243375963475901e-01 -1.801544069622526834e-01 4.229525928410534652e-01
3.747506920573322464e-01 -2.485239658001125174e-01 1.499693735897653923e-01 -5.851568837755396491e-01 -1.176897133138645468e-01 -9.794158670651548215e-02
1.991258418811190922e-01 -4.622428363000515295e-01 -1.381005003114376961e-01 9.924203383663328382e-02 4.899152690708052371e-01 1.507215335902587772e-01
-4.640948490284719785e-01 1.600965747641669989e-01 -8.968262288579313679e-02 5.138635723534678013e-01 1.465508515591528726e-01 1.186772567239759574e-01
2.089039575450470643e-01 -2.188211821158353720e-01 3.496467020610126153e-01 -2.832475924658232058e-01 2.749517591489868407e-01 -3.672738892854658377e-01
4.037421903790424649e-01 1.022885576569832616e-01 1.388788040311652872e-01 -4.521388998729752862e-01 -3.727405954852859860e-01 -6.560802442963359349e-02
-5.343495260956475645e-01 -1.252984026611279056e-01 -1.795702764503807891e-02 4.557282497810983823e-01 -2.082030095959185034e-01 9.550143992765532108e-02
-2.840048858913937213e-01 2.224102706824057363e-01 -3.014889518740113683e-01 3.209014992671002098e-01 -1.759236198204963408e-01 3.880169414084940760e-01
-1.372560112322225856e-01 3.375956592182019489e-01 -3.177325223919663100e-01 1.786881822127732167e-01 -3.044727336733103473e-01 3.807855127925962591e-01
-3.854285523878639985e-01 1.667394780761938949e-02 -3.368260708563037276e-01 2.581264677939067997e-01 -3.827430724367450465e-02 4.265988601393106427e-01
-2.646085186325093375e-01 3.758735199581839104e-01 7.590775975447400063e-03 5.227096053450249746e-01 -2.385571947152574368e-01 -4.344909591291232220e-02
7.085935321767893817e-04 6.980186920104797244e-02 4.540774360388696307e-01 -2.775629098479041046e-01 -1.226781272658586941e-01 -4.869413849029270436e-01
-4.705422784393269442e-01 1.190699737883038067e-01 -1.631719347406944132e-01 4.401288715393827378e-01 1.717631701556432688e-01 2.465859006365532236e-01
-1.725845951956204161e-01 -5.192002722047734942e-01 -6.083830099961155813e-02 5.121628388120792463e-01 2.095785102943970024e-01 -6.239964622018823875e-02
-2.184124491128243972e-01 -4.497147130647408120e-01 -3.057018776224952883e-01 2.033131982078964783e-01 2.459488502765204143e-01 2.758475055181437985e-01
1.810818776447961631e-01 -4.095290442851766133e-01 1.740239520709549181e-01 -1.016327717151508936e-01 4.516508600683259433e-01 -2.483995313848948727e-01
1.164179615041980725e-01 4.106766268102793327e-01 2.120465426921007424e-01 2.567593677669091634e-02 -4.810460250863121678e-01 -2.313456054599194733e-01
2.592657046201982465e-02 -1.978400733538991374e-01 -5.043135982038721155e-01 -1.863521413735911014e-01 1.773545738081488965e-01 3.979982798307462044e-01
4.723620621029460676e-01 -1.432086104097931856e-01 -5.796078614230901205e-02 -3.705279424511996877e-01 3.922167101201403661e-01 -1.114038994323302834e-01
-3.104173325258189342e-01 -2.075829113109902146e-01 -2.468603206324099797e-01 1.917525695320642098e-01 1.755525702623166873e-01 5.284025974971535700e-01
-3.104362941000980425e-01 3.513929801049221480e-01 9.085624016269752690e-02 5.273507841750715297e-01 -1.919523941726062333e-01 3.711039635717773566e-02
-4.396294012825759934e-01 1.641807064774132574e-01 5.204394703661083255e-02 5.512696743627448770e-01 2.973444235700670180e-02 4.546945471288966339e-02
3.220341661266918482e-02 4.832850098097863922e-01 -6.451044140222338130e-02 3.544240928590834394e-01 -4.630724718371035387e-01 -4.039918406752716906e-02
2.498898092059620990e-01 -3.369441545550492245e-01 1.677009388648034172e-01 -1.285073045658629010e-01 4.863281575835538550e-01 -2.554282664083742937e-01
1.866555632716088986e-01 -8.659089254718388765e-03 4.162594195082301440e-01 -2.907272245582857018e-01 9.071348230561072923e-02 -4.567988637153155840e-01
2.696774887814558375e-02 -4.583900047705506964e-01 -2.376838897843416287e-01 1.802170546359236347e-01 4.703319712842174427e-01 9.994037101112573929e-02
2.699119803716982235e-01 1.723167118260280350e-01 3.386839450927166539e-01 4.737897421922568353e-02 -3.899521557854390696e-01 -4.577661673987451496e-01
1.125712811221126347e-01 1.993974036022860552e-01 3.521041045779341183e-01 -2.633901584940513407e-01 -3.060336881874928805e-01 -4.245505209628744336e-01
-5.685813137287758223e-02 -3.362806007113040008e-01 -4.491878257554319798e-01 8.005033467082979526e-02 2.889915436663552106e-01 3.191160317065247498e-01
1.646355074632451509e-01 -2.670255517831636172e-01 3.291325311202809023e-01 -2.269735317027907484e-01 3.093581633836419154e-01 -3.881011639428866844e-01
3.410669131913954266e-01 -1.560055769380119250e-01 -2.251518895400767273e-01 -6.333466068311082164e-01 -3.335730684084015074e-02 -3.680196562311557895e-02
-2.081403020317697805e-01 3.610244206779291698e-01 2.223772868495188793e-01 2.099481366422363549e-01 -2.905015323459173571e-01 -4.106440318937761846e-01
4.756050910212831218e-01 -3.353276338967203785e-02 1.430229878818383704e-01 -5.123104538829514887e-01 -1.880434084110663151e-01 1.308026478030156203e-01
-9.387150516948690460e-02 -4.696728254140827286e-01 5.435043555872725446e-02 3.810656711945382691e-01 3.936166151709157290e-01 -1.164301847756867569e-01
2.511559972660052376e-01 -2.725117755272825071e-01 -3.539676689736244719e-01 -2.815225045702396400e-01 4.153020837120920405e-01 1.391506826618946757e-01
2.066379850664291362e-01 3.884346594110396067e-01 -2.015849196701875734e-01 -1.167070974781157788e-01 -5.185362833798089488e-01 6.832555905811374397e-02
3.295166609852390183e-02 4.199178291396101215e-01 1.446118752777564298e-01 1.395997514748795187e-01 -5.154182876508996980e-01 -1.926899695331000806e-01
-2.808447824964185324e-01 -2.686171706690269056e-01 -3.720380375023760733e-01 1.255111644036648322e-01 1.829161272681429362e-01 4.223123419102101650e-01
-6.455373808696343585e-02 4.319652831559236961e-01 -1.914874519925030827e-01 2.442701998340286729e-01 -4.541692126338801594e-01 1.540460930336223500e-01
9.587562171055083460e-02 -4.769114922760125941e-01 -1.269554093002092099e-01 3.587470131727307221e-01 4.791873175395285900e-01 2.557900517905276061e-03
-2.161815168401367560e-01 9.289049509566099649e-02 4.066317134811598399e-01 -5.988334967633859862e-02 -1.576179583863460132e-01 -5.487825410049718133e-01
7.384661738313141877e-02 2.851311437247045499e-01 -3.820737636842515550e-01 -2.850053349319345286e-02 -4.034710620081983223e-01 3.358064930210569732e-01
2.589400731751144713e-01 -2.679758666598137662e-01 2.230925972149716829e-01 -2.146271410011569292e-01 4.731592414652062706e-01 -2.527780208755345814e-01
8.845422153329854376e-02 -3.329361465929840946e-01 3.180267515775261900e-01 -1.629885022749839874e-01 3.752616766231074985e-01 -3.416947046718982750e-01
-6.537211671732601204e-02 3.791464780658334033e-01 2.202786980911462800e-01 1.097348811341407049e-01 -3.847500522668489409e-01 -4.008490103949072791e-01
-4.393812559754127767e-01 -5.586152524333878183e-02 -3.195149735186915696e-01 1.906785558388128798e-01 8.036805106710545599e-02 4.449888760954875955e-01
-1.959408379375622566e-01 2.896390959722211500e-01 3.024951589335331259e-01 1.754132580355871884e-01 -2.046539229158739204e-01 -4.834886493490919146e-01
-2.359606616936378576e-01 -3.488791460532887356e-01 -3.307508323269724992e-01 2.292615541314561856e-01 2.469904246890443078e-01 3.238541971114954898e-01
-8.723625973517443177e-02 2.085766564117623179e-01 -4.546501612063841846e-01 3.648855952808838232e-02 -2.818396044942996781e-01 4.080108731154346580e-01
-1.620887441798605777e-01 -4.083270264739967126e-01 -3.227584981790469487e-01 1.768385511851596203e-01 3.823426254063301832e-01 1.871138290284559136e-01
3.563736590155491268e-01 -2.018784644529748040e-01 -3.166206289274791086e-01 -3.294535535625970346e-01 3.704041175583471790e-01 1.329721655140519987e-01
-1.725691794571456439e-01 1.718374123321413371e-01 -4.370184164644546621e-01 -5.270694807387732439e-03 -1.388960059563138505e-01 4.986396192476673650e-01
-4.377287418201884495e-01 7.790099385819582167e-02 1.903595758884375766e-01 3.007162385448393649e-01 -5.332094782452004300e-02 -4.710629917600450689e-01
3.231349549322418135e-01 1.681007828687522410e-01 3.294298578082368589e-01 -3.122028505766332729e-01 -3.229385959502909520e-01 -2.665787003016069079e-01
-3.828822926703541185e-01 -1.890183113888572464e-01 2.220265836548003247e-01 2.778346195023759790e-01 6.907119011274803766e-03 -5.025880640659422527e-01
-2.637782736414006624e-01 -3.241221482026244716e-01 2.125502085762397964e-01 3.212091122149229316e-01 2.058322184017977174e-01 -4.014026623396722004e-01
-3.299675875824747973e-02 1.076279143786587969e-03 -5.523161721583261796e-01 -3.772013556318274397e-01 -2.666839600924148651e-02 3.861684726237550880e-01
-3.168112753393652614e-01 -9.590543496852629857e-02 3.056479897231915155e-01 1.460983951830899796e-01 2.217576475030064165e-02 -5.728572562541757174e-01
4.762558551133545121e-02 8.460559892771422896e-02 -5.327786492196556756e-01 -1.440014352386348728e-01 -2.116467400207481253e-01 4.029102074982470194e-01
2.388119512943557426e-02 -3.204534198561577174e-01 3.364454277863718756e-01 -6.491969875671552148e-02 3.096552807131016660e-01 -4.349671898910549839e-01
2.038394976029926295e-02 -8.500476429900312436e-02 4.436497001136093243e-01 -2.324720585466107659e-01 7.200908785625155517e-02 -5.110285123194930890e-01
3.714815200657937133e-01 3.895826979355519054e-02 -3.406053235212224695e-01 -4.282411792023359531e-01 -3.624522661152109193e-01 1.058397301379412903e-01
3.391111580357307476e-02 -2.201293567132720230e-01 -4.644154950937230408e-01 -5.423302453087980313e-02 2.462348213796553831e-01 4.157748615430720829e-01
1.815752424207762727e-01 3.314091678396647866e-01 -3.703780966021530396e-01 -9.669558884514428687e-02 -4.242832791929954661e-01 2.224914252695346928e-01
-2.914336388721326943e-01 -4.671380507804768351e-02 -4.588020833075573401e-01 -1.083153150115390151e-02 -1.753619281618018499e-03 4.999685039718586577e-01
1.317635729753639795e-01 -4.667181179896899290e-01 8.021357252742199184e-02 5.259724121103077910e-02 5.061181180609666264e-01 -1.373234352247549861e-01
-1.986019704414379583e-01 -4.488771152576064849e-01 9.759330449038648714e-02 3.145473703130294285e-01 3.326144083926320660e-01 -2.572992884811833303e-01
-4.668891249556397782e-01 -1.425424540613931257e-01 6.329088140598329582e-02 5.309662301667599227e-01 -7.743477183470313940e-02 7.004957718387713750e-02
6.074866802227989887e-02 3.682933673033238486e-01 -3.024920774346415708e-01 6.406837758273646599e-02 -4.576171222301727015e-01 2.612994113331246204e-01
-4.160922198200123212e-02 1.558842287896092769e-02 5.543005971009927757e-01 -2.036004178512012264e-01 -1.530722230639470771e-01 -4.179711956457614619e-01
1.648814635267119855e-01 -8.966663370427774282e-02 -5.240419692338001978e-01 -3.176648917668697392e-01 1.640219074971647761e-01 3.142844224872074488e-01
