-8.426229161524319278e-02 5.220459558414549672e-01 7.137555744215254294e-02 3.101584980356623111e-01 -3.967629566497369309e-01 8.628941066354876843e-02
-4.531941659662902522e-01 -7.475745897471977597e-02 -9.933489550844006033e-03 4.811988791682098032e-01 2.678019761031279478e-01 8.785541904017213355e-02
4.096110398425361621e-01 -9.009965511747582145e-02 -1.464768527754309879e-01 -4.828326602874150608e-01 -2.389419560349705374e-01 2.794224446599458123e-01
-1.651592741686666588e-01 2.278927271636646545e-01 5.462320418220177887e-01 -5.177032435345230166e-03 4.642430256982629788e-02 -4.240642496299342756e-01
2.223993158161303996e-01 6.406827595921939233e-02 -3.239525583729045977e-01 -2.141215965669816257e-01 -1.162033810230258118e-01 5.574960349898003820e-01
3.500862047449974646e-01 2.656847089274749774e-01 2.586766571396811876e-01 -4.271273135717232328e-01 -3.067865227594462896e-01 -2.504957520700012985e-03
3.109524995632022004e-01 -1.610679724688226511e-01 -1.913940663512136153e-01 -2.988624526949590909e-01 2.599396732251623154e-01 4.800806437232496560e-01
1.463626750479272431e-01 3.432188225523774561e-01 -1.726422385561674211e-01 1.678928220171771457e-02 -5.092326169196685903e-01 3.338528544194292458e-01
3.173720041463542474e-01 -2.610121886653513079e-01 1.292880623112708793e-01 -2.359922950582621359e-01 5.668863632434004707e-01 3.778975569756397312e-02
1.364295339888917658e-01 4.595660153573207785e-01 -1.163967241722176638e-01 -2.301291306436241968e-01 -3.203632340431632475e-01 3.908952147667174026e-01
-1.565371884724478871e-02 2.998427691677703621e-01 4.524670672464571886e-01 4.376146420528594094e-02 -4.077944925781294416e-01 -2.516063251009593160e-01
-5.017933380021378786e-01 2.037797151795117667e-01 -1.171297039394593280e-02 3.565324396185822753e-01 -2.642605490455856576e-01 1.985610663673407772e-01
-4.307106677840448761e-01 -2.792389088724056209e-02 -1.710595434985632268e-01 4.499711111101593053e-01 -4.406124931716411119e-02 3.023738625752417364e-01
-1.198221953391707950e-01 -1.484652127717520087e-01 5.175199173474416270e-01 -6.937944677718271835e-03 -5.498788903007595374e-02 -4.716813442261049705e-01
2.608584583274216051e-01 3.061393294775796581e-01 1.168581335860187920e-01 -6.280742538578679701e-01 -1.477497827046965195e-01 5.534954028971354051e-02
-8.432467963228561236e-02 -4.022165826226437590e-01 2.292242536720151824e-01 8.761227787083601670e-02 5.060723191601879112e-01 -1.521534508974935751e-01
6.171323360641024075e-02 1.254631906749782439e-03 5.930357299112385405e-01 -7.551146690931584415e-02 3.032128933425528583e-01 -3.503573959483028410e-01
8.098042261822177568e-02 -3.178945217693518455e-01 4.126538757907586286e-01 -3.867399279110753096e-02 3.927410987732362635e-01 -2.806569027848397901e-01
3.479875254795146144e-01 6.746543743879161725e-02 3.721959621461986001e-01 -3.509547818870822899e-01 -3.890036342080723242e-01 -1.783634239357278495e-01
1.074682584866468171e-02 4.608790851483727802e-01 2.063759146419122670e-01 2.695813041651730080e-01 -4.615065522525254038e-01 -8.034598677330881400e-02
-2.810633063411165367e-01 -3.622909815063283245e-01 -1.058522752533707090e-01 5.087614329383675082e-01 1.421132702068722553e-01 2.430792826139870910e-01
1.716769100375040991e-01 -9.078629504504251435e-02 -3.719939297815030854e-01 6.574852024270788631e-02 -5.428756459793473987e-02 6.217097578997046181e-01
-4.078425801412338680e-02 -5.358153709592330394e-01 8.831639918861727834e-02 2.865049978175523981e-01 4.064382186886287274e-01 1.732403471984597654e-02
-1.440163783445452539e-01 -4.505182799064315624e-01 2.318053972873939383e-01 3.400311372906007490e-01 3.126811424095964353e-01 -1.962420818360372798e-01
3.038340294445533996e-01 6.697951224622897270e-02 -2.950385633702338195e-01 -6.539280544479703083e-02 -2.573046824871327853e-02 6.296648506573233606e-01
-3.411121647876085849e-01 -2.919569269853116156e-01 3.102520040377737542e-02 2.874667370300224012e-01 4.853948227215573175e-01 5.578043050592682017e-02
1.195732148356201119e-01 3.334752272728687128e-01 3.803013976139366092e-01 -7.951653349881654398e-03 -3.585622283170839530e-01 -3.302065671935346391e-01
7.882908081908590603e-02 -4.670462295601420233e-01 2.334473142434208837e-01 -3.612749900530808911e-01 4.204915155581771535e-01 9.711992230755078781e-02
4.489622928288786730e-01 -9.260450623053435859e-02 6.796441738220049267e-02 -4.652184505695475814e-01 1.887753016997896216e-01 -2.237528637113176400e-01
-1.746594734442343255e-01 1.127712363673298579e-01 5.441517573557816956e-01 -7.523698829314170999e-02 -2.636406269397773006e-02 -4.411180219440308248e-01
1.849985309503506259e-01 1.645349507865117300e-01 -2.858106271139824739e-01 -1.858032078553696342e-01 -3.234176948055417222e-02 6.217937071173706975e-01
4.046911240084548611e-01 2.294607060542966093e-01 -7.061591694202597191e-02 -5.504594375664365602e-01 -1.432718562062598733e-02 9.747592877294521119e-02
6.484796998456475448e-02 -2.511968119998982951e-01 4.287086254690074538e-01 -2.517095459873903707e-01 2.214736875574953023e-01 -3.937109377284090383e-01
2.025959030940588379e-01 -4.077349006766560202e-01 2.279401936671157647e-01 -3.994691334208291256e-01 3.380445487582219299e-01 -5.724519271678868426e-02
-2.252123934913596859e-02 2.435083184991974070e-01 4.110229590470360628e-01 -3.267208720989828175e-02 -3.754870684064104402e-01 -3.743060619863677885e-01
-2.876232070469540436e-01 -2.505854441608857397e-01 2.869174733300144386e-01 2.392703832283299969e-01 5.380553177791682629e-01 -2.998770670564249174e-02
-2.717277796239885301e-01 1.716158749385985893e-01 -2.705558419036245277e-01 2.465402153411487829e-01 -2.693937764339090490e-01 4.621847484768425995e-01
4.019329786957243078e-01 3.459733143130103161e-01 -7.569401929942441709e-02 -5.148548292885383182e-01 3.011274256366036628e-02 1.687077285371746393e-01
4.986741402771999176e-03 3.730218074176989140e-01 4.313405632728715688e-01 -9.641350468019989350e-02 -1.960036291248276608e-01 -3.847035793210814014e-01
-2.874051843033443299e-01 4.153265293469642905e-01 1.256118296959386760e-01 4.146480823739351895e-01 -2.267272211816801497e-01 -1.824274408197894271e-01
1.893096036298602680e-01 1.667879462038824798e-02 -3.591377787022155266e-01 -2.659450808808338507e-01 1.519232477652114263e-02 5.312222398512186361e-01
3.663051148356190057e-01 8.453489424428448085e-02 -1.766378992183251506e-01 -4.403433098158311410e-01 2.393269298364766873e-03 4.086578144671395574e-01
-4.144011173413686966e-01 -1.908608124540354112e-01 6.501605922304440864e-03 3.331862390749436575e-01 4.696611430190589243e-01 7.595584167844135481e-02
8.552934137568220241e-02 -4.364874133374794796e-01 -1.250688534171132127e-01 6.812195670790181790e-02 3.325713232090606319e-01 5.138721788389686296e-01
-3.510161974838752474e-01 4.440443756876645831e-01 4.240031974853290531e-01 1.780044647144158887e-01 -2.760794926395848670e-02 -2.814620556171963384e-01
1.015829787143610920e-04 4.314318115954770549e-01 3.721198868817364169e-01 -2.071908944995164981e-01 -4.502164646027679851e-01 -5.182131877961493327e-02
5.308499079742913171e-03 5.624443356438600938e-01 -1.349200040763921249e-01 -1.207259215021408601e-02 -2.093929144817641141e-01 5.006625294990442177e-01
3.938003776821913382e-02 -4.807797633996078734e-01 8.031400890531027736e-02 -3.375352927210137355e-02 5.120750536694345101e-01 -1.397699594010073931e-02
3.810028472696999624e-01 1.218116895220862778e-01 2.778670245254644122e-01 -5.318962527782971073e-01 -1.424852068145850970e-01 -3.319950166846702411e-02
2.093510613446106783e-01 -1.088918715794477687e-01 5.538902682662855126e-01 1.731747664787781915e-01 -1.010667146933219712e-01 -4.454245182797196279e-01
1.159398726744769875e-01 -3.671467707942819292e-01 -1.415112495990152042e-01 -1.659464213959497836e-01 4.968298379129086895e-01 2.757231411480358663e-01
4.875101960407457469e-01 1.400262135759940962e-01 -1.140572646899554593e-01 -4.911226911677183393e-01 5.233381647074625276e-02 7.192046398732744594e-02
-4.375651714768257761e-01 -1.856527460690911846e-01 -5.477275774516621870e-02 3.803167151593581097e-01 2.084213982203996507e-01 3.644822819561376326e-01
-2.843605936529797762e-01 -4.337328774081274374e-01 2.099011472588912519e-01 -1.593267987313753686e-01 5.163191365888131212e-01 -7.604940935511406153e-02
1.140063338762904721e-01 -3.024993226406572089e-01 4.455431550512021777e-01 -1.946284303558382389e-01 5.162649342568155220e-01 -3.857426245668671427e-02
2.075855591849426474e-01 -4.134732557473983494e-01 -1.580481089729780242e-01 -4.503270204930618914e-01 2.042167578220711599e-01 2.727767796279266799e-01
-5.365099767851303492e-01 1.616339105220697750e-02 -1.402723529598574603e-01 3.099856193536684179e-01 -2.485262440170362686e-01 3.216633598882948086e-01
-4.608000276422934971e-01 8.634758992511888664e-02 2.425095359839860576e-01 4.395668836884774611e-01 -2.476218091928766296e-01 -3.642390667474681987e-02
1.475304299606336744e-01 -1.890856726164655832e-01 4.617480671777504653e-01 -1.832821715127762319e-01 3.990320695887333846e-02 -4.537447595211952511e-01
5.279291128283849360e-02 -1.506653713137671435e-01 5.383653617296110250e-01 9.782620894849142212e-02 5.768192057247381599e-02 -4.386522471521461242e-01
1.507990938253003232e-01 -2.758314959517657594e-01 4.369094888954374034e-01 -2.426808359836205575e-01 2.761683247379383421e-01 -2.982569839500679998e-01
-3.518036126845209832e-01 -2.172453251028395871e-01 1.316601832280774598e-01 4.171989551199124513e-01 3.062822620274660013e-01 -2.351557327620931448e-01
-3.835828661375211279e-01 -3.144947302415170287e-01 2.486898841449541875e-01 4.893779941660435506e-01 1.696950743404784800e-02 -1.091799183254651417e-01
-1.149704921016884152e-01 -2.725362634813750518e-01 -3.326336453559812778e-01 -4.659160834114911554e-03 8.228470829841882939e-02 5.957700858834070745e-01
1.507454465159581702e-01 4.566144052471418080e-01 3.194654765131397234e-01 -3.782467475041059735e-02 -3.488418662158311312e-01 -2.423899356050959186e-01
2.065442643169990433e-01 3.226913981025353317e-01 3.449526699400169982e-01 -1.638911168624565262e-01 -3.228396198899315950e-01 -3.229300541815466885e-01
4.603308163973146572e-01 -3.492470320650027382e-01 5.249307576398760944e-02 -1.310303684374328759e-01 4.463262597314755498e-01 1.842317809760823932e-01
-2.750340478143335488e-01 1.389854778967079818e-01 4.619805145637472243e-01 1.736578096133250537e-01 -1.344029561531679684e-01 -3.888628207253495006e-01
2.304048387690599622e-02 -3.320004046046119983e-01 -2.295883508243614368e-01 -2.469344427722880986e-01 3.762574934404134819e-01 4.227032165269301034e-01
-4.012476208666095334e-01 7.197845653651449571e-02 2.382361494295329521e-02 5.137380947685041832e-01 -3.197854306767187182e-01 1.203751393186766050e-01
-4.775596948698960786e-01 7.182824673555844586e-02 -4.061601807015176313e-02 4.674097160353956615e-01 -3.097417876043591367e-02 2.699712865085230340e-01
-3.307119553301008930e-01 -7.267830775015322875e-02 -2.476096550441578281e-01 3.820314729233427187e-01 -2.986828301768265637e-02 4.525075546171483665e-01
-9.774017024482097027e-02 4.166169334167502680e-01 3.384269382764316103e-01 7.855650763770639922e-02 -2.713850689297147567e-01 -3.655423267734276283e-01
4.055214183964789831e-01 -1.030668198454905010e-01 -1.983919217184241246e-01 -4.299319871449030495e-01 3.574068852578742850e-01 1.015773668390654305e-01
2.860814252888226050e-02 1.109562338519845814e-01 -4.306882031869871952e-01 5.641795078187346324e-02 1.443450032283030982e-01 5.683672530537896561e-01
-1.271628642365353334e-01 -7.379581052213483872e-02 -3.335850408734478134e-01 1.301729169543205944e-01 5.986194012663446917e-02 6.234488673087039690e-01
6.155364937189684166e-02 1.636829039789335360e-01 -4.122999276697226767e-01 5.946616574095830998e-02 1.260605959273805587e-01 5.869899223482611950e-01
6.122435561688617522e-02 4.549267740707176877e-01 5.828595748409835103e-02 -3.141705410693006184e-02 -5.233541374074593966e-01 2.437152632634468352e-01
2.157379091983725392e-02 2.859613539489642142e-01 -3.231663739716356121e-01 -1.183463180624805683e-01 -3.090690506159580742e-01 4.682634591441505734e-01
2.488819993872763703e-01 -3.809924586543467773e-01 2.401496702238735681e-01 -2.814151629185780434e-01 2.848879126154346131e-01 -2.846248059160931820e-01
3.833342656820151184e-01 1.869330672961965964e-02 -3.057732301198463620e-01 -1.939776591045019316e-01 -2.137477095828187526e-02 5.097667692975231812e-01
-1.477089500355708573e-01 3.096842756181769629e-01 4.900510229971474785e-01 -4.602775409490610092e-02 -5.212030541389772731e-02 -4.366411478645044197e-01
3.581497054973801775e-01 1.927369943276531494e-01 6.194915944081533232e-02 -3.747981864712615629e-01 -4.864856431586154217e-01 9.994911187395895402e-02
-1.558686646870879877e-01 3.238468164541942751e-01 -1.977086696808846855e-01 2.252428053679174091e-01 -3.634227535608793302e-01 4.206881167950870526e-01
-1.480135856366417979e-01 -1.369903968960046459e-01 -3.494128354708011530e-01 -6.972000306767173194e-03 7.284695184401751566e-02 6.180971429177393173e-01
9.616397422964721720e-02 2.910054356620627170e-01 4.175028622768972575e-01 -1.989174176658186077e-01 -2.576886838985011918e-01 -3.647130512129090896e-01
4.623377474683864063e-01 3.439812884001445387e-02 2.925055306846413017e-01 -4.125228307069050970e-01 -1.510333539831754113e-01 -1.549697579434435313e-01
1.135896750578097025e-02 -4.411276799954214622e-01 -8.299827039728993605e-02 2.105400776828691700e-01 4.827092123149837599e-01 2.438844023690642515e-01
-4.667931419085258327e-01 3.009389602501709449e-02 1.868118778453077833e-01 4.688892488218810994e-01 -5.023562972229211887e-02 -1.567658149262725620e-01
1.645963454878149046e-01 1.517805507177603097e-01 -4.337943186216842717e-01 -2.312933316949973561e-01 -2.149211211894309637e-01 4.081090293468099262e-01
-3.568010283436012786e-01 1.559340473904380180e-02 -2.094729268528422172e-01 4.090075501132883762e-01 9.787902568617791454e-02 4.283094010202200819e-01
6.412560605307782158e-02 7.420595675779649569e-02 5.511646008979599332e-01 -2.838017084762657627e-02 -1.778164158955288232e-01 -4.121252853368045921e-01
-4.435656399132527072e-01 3.800407738485166442e-01 -3.653516640344952465e-02 3.650515452285600926e-01 -7.595284463105389516e-02 3.352282903795417712e-01
5.696807918485297106e-02 1.369414373265361584e-01 5.941939580691759648e-01 -2.242994427634550925e-01 -2.429544583442721783e-01 -2.870368230259536801e-01
4.452264185568056698e-01 -6.246299139649212628e-02 -5.857997271719111304e-02 -5.463736027903646209e-01 4.755936117751319303e-02 9.423553649995135284e-03
-4.495625716794004467e-01 -1.071485829920655469e-01 -1.396614062660106736e-01 2.768775275848338047e-01 3.844583438195940395e-01 3.405545989772185145e-01
1.785287390792537621e-01 2.847100922351446517e-01 -2.125864034688155768e-01 -2.921590290770392784e-01 -3.913323328531591594e-01 3.543524507198639317e-01
-1.168745575196936809e-01 1.960253362205008620e-01 -3.634869264098050667e-01 -4.325989723602848003e-02 8.889493040961288228e-03 6.160849484359376405e-01
4.625615548016138168e-01 3.297285446107636048e-02 1.650265063719051628e-01 -4.616247153434716588e-01 -3.312106982996091548e-02 -2.111534123466859147e-01
-2.089054637876749387e-01 -3.187496042187339396e-01 -3.046438988454093777e-01 1.886916072142363898e-01 1.219418888489163799e-01 5.001589199049389922e-01
-2.777112365727511523e-01 3.515086699995549901e-01 -1.782402594726579248e-01 4.295521417047082902e-01 -2.706866603792080772e-01 1.573956810975037923e-01
7.321230607969372861e-02 -5.105255102236297970e-01 -3.186651828705235057e-02 1.303510101446149205e-01 4.149487219645783265e-01 3.426099349826128848e-01
-8.977951102070047540e-02 3.080123980188407065e-02 -4.849763486460044182e-01 2.340119469779036732e-01 -1.989962004639957149e-01 4.328211389155968702e-01
-3.450752787747726757e-01 -2.816605138286865651e-01 -1.374396819165688566e-01 1.635773963657196073e-01 4.431506307691281399e-01 3.272336019498770510e-01
1.754991366882796833e-01 4.700121266926289287e-01 1.308805793664939154e-01 -3.602126534513626632e-01 -3.734287224689348816e-01 9.062623958802934476e-02
-1.358770314365700393e-01 2.635520733333787669e-01 -2.986013577827005272e-01 5.190912157401683658e-02 -5.220201522833169960e-01 2.909854798223427408e-01
-3.011417617374885225e-01 2.130169709143034940e-01 -2.480263684179811745e-01 3.076050984616058859e-01 -1.938905886646841714e-01 4.330415416726474120e-01
1.349651361560350593e-01 -6.587651482214355869e-02 5.634627880699955016e-01 1.238668944980063635e-01 -6.705060666334505814e-02 -4.364749352610369781e-01
-4.139117801503974792e-01 -2.290342937133463264e-01 4.139390319477472824e-01 5.264083265610369766e-02 2.389155640327100261e-01 -3.366284800848963199e-01
3.006847921741876983e-01 3.529375406134018789e-01 -7.716382131789478738e-02 -3.852730746707270781e-01 -2.697127556686190752e-01 2.993576434799115615e-01
-1.056513615388211674e-01 -4.573919254860472350e-01 -6.629785235952879996e-02 3.110456575741969432e-01 4.200063427034309571e-01 1.714748820749088520e-01
3.003687251999598851e-01 -2.899019107091703185e-01 3.249473612839907100e-01 -4.417052920228511925e-01 1.324421835520209201e-01 -1.955827713745260654e-01
1.207948815909625495e-01 -1.699911839790000934e-01 4.749126527061509617e-01 -6.433001488439249460e-02 2.493308349564407611e-01 -4.138493048172878219e-01
-1.853500817770494524e-01 -7.515735763547287673e-02 -3.549789854969520042e-01 -1.669780731795368345e-01 -6.082862518461336354e-02 6.447495560214167032e-01
-1.605974667488374585e-01 -3.917204471185602999e-01 -7.605439952545794968e-02 3.973667169459227377e-01 4.068405289510488854e-01 1.497249999169912027e-01
-3.238376004697798294e-01 1.164905781723476474e-01 4.022882557473393961e-01 3.860604644502856342e-01 -2.385580709528630217e-01 -2.059758268492821731e-01
-8.720042149177947843e-02 -3.702387702045151774e-01 -1.920599963112594177e-01 -4.476615834949668887e-02 4.852935175869677598e-01 3.239475984563396360e-01
1.684001938214068489e-02 3.262108283282621479e-01 -3.111533007097522785e-01 1.157356079970071894e-02 -1.543120324103829377e-01 5.658130867427817456e-01
1.220008580808776694e-01 1.429972742258017737e-01 -3.135443224885597346e-01 1.168005557848941778e-02 -4.136722177236171749e-01 5.098318960579835135e-01
2.610802574409438748e-01 -2.986256161280072541e-01 -8.389095159291289072e-02 -4.947631880295525475e-01 1.376630949905623957e-01 4.043229835725902221e-01
1.987930697010540163e-02 -3.679813628174773421e-01 3.440867097975375266e-01 -1.283927883959788963e-01 4.576310449451784224e-01 -2.003208010655116444e-01
2.280804560596330910e-01 3.403773039503997788e-01 -1.697791672750650627e-01 -1.315936465026481261e-01 -3.516127809716653729e-01 4.561475555252725300e-01
6.220673220644030998e-02 2.572640604200987502e-01 4.817842676326333229e-01 3.181887657901234095e-02 -1.548100690867195706e-01 -4.288591807166997616e-01
1.190089337377581852e-01 2.709404360278336865e-01 5.617270837087648960e-01 -2.305156033767338797e-01 -9.625613987051367948e-02 -3.002469719352720556e-01
2.721985408117757466e-01 -3.325231116292853926e-03 4.302363827369682925e-01 -3.377501897960312194e-01 2.306538296114688663e-02 -3.617649313519292198e-01
-2.481906153279820892e-01 -3.987396210152637788e-01 1.228505176301648155e-02 4.328069396088626841e-01 2.977381368639317460e-01 2.384731658397906962e-01
-2.765773314761499346e-01 -2.796419047347812881e-01 3.565774048731969459e-01 3.280297681752896155e-01 2.782597862748956152e-01 -2.119258565243233305e-01
-2.279025576959079202e-01 2.147582029783959845e-01 -3.477428960364659094e-01 -7.771383808939313909e-02 -7.085638457594883866e-02 5.987599596798374169e-01
-4.840594741052364758e-01 -2.311007015467756165e-01 -2.181194343260208224e-01 1.994871131918203866e-01 2.285744546892234941e-02 4.661826353470879813e-01
-2.169782914105067018e-01 -1.538300941883529449e-01 -2.785908042270656693e-01 2.694541166329320614e-01 3.439568656737705954e-01 4.394563077344587065e-01
-1.595428730033414677e-01 -4.304757516025628505e-01 -1.988607592386971434e-01 4.096938784555250734e-01 1.442154776404264704e-01 3.891014094590332650e-01
1.053445495408394245e-01 -2.731876508512722651e-03 -4.601704678028705753e-01 -2.159912604118296997e-01 -2.667281350319077871e-01 4.492520262710944512e-01
2.822788979123576625e-01 1.625660474150734600e-02 -1.861646710184216014e-01 -4.619347161023401038e-01 -2.869606512944372079e-01 4.089868998920606069e-01
9.370939523599317034e-02 -2.651222580338546408e-01 -4.008158958615877787e-01 -1.269198136436350266e-01 -3.246096680707777349e-02 5.463860233477422224e-01
-4.484789618874673867e-01 -7.226348919798733506e-02 2.575926247365767918e-01 5.029148835720247401e-01 1.360006994188185658e-01 3.070988285966883002e-02
2.707673016063621985e-01 -9.145195109222367669e-02 -2.736503713842610153e-01 -3.396769193417314980e-01 1.886171973559526982e-01 4.672403933028069223e-01
3.847605638645456541e-04 2.554161328370435115e-03 5.704893215142828877e-01 -2.114871932582703673e-01 -7.739998044654482212e-02 -4.035320388247128909e-01
2.520498029119522809e-01 -4.364081886567454105e-01 -5.503854628362179341e-02 -2.888671418011306558e-01 2.942495542939014830e-01 3.615525260985525957e-01
3.589025891288954995e-01 1.911324735953884024e-01 -1.766906519851802193e-01 -4.459336752280370630e-01 -4.282071901004397274e-02 3.687490708492529023e-01
-2.069590455180259359e-01 4.912103138545311637e-02 5.144237604466859182e-01 2.682000856105172248e-01 -1.053490365549181740e-01 -3.518110796605825596e-01
2.059602367410751367e-01 1.746546312240289944e-01 -2.775141374436650432e-01 -4.167052006291387389e-01 8.161084920365130335e-03 4.870561027199120652e-01
4.501917438958161766e-01 -1.026303474354636897e-01 -9.320628239885967933e-03 -4.301200237877206289e-01 1.272789282826110036e-01 4.056407152810220240e-01
-4.123510852934423460e-02 4.642834381251919051e-01 1.098123735536221529e-01 -1.977036244043872959e-01 -5.154677569564009021e-01 -1.510839844227977735e-02
-2.007469906234931045e-01 1.211845576545170916e-01 4.318132395362634379e-01 7.702420434093559809e-02 -7.611150935686226970e-02 -5.083555884887220877e-01
-2.441926442032217870e-01 -4.094371125864434968e-02 -2.935690108472200910e-01 3.026033405564448331e-01 1.891292731262469440e-01 5.114655057462835774e-01
-2.310566439309567621e-01 4.129710627459565742e-01 -6.421116023244037574e-02 -2.123101791302423047e-02 -5.508026458150467874e-01 1.004504483858191383e-01
-1.880305857436718672e-02 -5.637613811608815223e-02 -4.141855982714761075e-01 2.801464949865502610e-02 2.842207416141271925e-01 5.248574612997187749e-01
2.326641173402026891e-02 1.774843449492010672e-01 -3.160419205450127333e-01 -1.247877932742248452e-01 -2.684459460992643653e-01 5.666959385642516001e-01
-4.203312150350656529e-01 8.360058973901371426e-02 -2.428440510300904631e-01 3.802140962429326754e-01 3.113794864141128382e-02 3.541273686206973803e-01
1.134475236920434310e-01 2.057840836156662190e-01 -3.368823263476523056e-01 -3.592077062762673301e-02 -1.524502222398663176e-02 6.268786642634824879e-01
-3.168599180705883311e-01 -2.936127889567919924e-01 -5.938960737983275257e-02 4.370326728333250310e-01 3.292066299449831757e-01 1.497561141136745377e-01
2.244504244418285208e-02 4.878257260130412498e-01 1.889005996735764192e-01 -3.019325079451695704e-01 -4.521367220563266565e-01 8.283552048704950765e-02
1.395796247526926159e-01 1.807689928334055562e-01 5.646427058417990974e-01 -3.217390380686124818e-01 -1.486464731288838215e-01 -2.591719226503216289e-01
-3.910814001885834501e-01 2.337491629615192357e-01 -8.945923052084413241e-02 2.624670379627186967e-01 -3.273152090189676011e-01 4.185577076654091178e-01
-2.915481627578782042e-01 -1.069323547186488421e-01 4.070668352454565042e-01 3.439159555560818982e-01 2.145925588330658551e-01 -2.949353615467071865e-01
-4.431770891615001429e-02 2.240231758573630119e-02 -4.318538598221801084e-01 2.836476775726476940e-01 -3.420732397634337896e-02 5.111382153022434593e-01
-8.693701491589664321e-02 1.567002983739941013e-01 5.621489379991425617e-01 -6.309721630092653133e-02 8.386381259905158203e-02 -4.349099922261246975e-01
-1.603887507297955262e-01 -4.438073659359406675e-01 1.032745781813904223e-01 3.073265585058339022e-01 4.332845599888239252e-01 -6.051278706203908064e-03
1.283047088649094669e-01 -2.449711196447545702e-01 -3.631122770269749056e-01 -1.053470435475826750e-01 3.303671660044630309e-01 4.207197940576360429e-01
-4.355311366041582088e-01 2.473401635985886943e-02 -9.568120326317949842e-02 5.414708326239823233e-01 1.443758218715590069e-01 8.082089445306939179e-02
3.931502380691913046e-01 1.912241214876315154e-01 -5.926969336859733845e-02 -3.844527094480296170e-01 -2.173273857228629202e-01 4.186626469982828169e-01
3.568985130680170648e-01 -2.774263535169944062e-01 -1.105513130764828045e-01 -5.071464822252109705e-01 2.148705939245387775e-01 -5.337427830884616808e-03
4.038851180991980261e-01 -1.678287285754306302e-01 -1.972529447704171879e-01 -4.852540699813228109e-01 -5.793292571114146139e-02 2.469929519268124485e-01
3.865331206920289420e-01 3.078039129080702985e-01 -1.489087200696162646e-03 -2.558991288927057184e-01 -4.107526562884998844e-01 2.648889553590310642e-01
-4.405968808328586395e-01 -1.799513132968506290e-01 9.744411970964329817e-02 5.470912908270064712e-01 -5.197206397682571644e-02 7.480864395732506056e-03
-7.275884493716587575e-02 -1.342442311125280341e-01 -3.311498691938852823e-01 1.991320521832254942e-01 1.405168024096400958e-01 5.911200015711195466e-01
1.422851762569627976e-01 -4.251273760451886319e-01 -6.667899139859343426e-03 -5.049328001607735761e-01 3.358651981120879815e-01 -5.138023613103278459e-02
1.106204958248318271e-01 -4.353982558664976077e-02 -3.697865029242451973e-01 -3.830295774173423373e-01 2.738665991168406921e-02 4.969770397117212468e-01
-1.598045566327040146e-01 -3.968588964650062167e-01 3.099479980179817296e-01 5.822710454608431840e-02 3.600732495728329874e-01 -3.061006372521317132e-01
1.905509421372545975e-01 -2.950503656868795344e-01 -2.908198341434451994e-01 -2.019288158065224992e-01 4.275394044729147747e-01 2.782352279241985804e-01
2.375120073018499589e-01 2.430474479895211037e-01 4.533948100405030823e-01 -3.409075106190194715e-01 -1.367998754264068140e-01 -2.685102198505100457e-01
2.451361853950279057e-01 -4.508654576132709209e-03 -3.097406501971545212e-01 -2.728353806294202544e-01 -1.458237064963166796e-01 5.339035359921278090e-01
2.161758811453834972e-01 3.399455805488864613e-01 3.737087074314466295e-01 -8.214734528708228511e-02 -3.465361532757965657e-01 -2.894248248951736824e-01
-1.980741538735857621e-01 2.057092876770738044e-01 4.374213913924865915e-01 2.291244134864313386e-01 -2.742069053179794214e-01 -3.288565162537431252e-01
-5.263308158443790186e-01 -9.896414009809785528e-02 3.294094111799579505e-02 4.431902737281712135e-01 -1.848007710409012572e-01 2.624206344732987195e-01
1.177852583248626267e-01 3.025444522038127013e-02 5.765610043715351241e-01 3.538412193664212946e-02 -7.915403957371479338e-02 -4.140145031880804183e-01
2.753211610242649598e-01 5.164610580452217575e-02 4.816793607143780576e-01 -1.233328236790524612e-01 9.445818437330839867e-03 -4.344506170869673611e-01
-3.411383813961664790e-01 -3.486917853284846047e-01 1.431233076195146670e-01 5.762358026940421762e-01 4.736420019492015854e-02 1.035725466166126235e-01
2.709595229212283241e-01 2.457208432136771536e-01 -2.552533914900635414e-01 -2.801375071859512622e-01 -1.135282385141097583e-01 4.978947749983030358e-01
-5.172889156961466561e-01 2.135415242304362082e-01 1.456299226074317665e-01 4.696583738293392818e-01 5.281976283073433476e-02 1.354533263751919181e-01
3.629874129312765652e-01 -2.568146915369661776e-01 1.110657404707446616e-01 -4.501524184662799577e-01 3.247334977555048074e-01 8.646252674973461949e-02
4.111230727017116393e-02 -2.866863991367067377e-01 -2.523107532788091967e-01 5.777629243773931000e-03 2.157199098195753950e-01 6.115985945405644220e-01
3.603482478522821442e-01 2.414745481392644721e-01 2.809774759797849519e-01 -2.601108035178024691e-01 -2.292217894750538110e-01 -3.462987975468028168e-01
1.462784569149609692e-01 -8.485943314784442915e-02 4.918062119365972928e-01 -2.811404320055683748e-01 2.354216546057934234e-02 -4.057249500923755803e-01
4.514491620901555646e-01 9.286662110021605410e-02 2.194206597172256024e-01 -4.293439818478481107e-01 -3.057455454010143403e-01 -3.614103206971383542e-02
4.016353902382721053e-01 8.196324877102813614e-03 -4.606744016346453474e-02 -5.581535963158519298e-01 1.798319441126683682e-01 1.760728657223230853e-01
2.730827509033461609e-01 -1.168645869375781743e-01 4.673495782684606303e-01 -2.300304373381676926e-01 1.139793074995137656e-01 -3.654698596762692708e-01
-8.019953879430219423e-02 -4.499183550177417446e-01 -9.331138428360966075e-02 -2.028517943221750386e-01 4.203685923731765306e-01 3.837180209053392410e-01
-3.766017012087071181e-01 2.664778713172060720e-01 3.199593975681583324e-01 2.379245500788667589e-01 -2.948281625828567676e-01 -2.343807712684715105e-01
-6.434659009836807275e-02 1.003476923088170158e-01 -4.122912037054438650e-01 -9.412625155085972695e-03 2.837897671941467803e-01 5.692032000775706369e-01
-8.317549022956659266e-02 3.361615970457040858e-02 6.106549967166896575e-01 1.959233457251782773e-01 9.999889483537793833e-02 -3.473101238619561437e-01
3.835506672025725261e-01 -1.508904755914979579e-01 4.501720847365588835e-02 -5.007663292902708729e-01 2.858600088362185376e-01 2.100398253055049402e-01
-3.024583821044690007e-02 5.650193420715784315e-02 -4.364861939498582144e-01 -7.110277721555799402e-02 -2.543291123699086831e-01 5.131004377056943566e-01
1.071253953124638031e-01 2.550004614888790044e-01 4.981617324518387013e-01 -3.064188272612924924e-01 -2.616948585909198988e-01 -2.515096103267829841e-01
-5.076353184249154937e-01 1.619938359051956711e-01 2.849914515419996741e-01 2.030420817319974480e-01 -5.221051345643910047e-01 1.208383781359177456e-01
-1.188720198187179083e-01 3.507338647047026498e-02 5.823984908265414928e-01 -1.232163719285191694e-01 2.080172323733700812e-01 -4.025236140980358313e-01
1.078105078614551710e-01 -3.388792609353477037e-01 2.473638054423899779e-01 -3.288910941668879984e-01 4.530701642143307728e-01 -1.793771215741926939e-01
-1.282059849024015374e-01 2.586234984759605005e-01 -2.979096257822949068e-01 5.440395601180525453e-02 -2.893451609093734000e-01 5.184138136770590766e-01
1.919960252234279297e-01 1.168976391295502848e-01 3.542655969312426545e-01 -3.337144775977801681e-01 -4.697087085824475094e-01 -2.617875339328599726e-01
-1.304048521165536156e-01 -2.100175901379073840e-01 5.152374949894935607e-01 1.320659580138135447e-01 3.524279854172487902e-01 -2.688314103803967070e-01
