2.847645844656948033e-01
-5.102351324203541205e-02
-3.473667462873015754e-01
7.012815058426948855e-01
3.459863328754569256e+00
2.279834197615996372e-01
-2.965962741436228289e-01
4.118647329026772774e-01
2.547951931030511652e+00
2.417234206846217148e+00
-5.764401122751788148e-02
-6.328160554468926779e-01
-1.698117482750395868e-01
1.073525561156569719e+00
1.277195458994031751e+00
2.426854016802871550e-01
-3.654943399118181224e-01
-4.167004974908837256e-01
8.500872047909044937e-01
2.410252604433640311e+00
3.974689155781693239e-01
-1.801517419987666291e-01
3.453466065854248757e-01
2.271185635262173985e+00
2.882850842522811430e+00
1.151074829253579124e-01
-5.572442999789053442e-01
-2.264991456244926094e-01
9.031278863075258290e-01
1.676071768689255226e+00
-3.122655458333890022e-01
-3.687601264061444728e-01
-1.772363276250486785e-01
1.085359698133860240e+00
6.945410865984693594e-01
4.218964899063483154e-01
-3.561413931093682650e-01
-1.108170983826920891e-01
1.431138235396151925e+00
2.511583968658320565e+00
-3.922208594610624571e-03
4.627488408595590852e-01
-1.666074091463556547e-02
1.463991821677098848e+00
5.044039318775578984e+00
4.364158405691273002e-01
1.018474107547833324e-01
9.704788166136710248e-02
1.792452147663338380e+00
3.546596016908539983e+00
-1.143178572696779832e-01
2.530771838565893939e-01
2.188644117883931095e-01
1.925458176793514831e+00
5.004020225802743305e+00
1.915229038515037230e-01
-1.883162024273552504e-01
-4.340556079300938452e-01
5.703760486437706723e-01
3.006462190432287684e+00
-5.587482303346798240e-02
-1.479789552350995081e-02
-4.433084500745035350e-01
1.651556358463647234e-01
4.528292087529585785e+00
4.678233835541334984e-01
-3.793034239611685621e-01
1.610027733748119749e-01
1.909295529307116990e+00
2.873661574849941669e+00
-4.319550628074938503e-01
-1.089305676261007050e-01
-7.278535210009871859e-02
1.304680321682387012e+00
6.099656571339560962e+00
-2.888626972739164953e-02
-3.160241395429162492e-01
4.120259276910676061e-01
2.808442593156387002e+00
1.213330316645905294e+00
2.689511933395364318e-01
1.334977720437993398e-01
3.275394973915219943e-01
2.230264905553042354e+00
3.982763111213468932e+00
-4.385519323927452584e-01
-3.324345631900142428e-01
-1.734503666994082760e-01
1.100905534468751057e+00
2.317456937291395014e-01
4.043307619884268789e-01
4.532712882396863416e-03
1.455819455734149448e-01
1.782399048855360491e+00
3.402897510379333301e+00
4.941838671783965048e-02
-4.325428840433940825e-01
4.449130142127141196e-01
2.628281001798279171e+00
1.387641627745201278e+00
-2.017336507261176248e-01
1.880525264160604060e-01
3.399986594859443767e-01
2.182627011547880524e+00
5.435818953658730912e+00
1.778881308501771607e-03
2.079671917444242124e-01
3.818103390725911539e-01
2.431962321069191191e+00
4.693545435142040922e+00
5.323108279852675762e-02
-5.557816934332318048e-01
1.365885630144467698e-03
1.595958133917757982e+00
1.961709801846589940e+00
7.191697106676710194e-02
-5.001381306357226969e-02
-4.516929540636746010e-01
3.072068310758483967e-01
4.432028653965302212e+00
2.244116619465690854e-01
-1.638262252059322910e-01
4.344836817580448596e-01
2.642900848626834609e+00
2.870368930344619152e+00
-3.490244683034790518e-01
-3.032487154517075068e-01
2.226462775411772732e-01
1.969042215003787621e+00
2.957740516508406969e-01
-4.439064921429650701e-01
-3.475417287454016929e-02
-1.888955796520737918e-01
1.231120197317217890e+00
6.308297368346138967e+00
3.638574335492402723e-01
-5.077443170285290686e-01
7.068051628967948752e-02
1.904387067190995708e+00
2.220191277544513397e+00
3.121331003012871586e-01
-4.387480911432389274e-01
2.616037815012285384e-01
1.882515389583874210e+00
2.447765001153431985e+00
-3.478718478902522171e-01
-4.229913828467762871e-01
-6.663633435734081512e-02
1.249908006886307765e+00
5.299667912009541348e-01
4.651809444610808253e-01
-4.092194882755580410e-01
7.859068616801376250e-02
1.601711966511144780e+00
2.317834558824161117e+00
3.702423654091677729e-01
2.305164295566477783e-01
-2.895498375732605614e-02
1.622070024965409862e+00
4.114609311207770403e+00
-1.090154687576205123e-01
1.385996170839857156e-01
-4.024579409844245559e-01
6.482957345946427363e-01
5.227329793148478565e+00
-2.642335492361386762e-01
-3.415925443925025839e-01
3.879763019038797722e-01
2.669792231236293389e+00
7.706448727374796137e-01
2.006736770673230030e-01
-2.267335349952629558e-02
-4.057026616967736032e-01
3.814977805251976162e-01
3.326007269805678401e+00
2.721786862337077784e-01
-5.780288363174374000e-01
1.988022030285309383e-01
1.994932104179170551e+00
2.296048313543532338e+00
2.783377219827260496e-01
-2.618758110677150697e-01
-4.140123013339643276e-01
6.856638096226008727e-01
2.443801683277416981e+00
2.219634363924260223e-01
2.669670604504951195e-01
5.554603060734673858e-02
1.594293858543582854e+00
4.454959677505113014e+00
-1.448601121158268057e-01
-3.369021239371214338e-01
-4.200258545061620330e-01
6.621304539754178098e-01
6.873813257748120353e-01
-2.754991971641833001e-03
-3.159597177128136702e-01
-4.014047518534808456e-01
-4.975996617916025322e-01
4.694397384842608822e+00
4.220576193522783126e-01
1.759955529572636013e-01
4.811771298791909374e-02
1.730392584932387123e+00
3.930597015257498938e+00
-4.043070727046462753e-01
-1.135143530395355677e-01
2.616838853337927762e-01
1.957812797319642861e+00
9.446341469398701618e-02
-2.946687185030961165e-01
2.661223856645122954e-01
4.095559914233105892e-02
1.544418297381104255e+00
5.169841810800911652e+00
2.562963802495148991e-01
-5.537994076721644010e-01
-1.166611078363796877e-01
1.273342211889653797e+00
2.416858626872491644e+00
4.729264520755854795e-01
6.668436889126594380e-02
3.165599071594673575e-01
2.206167864278592461e+00
3.362074250928528407e+00
4.481692674746927396e-02
5.903997630231260646e-02
-3.842978011798465210e-01
3.944404667451922308e-01
4.542894650820028524e+00
6.012700850086693388e-02
-5.737194337342268469e-01
7.355620060480549949e-02
1.540336603572465046e+00
1.730201230202088380e+00
3.640685541349633625e-01
3.147259888513969511e-02
3.589890605025393144e-01
2.290653626187993730e+00
3.631166838282899434e+00
4.408998023754138740e-01
8.882874157832480744e-02
-2.465333199776993667e-01
1.184541908871204363e+00
3.674991909159595949e+00
5.200284868758401347e-01
-1.333429703684979872e-01
-4.203400808641263864e-02
1.502244680075796701e+00
3.388245458193269943e+00
-4.149678187235840143e-01
-2.346405380337922009e-01
-2.474822874051854638e-01
9.758467502440340002e-01
5.538902586079508250e-01
-2.268193011654973945e-01
-5.061159587794527015e-01
1.373992252329340746e-01
1.898598884417983301e+00
7.536664262680181636e-01
-1.535145691655967204e-01
2.787642012991258245e-01
-1.850787831348962298e-01
1.242442376565042306e+00
4.906689065042756148e+00
2.176140143534929516e-01
-1.147556037240197169e-01
-4.518096077965211843e-01
4.622234325084595419e-01
3.230438784018248022e+00
-2.593416805640103712e-02
-8.321781049894787230e-02
5.140242976048225998e-01
2.960492064980535520e+00
4.520941612291468625e-01
2.574441945914704988e-01
-1.445266068871295662e-01
-3.643137481888525375e-01
5.864947305950772849e-01
3.336533396114369943e+00
2.660036581008406453e-01
2.704000556711932401e-01
4.005316981231514528e-02
1.610732268875921358e+00
4.284219775421051146e+00
-2.523626949326323032e-01
-1.187896446116117888e-01
-3.247817222710548402e-01
7.402580279642823058e-01
6.136513613285473845e+00
2.251777404648932362e-02
-1.028852697991766846e-01
-4.666148373300896268e-01
2.956656991912394727e-01
5.724374507709147686e+00
-2.983798686779735032e-01
-3.677870679577177060e-01
-4.042747334880243959e-01
6.319065522411809743e-01
4.024568277058502286e-01
-4.351686760335513604e-01
-2.213786652704762270e-01
1.077800628599428351e-01
1.833410119822380224e+00
1.964302172872833038e-03
-5.433320914660695611e-02
-3.003641460828629720e-02
-3.991926432591559326e-01
4.931561616454254171e-01
5.231851039266055103e+00
-1.576883373789851883e-01
1.927032369173096171e-01
2.933054516267529777e-01
2.318889798876793584e+00
5.130435690809280302e+00
2.701035678139544760e-02
-2.282588986474156922e-01
-4.718266264817390088e-01
1.368373941974006802e-01
5.889021699120388753e+00
-4.006076739176422374e-01
1.579056957448541354e-01
-7.963938438657738872e-02
1.588039950148454560e+00
5.614248480063771751e+00
-4.391049176708788915e-01
1.591687521509829034e-02
8.812835333400305393e-02
1.521408461910788823e+00
5.865960983738855106e+00
1.022486107835221397e-01
-4.446409432036626530e-01
4.117534119548761362e-01
2.621161906205772052e+00
1.827332594800629595e+00
2.611558872399979969e-01
2.962152107612054386e-01
-1.128223583418741377e-01
1.212895494941987895e+00
4.138058516629679495e+00
3.977875334228403448e-01
-3.233859238738687747e-01
3.562424309903042818e-01
2.104113182091791323e+00
2.722009741018402096e+00
-3.282619005498555453e-01
-3.757972495225855303e-01
-1.936162066823566841e-01
1.130163838102607121e+00
3.330209380651423801e-01
6.696038629074155257e-02
2.440437650147146142e-01
-1.002824328634662338e-01
1.370685510019084230e+00
4.871213891807955498e+00
-1.964616248732469483e-01
-4.788874110331053924e-01
-1.936129008980495003e-01
1.187467800152767428e+00
9.609156180949660619e-01
-3.711465249772444852e-01
-4.801840193949366564e-01
1.657653051066296790e-01
1.775812253453310952e+00
4.373411645286204852e-01
4.395217243925569339e-01
-1.167749076424288573e-01
-1.981455799129914486e-01
1.072503955248993446e+00
3.030285018306466682e+00
2.574990625960772994e-01
-4.479134203761583333e-01
2.866852428731104796e-01
2.181362210313909866e+00
2.200607680713678516e+00
-3.154309949674891089e-01
2.369822595095916196e-01
-8.736037424098037907e-02
1.286002725105214850e+00
5.220156188320977719e+00
8.390322485920431728e-02
-7.937088601456494114e-03
4.573589179504213287e-01
3.309706425715549294e+00
1.406393470105057997e+00
6.739413852373492275e-02
-1.052396996874744306e-01
5.111801797948415382e-01
3.422879154605128260e+00
1.498820065959096358e-02
4.090379061754968737e-02
-5.974859007155513407e-02
4.996086018893241554e-01
3.015530198876849255e+00
1.752894443428157256e+00
1.175025766745695088e-01
-4.410233179592170094e-01
-3.110621907988660451e-01
6.994072256187930936e-01
1.843549220244618203e+00
-1.049783424965647777e-01
-5.382538118585101783e-01
-1.227042911070645725e-01
1.431326444976879442e+00
1.436808628446392122e+00
-2.120536827973796556e-01
-8.332303469248179828e-02
4.072678954118290617e-01
2.468000034191740077e+00
6.045890559392745445e+00
1.864137317422454032e-01
-3.540693010147977215e-01
-4.106357465008752539e-01
5.071320366968037341e-01
2.526940717839160744e+00
4.369837354534242269e-01
-1.595290258836370989e-01
3.311508520589216964e-01
2.096470268624823774e+00
3.150093294891849638e+00
-3.869134764492709322e-01
2.624727588857653920e-03
2.045273560628599885e-01
1.899387919003355130e+00
5.621231331961723754e+00
6.757853466823310340e-02
-4.900548336582453146e-01
-3.150750295809831569e-01
8.234634937458408244e-01
1.750532599203492801e+00
-2.192212818294321242e-01
-1.535558297175866442e-02
-3.367793610425305895e-01
5.938364335363394142e-01
6.039870780579855492e+00
5.062856464616953822e-01
-4.343497920788465250e-02
1.027009004968556793e-01
1.936426516746453608e+00
3.309070880978353113e+00
6.079461644134995929e-02
2.956452949720067003e-01
1.120418483433600759e-01
1.792261735023551905e+00
4.373693263896447192e+00
-2.613346899031546156e-01
1.773437260726078435e-01
-3.956913571638515786e-02
1.380582266825279403e+00
5.539568606755544522e+00
-1.459361430982392682e-01
-3.779967492537834178e-02
-3.717058431927164341e-01
6.181921668894215793e-01
5.743016897120583941e+00
-2.835750841854070906e-02
-3.674548499770945442e-01
3.752990450021821967e-01
2.485904205129437106e+00
1.700265974504739486e+00
1.235662417012106939e-01
-1.420652539690219207e-01
5.160387147236354943e-01
2.760224256864278303e+00
2.923940991186911642e+00
-4.800105143978592587e-02
2.513537560386175929e-01
-2.313872586501130313e-01
9.696346941026071642e-01
4.876243963118185754e+00
3.111418926336856905e-01
-5.791319154243061013e-02
3.432372695882643376e-01
2.399290214503185581e+00
3.732536271430754837e+00
-3.336970864579359430e-01
3.075567522254195052e-01
2.256404430100506786e-01
2.026577670401596087e+00
5.663982996761729893e+00
5.235217173388010022e-03
-1.726837315941545103e-01
-4.880607316088495518e-01
2.162301128353679991e-01
5.622562182681418719e+00
4.676813550597757607e-01
-1.948478896735929833e-01
2.528839655947842102e-01
2.107841406962056130e+00
3.052509491496549821e+00
-2.034855179021861568e-02
-5.035916331073757579e-01
2.177640444355298521e-01
2.077124275639067097e+00
1.374819955892807588e+00
5.304470897140231567e-02
1.656241752455378247e-01
-3.617743096248201007e-01
5.762549930561059464e-01
4.437375520092148307e+00
-3.317452099648149910e-01
-1.585688691612968659e-01
2.786933123861627393e-01
2.197759810541619618e+00
6.238303997900926490e+00
-4.085714310585999987e-01
-1.941055436731404515e-01
1.649892145739332294e-01
2.065025096145392869e+00
2.117231011331438817e-01
9.598191313111399670e-02
-1.680156783198220871e-01
5.064672085423633785e-01
3.003081083852416011e+00
2.302278345604257259e-01
-4.182085926013577870e-01
1.028833192176945716e-02
-7.177769989118228111e-02
1.458760385934442461e+00
-1.561299267410510283e-01
-3.502179121243710613e-02
-1.007536772642526474e-01
5.975111244633135588e-01
2.749444683785838617e+00
5.234724718460063819e+00
-2.556482888320444832e-02
-5.164838715320738682e-01
7.633267557649196788e-02
1.903658211719579496e+00
1.678008073363918884e+00
6.020098101646146477e-02
2.988527469808441861e-01
-1.334494594820834212e-01
1.238669995700050430e+00
4.467454401570161160e+00
-1.876063970001132925e-02
-5.160696586338724412e-01
3.055625437383523990e-01
2.284975330244306768e+00
1.549109605801736622e+00
-1.238800416057397047e-01
-5.006810326146623469e-01
-2.145892734517091949e-01
1.222569885158452552e+00
1.208629138950567228e+00
1.111522792366010232e-01
-1.362883573614307453e-01
-4.729547878780075987e-01
-1.405110538344010729e-01
1.491355602991395912e+00
-3.004320869074405542e-01
-4.466499826650967009e-01
7.780936144335286186e-02
1.471841417302934385e+00
8.727238579179116273e-01
4.403129259800306339e-01
1.612900279069399978e-01
1.498462466376995761e-01
1.849253369832505101e+00
4.018980036549267609e+00
-2.125297740803950564e-01
-4.099691720621889135e-01
3.688149943523974517e-01
2.408633881705692925e+00
9.583712967825039897e-01
-2.865226865970340597e-01
1.776180679643521165e-01
2.914692596168170224e-01
2.036377044574964490e+00
5.170843070206601055e+00
-1.283355750687879826e-03
1.995471787695880239e-01
-3.462965171540688392e-01
5.403525611335390222e-01
4.840981099861035197e+00
1.608842021730154392e-01
1.244564230664428894e-01
3.639867518432075011e-01
2.371780428221068604e+00
4.123861835353008765e+00
2.630828562471963505e-01
-5.772514574042103552e-01
-1.123914145952339266e-01
1.518372670636687793e+00
1.850710514539263052e+00
2.117376695080090965e-01
-4.225205012907809476e-01
-2.924219791725083395e-01
7.748091436360536877e-01
2.149494523239151800e+00
2.076077668794842068e-01
-4.944749463482592255e-01
-2.175064367769860285e-01
9.504308094229529935e-01
1.843302582638821852e+00
-2.576322695987052214e-01
3.925771503986589389e-02
3.191988960202699066e-01
2.374970830470980232e+00
5.693990585703917695e+00
7.407838291057655677e-02
9.670047550518494350e-02
4.281626141274813002e-01
2.817014535057511981e+00
4.464016232920170246e+00
-7.366323426811745290e-02
-2.604972056988754670e-01
-4.605270175288541656e-01
4.660436950640007847e-01
6.097280273881836576e-01
1.457100247527395032e-01
1.397273541161721810e-01
-3.821630230354881030e-01
4.751143789133894235e-01
4.129767885683951256e+00
1.087213123851027002e-01
-5.252212584591352540e-01
-1.820903057117593815e-01
1.249840148515057869e+00
1.967179310568003547e+00
-1.989645781810623834e-02
8.107485765008161371e-02
4.748087827963539120e-01
3.533216650156168370e+00
1.540885641731039701e+00
4.998663227810388743e-01
-1.627711150673361307e-01
-2.254492609221170341e-02
1.496857184382239137e+00
3.259936702508818840e+00
-8.144140232277816138e-02
-4.773509347447510431e-01
2.915492669782770996e-01
2.112646169409120755e+00
1.154429247987678542e+00
-8.853225779861383093e-02
-2.236633322609259955e-01
-4.478212094823976197e-01
1.283852620346063733e-01
6.217517095795542792e-01
3.265065013732056931e-01
-4.667614527163350124e-01
-1.980973363006680033e-02
1.737311460305860589e+00
2.063213596041789000e+00
-1.039357530944870628e-01
3.018263524481303861e-01
2.902002865209955540e-01
1.967826206356052099e+00
5.153154330809770478e+00
-1.963288117755347395e-01
-4.832604393629331696e-01
3.258707598083197543e-01
2.250432167443245923e+00
1.103138046175654141e+00
4.234401380013993466e-01
-5.926705087480682588e-02
3.518238300716722833e-01
2.398153357148623765e+00
3.260751025705341366e+00
4.978143942898220486e-01
-8.846360479230087198e-03
-7.230294852990737028e-03
1.591620207971200296e+00
3.628568289851549000e+00
-7.922352079529709767e-03
2.718162032403378392e-01
2.115019621355665458e-01
2.054755223406587117e+00
4.643432339038417567e+00
-1.081281417095373010e-01
-6.110937923213840550e-01
-2.676085245201328955e-02
1.385739583940682529e+00
1.560628004345659514e+00
2.156292895793622266e-01
-3.483475602368580337e-01
-3.143615885147399425e-01
5.825657178887129195e-01
2.283860289237206409e+00
1.959017003938352819e-01
-1.177831785597724668e-01
4.871972636154732195e-01
2.761567482096937365e+00
3.484846231922122506e+00
-2.231656705793176043e-01
-2.476079681508842611e-01
-4.002630290538982116e-01
6.141346846276295457e-01
4.933383640310383123e-01
3.306079459265546250e-01
-4.047563113301520521e-01
-2.371281808318888573e-01
1.171082775314140845e+00
2.238593269075048742e+00
-3.892096709490062145e-01
-2.113704409291828901e-01
1.604697163895052459e-01
1.784176398232808713e+00
6.600718827179520076e+00
8.737962977267382803e-02
2.183802723239380850e-01
-3.385177506363540867e-01
7.019070369810629373e-01
4.732173795773020331e+00
7.407201294942230771e-03
-1.151942288707210049e-01
5.716587499868044375e-01
2.833319752736591202e+00
6.597514655445984033e-01
-7.151258415631653320e-02
3.215471614701493897e-01
2.476605183439532509e-01
2.155280251205509590e+00
5.184002735721223942e+00
3.299653312999173416e-01
-9.922262383616343995e-02
3.933390085167087769e-01
2.651802959724959052e+00
3.274380950452844719e+00
2.213810771949352996e-01
-5.668810716745974476e-01
1.608886931007182941e-01
1.754468645704376994e+00
1.785532589485086197e+00
-3.741828530749985449e-01
-3.865531326752387753e-01
3.054636249099090470e-02
1.629709902188893667e+00
6.431832302270273916e-01
1.406181232324793251e-01
4.818741152243928572e-02
4.698607831965153636e-01
2.583680055087060001e+00
4.162558459853066495e+00
8.979636723534628606e-02
-2.777244029390494862e-01
-4.476213203329466594e-01
3.150287178972608904e-01
1.671954931090474439e+00
2.379738953386864309e-01
2.110956232700743063e-01
2.431715643232710833e-01
2.197766005283990243e+00
4.267803112454220837e+00
1.642309313364256618e-01
-5.393679277446805642e-01
2.314038600024750925e-01
2.013415323617468111e+00
1.568295440980919109e+00
-5.981389824401259769e-01
-1.406859499181825901e-01
1.782226363159344629e-01
1.959765515260400326e+00
-1.818304107430378791e-01
-3.463026183636553901e-01
4.780726975817815860e-02
-1.547476495528065099e-01
1.144499925824952191e+00
-2.766150383075994257e-01
2.845485499065952828e-01
2.757664919546297666e-01
-1.935629738208280992e-01
1.110174771495421764e+00
3.915045030270191351e+00
-1.247362942895114540e-01
-2.334503107059669735e-02
-4.065995235433412236e-01
5.091973755604354279e-01
5.807704752135123272e+00
4.675206074176260773e-02
-2.635525458987494352e-01
4.726407333260148613e-01
2.628255487224949505e+00
1.615859401884138347e+00
3.128920740102260067e-01
-2.569560222872342981e-01
3.507354018641468119e-01
2.376025427336484253e+00
2.822737843537973745e+00
-2.410737666664481693e-01
-1.717412167236120890e-01
4.526384495396214569e-01
2.436007392788252179e+00
1.083004986996990437e-01
2.018778710933455955e-01
-7.487045746670072111e-02
4.672082523227812922e-01
2.557727858147740729e+00
3.440621388683989590e+00
4.771531728117798798e-01
-2.545120909158907988e-03
1.141215654860220918e-01
1.633486212487481826e+00
3.181624037168215846e+00
4.734191786781358907e-02
-5.647560922998901001e-01
2.181019464117497642e-01
1.912822385373456280e+00
1.967479066470608995e+00
2.073541709889842044e-01
1.591057849258709078e-01
3.404357945696677712e-01
2.230387875263303510e+00
4.392748925900214374e+00
-5.590921831285644572e-02
-5.009899047964674335e-01
3.335858796991964526e-01
2.429648270373261809e+00
1.310689365812319762e+00
1.930844732008597797e-01
1.939056249678743349e-01
-3.445765907127888994e-01
6.693355431952403567e-01
4.320296670180574949e+00
-3.016416496483997345e-01
-4.357159195975117416e-02
3.009372261409140048e-01
2.255013788372922434e+00
5.909401434286906785e+00
1.245356997312669078e-01
-1.788030182384711675e-01
-4.730262803075802047e-01
-3.050830238803107775e-01
2.515018968743872874e-01
-1.127039928463142160e-01
-7.521969653504885500e-02
-4.109105669758809087e-01
3.832092649662091066e-01
5.444032877317411590e+00
7.886124632528999923e-02
1.671381582843660674e-01
4.126153322254108580e-01
2.522955692255966831e+00
4.668323163715371926e+00
-2.586555455733514641e-01
-2.440903921267916221e-01
-3.029268037333908148e-01
7.724304280130566136e-01
3.246118186022923235e-01
-3.696768244200100972e-01
6.367187751696327946e-02
1.366445524952145663e-01
1.846438701393739112e+00
5.814354817210509729e+00
-1.136831501017976920e-01
-2.132979036849307619e-01
5.162457179697592657e-01
3.654570611126572999e+00
3.497805441975345708e+00
4.106287637537565094e-01
1.087924033777504240e-01
-1.697411441302465185e-01
1.331837590400439586e+00
3.558384945506559482e+00
2.223783128135517484e-01
1.449521242082282002e-01
4.179993398832448914e-01
2.578389532267788553e+00
3.869459070673116674e+00
-2.389097696418067684e-01
2.171991794426099409e-02
3.788711755643677792e-01
2.531132307907105972e+00
5.778087962425532353e+00
-6.218221788712525316e-02
-1.381298045112932804e-01
-4.396621496555852548e-01
2.538958676449573071e-01
4.873642138846566718e-01
7.081180533675633659e-02
-2.531570296441087997e-01
4.868193611347422789e-01
2.832750834407569585e+00
1.738941144810592920e+00
3.084900779902645107e-01
-1.691550418006690926e-01
-4.143871787967678966e-01
2.936373649205393788e-01
3.000767680249289082e+00
5.703080397257796752e-02
-5.761597548374618460e-01
-1.658659990094250303e-01
1.219960596299724198e+00
1.562245343782165063e+00
1.088394557939290630e-01
2.879330946304349270e-01
2.781243691983632527e-01
2.196443853516695910e+00
4.625353389932591597e+00
-5.415270146076476415e-02
-3.656722746862353657e-01
-3.357460833616224827e-01
8.021333604425903152e-01
1.369079200529608631e+00
-1.626357090551219242e-01
-5.331879311612698347e-01
8.235064969903266308e-02
1.729939546116258775e+00
1.304600052269782484e+00
-1.368964074545843124e-01
6.530700850725967843e-02
-3.886341059425241218e-01
4.820777435485406048e-01
5.459849636145541751e+00
1.317888503018604662e-01
-2.226513062106208474e-01
-4.653595056879454850e-01
4.838922837672580690e-01
2.817119414885499662e+00
-9.994804973255855263e-02
-4.157528879360355978e-01
3.637360386370183107e-01
3.793326954853947441e+00
4.056016516095507285e+00
-3.671564628862363233e-01
1.105907937735191859e-01
4.999362894050143891e-02
1.641464794161186624e+00
5.815048171525874388e+00
8.912507703437359818e-02
-1.321435465500879203e-01
-4.695431297022459871e-01
-9.377661050974363255e-02
4.255107240374090161e+00
4.978933007989520543e-01
-3.611627375079549673e-01
1.161552726586945021e-02
1.527623620468553822e+00
2.897891638925730984e+00
1.438872013720434717e-01
2.996811400467181211e-02
-3.793027570728895737e-01
2.546485125311570008e-01
3.912898679433745475e+00
3.144553613602746323e-01
1.434727775626528090e-01
-2.496988030095712852e-01
9.556407274492556558e-01
3.858729171877343767e+00
6.470208097284416149e-02
-4.087786913914407405e-01
-3.448412137117117804e-01
4.766569285045387239e-01
1.916129416631810134e+00
-2.959437334548260523e-01
-3.948899261659881144e-01
-2.606568473305489464e-01
1.062441238255350084e+00
5.985025109051130832e-01
-3.062339443110868586e-01
1.418378297124824050e-01
-2.601021475730845856e-01
1.113809266425495048e+00
5.819544558771007736e+00
-4.311035521539222093e-01
-2.192101551920265512e-01
-1.561146618105063166e-01
1.337455071181398836e+00
6.230294817932631624e+00
-5.985091218973142418e-02
-2.503530845237674218e-01
4.591979501782866291e-01
2.809817795171577703e+00
1.500204878503930139e+00
-3.862059083482464739e-01
5.606655338376340114e-02
-6.711728735354266506e-02
1.256846029739132398e+00
5.741097265237891989e+00
4.727330391987489416e-02
-5.650316763573899337e-01
-8.712772104004128104e-02
1.231256221366335835e+00
1.390469916574637699e+00
-1.099880043942826936e-02
-6.794393736890216862e-02
-4.512101883889208520e-01
-2.498939334289364961e-02
5.124871993343010246e+00
-2.707858087031024819e-01
-2.981180750978502103e-01
3.059073320956363640e-01
2.248065744731194915e+00
5.403855095799305897e-01
-2.941064395054334146e-01
2.773016106245198079e-03
-2.753370731599299459e-01
9.108590078944548418e-01
5.760839945917112459e+00
5.283769827836419797e-01
-2.182945526162536343e-01
-4.506934427614036481e-02
1.388289231844292093e+00
2.805332743598486722e+00
-1.575991844199087222e-01
-3.133429895109628993e-01
3.641220290403465176e-01
2.424881538538593340e+00
6.627557404801396324e-01
