# rod_radius=0.025
# rod_length=1.0
5.417697332369258989e-01 -8.472379874510633790e-01 1.276258063435699031e-01 -4.571692622839595987e-01 -8.077478327640988942e-01 1.039316950387823291e-01
-6.191025705070575258e-01 1.044723123310695723e-01 7.124476390262068914e-02 1.276047944944296297e-01 7.472560690747548362e-01 -9.980246091851030510e-02
-2.849048527945124420e-01 1.506260785174919070e-01 3.865636292497153237e-01 1.909382468650261955e-01 4.441745451427473457e-01 -4.425338573273238651e-01
4.812452983591483102e-01 6.815430520501304656e-02 -2.671162520171908583e-01 -1.437790396946349025e-01 -5.062809908256746816e-01 2.614371204198470688e-01
-2.141496252296536951e-01 2.166427957813772398e-01 5.661765056551153474e-01 -4.989793509128007121e-01 1.966116662586251118e-01 -3.921923070768651431e-01
-2.335419325659576217e-01 -8.303728865816585314e-01 -5.092883222139965582e-02 -9.638937098234272582e-01 -1.514423022314367318e-01 2.416805913051921217e-02
-3.609552151724169655e-01 7.737233087755163163e-01 -1.909563237490558840e-01 6.143763928179368783e-01 9.693384137969514036e-01 -8.866758955802304942e-02
1.803006129084529924e-02 4.208379877367047772e-01 6.207624956840241959e-01 -1.590106491349460582e-01 7.803131667636797886e-01 -2.954439125643875119e-01
3.830934297623493912e-01 -3.779679521954336097e-01 -6.307848313752346670e-01 7.194258302247193981e-01 -5.266650690151816194e-01 2.991451035385276347e-01
-1.465070334870351709e-01 5.463277930317916864e-01 6.453579639424802394e-01 -3.633369193901744287e-01 7.352584627733214084e-01 -3.123946150727101578e-01
6.018527832179103587e-01 -6.032421109099469492e-01 3.045549952726183118e-01 9.117176793310886040e-01 3.464860181640251335e-01 3.492788927148349210e-01
-7.870078040552699328e-01 8.340197708527514742e-01 3.505047101079653005e-02 -1.486034698939887377e+00 1.955060824264790442e-01 3.570157951068040347e-01
3.927558604567006895e-01 -5.144172337539579809e-01 5.769720844559752537e-01 8.469734764212107914e-01 3.477702089168828170e-01 3.526527338679521506e-01
-1.025300281442190348e-01 -5.171611519659722322e-01 1.996626644531865058e-01 -1.634136442904891018e-01 2.939154409217999975e-01 -3.821001272020692063e-01
-1.817774003629229196e-01 -3.943048108758551162e-01 1.331290274612713098e-01 3.918155031437087210e-02 4.795885498083906073e-01 -2.998692823132405039e-01
-6.818824599279355025e-02 -3.896743419697238919e-01 6.256492868984352418e-01 3.091165700750402312e-01 -5.442798709762657339e-01 -2.874433733352484976e-01
8.531094788917792382e-01 -2.131894247308457613e-01 -1.944361670358840943e-01 3.725595564467804044e-01 -1.064012688154733377e+00 1.809982157506070943e-02
-2.637117523937507757e-01 3.349345936552974856e-01 -9.802392001216758688e-02 -9.101893105704558784e-02 -6.495454941215257350e-01 -6.678058104676670714e-02
2.126518954589876886e-01 -8.287631496869060088e-01 -3.882555414959370510e-01 3.243944485590949389e-01 -6.900439390513479765e-01 5.957518682461426796e-01
-6.877036812309976765e-01 -1.609726454230661907e-01 7.361291961383278903e-02 -3.482637674200053102e-01 7.029067595830034154e-01 4.457592866770425655e-01
-2.048912007096472809e-01 -1.358451373897354708e-01 4.406795612209969404e-01 7.583603104470328926e-01 -9.722774036973894085e-02 1.748690593559046880e-01
4.518134019045341732e-01 5.251788849059006031e-02 5.383401144477246714e-01 2.668158132872495703e-01 6.032563235846650773e-01 -2.755782280878881219e-01
-3.869198965422828151e-01 2.753908684812493290e-01 2.534411318270697322e-01 1.491551737446273340e-01 1.174059579791134900e-01 -5.758141286750970700e-01
-1.944826706051907550e-01 -9.733975816916843327e-01 2.849944805042679552e-01 6.523878240819849239e-01 -9.123267719640326678e-01 -2.432864309694547367e-01
-1.915641239936572426e-01 -1.621483173456785276e-01 5.101071820094417175e-01 5.042693446887787090e-01 -3.213732958307058407e-01 -1.902235899032397315e-01
5.212550341470182369e-01 -5.585806274650512160e-01 2.351666181424602597e-01 7.783201729514610534e-01 2.997658404962851852e-01 -2.088591191180629858e-01
3.611230512008378746e-01 2.381253860867724725e-01 6.458945690327589917e-01 4.054856555629181569e-01 6.226194594882639155e-01 -2.761663111987699981e-01
3.471343357208702685e-01 -1.155888821425353485e-01 5.127410333962859612e-01 1.906464053300697958e-01 7.342589114847265508e-01 9.481403275928834695e-03
-9.880726198915723568e-02 -3.558567915878351196e-01 -6.330628692493559528e-01 -6.256446489580671511e-01 -2.774925150631485371e-01 2.132830457620733533e-01
3.980270756117159081e-01 3.285199616980192250e-01 3.165407544664798623e-02 -5.188148081343341156e-01 2.271646752243566825e-02 -2.250270168819424321e-01
3.246875606042189388e-01 6.624548204011254660e-01 3.875175793280278835e-01 3.510779161465775178e-01 7.618735044885602825e-01 -6.071780899038586865e-01
1.079711573994372592e-01 8.277150256768120995e-01 -1.800261472017559150e-01 9.344058460184535841e-02 4.599149390611140253e-01 7.497652050594161288e-01
5.254899050935720739e-01 4.381262500095880474e-01 -1.314945148771145822e-01 7.055412703514362116e-01 -5.320700204092770891e-01 3.068039913273942765e-02
-3.583415528374773729e-01 -7.659447655263083854e-02 -4.848252507461450755e-01 5.888811108566380792e-01 2.436467023736992310e-01 -4.994817409159960087e-01
-3.091569383483979694e-01 -2.257521466851316327e-01 -1.642816662239627787e-03 3.541717754613291635e-01 -7.945905836478012185e-02 -7.355320111222936053e-01
-1.530913846664181677e-01 9.614909114988180738e-02 7.087930407157188029e-01 3.191412551345312876e-01 -6.648169974236735058e-01 2.639032274499050201e-01
-4.488688208350522825e-03 2.928002587977310278e-01 -3.049712287819703604e-01 3.450253527844239776e-01 -3.997145775183939542e-01 3.261096983826459184e-01
-6.092860396676182955e-01 -1.813160891167586372e-02 -1.654368377919087085e-01 -3.326833066918481463e-01 -3.670653524401815693e-01 7.299603761514437128e-01
2.658630472025739766e-01 -2.610415609397597758e-01 -2.767970253767089162e-01 1.047682035196024208e-01 4.086860993750245918e-01 4.481259445642660211e-01
8.398702334835209116e-02 3.293779110118360554e-01 -1.684246826685270870e-01 -3.839074245511095995e-01 -1.827229725377124692e-01 5.518721108080436588e-01
3.598285395959797683e-01 -5.169082118639841683e-01 3.058374067107795247e-01 3.454309282438930984e-01 -1.289182007883771797e-01 -6.157137096647065100e-01
2.496537478711139194e-02 8.502259527203948064e-01 1.117488936141887990e-01 9.675901419353167832e-01 5.815169723805135860e-01 3.098751973789659608e-01
1.146635699764700089e-01 5.873400419892578217e-01 -2.703789523742942125e-01 -1.345918439819849544e-01 -2.755895624030221258e-01 -7.099517409722493344e-01
-1.841908174775413465e-01 -4.206109497881547199e-01 6.130198769685323290e-01 -4.036191124024540722e-01 -5.973750336858401067e-01 -3.464621093293646092e-01
9.402100099958367041e-01 -3.903113697268373872e-01 2.416012904385228255e-01 3.673266027991368698e-01 -1.015186262328936273e+00 -2.888098428856332722e-01
8.884872741180998013e-01 -3.899893104172983960e-01 -1.541375792799264954e-01 8.267278413670524628e-01 6.009998687450950339e-01 -3.528380673014770708e-02
-4.867909810917195879e-01 -1.533290558922545677e-01 3.156315793690639970e-01 2.365121867853358095e-01 5.013974341892546427e-01 5.350985484659276370e-01
4.032750406492507378e-01 3.838623423093618370e-01 5.966547212891393226e-01 -3.715640205959760967e-01 6.037653500904915926e-01 3.976818598792619674e-03
6.360261674880268723e-01 -1.568624680894943058e-01 -2.111445610465177980e-01 2.704302270282122889e-01 1.794917305338727676e-01 6.567295435261075731e-01
-2.467412267653051050e-01 -1.515487028927028912e-01 -5.715942086929328703e-01 -5.525883992006066503e-01 -2.366530768618141933e-01 3.766751373499815925e-01
3.252584081043501385e-01 -5.709760191604602575e-01 -5.383015511821312993e-01 3.319438645360427431e-01 -8.066555590792847674e-01 4.335062791711495889e-01
-4.745406502187808351e-01 3.359882311769253893e-01 1.098122333639011960e-01 -2.903070821258654788e-01 7.042529830036597938e-02 -8.365145183818967212e-01
1.019283199735570716e-01 3.970221016815854709e-01 -5.238085937874884523e-01 -5.478943985124836713e-01 -3.189228310867709970e-01 -2.685571730613243169e-01
-4.396214675340699984e-01 7.041957625737230164e-02 -4.911223513119769568e-01 5.338698447200362907e-01 1.014040780104431688e-01 -7.177379412807434189e-01
-3.838605557918111089e-01 2.753614120066992799e-01 -5.683944198474193410e-01 4.911498291129445803e-01 -9.071116079123192621e-02 -8.851714672386953309e-01
6.318074293105865324e-01 -2.522927975163175018e-01 5.673696125780107735e-01 -6.364946662869974681e-02 4.449145883920417877e-01 7.412706388122599632e-01
1.999969406677983008e-01 -1.604755731799435980e-01 8.243541521768641411e-01 7.750666106273745859e-01 -5.089887994848579789e-01 8.419646236804811945e-02
7.834773193663943647e-02 6.503411252041687574e-01 5.188572423387152188e-01 6.322657236687233562e-01 -1.115449296821859893e-01 8.545721478838839147e-01
6.596844338596920265e-02 5.279029638061959462e-01 -6.435680131282608407e-01 -1.361906198956777669e-03 8.652583409573327833e-01 2.953984258523801865e-01
5.287088998561945141e-01 2.630669566331572118e-01 -2.260549537364510975e-01 2.856439816526201714e-02 -5.890090718020324356e-01 -3.803984641100423003e-01
1.610408914527914070e-01 -2.562208198640814061e-01 -6.458689345733864551e-01 2.313550258110370628e-01 -7.481602151136776957e-01 2.219164962278641351e-01
-2.167865710890081454e-01 6.750822886262947131e-02 6.084064899400805082e-01 -2.339721287641317593e-01 -4.602112051736630405e-01 -2.408383837846951314e-01
4.383515050430576432e-01 6.148313660083826182e-01 -1.091654224762017428e-01 4.447935657284162736e-01 9.019805613354359153e-03 6.864166620040027533e-01
-1.375817153043799035e-01 -6.855504942732840168e-02 -5.296649351587906507e-01 4.841693680725210891e-01 3.361413453822135189e-01 1.408918620983912184e-01
-1.838662375170304619e-01 4.218944867146608990e-01 1.540077732059966231e-01 -1.102458045690860727e-01 -4.189181467466729369e-01 6.903044702537912691e-01
-1.634809578758723292e-01 -2.305507899399862892e-01 -7.371948153651823876e-01 -5.573130496436903281e-01 -5.636709959861401220e-01 1.195007033680213215e-01
6.016943919900415993e-01 -1.344880003862997109e-01 -5.100198223325579372e-01 8.821854190497284698e-01 -1.826966283798146518e-01 4.486254258828520358e-01
5.556624152620203566e-02 -8.929220377375121642e-02 5.695463496812916970e-01 -2.524540924121275731e-01 4.034245320844792593e-01 -2.443047989237407958e-01
-5.779249903995709037e-01 -2.143707805834429714e-01 2.435611350494006899e-01 -2.650103070267606498e-01 3.825901848785254189e-02 -6.720056760304301546e-01
-4.825245231298709303e-01 2.058920817979067175e-01 3.171768209812794170e-01 4.756543022356982675e-01 4.917818693602921121e-01 3.045131726684045526e-01
2.591928093213362039e-01 3.947587764269237520e-01 -7.076725014952763848e-01 -3.789351525576306057e-01 6.600608256808154772e-01 1.510514545424124222e-02
5.508774916051262238e-01 4.359571800063237745e-01 -1.977688589437665012e-01 -4.357012968425365562e-01 4.584166805289527913e-01 -3.603492613615802420e-02
-3.680959542175980537e-01 -2.983690349659974192e-02 1.995465413194003404e-02 5.183686614704352547e-01 1.232762735083212449e-02 4.808262604080085767e-01
5.019173342489509082e-01 -2.821889831960917028e-01 6.144181232584481345e-01 -2.420321990065767981e-01 -7.929184543382219452e-01 1.834952771760404722e-01
-4.562571443617506328e-01 5.733637446186309189e-02 1.659319858495753031e-01 3.235680349379573273e-01 6.545406748694161392e-01 -2.173717332396435387e-02
-6.745772589190913715e-01 6.189158431816161460e-02 2.408677329928862187e-01 4.395616186236295242e-02 -2.344283056919025388e-01 8.700769557515208863e-01
1.807502729701217781e-01 -6.344169871967034746e-01 1.435846987582082013e-01 1.115233020999148589e-01 1.883674102039269993e-01 7.077065489804956755e-01
-5.996960603492661884e-02 4.757113599923503688e-01 -2.405376973818031949e-01 -3.801186755218924351e-01 -4.675907785702285713e-01 -1.528698658248686670e-01
9.743205706525064069e-02 2.066754592839702698e-01 -3.515360938807208235e-01 -2.491539814524682539e-01 -2.619914988514822074e-01 4.610089204148911657e-01
9.218104390631954859e-01 -2.243235001046463561e-01 1.880703893393596282e-01 6.298954240983467567e-01 -1.433746574659201523e-01 -7.649421546040676700e-01
-1.607719646740854991e-01 1.299709702599921024e-01 8.105903209006055654e-01 -9.062676674533661769e-01 1.268661688774763430e-01 1.440871195984650965e-01
5.012465744378309385e-01 -1.342884981464852710e-02 -2.114549635144159501e-01 -2.346424874743940903e-01 -3.472363526057419825e-01 3.776459103928628824e-01
-2.733989220408165610e-01 5.540867040478415495e-01 -1.722417033016462040e-01 2.829270942450787252e-01 5.394084817943552990e-01 6.585927648055351913e-01
-1.189621166135399477e-01 -3.990812000467789389e-01 -2.974758849705189112e-01 4.279066111002610695e-01 -2.468958388248109204e-01 5.257945508392626310e-01
3.282273417901159229e-01 1.163712921609920015e+00 1.278173756130716043e-01 -6.487863369373018108e-01 1.010648491614588584e+00 2.761937613680917614e-01
-4.020807149089004051e-01 6.593432971886760141e-01 2.455612314335046120e-01 5.900073275224121394e-01 7.427315668881174782e-01 3.394106456103629377e-01
-6.652294579250812578e-01 -1.109761621089100092e-01 -7.513134341586562293e-02 -1.802070901232636357e-01 7.899439885005271611e-02 7.784871244612390218e-01
6.634857612049963049e-02 6.512059085285665239e-01 3.955883590711717912e-01 -2.037035686454081451e-01 3.716422526019186323e-01 -5.257780183228917270e-01
-1.058476027075605924e-01 -6.084758651141760621e-01 -1.098109775238088372e-02 6.084529877834611300e-01 3.025744454507073300e-02 -2.969783452145244307e-01
-4.465265658452765019e-01 -4.017625891936660865e-01 3.980653917678214637e-01 -4.670811046430211055e-01 -4.239489424783323135e-01 -6.014771419258377882e-01
1.491685982165222302e-01 -6.407898758531463956e-01 -3.974321506586708103e-02 -2.707910858662128661e-01 1.350479345409344445e-01 -5.106036569252864199e-01
2.509247034977150209e-02 -3.056391652661536937e-02 -8.560915718151281828e-01 -7.457525452061616322e-01 -5.000036841385617492e-02 -2.193654247702561122e-01
-4.533462354494149915e-01 2.658189290873035904e-01 1.786605651183022780e-01 4.061458884938177194e-01 4.564596117915936113e-01 -2.956066791412954586e-01
-5.053935399490261382e-01 -2.212381147614791640e-02 5.806813152643477416e-01 -9.133552933212851777e-01 3.881835973616600266e-01 -2.349258438743127009e-01
4.040810213893814007e-01 2.741990754157426768e-01 6.310919843793301176e-01 8.763827777044098655e-01 2.386738713196492612e-01 -2.496287493698364779e-01
-4.670198515018603863e-02 -5.574488552048257883e-01 1.786747379904740987e-02 -1.286521157223083356e-01 3.606942697070650850e-01 4.055495320326468756e-01
5.801562092703443918e-01 -2.752025679657371104e-01 3.342811300171842914e-01 -2.572185156246482585e-01 1.799845195860728109e-01 6.369497366369262226e-01
-5.340908041869254358e-02 -5.843964429622307000e-01 -3.865328976590935439e-01 -3.889850032352770159e-01 -3.686573464471259998e-01 5.304433519028262101e-01
-3.770757670978336275e-03 -3.018128253881145473e-01 -8.496182338705826620e-01 9.655534421833374958e-01 -1.467525625252190102e-01 -6.589171314676858238e-01
2.175249161058587788e-01 -4.126264331870171942e-01 -5.094557417311619263e-01 -5.484514723207530862e-01 -5.110381220432516081e-01 1.258357755027674774e-01
2.436982447092792270e-01 -5.414698417457280977e-01 4.399592635784879135e-01 5.871536380840715053e-01 -1.182455661796553703e-01 -3.984437453219690228e-01
-1.107883127118238498e-01 1.498269654854409161e-01 -3.868066520554964693e-01 3.049076878189351802e-01 -5.380881355704627556e-01 2.081468325817288356e-01
4.032924117690738774e-01 -3.774676608112330634e-01 -3.163383180041287601e-01 6.392913317973154541e-01 4.829454177373714296e-01 1.353184587722376375e-01
4.830695631980962412e-01 3.929713179267324552e-01 -1.309637474383553435e-01 2.094463896559476956e-01 -2.891399983187882272e-01 5.471619865892852763e-01
5.243864132593751837e-01 5.376167809794183405e-01 5.157700176060127373e-02 -3.021664797954752846e-01 3.338990474301958278e-01 5.762763442608800357e-01
6.006181691826910640e-01 4.872578954487881697e-01 -1.568867584328663967e-01 6.939537761781573444e-01 -3.229185273399904910e-01 4.218209643633358263e-01
-1.695630546044363252e-01 3.689400709131666067e-01 -6.755888762331487829e-01 7.676411496645583199e-01 4.376716352779193020e-01 -3.336469929247502519e-01
2.515553359491633570e-02 -3.924816098402955089e-01 5.738985602496292637e-01 -6.157579512456495818e-01 2.175983741766115975e-01 1.080312851041731470e-01
5.397752720219028966e-01 -3.836698006610022443e-02 -3.827472645744712798e-01 4.322212356606689454e-01 -5.670256611053595686e-01 4.592456856479383287e-01
1.077140126261542930e-01 -5.679040168680389300e-01 -7.086603552114317806e-01 5.123360810366720530e-01 -8.064863710656505758e-01 1.741530123927972351e-01
-4.364730850423012565e-01 4.623828300945738712e-01 -2.046063558150233441e-01 -6.170772456066249134e-01 -5.103030876023433304e-01 -5.878371456558686980e-02
1.055460781577213930e-01 2.375120853389644515e-01 3.942994535830581793e-01 -1.558153532504279459e-01 -4.497326581838785864e-01 -2.834799092427103817e-01
9.974330647214150330e-03 -1.572708287144098660e-01 -5.056772391201446171e-01 3.305868694387597562e-01 4.094313758057819275e-01 2.533064309028635330e-01
-8.864761170076579377e-02 2.475764764227734727e-01 -3.934725429681918962e-01 -1.895683301229638962e-01 -3.224409395514322707e-01 4.219384908541600199e-01
5.753847243208443096e-01 -5.748173033417097733e-01 -1.789323880779662701e-01 -4.205228619635352771e-01 -6.264515012536874261e-01 -1.047569933219710675e-01
-1.113821217135675494e-02 2.689643216131905046e-01 -6.482841607119573801e-01 -2.104831304987660537e-02 -7.303711349937742625e-01 -6.132066028048482886e-01
-6.880865536873527477e-02 6.607095466810607443e-01 3.225354142718732664e-01 -8.570348001472897215e-01 2.053645599826635637e-01 -9.142169434709185305e-02
-1.525209117179173179e-01 -3.959759139472365796e-01 -4.186470984447628330e-01 2.765355771638526861e-01 5.070848787474062647e-01 -3.988548260595418671e-01
-4.218785847199812977e-01 -2.588554746423322728e-01 -3.155900255969474877e-01 -3.398455486570105544e-01 -2.625479127024809012e-01 6.810327450116029357e-01
-4.587179200408755264e-01 -6.402203328578689456e-01 -2.267701354079761644e-01 3.710916759599347525e-01 -9.701069256344603264e-01 2.233308202577759249e-01
5.588060787394232287e-01 -5.061843981299819495e-01 5.044027781908038133e-01 6.473477407461523114e-01 -5.539895036136539552e-01 -4.905218651761102944e-01
-1.497558528239079784e-02 1.986869443252972933e-01 3.826369680332090684e-01 -8.570389844045131836e-03 -3.577293451317949957e-01 -4.482420161144211046e-01
-2.181153713180904175e-01 -9.599473905679239971e-01 1.804066236548502733e-01 -7.139082227556399207e-01 -2.144149509756250183e-01 6.257950271623720084e-01
7.820593313610925135e-01 2.385380569705401743e-01 6.597301313046997073e-01 1.161464973453758986e+00 6.564215687204300043e-02 -2.492024110092950773e-01
4.772457700233729838e-01 -3.364841853180510767e-01 -4.872270753421826806e-01 5.314142698223507377e-01 -4.499218065327219018e-01 5.048403012621913710e-01
-1.037312461924806556e-01 -4.215252036080198716e-01 3.203745055247116946e-01 -3.609323674156285633e-01 3.547988958244239766e-01 -2.550978881502243834e-01
7.945269422487529765e-01 -7.875163728895961945e-03 3.077374731140974234e-02 1.121331074952882645e-01 -4.916052324164559284e-01 5.788101283464552882e-01
-5.958054551089757567e-01 -4.697097868850821367e-01 -1.337802022787087652e-01 -7.095387147233310765e-01 5.226732660887438708e-01 -8.644499521417689514e-02
-4.326606969263028374e-02 -2.588066816140420778e-01 5.064219361422693799e-01 3.492789404101918072e-01 -5.186329151722826047e-01 -3.758471517205628221e-01
-2.339557132798058825e-01 4.948767439254856404e-01 -4.593927483583256088e-01 -2.264706906431796507e-01 5.177096159668654884e-01 5.403185271559955982e-01
2.184529156727793575e-01 7.198326699654939986e-01 1.033219066570873479e-01 9.610394206461522204e-01 8.081313141920498655e-02 3.038694371517774995e-01
1.735359445958655766e-01 -1.841597042054277933e-01 -5.843397867404085400e-01 -6.860022048594507926e-02 -5.869300718484238288e-01 2.983527466528449468e-01
3.380141474743489360e-02 5.631515359178893565e-01 -4.055728311439695810e-01 6.282300664465049200e-01 -1.946877139702704040e-01 -6.745231041837584929e-01
1.801244658761724238e-01 -3.673851307487919354e-02 -3.930097721659528420e-01 2.568967646614242484e-01 2.747080774743420606e-01 5.541475724048918750e-01
3.343839123093529375e-01 8.229211358818204758e-01 1.576805006407328569e-01 1.099428958640379816e+00 1.994656229137317105e-01 -3.593491168406376390e-03
-6.595650441690997789e-01 1.700077786262697843e-01 -1.524636588864449194e-01 -1.510901627809547731e-01 -4.284094119968943071e-01 -7.716164356419008552e-01
-3.064163374330256540e-01 -2.191611632439014468e-01 -7.987904806227497101e-01 6.268915939009752636e-01 -5.319068998000315851e-01 -6.223636981462464801e-01
-4.021410776146209787e-01 3.289864615712714269e-01 -3.429665744452830567e-01 -4.470651923431024910e-01 3.687496640567545780e-01 6.552321590962701947e-01
-8.826773765348520928e-02 4.631301832224021253e-01 3.618263188119282270e-01 -6.634044641978462109e-03 3.261626725544819472e-01 -6.253797595662067277e-01
1.779495999993215560e-01 4.183460177271142166e-01 -2.522217355516964687e-01 7.961935560829269676e-01 -2.487355968955498042e-01 1.634422275224586274e-01
-4.410426994112588428e-01 -7.161194839299837855e-02 1.703961209694350165e-01 5.082329375427204754e-01 -7.404861016032360244e-02 4.848318501177756867e-01
8.276817557627050986e-03 -6.635893220931740055e-01 4.492738097232196887e-02 5.234829828637664884e-01 3.855475527098728428e-02 -4.465563948056519017e-01
-1.431101152813692989e-01 -8.663439914866394309e-01 -3.205230027601067844e-02 8.497043497428543590e-01 -7.827977713008702487e-01 5.361838976052088479e-02
-4.779338025179066252e-01 3.974204962424041088e-01 -3.700397963822528724e-01 2.530121850576709797e-01 9.794674455588958661e-01 -1.375436019585890568e-02
-4.876483015507273588e-01 4.814081714052246830e-01 -1.632847787198504763e-01 -6.518817034983386272e-01 -5.026571533733246167e-01 -2.314230664383021552e-01
-4.374394997834443188e-01 -2.931887542903169330e-01 -4.301665645824284123e-01 5.565265218539235947e-01 -2.720024968392822928e-01 -5.377894725788296970e-01
2.792613283100423560e-01 -7.424253725156387818e-01 -2.835483755574218501e-01 2.705254094522362984e-01 -6.433896064417191640e-01 7.114971514210485237e-01
3.017374970460733885e-01 4.751892302104069876e-01 1.209851131428087319e-02 6.620770215692517446e-03 -1.254799550995800428e-01 7.551346122972404373e-01
1.580936555594914805e-01 -7.085288995627405662e-01 -3.252641949104893015e-01 8.853400873362936574e-01 -1.338113519682913033e-01 4.998554586880954442e-02
2.466796136663669259e-01 1.752281568804741896e-01 4.114859142056495611e-01 -1.850882633593388116e-01 -3.477604335267051594e-01 -3.234014476891012291e-01
3.027755836846885984e-01 7.367992453338899350e-02 -3.124260244089731020e-01 -1.729974214731166415e-01 -5.062718310078705430e-01 3.488575825311371337e-01
-4.802750908711188593e-01 -1.029431905173415068e-01 1.821394847696001240e-01 -1.844773316867492907e-02 -5.752313952315768475e-01 -5.686330129721481885e-01
-4.367631491094613461e-01 1.448604655661069607e-01 -3.810112129256588293e-02 -1.107886202986459456e-01 -6.296747744459016971e-01 5.039650818100688268e-01
1.142170321825632384e-01 -9.103529568752108947e-01 1.266188924845895181e-01 -8.095702542790101930e-01 -6.319510875202428712e-01 -1.362678673790873596e-01
5.424648169294574718e-01 -1.820923001223418713e-01 -8.705478894174105420e-02 -1.391364482359725985e-01 -2.031478822960790798e-01 6.443660049821192670e-01
3.146724897467233495e-01 1.707345361263069849e-01 -5.897180616098124384e-01 2.022383483211189215e-01 -7.395718895506605550e-01 -1.913454028929889583e-01
3.566484903417536656e-01 -3.774103481008871941e-01 2.442164835966821601e-01 -1.218042688039939758e-01 -1.898428307202084109e-01 -6.136304629441736713e-01
2.423936282294112399e-01 -5.847711059439203440e-01 -2.100115301411078217e-01 -6.863475966646296333e-01 -2.846131402663166221e-01 7.577377716345007341e-03
3.828114337535755696e-01 2.846577403117797056e-01 3.231944766783634293e-01 -1.815469128473012339e-01 -4.530896165896297623e-01 -4.724916816779795026e-02
-3.250115125256755610e-01 2.670620041108419662e-01 -5.343818665497108711e-01 2.520378484833836752e-01 -4.959212877883202863e-01 -8.257073395893237411e-01
3.776061262962386866e-01 -7.026045246313856740e-01 -4.658318736881931349e-02 4.885652448496992095e-01 1.427134378112554502e-01 4.760310263506895567e-01
6.237164748586973007e-01 -8.362144412989631626e-01 -1.152522062597146832e-02 1.194035975063185262e+00 -1.747434862513774778e-02 -7.786019130478506745e-02
-4.104739776244089033e-01 -1.846427849786974051e-01 3.036198293622466293e-01 1.731084934547600374e-01 5.902911261142862465e-01 6.090820440937635971e-02
2.972774895290521413e-01 -2.166782643643319906e-01 3.636076212390060292e-01 -1.004794394742161701e-01 3.148724872123187524e-01 -3.842180428887950194e-01
7.599721673485712037e-01 -2.383292600407045381e-01 8.641566013486826070e-02 2.882783371918051785e-02 -8.725639250390432311e-01 -1.649294275753941663e-01
-3.658763420360072738e-01 -2.108544644018333636e-01 8.900256017684290977e-02 1.437548253986972169e-01 2.043368390331121720e-01 -6.645837021257093857e-01
6.243742368652018815e-01 -7.787129785128144022e-02 -1.130484564827980154e-01 -1.274981381601282271e-01 4.242615969085046235e-01 3.142108180495717384e-01
5.903002565629977827e-01 -1.255595273730380490e-01 -6.023236608131590231e-01 -1.135034509032410988e-01 -8.248084145091383323e-01 -4.769787957579748605e-01
2.235367062428567642e-01 -1.902992676912656500e-01 -4.911497993222675440e-01 2.644313773632620546e-01 6.234440482336356393e-01 8.863416187491834908e-02
-4.910079868740834241e-01 1.009114243855779025e-01 -5.690616393034071407e-01 -7.434346331796284346e-01 2.699425373519359628e-01 3.836761373614470116e-01
-3.541392555107797380e-01 -1.334316339767868120e-01 -1.801102126865553876e-01 2.489742099817742194e-01 3.327304118874044869e-01 4.671510133553523625e-01
-3.622168567942310458e-01 1.753535658333433833e-01 7.963486672758746110e-01 -7.543520901778347776e-01 6.423181501043195851e-01 3.774357967390229440e-03
-4.459642470074898224e-01 -3.572821384079674645e-01 -5.613014384156352898e-01 -7.735608147847370386e-01 5.192347439684947830e-01 -2.085995193825587180e-01
5.738920893847003768e-01 -1.003826300632123109e-01 1.001858268035174387e-01 -9.377218936960196594e-02 -2.279451611960977009e-01 -6.332664289885477915e-01
3.787834860870299414e-01 8.769093502963976050e-02 -3.382980504179236014e-01 2.042249901008384994e-01 4.601213797260706589e-02 6.454662553763644839e-01
5.262035019173807449e-01 4.078289958241785862e-01 2.350812326507548400e-01 1.138090448310358771e-01 2.444006056611637001e-01 -6.611452861787117108e-01
-1.245171330770723922e-01 1.347464097367395142e-01 -3.199260710289822951e-01 6.656789972034732328e-01 -2.063180119838636251e-01 1.892547769278527525e-01
9.286849757091625301e-01 -5.038742359892002531e-02 5.215195985165858861e-02 4.020782954599890768e-01 7.724493807040755389e-01 2.657520483380133025e-01
6.502004022984267939e-01 8.751982522568892142e-02 3.096545658391136602e-01 2.843790142671536181e-01 5.030257697828638408e-01 -5.231296331563539681e-01
3.124532381443632101e-01 1.887584344651074830e-01 6.949586342641207448e-01 4.090475233323885851e-01 5.302126779084876951e-01 -2.399630435803515871e-01
5.484028617998050470e-02 -7.987530677260946677e-01 -1.847927256479058866e-01 -7.777956631639754148e-01 -2.785391816251604480e-01 -3.747792740345046725e-01
-1.457079371482810359e-01 7.492643853895167849e-01 -9.186811254484697487e-02 -1.585702686055133481e-01 2.609993472788624258e-01 7.807324908174734235e-01
-4.965067685927662677e-01 -3.815561249153213152e-01 -4.251474045782902000e-01 -5.234735054573990132e-01 -4.167310192790083523e-01 5.738698735052156774e-01
5.199078188316237359e-01 5.811302650943468429e-01 1.205565410708244883e-01 9.651159768120918248e-01 -2.299494167221378671e-01 -2.588369826115236028e-01
-6.716814208386769902e-01 -2.954697895390955287e-01 1.869375050321963883e-01 -5.534087681792332347e-01 6.946411780680668002e-01 2.623818650394709739e-01
2.194099536076178081e-01 -2.519250002357870111e-01 7.367238692464889160e-01 -9.818493877114595203e-02 -7.423075793671953804e-01 -7.485385988322879047e-02
5.088155258421211968e-01 5.864273995929091265e-01 5.060318251482273100e-01 -4.630307417563250816e-01 6.257414422836030665e-01 7.383446276415113196e-01
1.282399450458789614e-01 4.906640140763495750e-01 1.328109490396451320e-01 7.983840128275034864e-01 -2.410965363067268941e-02 -4.018992523335452316e-01
6.089891660526512984e-01 -7.324990447286525708e-01 2.005407906065660439e-01 -3.618900088629570799e-01 -9.616643100027864044e-01 1.307059217585218591e-01
5.553047083514093402e-03 -6.047351583025497579e-01 -6.844253034203048869e-02 1.810641028730983759e-01 -6.496078182315778715e-02 7.548675520642941228e-01
1.830116355906348802e-01 2.189717672452088648e-01 -4.700871885209961243e-01 6.126667841076157695e-01 3.749496573856520021e-02 4.144819856354229892e-01
-3.123966032060582210e-01 -3.323614484595160956e-01 2.974041011299948245e-01 -1.860354381613463781e-01 -1.489598101528543383e-01 -6.774788123703781029e-01
-1.879788410978485910e-02 2.971592197365310328e-01 4.074685698055199312e-01 4.183664258788178381e-01 -1.447201776157880371e-02 -4.361980337101020178e-01
3.162615864637183805e-01 -3.928286358685265656e-01 -1.678997148029508224e-01 -4.865115470943204290e-02 1.659999738230211186e-01 5.767809391150283682e-01
6.579045471681478352e-01 -5.573038096772060107e-02 4.077785415345586695e-01 7.217397154029314699e-02 -8.662362040500832805e-01 4.077191761929515046e-01
-3.977850125905433853e-01 2.513846675333041361e-04 5.760700637996745144e-01 5.235176654918414219e-01 -3.697423151368247063e-01 6.956779124690156690e-01
7.636413517220923541e-01 -3.933049881886687693e-01 -2.947763881004346054e-01 -1.645982331770863283e-01 -7.568107654207222312e-01 -3.737372831379210947e-01
-7.051049266750504252e-01 -3.603190656170286443e-01 5.542984825695321804e-01 -8.706368993749744600e-01 -3.864431671533463675e-01 -4.315598730439869080e-01
6.553472745382196152e-01 7.055239983439753892e-01 5.615974045617572880e-02 9.692832440688690099e-01 -2.326674342782962812e-01 -8.958333069652299474e-02
6.705818716994115247e-01 1.566127661135630622e-01 -1.286122055093363303e-01 1.435800189249660797e-01 1.256158877877119329e-01 7.206864702852007198e-01
