1.950604575645107641e-01
2.121574618813694690e-01
4.350907739992140311e-01
3.496285985281730735e+00
1.042698092332216442e+00
-2.646829848258461237e-01
1.413030457246688132e-01
3.144905025086413008e-01
2.099273471516048595e+00
5.079297324504123523e+00
4.096196204338158897e-01
2.950245115746735758e-01
-1.370919706737988575e-01
1.223901306378433196e+00
3.246814880451603269e+00
2.799506970316094634e-01
8.436263533929305725e-02
-3.441345204004346292e-01
4.788961393526692811e-01
3.304875183006487305e+00
-3.951821854484548202e-02
1.996492053134796968e-02
5.660872830290634150e-01
2.656068559113143213e+00
3.647441067118075142e-01
-4.327109477981392893e-01
1.012360749753003601e-02
4.682272170309778048e-01
1.837104683182906761e+00
2.240718762225455962e-01
-7.860421234801799606e-02
5.633922594398165229e-01
-4.674187488880244407e-02
1.179218687295552348e+00
4.401231577278120533e+00
2.202014083047713899e-01
5.322827180895980392e-01
8.928236932890873390e-02
1.916024342608812603e+00
4.000923096107491972e+00
3.024177846731688352e-02
1.857225990688455286e-01
5.891421768214264443e-01
2.500253099357705899e+00
5.485882627102926179e+00
-3.793541973598396067e-01
2.499658909577646970e-01
-1.062497405330503353e-01
1.387566680188797585e+00
5.363602949206565107e+00
3.486151751737731619e-01
1.291139870455562944e-01
3.307105440772503679e-01
3.460043482721624652e+00
4.981761238904408584e-01
-5.033467388531053244e-01
2.204013648395190261e-01
-1.474935229908355162e-02
1.383378885111317125e+00
5.377672820720604818e+00
-1.533403353904966016e-01
-5.403198018309807171e-01
1.195464118695401534e-01
1.565646283306228348e+00
1.885262352864708779e+00
4.066617869705206889e-01
3.654108955108079093e-01
-3.744784022898377251e-02
1.172906316366501667e+00
3.433396834889844929e+00
-2.180426314607161187e-01
-4.365856461563817348e-01
1.897026262436624922e-01
1.850650534653512036e+00
1.497408771249876924e+00
-4.472320365648861373e-01
-8.927071174868442260e-02
-2.796631575143001536e-01
1.223964322597686172e+00
6.033002492671434069e+00
1.814938619963216149e-02
-4.477604455820833884e-01
1.990911666617478371e-01
1.984874559068950939e+00
1.939039346955498067e+00
-1.642176333263129229e-01
1.919338474455412336e-01
-4.294994825869353772e-01
6.735493216379890846e-01
5.491974494299312504e+00
-4.801232711664257247e-01
1.353461530073511998e-01
1.659154856815563683e-01
1.697496742963862104e+00
6.548606764767779254e+00
-1.300135262153248317e-01
-2.390953775019300787e-01
-2.949338129420583932e-01
7.750369858110639498e-01
1.135885642403059670e+00
9.920723194863353966e-02
2.551255584445686481e-02
5.960543127318481682e-01
3.520981943749152965e+00
2.170062481279949829e+00
4.936999972605104481e-01
2.290294292048848657e-01
-2.728630018279533040e-02
1.130920730429380239e+00
3.078047539858664194e+00
1.701760346815527902e-01
-2.039476894822544323e-03
-4.876140975726913074e-01
-3.732141983396406459e-01
4.746349693345383258e+00
-3.014222333720510960e-01
-2.328364328403921546e-01
-3.025940979621449811e-01
1.020714868400007136e+00
1.020148517802181853e+00
3.055715818298569003e-02
1.798966833231799012e-01
-4.279496688619143785e-01
-3.508359493490207370e-01
1.662917287848820536e+00
4.720859275452378157e-01
4.004286006046663127e-02
2.880742343505345859e-01
2.546092931797328873e+00
3.140680053532291183e+00
4.943816891233046573e-01
-2.131102911555340373e-01
-1.131684999784593054e-01
1.022104401380222072e+00
2.566705246793784756e+00
3.208450880960132534e-01
4.778256417078129425e-01
3.536243720447259514e-02
1.354817517767515467e+00
3.800645529565838565e+00
-3.709495254745051041e-01
-3.586839181209724448e-01
-2.329073170919419289e-01
1.547176886220867020e+00
3.948822394092108556e-01
-3.684744670257451005e-01
-2.989320903209756186e-01
-1.167065710413478508e-01
1.353032922808855343e+00
1.177159643841279024e+00
-6.268164806293037572e-02
-3.458594874458939539e-01
-3.187334213095339153e-01
7.252579609330691568e-01
1.431250327335869876e+00
2.675443813579417851e-01
2.366340611313064446e-01
4.700783648114092994e-01
3.005716710908199918e+00
4.568068725856524459e+00
-5.299453459469659622e-01
-5.932899396144559329e-02
-6.355377355409354279e-02
1.561471624474360720e+00
5.917003928824408732e+00
6.644826078116461421e-02
5.085195531717903172e-01
-1.297701018173273158e-01
1.160775828714041058e+00
4.099750065770964902e+00
-2.024151588831094861e-01
-4.611647382624660119e-01
-1.005303896223445070e-01
1.311764571427257664e+00
1.676701921133299189e+00
3.940708260960311127e-01
-3.041075488911367808e-01
-2.509456584555145794e-02
1.053181190048961824e+00
2.695664639770699367e+00
1.098595112684091074e-01
5.484002394809119885e-01
-8.819143394975963168e-03
1.511860141713162076e+00
3.857963974688930708e+00
1.040479242891204775e-01
2.663798102368729048e-01
-3.653526773340662892e-01
5.401432927317671995e-01
4.481923258007384447e+00
-4.810816663687527694e-01
-3.274154059387479609e-02
-2.369991414794059836e-01
1.355046841910308775e+00
5.068884397880841775e-01
3.122051985953960829e-01
3.112555436383025453e-01
1.396307567518782489e-01
2.145202614898130911e+00
3.743163304204728536e+00
5.091439276281033155e-02
4.240142143200177904e-01
3.193208897212713171e-01
2.304328853148002842e+00
4.478156988595874743e+00
1.273104332305363962e-01
-4.237439980830280395e-01
3.232555810842647204e-01
2.249210000492430250e+00
1.989996559215804206e+00
-4.577073799946239085e-01
3.370764038302809795e-01
-6.104302559461860511e-02
1.547020691383768964e+00
5.010615379519888002e+00
-3.977981395724213831e-01
-1.569991555337806877e-01
-3.334227155795584929e-01
1.200279679231701424e+00
6.805052452396674889e-01
1.661395644915587833e-01
4.193895933501498030e-01
-9.214178201748769725e-02
1.085461973474021846e+00
3.971314562909221468e+00
-2.171211987276364386e-01
-4.414277566538270525e-01
8.415756227496321018e-02
1.631859742146577252e+00
1.521389384334860706e+00
7.405088352748977198e-02
3.086134259527589796e-01
3.565776467029464492e-01
2.404826386021764684e+00
4.440909198474349395e+00
-5.814177415417728367e-01
3.212406122128937391e-01
1.720637131576745540e-02
1.802942818335946162e+00
5.294063786771222802e+00
-1.674067085685048417e-01
1.816108298252775977e-01
-4.356115607782964916e-01
6.869990211809506864e-01
5.563621181435699725e+00
2.504851506747010070e-01
1.722325926528801010e-01
-3.433132098087299799e-01
3.481984119197573668e-01
3.868933115347422014e+00
-4.329638818045131177e-02
-3.101640131102584297e-01
4.150461044513666931e-01
2.445612353610064460e+00
1.581556261119364093e+00
5.189604023163908453e-01
-1.639905130089543417e-01
1.652308569164425422e-01
1.310030031409551876e+00
2.712479423725306038e+00
-1.394714594802824448e-01
-3.032364420899379479e-02
-4.621791087304312207e-01
6.103143322031218121e-01
6.283102469882209995e+00
2.946186825140287846e-01
2.605747115653479495e-01
2.853636570629528579e-01
2.463745365249843111e+00
3.857381945193577799e+00
2.565088543042710056e-01
4.151929609182336001e-01
-9.818320027439780828e-02
1.160915686348601206e+00
3.885677155213156819e+00
1.723240096908603336e-03
-1.814899356760556193e-02
5.955674489139747285e-01
2.646940128106984425e+00
1.234850593230972654e-01
-1.086452922766237145e-01
-3.600219359623220705e-01
-2.797800495333819804e-01
9.268168459794096092e-01
1.254498241771857536e+00
3.381907251351165544e-01
1.114529175999728616e-01
4.280665063841448403e-01
3.007138635779984970e+00
3.780495628905880423e+00
-2.742884025944317128e-01
-3.659556876089290478e-01
-1.408004250885471487e-01
1.228518150571450862e+00
1.298596039282581049e+00
3.525854912625472903e-01
4.452547507849858449e-02
-4.153716244936456747e-01
-5.455559412818358767e-02
5.622317858041588901e-01
-2.554500958137722599e-01
4.950461882588504392e-01
1.014624625444068978e-01
1.562252739215890918e+00
4.486197305468786034e+00
3.722843453557134197e-01
4.470739673496958444e-01
6.424648689525386258e-02
1.165461741220769065e+00
3.639499714767602701e+00
-5.779234044554689698e-01
-1.875182102532539363e-01
-1.484847651926185508e-01
1.644701251082707039e+00
9.359360202826575437e-01
-9.559682032368009216e-03
5.847641041114919336e-01
1.419437412636805340e-01
1.956006459846633572e+00
4.239151731134552570e+00
-3.609381570965407571e-01
4.450291921194379774e-01
5.870906930071298491e-02
1.519008130537811585e+00
4.768339007444114763e+00
-4.486031159484774600e-01
3.309687589919987905e-01
1.565835051534451849e-01
1.817264544719421338e+00
5.030218825786580972e+00
4.894194247254501917e-01
1.534447517128159355e-01
-6.003985014339677240e-02
2.115863041321301097e+00
3.310554932725201738e+00
2.857389642869337734e-02
-4.720739524999519876e-01
1.447686149530518218e-01
1.911006675043784853e+00
1.991571422268722857e+00
-1.317444954394690892e-01
3.091277169823534177e-01
-3.186161900099765409e-01
8.171555925169434742e-01
4.961776212057403157e+00
-2.135270531991507459e-01
-2.871403721941494513e-01
-3.384859061328076013e-01
8.783337507146974366e-01
9.998844308666016145e-01
4.746833237584118237e-01
3.424166350943091963e-02
3.218551619489674054e-01
2.626390833160809901e+00
3.353146250530271377e+00
1.928633706427423933e-01
5.489574911525427758e-01
-2.484781501387436919e-02
1.339324217199600042e+00
3.873334417925003326e+00
-1.990207207823843638e-02
2.337595630843373462e-01
-3.894355705999015260e-01
5.365246001818780863e-01
4.912409766938782951e+00
-4.435060722395235966e-01
6.555447381470941304e-02
-1.426612378628488442e-01
1.333147405483197545e+00
5.666129380306546004e+00
-1.821719834999142862e-01
4.466969035009938915e-01
2.040192007747733405e-01
1.689604597584126289e+00
4.665878561734512431e+00
3.267133089465997647e-02
2.893986353341644335e-01
-3.412531155206439681e-01
6.323473968742403528e-01
4.519021485760045032e+00
-2.903407257020744758e-01
4.677851729906221112e-01
-2.154048912141613703e-02
1.791382122300325674e+00
4.808716490688519585e+00
1.421627305680481235e-01
-5.490005264644385319e-01
-6.214948316617988078e-02
1.040027981427550818e+00
2.096500543262882488e+00
1.642538198122382165e-01
-5.124506535082399283e-01
-6.124783211694037610e-02
1.374461270139110569e+00
2.415114479951186777e+00
6.811374640162058680e-02
4.856297215246316856e-01
1.789821139214555976e-02
1.640423478566500615e+00
4.224205480275272429e+00
-3.823859029225912254e-01
3.634358788869367085e-02
4.980139082388149729e-01
2.112080855759014497e+00
2.145595009420487864e-01
2.555152296201214090e-01
-3.337378488769862650e-01
2.720812888756046766e-01
2.251909563440313455e+00
2.400942450783451143e+00
3.173604644605795833e-01
1.439339746178883994e-01
-2.665745925372480229e-01
4.600680095797131663e-01
3.553992836550330381e+00
4.822952553763041883e-01
3.293985233350305575e-01
-1.394400120756542349e-01
8.939257773292370590e-01
3.021220166965938869e+00
8.796538690849668718e-02
3.512300789838985193e-01
-2.320869025155351539e-01
8.765945454635396539e-01
4.258379499173902794e+00
-5.927845805454221711e-02
-2.137535730183476868e-01
4.949341432181597611e-01
2.595475156687192531e+00
1.187310910900930994e+00
1.387914929222807958e-01
4.451978426268964895e-01
-1.852053761117793962e-01
9.711435835754179680e-01
4.211714304941197362e+00
3.876166445840661945e-01
-6.098310914890164164e-02
5.268727384716592743e-01
3.267359690775204051e+00
1.933355108231640695e+00
-3.127112493846531116e-01
-2.339888188379284639e-01
-2.197922914513113779e-01
1.206789492310295753e+00
1.022773044119490438e+00
-4.404530621128410761e-01
2.619800422784994143e-01
1.181602607804890619e-02
1.611985735230343053e+00
5.264063045354958170e+00
-1.789548872767275645e-01
2.619258314192839943e-01
4.402936628748648218e-01
2.220249661182683187e+00
5.179892107696666415e+00
-4.764904906663744999e-01
-2.010657118164067836e-01
-1.638989461378152768e-01
1.505354629921069609e+00
6.198296174287209581e+00
2.141222775680021173e-01
-3.313894722109430591e-01
-2.947078936507981917e-01
6.367910727081748101e-01
2.344593885707945802e+00
4.227261116555317694e-02
-4.473161997005491997e-01
-1.889308718821205713e-01
1.169877376655116263e+00
2.021003759570279446e+00
2.695040021280369347e-01
-6.914089794546966761e-02
6.531500029105783423e-01
2.876133599798418317e+00
5.378140423103779710e+00
-1.805813845204091439e-01
1.319869213764925239e-03
-4.893820393734634733e-01
8.780995544134384545e-01
-3.979100581317372015e-02
1.305278108437279982e-01
-4.366707987371974964e-01
1.788314245487831466e-01
1.925580050218173689e+00
2.093278818396506757e+00
4.995305214684942485e-01
-2.591081697395693495e-01
-1.090103575947157372e-01
1.638802659094896530e+00
3.137662115498931037e+00
3.935378206398033596e-01
-8.471621761237735360e-02
-2.068402590086389492e-01
6.206709618470946932e-01
2.998710163435474918e+00
-3.609428032350304738e-01
4.200958984396635509e-01
-2.206991343447692756e-03
1.415053653140999845e+00
4.981493540587725199e+00
4.022343482414338367e-01
-1.835179873827641750e-01
8.036664307988199141e-02
2.087912955791476399e+00
2.754889283237577757e+00
-2.129874506378615362e-01
-9.433240295215396254e-02
-4.474832580616462385e-01
9.079763772713663750e-01
2.611594630342959911e-01
1.985247454961846791e-01
1.706283369526652091e-02
-5.909978417088034286e-01
3.194084917546994307e-01
5.815608729091382045e+00
1.015533838211113036e-03
2.707571916923935951e-01
-3.887149108235423700e-01
5.767925649440938107e-01
4.796343224488110124e+00
1.053423862359243179e-01
2.038761414809649730e-01
-4.048090029787097532e-01
3.517868868489977818e-01
5.068191411031176763e+00
-2.049703887966022320e-01
-3.426984874487986055e-01
3.316344022283128079e-01
2.207035908907392763e+00
1.283862621729726650e+00
-1.487397395962638813e-01
1.010903224304801964e-02
-4.632246804490950942e-01
6.499890694320609175e-01
6.205060329057186408e+00
1.499953303927328840e-01
-5.621775285366906738e-01
9.405923642353219982e-02
1.648802189586649813e+00
2.409157364354700182e+00
2.754453269404033566e-01
-2.577641038334191892e-01
-1.829842201060681572e-01
6.396210894998000107e-01
2.442352536359208237e+00
-3.897532554318026699e-01
-3.903982528364849380e-01
1.019804591707991065e-01
1.583204124990161610e+00
1.356599938493525670e+00
-4.304625344732115888e-01
-8.551791294324405379e-02
-2.068153945045650699e-01
1.331977006534746488e+00
7.008945751844619654e-01
-5.055996978968291256e-01
-7.566447006055113111e-02
-1.072432591339305963e-01
1.509821755494554552e+00
5.874723865287660551e+00
3.603380005924144980e-01
1.567658998005220239e-01
-2.048924774585947073e-01
6.345022259772622464e-01
3.427981126289254554e+00
-2.925201622145434111e-01
-1.343871417726956452e-01
3.954794447175693506e-01
2.311528350207445737e+00
7.036341649982527091e-01
-4.746669549914938058e-01
-7.784126874999042212e-02
1.918981920288124199e-01
1.795762097297164628e+00
5.754942739317727707e-01
5.435648602080792036e-02
-9.206638606267431024e-02
-4.627080471407753470e-01
3.121788548688741449e-01
9.348383252132839161e-01
1.862656740135279765e-01
3.609971143054372389e-01
-2.697474281060721624e-01
8.613448747207321787e-01
4.144792951068705378e+00
1.272330826748350185e-01
-5.224280260725387010e-03
5.994345249361952011e-01
2.740029776981860898e+00
6.060998364343313405e+00
-1.147005630962520117e-01
1.994014922320910543e-01
4.658615320317485708e-01
2.118058793625245073e+00
6.129971643170598838e+00
9.491832609128309818e-04
-5.571534010400599479e-01
2.963062131729194207e-02
1.515063880227645710e+00
2.101818279950387947e+00
4.762615900036778482e-01
1.252560343868168169e-01
1.301583201455079886e-01
2.388322630471929386e+00
3.369014340893702997e+00
3.562782745602928181e-01
2.676844694865138652e-01
-1.171419072290831309e-01
9.924162392036758318e-01
3.613901385945309741e+00
-8.898003052554437353e-02
-2.449980228809594540e-01
4.732023252120522439e-01
2.545797324708299669e+00
9.331837172917435419e-01
-1.250371668392236957e-01
1.254429074645280751e-01
4.882455946076060260e-01
2.574578944683577397e+00
5.732015856457829628e+00
1.909161758276751164e-01
-4.673735891723942437e-01
1.131267781679368145e-01
1.840985868716212170e+00
2.231424980949259673e+00
9.140195157583279328e-02
8.536827956087165992e-02
5.747993518648452094e-01
2.690749828110227337e+00
5.167788373145499214e+00
-1.378824850672802360e-02
3.711517438386702228e-01
-2.739271585903574890e-01
8.952762427747862350e-01
4.674673216598251635e+00
8.969213018703632578e-02
6.241052573928091984e-01
8.013414673811956879e-02
1.448125258060763754e+00
3.996614857338847582e+00
1.943882078456308504e-01
3.534644626072373508e-01
-2.614099949521971888e-01
8.397834355358323455e-01
4.096512916107633906e+00
-3.643177446007843101e-01
-9.160327244972073235e-02
-3.864655403923459298e-01
1.090310903465788739e+00
6.062452959356528837e+00
-5.094536351228994286e-01
2.603597579627406344e-01
2.192293022659035778e-02
1.705079378880603791e+00
5.305730795407719746e+00
-9.804768583921413816e-02
6.119687388549712725e-01
1.084059411960031638e-01
1.807858137946825483e+00
4.180899313473494416e+00
2.449056014240115139e-02
-4.990106058611104012e-01
1.193624575786376152e-01
1.781868959590220847e+00
1.996727226279651823e+00
-2.754384436537843373e-01
2.466632091302586594e-01
3.445058586810473833e-01
2.031198911593403711e+00
5.641341685490933955e+00
3.384978341201004826e-01
-1.295148925664374173e-01
-3.631718980692337784e-01
-3.415819917540667272e-01
5.358327697739606599e+00
-1.716226675795993750e-01
-3.473653040756167210e-01
-2.845694843799246865e-01
1.048370374224063983e+00
1.403191076556183692e+00
1.689949025612831890e-01
-2.910610147221230348e-01
3.848559308344815522e-01
2.636098726245478474e+00
2.199008204787959109e+00
-5.416654322008577216e-01
-9.609815573636695807e-02
-1.011704371900221111e-01
1.630060188062000925e+00
-3.342769255832981345e-01
-1.148350277861135693e-01
-2.107932632505868098e-01
3.919494195903973077e-01
2.483057464787444601e+00
1.177767898511822287e+00
-1.490794040885171645e-01
6.889913713449090371e-02
5.647290339912551804e-01
2.177821306549669877e+00
-2.215167101971347863e-01
-2.195965123411686426e-01
4.048982951266215102e-01
-1.876334710407848438e-01
1.047766875200128123e+00
4.949588209408076978e+00
-5.473895856363868440e-01
-1.809122207011766292e-01
-1.608395923597826307e-02
1.484985985874584635e+00
8.472782237067395528e-01
-1.474014998516412142e-02
-3.973699131997626699e-01
2.441621237258499721e-01
2.130501575719858209e+00
1.875524648608648981e+00
9.838182748517426690e-02
-3.737593832790887527e-01
3.574310746373859371e-01
2.354880977430535260e+00
1.999369771272258456e+00
3.742133395624940295e-01
3.091799678311135668e-01
-5.281252250157098677e-02
1.521793903514151891e+00
3.370231167096814140e+00
-1.993366288367345029e-01
1.664503699836483372e-02
7.911935006100209167e-01
2.335763482715331296e+00
-2.881286067119361860e-01
-4.832241464517674223e-01
-2.838440356784601160e-01
2.283066091354720994e-01
1.658157022454839202e+00
-1.070588974190368470e-01
3.323540592332812071e-01
3.440298056648404268e-01
-1.654828114068188638e-01
9.880561238467296947e-01
3.730990751633374902e+00
4.326084633016330505e-01
2.047704461632501582e-01
-1.142889498748838190e-01
1.039191878205761199e+00
3.177685288267610542e+00
-1.463669757216759237e-01
4.151735558347794397e-01
-1.675504680720776018e-01
1.155381134224929829e+00
4.780793775534514900e+00
-5.325180753428572500e-02
3.401656171749902202e-01
3.989959942481216548e-01
2.133338735825391019e+00
4.706267626805843207e+00
4.493741731155897479e-01
7.473095785617279996e-02
-2.950970759066085525e-01
-1.922406012260725605e-01
2.970035090156052937e-01
-4.846033885613187375e-01
-2.197937643832909849e-01
1.877840322768871972e-01
1.839112928184977180e+00
1.173277038318565335e+00
7.616198141736925387e-02
2.642422448669716761e-01
-3.565542368043744248e-01
5.699354716990461256e-01
4.637953085878224080e+00
4.858758853332170724e-01
1.110165652453761476e-01
3.216048537956747028e-02
2.151190759066827329e+00
3.218799044626198036e+00
1.921208900906366535e-01
-4.202901833173267598e-01
2.112740170022446295e-01
2.078267095136540732e+00
2.265536850344753717e+00
-6.721718983375199463e-02
-4.734248298221091500e-01
-1.010438424270966445e-01
1.112739565654584428e+00
1.575925542246647160e+00
1.078383884307873228e-02
1.554511075423176819e-02
-4.822235003000981401e-01
3.608488492444882900e-01
6.383847718369587199e+00
-2.827484859845724730e-01
-2.768356822529398006e-02
4.513549840519762713e-01
2.362300062899460595e+00
5.415151279713774635e-01
-2.808186594634203281e-01
3.394928841514107121e-01
2.341639326168594160e-01
1.758868649890077185e+00
4.877337865410530604e+00
-2.457012487729039185e-01
1.280623630393011025e-01
-3.361501457938194104e-01
8.927363895515113557e-01
5.734014282214671354e+00
-4.642512585365621280e-01
2.601779844031208364e-02
-1.402198904118698575e-01
1.350600675217459079e+00
5.734139989328295606e+00
1.547820184632790197e-01
8.566242361734385455e-03
5.534161019930231573e-01
3.444551564710657043e+00
1.943097446156435870e+00
4.026859586122348567e-02
2.984661384442657273e-01
-4.042625262205560288e-01
2.069851590652817541e-01
5.110744783828274684e+00
1.945508996345227115e-01
-2.459416632111412759e-01
-3.354111543044438482e-01
2.581681846637009503e-01
2.123865310842857568e+00
1.179081170142218943e-01
-2.732389640164386568e-01
4.080337466055049545e-01
2.689672569263305668e+00
1.926215733061128255e+00
1.949496559208288571e-01
3.140543486302771470e-01
-2.490806081272279870e-01
7.592606415734356462e-01
4.021467134955336142e+00
2.031208289428041436e-01
-3.457198542974311284e-01
-2.461676876381037049e-01
5.131678736416457332e-01
2.294189685585958483e+00
-4.081430315919324925e-01
1.598360367546940164e-01
-1.012431757142193134e-01
1.397627380649244744e+00
5.495990153333029760e+00
4.677004555816151044e-01
1.558345430778301233e-01
3.352134685487363069e-02
2.287750236068115228e+00
3.488972183022917672e+00
-3.620873807812859946e-01
1.446415733087950128e-01
4.626033589207833585e-01
1.888437126928197429e+00
6.341708681070165277e+00
1.254306145899422575e-01
-5.272254148809061292e-01
4.702454679147344274e-02
1.679629230050918354e+00
2.234345916172252977e+00
-1.471046026997329115e-01
-4.980605278598712049e-01
-2.345254790046567839e-01
8.471106205025548119e-01
1.833657737998532378e+00
2.794384484245958644e-01
2.889786807458890050e-01
2.199972676652888481e-01
2.806163031791890639e+00
3.976797046467964059e+00
-3.142556870333353958e-01
-1.688129201749905273e-01
3.454037985485024498e-01
2.155758494863820651e+00
8.880375241774550732e-01
-1.065545348109518536e-01
-7.845082981544419798e-02
5.648416440201708966e-01
2.491782361848615679e+00
6.336308113339613968e+00
2.734946306253502879e-01
4.229278590435419649e-01
-1.572883984037092564e-01
1.028216558064721786e+00
3.802071783422690920e+00
-4.248002875291144731e-01
2.546621623741478213e-02
3.108953943043814006e-01
1.966072873919120445e+00
4.570129893551357902e-01
-4.295956195526607485e-02
-1.935964444570867915e-01
-4.176804996022429606e-01
6.191136162640485940e-01
1.094774411862338148e+00
-1.204020692491005462e-01
3.646847738407252293e-01
2.839414219310316123e-01
2.062168661895276145e+00
4.788996885847066842e+00
1.507642762862422547e-01
-3.834844091318456716e-01
2.417089407951975299e-01
2.219326065670563342e+00
2.162613781584316719e+00
-5.554678945025552927e-01
1.028797980533663059e-01
-3.551885642370466306e-02
1.512447062441459211e+00
5.458070811999649052e+00
-1.211504089780607307e-01
-6.144928395847598646e-02
-4.857223604153668162e-01
6.498154931518985711e-01
1.374235831151455756e-01
3.626745944942932898e-01
-2.262491698092332637e-01
-8.779423332868566132e-02
7.655722982625241535e-01
2.800103743950437707e+00
7.952314183544960391e-02
-4.256973501619859199e-03
-5.492638963303310140e-01
3.390086062510530573e-01
5.821689381789182605e+00
-2.601191534906077130e-01
-4.622884201181455266e-01
-1.438100308266092829e-02
1.454379435299184564e+00
1.491134291659532707e+00
-2.873320140328871064e-01
-2.430240827218485833e-01
3.470624675991069163e-01
2.164233111154915790e+00
1.021117417961406648e+00
-4.549740539310737075e-01
1.017225405443214076e-01
-1.250910568209360751e-01
1.397988884003246612e+00
5.634260500402395344e+00
-3.054767857429597222e-01
2.567281988748674332e-02
-4.163118143891352263e-01
9.785058307839435976e-01
5.800348665145042659e+00
1.598436192834689906e-01
-2.568489795837599621e-01
-3.754419874949285196e-01
3.201243713085943354e-01
1.698370933338546829e+00
1.359232390643048127e-01
-2.413738152770383283e-01
4.028396386385228456e-01
2.650984164940942467e+00
2.117060725170396118e+00
5.355971780065670318e-01
-1.160575129245165343e-01
2.117265371575450389e-02
2.056861723634795247e+00
3.160034440141218592e+00
4.672412050527660621e-01
-1.385093595228258367e-01
3.080641504373016204e-01
1.716802668272744636e+00
3.280480370602031126e+00
-4.468767496564222674e-01
-3.175783637138228643e-01
-6.006093488960370652e-02
1.632555026189141278e+00
6.364166764434233237e+00
5.342567435117133723e-01
-3.523136454781798654e-02
3.040628914785572373e-02
2.028714889365091256e+00
3.017913306405511698e+00
1.452726855770875014e-01
-3.931072124738586582e-01
2.800179377532804326e-01
2.251073498087901470e+00
2.128327910144112600e+00
3.826577554257094005e-01
2.465761402388481627e-01
-2.187951705969278515e-01
1.041393187962044997e-01
4.253825601205170059e+00
-6.867749007654542215e-01
-2.618663385443211963e-02
-1.221499018117516017e-01
1.954538247807288132e+00
5.996373379530768766e+00
4.646492362539702409e-02
1.919840945293379564e-01
-4.114245272230561690e-01
3.792962275258756066e-01
4.609252860807346863e+00
-8.226679811511684870e-02
-5.825798736433922542e-01
1.258446624293121929e-01
1.504855214308485678e+00
1.786738421164965063e+00
1.461020197099144602e-01
-5.502395090837710612e-01
-5.214555810707504659e-03
1.507319783821598591e+00
2.432788641041145450e+00
2.781724711336157618e-01
3.531360986180289152e-01
-2.139662990595194436e-01
9.048881351205952939e-01
3.830634254804181182e+00
-4.570452464889618316e-01
4.727397584048002172e-02
3.319133958117285177e-01
1.948801318446019115e+00
4.880876261988125742e-01
3.046643841953696197e-01
-3.395606194396586508e-01
-1.167106060565557268e-01
-4.717929744396646141e-01
5.484252193740630332e+00
-1.252735877103314521e-01
2.056892862309833703e-01
4.627506730050259254e-01
2.360812557732634875e+00
5.140579396613210506e+00
-1.035225147830735604e-01
2.709532827846679037e-01
4.456408874202493209e-01
2.314799139470716138e+00
4.753200055536278335e+00
7.034315915859637447e-02
-1.216133864305021101e-02
-5.166257914333687307e-01
3.198905225592009738e-01
3.066407463546731993e-01
4.403688021318220569e-01
6.124551812694170420e-03
-2.720858729432308332e-01
1.082553114347610812e-01
3.280350817487635240e+00
-3.627321563488234979e-01
-1.927820131481511046e-01
-2.278322517988345952e-01
1.361781943247639681e+00
9.579277201279740028e-01
-2.711258818201832677e-01
3.210483297207233355e-01
-1.791319694795962258e-01
1.145960521533380794e+00
5.208778526246865326e+00
3.953345048428972275e-01
-4.737629931104287428e-01
6.365673355470974348e-02
1.987691970323821611e+00
2.849646795240804664e+00
-1.683891400307968300e-01
-4.651590837913199827e-01
-1.034676334123388469e-01
1.198521765039673115e+00
1.586962202509489606e+00
1.093584116348074453e-02
-1.151687395205639869e-01
-6.335301708654459407e-01
6.295301990916828405e-01
6.591858939757190283e-01
-3.137341481791278142e-01
-1.823612358582728799e-01
-4.314784802287275345e-01
1.027022240029207056e+00
6.010484061708806225e-01
-2.239185048597742700e-01
-5.276445925182510904e-02
6.196252101004002810e-01
2.402127655976973308e+00
5.674060818861451416e+00
-2.404862546253512812e-01
-3.256442716668383475e-01
3.351132316485101459e-01
2.129734339822632716e+00
1.375143174966609871e+00
4.162792885177235558e-01
-1.609383629434955332e-01
1.546360326421117037e-01
2.162115073544710331e+00
2.874815794325299656e+00
1.153623460574263043e-01
-2.584276007426483668e-01
-4.046711001471262059e-01
4.128815032407393559e-01
1.482421602624235613e+00
-4.597718299886490168e-01
4.118052876527579786e-01
5.638826680049398299e-02
1.671902226122998547e+00
4.818879886262780410e+00
-9.375542688139164305e-02
-2.940705373410078538e-01
-2.744717272810953124e-01
1.344525741419056342e+00
2.131002251769369693e-01
1.147062628123936886e-03
4.493764810829500300e-01
2.406107228653141528e-01
2.035534600466899047e+00
4.324034978525707729e+00
-8.611706304607844031e-02
-2.401537185641365313e-01
-4.705954419060089933e-01
6.959390927450891384e-01
1.054452412515944904e+00
7.771093343091793615e-02
5.402861228872334748e-02
5.447856900873966346e-01
2.748119551372262492e+00
4.777873194825598802e+00
2.727087528460168109e-01
1.755839959767334646e-01
-3.212583964260758429e-01
4.900079000635347293e-01
3.933497220745056477e+00
-2.049824016300545448e-01
-3.284416879029536940e-01
-2.365411339326512485e-01
1.161030418104504358e+00
1.320621658912750629e+00
2.080714213784330135e-01
-3.882290837562045738e-01
-2.257943573609874077e-01
7.248680523985092661e-01
2.187525060269670085e+00
-1.145809860231951230e-03
-6.099322792498542700e-01
-2.134832746135707782e-02
1.443066632487697731e+00
2.118333454341149835e+00
-1.241924143343488413e-01
-3.259750633058307590e-01
-2.747000116958789318e-01
9.213019154492761986e-01
1.053398281202681863e+00
-3.694755673077873004e-01
1.577732240083729864e-01
-2.039700963721830795e-01
1.180931312958265700e+00
5.488509480618326997e+00
4.800940456902254017e-01
-5.423783778188967508e-02
-1.160567056768694594e-01
8.004841490581520169e-01
3.129411799037962183e+00
3.535891172657358306e-01
2.256334399257963752e-01
2.795813474932507536e-01
2.383202249377109005e+00
3.936174834890872720e+00
-2.065495563887474739e-01
-3.261207138603747779e-01
3.056360356844982640e-01
2.021987207595145275e+00
1.426051439564526735e+00
3.757319648136942525e-01
2.520204023611432587e-01
1.285580994359274143e-01
2.314958213650435859e+00
3.643510049360295433e+00
4.515125387719052807e-01
-2.103657537737836924e-01
1.275867911896039382e-02
2.093506273063991951e+00
2.923868755883345383e+00
-4.395049190917064696e-01
-5.719686412041670442e-02
2.860260595351326041e-01
1.918547933838537167e+00
5.648799688982617528e-01
-2.954393594476007467e-01
1.215483422978934497e-01
-4.014018141335464751e-01
9.199411238758685716e-01
5.667492625335055934e+00
-4.732832507298643243e-01
-8.790462534484858037e-02
2.079978764248394951e-01
1.837075957567330775e+00
7.667939094761960783e-01
-3.562706498279469836e-01
1.362529774792592685e-01
3.432472938040168620e-01
2.131219229634036427e+00
5.280310340136489700e+00
2.180929464904108328e-01
5.381205169481008133e-01
-1.326291815502328719e-01
1.851166356477376818e+00
3.947871949066269703e+00
4.430493010120401531e-01
-3.914828921873838574e-01
-3.976402971668072800e-02
1.752616328734014184e+00
3.019281287666241376e+00
-4.028761396247507176e-01
1.633930361530343267e-02
-3.024582529484012294e-01
1.132659063227656970e+00
4.625533869085584615e-01
-4.263571275981747899e-01
-2.393415480224791725e-01
-2.388987296229489604e-02
1.453672563960465514e+00
1.030149389153532491e+00
7.056627304097939923e-01
-1.171464541208000754e-01
-1.027527514590494684e-01
2.019823717669016805e+00
3.218175241079791249e+00
5.720308439629514380e-02
2.408915347421736186e-02
-5.140666444993353679e-01
3.216678921548270509e-01
5.584923634964458650e+00
4.779522876294833855e-02
-1.876943332574679546e-01
4.957328077211810013e-01
2.749368302281146370e+00
1.640792503756483889e+00
2.909897868024933776e-01
-2.727555634844667232e-01
3.572172273349715210e-01
2.940218138345376708e+00
1.943360822266458232e+00
3.003266591606499336e-01
4.886636793574079818e-02
7.146309639982234563e-01
3.207910870444661278e+00
3.491902760088612556e+00
-2.533132178621518849e-01
6.197831281419097227e-02
-5.131058442150734367e-01
9.009249570941234575e-01
5.909041909793681491e+00
2.698948073065803310e-01
1.592197006241598822e-01
-3.331786062541703397e-01
4.365316282142995830e-01
3.681329726952348391e+00
1.177154428868053410e-01
1.309171727417028364e-01
5.736138359407806364e-01
3.228844732408898910e+00
4.345574863392967835e+00
-2.649852820105462192e-01
2.170751930049095724e-01
-3.165810740709795734e-01
9.307617069134930254e-01
5.313606611172470018e+00
2.309143425290627050e-01
-3.256234291597793762e-01
-1.765145475940498310e-01
7.211859739517159085e-01
2.398674619478145420e+00
-4.129177118487925569e-01
1.322378988022918367e-01
-1.718659305403308080e-01
1.241643953567919789e+00
5.629262443727119702e+00
1.713371496900339686e-01
-2.581581071726549159e-01
3.672433618876350669e-01
2.798991652871682057e+00
2.117364109231999691e+00
-2.682868853158102973e-01
-2.271060242052233280e-01
-2.737501805718711712e-01
1.141268611759599816e+00
1.127111891102390517e+00
4.177625554480570158e-01
-3.966322727192826969e-01
5.928042651871411051e-02
1.115704750454964422e+00
2.675176042923384845e+00
-3.346237847139384991e-01
9.642717390623262164e-02
-3.163505209343819846e-01
1.091093512318249914e+00
5.499974828936171178e+00
-4.227972552414811791e-03
4.792175472811547876e-01
1.434763003989452876e-02
1.572989250026224806e+00
4.130022499615561671e+00
-5.979856350957055838e-02
2.974892365736402922e-01
4.347978288323541274e-01
2.387822934275532383e+00
4.903637339198817280e+00
4.404810378571107909e-01
4.819374313318447456e-02
-2.365373353874420104e-01
6.192178496071316651e-01
3.390776731950441381e+00
-2.415059845952904072e-01
-1.132650687944664059e-01
-3.663742753761407567e-01
8.810190428936127693e-01
1.347003576029985050e-01
-2.034711838615412827e-01
-4.753522588114142411e-01
7.631310491333978541e-02
1.756429937424696552e+00
1.562975017164228264e+00
-2.857548462796008493e-01
-2.710664473849201395e-01
2.177360544325277480e-01
1.723052095603552214e+00
9.463733335829295212e-01
2.681439180871265648e-01
-3.035142924705139245e-01
3.281279044005781520e-01
2.480484627231431816e+00
2.497550160599067759e+00
-2.719703070347941898e-01
4.615221355713259310e-01
2.644401803340198226e-02
1.650278647637879237e+00
4.721424249786673855e+00
-2.790325762218781036e-01
9.414861379826092169e-02
5.025051527904157433e-01
2.179261062916690417e+00
5.576289950915832350e+00
2.922016921211310625e-01
-4.699850662378997346e-02
-5.105065275873300612e-01
-2.266774137735027284e-01
2.861371854297203754e+00
-2.047108385995156099e-01
4.973968345499459875e-01
1.660137888758030089e-01
1.827405229921230445e+00
4.490253659554362287e+00
3.422086686985961190e-01
2.813611196174915507e-01
-1.557944910524700632e-01
9.348251087831609407e-01
3.491125131451049413e+00
3.283185136312041785e-01
-2.821165756750369513e-01
-2.259560265041642702e-01
1.475049180026676510e+00
3.084352587677065216e+00
4.340459615479420052e-01
-1.814886903310707622e-01
1.591630297223477486e-01
2.734853750123359628e+00
2.863366788368143734e+00
-1.397082458696636276e-01
4.564386257364645427e-01
-1.930212767992984801e-01
1.101619203618849907e+00
4.785796420905708892e+00
-3.967842224439391829e-01
-6.886727534172894238e-02
4.066521544960912116e-01
2.011204238272704004e+00
6.635432545370288260e+00
3.080423288654685621e-01
-1.733621080111621693e-01
4.881090229451439666e-01
3.156061982481233485e+00
5.427994778711535240e+00
2.209136082958899072e-01
-2.949249694943022471e-01
3.567625341351702284e-01
2.785257289640797662e+00
2.305073093819161478e+00
4.475614862434873498e-01
-2.773305030803115481e-02
-2.331054842405466121e-01
1.012253113813274208e+00
2.678020273714955213e+00
-1.929403603091865427e-01
-5.664798622406445050e-01
-2.776474384079755803e-02
1.565051714021689078e+00
1.867085148980750064e+00
9.044250956202737335e-02
-5.311559346510714708e-01
7.284944640119084269e-02
1.719327994696268957e+00
2.153922502550211782e+00
5.254959076943461760e-01
9.424124947043109601e-02
2.263602347423927519e-01
2.222553975473750665e+00
3.640798836376544223e+00
9.214520231330380895e-02
5.521156224373143795e-01
-1.132259512916606037e-01
1.354905942510272299e+00
3.897207684338885425e+00
-4.882704733344515602e-01
-4.388141420783883695e-02
-1.294941625660821494e-01
1.464375390612881134e+00
5.830954449090155478e+00
1.305141377812918391e-01
3.734847331508888823e-03
6.832263627338878154e-01
3.478505673766753237e+00
3.969550937248703004e+00
8.608982925522275231e-02
4.691104841548394133e-01
-2.238874038799779920e-01
1.003848590546919883e+00
4.308537708685002521e+00
-4.824061627922414386e-02
2.329694186528621092e-01
-4.164912959475092769e-01
5.402456431048261454e-01
5.028665530403261918e+00
-4.399431800735447706e-01
-1.957392659156666492e-01
-1.468077793210002258e-01
1.201400230922976542e+00
8.382815297307305569e-01
8.522729331473853295e-03
-3.123382249113052511e-01
3.848178630606059469e-01
2.431958949118814939e+00
1.759698013778952186e+00
-3.969661844334645417e-01
4.206132864155136541e-01
1.353655793217201364e-01
1.871634244758110022e+00
4.889726257769631879e+00
1.269617783233598085e-01
-2.752290069480125001e-01
-3.739505742091900342e-01
4.668195358451217025e-01
1.495752374929925965e+00
2.495632145924678025e-01
-5.277718876726129604e-01
-7.686520080955214218e-02
1.190442783114920244e+00
2.448556946480857643e+00
-1.022714250749488657e-01
4.861517500951686443e-01
1.214272378142404983e-02
1.353685418739120738e+00
4.633414853867817484e+00
2.889128991771045540e-01
4.642754612319652252e-01
4.782413636253995959e-02
1.716383831996907139e+00
3.673935346894238396e+00
1.915521205803683708e-02
-4.959836244865852284e-01
7.480021989937278570e-02
1.690450262040825935e+00
1.966173184030062915e+00
-7.811565195882039236e-02
-2.651780628530038264e-01
-3.876973714897111734e-01
-6.127903601314994564e-01
4.431168005747567307e+00
-4.355405201035155160e-01
-1.807422873146542069e-02
2.216661432612376248e-01
1.838225301553563451e+00
6.456217836534874355e-01
3.381886497698931571e-01
8.030479955349990873e-02
3.635904424441848137e-01
2.553877699810098267e+00
3.521335846436822514e+00
-7.489858728102806451e-02
2.962947588764948126e-01
-3.484420777330487495e-01
6.695440956074989458e-01
4.813947482534611133e+00
9.282678628056884040e-02
3.880500786790015977e-01
3.179957948900363762e-01
2.089940373690708064e+00
4.315612067582545563e+00
2.485052089012079052e-02
3.153107466781425172e-01
-2.635402868936044252e-01
7.451043638003663760e-01
4.525752599940432219e+00
-1.007780156148632977e-01
-2.941551399476493578e-01
-3.520919785066425334e-01
7.341373517998827092e-01
1.275763765948841666e+00
-6.283760326827390885e-02
4.278947989528652518e-01
1.473893277899833154e-01
1.662678809716034101e+00
4.425173196288830546e+00
4.183672962477993917e-01
3.234913160114821218e-01
-9.702736175016038467e-02
1.054352619121101675e+00
3.196572262034324652e+00
9.029908830884447735e-02
-9.236122599257248766e-02
-4.923686620331142461e-01
-3.370510528607975620e-01
3.127787851253104545e+00
-1.756387128792168684e-01
4.273112301664304391e-02
-4.877782138016520386e-01
8.412153665380247558e-01
6.160009917258662426e+00
1.144688625244557473e-02
-2.058986472840435011e-01
-4.482650471568848105e-01
5.500445597773656603e-01
1.285604474152733934e+00
-7.157207956243318014e-02
-2.020922693357759259e-01
4.863055385102398875e-01
2.559389236500646536e+00
1.111646892772199413e+00
2.230705910884401844e-01
-7.446507914211002166e-02
-5.365005256580557269e-01
2.810511355076463214e-01
5.096783847793893152e+00
1.839231850284619163e-01
1.568003691178838921e-01
-4.004226825767623898e-01
8.942765174718496357e-02
4.423798813116197159e+00
-2.556319408190751985e-01
9.675901620145201457e-03
-4.796819213927330794e-01
8.331792168845444380e-01
1.069938854032873726e-01
5.925055486654553713e-03
-1.581169667034796611e-01
5.436643538930600039e-01
2.490071242552600150e+00
3.973860702315518689e-01
-2.979190560947946875e-01
-4.036358549732440015e-01
2.613180266360773940e-01
1.569279318699276615e+00
5.605808552233536579e-01
6.440167660523158366e-01
4.369717971076297024e-03
6.033458046620909787e-02
1.073067193871774849e+00
2.934906675198873494e+00
-3.630038668427591070e-02
-4.065560206513267327e-01
2.082785071759872542e-01
1.959564998675964675e+00
1.802995004718402905e+00
2.582647587123438337e-01
1.697751912879441882e-01
4.505165367083920902e-01
2.719232427778357941e+00
4.361081701455971071e+00
3.112479869172378733e-01
-2.460806245201686056e-03
-3.771944888783336225e-01
3.460696320970233497e-01
3.450667485588569061e+00
-5.952480303862212052e-01
4.084912789124084224e-03
-1.079549144978944469e-01
1.783937097948118611e+00
6.021191446478404430e+00
4.485785328987549891e-01
1.515184984373837973e-01
9.356868088681372098e-02
2.180198422900924360e+00
3.468810796763471149e+00
3.708774680414889113e-01
1.745954749172016762e-01
-2.419324775075428202e-01
4.995666681843700108e-01
3.391292961964833541e+00
-4.652996103189011761e-04
-5.756880464132885233e-01
-9.803391318226288564e-02
1.206465575401282297e+00
1.938430910766290260e+00
-5.061620352142868207e-01
8.986088216705069576e-02
-1.044087084853191350e-01
1.603359311810392152e+00
5.672015793703147679e+00
-1.389546547057654846e-01
5.227097436278587139e-01
-5.966111796576262921e-03
1.393011622579207742e+00
4.458543035771325158e+00
-4.620777605697186652e-01
7.438777196200849207e-02
-1.752243800221320313e-01
1.496752072813291701e+00
3.894260463795531368e-01
3.551273193273262740e-01
-2.561154182497230036e-01
-1.792134133167583299e-01
3.538543140578284674e-01
2.389208273879884548e+00
1.685788834978518835e-01
-5.934949760711411525e-03
-5.383883583198580958e-01
3.243673654391729944e-01
5.044913288009258423e-01
-2.271854930529912109e-01
-2.954238613868356844e-01
-2.957117927283404724e-01
1.022451266448644036e+00
1.272388436267189782e+00
-4.750124387028865219e-02
-4.427215013533595256e-01
-1.692929495368521442e-01
9.602691267158045552e-01
1.652627317997166445e+00
9.341528253577445484e-02
-3.767868125680214897e-01
3.248791923487000521e-01
2.301431247875417974e+00
1.943783732490812266e+00
3.233653654642469899e-01
-1.305556323043988165e-01
-3.491328194762208237e-01
2.669140840737486142e-01
2.819890092549586669e+00
-3.567823276041139913e-01
1.305333532093454485e-01
2.659500560797865010e-01
1.749070664127891028e+00
5.195089467118860327e+00
2.221296330830574706e-01
-2.826628025944883937e-01
2.930154145342105387e-01
2.403355469677137091e+00
2.210284568494202961e+00
-3.627853164478026526e-01
2.683352882473281076e-01
2.292571441532417209e-01
1.834559063170865478e+00
5.180144251526889398e+00
-8.633784899057166118e-02
-4.550979621159368382e-01
2.310856461017739283e-01
2.004571232246793233e+00
1.614783828974481139e+00
2.487886067224076847e-01
7.286481297596784923e-02
-5.024606361601121618e-01
2.717982902925344946e-01
1.067599055936989449e+00
-4.106956510258794046e-01
-2.621688012350702479e-01
-3.041431617926922959e-01
1.292722939100106272e+00
-8.571325158657260024e-02
-3.013758742707964844e-01
2.224235962408283862e-01
4.483662019990771186e-01
2.085164205673918580e+00
5.406431156580660868e+00
-2.952496676151005750e-01
-1.754306241205977057e-01
3.574157092478478237e-01
2.289039124575946271e+00
8.905607936168796757e-01
-3.481381111972395859e-01
-3.428487953090675333e-01
2.418499610910653519e-01
1.909954274518024020e+00
1.189565751235831303e+00
-3.048818421588894156e-01
3.650438877080407207e-02
4.971218823143448429e-01
2.205259123405253430e+00
5.720806527710811551e+00
1.128853207838093065e-01
5.155193314484083356e-01
1.979085584407807574e-01
2.115998263780299204e+00
4.194868861143243421e+00
-1.183952975402429164e-01
5.777832877101694020e-01
1.848587742743061993e-02
1.430364652467621234e+00
4.415638750742346907e+00
-6.624796243273120555e-02
2.559372929050874879e-01
-3.856478956529000302e-01
6.189974582334860642e-01
5.028563923820184023e+00
2.122730181453139353e-01
4.414709829030234456e-01
1.934150775991081983e-01
1.441627635616088643e+00
4.253185865458926962e+00
3.698212650093499199e-01
-3.626905595456518250e-01
1.729779001121764873e-02
1.742231579824539356e+00
2.690709262757268849e+00
-3.445928377926865127e-01
-4.263319264784819485e-01
-5.254382023494169607e-02
1.330814385154878599e+00
1.291323364608507385e+00
4.886502991411358354e-01
-1.655700929453990666e-01
-4.735575224902467684e-02
2.085059964252581555e+00
2.953487902593585179e+00
-8.158477157444220251e-02
-1.321912785018649651e-03
-5.803504349108864480e-01
5.416313616038496148e-01
5.843929928937880547e+00
-4.379114459291356676e-01
-9.595477145804034991e-02
-2.927361554306279756e-01
1.209290248426909464e+00
5.789170542553428334e+00
-9.509508833498007963e-02
-2.938154377120381078e-01
-3.934085094525611725e-01
7.923588697338561637e-01
9.088851271330344872e-01
-5.469289529319454335e-02
3.288838209091916043e-01
-3.046221902144920501e-01
7.304684252407819267e-01
4.751278426332397942e+00
1.124427807357342712e-01
-6.243702984329360106e-01
1.223237158348350513e-02
1.544375133739443573e+00
2.467869246090933277e+00
-1.732062606630852264e-01
-4.576211036710675084e-01
-1.505450549554918083e-01
1.202641735968998038e+00
1.781115299677229924e+00
-5.617677116371413981e-03
-3.827198045715403674e-01
-2.846934451250898723e-01
8.556420628147823892e-01
1.551708197436348913e+00
3.014403326395672655e-01
-5.040360094818971959e-01
1.800559842690932152e-02
1.438708712054482586e+00
2.733752093043324116e+00
-4.857306802631913834e-01
-9.528554151748558354e-02
-2.042255261287737045e-01
1.553587650304201873e+00
6.041801518042592356e+00
2.570541185025380648e-01
4.918162052740219226e-01
-1.730103239633840051e-02
1.647468088450489310e+00
3.732357715668401799e+00
1.262110864679740485e-01
3.634711174859855398e-01
-2.132680198518843717e-01
8.809600732350734154e-01
4.141464954966576073e+00
-4.024151194724486236e-01
-9.617644669743077857e-02
-2.460394446779008149e-01
1.350146443531702101e+00
1.096555634252424527e+00
-4.929763667384529646e-01
4.123089721467056851e-02
1.759352261317489452e-01
1.614694611328746809e+00
5.844755228132758607e-01
7.329756022800132387e-02
3.572469331544917970e-01
-2.812287595446206767e-01
8.336119572510933828e-01
4.261078309199938907e+00
-9.992567873826170219e-03
5.025568102106295898e-01
-1.548217978284410212e-01
1.100726727366958535e+00
4.311779750892718255e+00
5.043600355512057459e-02
1.020900298022691943e-01
-5.091087876125749423e-01
4.893157235328338683e-01
5.196293931510264308e+00
-2.892064662144711584e-01
-4.611628867182536728e-01
-4.019018362684121520e-02
1.409850643429704453e+00
1.462165126043077024e+00
8.071861389270122700e-02
-6.307658802927800235e-01
-1.376227076582574871e-01
1.141973355266491241e+00
2.155102154727390307e+00
-2.997498540361652475e-02
-1.682213328689947385e-01
4.928873772089008010e-01
3.601574392196045249e+00
4.315986152515465690e+00
7.881447101098904007e-02
-8.568931290914483245e-02
-4.848113392500092433e-01
2.733101407578780173e-01
4.715917712901453562e+00
-9.271613273337184213e-02
-9.189936180471318383e-02
-5.244619818425853008e-01
5.391502543093450450e-01
6.189132075598388738e+00
1.904253575874787219e-01
-2.834094911588611043e-01
4.210401696685343031e-01
2.795352240227062968e+00
2.148342341396353383e+00
-6.806344328596741766e-02
-2.894137057309114636e-01
-3.531760338599598259e-01
6.400819126337203846e-01
1.376234680625491924e+00
2.703800611586050229e-01
4.150709048996614747e-01
-7.024537771895444926e-02
1.151562413573891108e+00
3.914610119745154382e+00
4.452439067747600010e-01
8.359480964299940975e-02
-5.053788245794612610e-01
2.189591136597043297e-01
9.677116435150389107e-01
6.086408604704368619e-01
-1.577292028802598778e-01
1.801776062398608436e-01
2.559171015843753061e+00
3.199152511073210636e+00
3.801713248751212859e-01
3.511065575997676103e-01
1.484649052152928750e-01
1.457204895101884556e+00
3.443292801165726225e+00
-3.926930505290329027e-02
-5.023412906559449054e-01
1.473797563202579597e-01
1.837750922032447498e+00
1.941626748086121790e+00
2.761866293751226720e-01
4.696970555744306441e-01
-9.678661173079258773e-02
1.209318953268453845e+00
3.751671411882935292e+00
-4.594961886131265771e-02
5.604668311774015782e-02
-5.262454953367292632e-01
4.952791345274708545e-01
5.576850903278618432e+00
-3.984183513039679658e-01
7.665045862890301764e-02
-3.837541791918636092e-01
1.105010656586019380e+00
5.813527938918243265e+00
2.972555115785996405e-01
1.016550926726181442e-01
4.411498825238335253e-01
2.643677437718805034e+00
3.881452716096760014e+00
-2.771989356870185883e-01
1.102705994275250123e-01
-4.280542267097788289e-01
1.080287794268291135e+00
6.234310165940097015e+00
-9.665334597379994508e-02
-1.362742827748846149e-02
-6.976750130807762851e-01
6.198667284377105124e-01
5.878579568911657560e+00
1.192431795767280034e-01
-4.343662834409691698e-01
2.458166448997432807e-01
2.037570859800930556e+00
2.025294096972551916e+00
3.090588527431575860e-01
-1.337080679217237111e-01
4.267855725305881864e-01
2.940161574640117959e+00
2.453503460396187830e+00
-1.724483098311820062e-01
3.614899839882673716e-01
-1.870553333521283446e-01
1.022023612228163181e+00
4.856166004650757095e+00
-3.172983990316316505e-01
-3.442082650148627354e-01
-3.109445151193658274e-01
9.505308396531643167e-01
1.544803016901275639e+00
4.948644225846974276e-01
-1.049091600367837440e-01
3.237518217629870576e-01
2.781979494401441766e+00
3.109067365471130273e+00
2.172032239471708703e-01
-1.901058855684329141e-01
3.868986603123661383e-01
2.592174494311769273e+00
2.469358523838300457e+00
3.953437559022026093e-01
2.945256119965042330e-01
-1.188810741102935969e-01
9.854286516444058508e-01
3.398929399799406781e+00
-3.255194350662496405e-01
1.179202331399642617e-01
4.456456539576377773e-01
2.133403095204996713e+00
5.436916081421011349e+00
-2.989171086071083505e-01
4.528220000144498880e-01
-6.093520164159999669e-02
1.297488871711336866e+00
4.785127336536384668e+00
3.872077013313201532e-01
1.568732637948100639e-01
-6.094359947437701791e-02
7.647423522385116135e-01
3.608845226363325942e+00
-2.276786816678559935e-02
2.308167162667294214e-01
4.687072112370663790e-01
2.700077166095386172e+00
5.180105965870786200e+00
-4.561073754204402197e-01
-2.038029471689975503e-01
2.072982376816555894e-01
1.852590803251444651e+00
9.341519004140833582e-01
3.291947558222590442e-01
-5.058510889102265651e-01
-5.479210239391629073e-02
1.711653919511431754e+00
2.571553390597262734e+00
-4.183016079577247387e-02
-1.167909945962071760e-01
5.136600225501209982e-01
2.808345351658249278e+00
1.116656798040701837e+00
-1.375749888799064347e-01
2.247001555453798649e-01
-4.073276505744305442e-01
6.731819631388772374e-01
5.386530770140125490e+00
-2.743776544553027108e-01
-4.295879091665157357e-01
2.182192164130690448e-01
1.875130093556806044e+00
1.529391487504842440e+00
-2.622912929381946909e-02
-1.144192158122328724e-02
6.064588001030939424e-01
2.604479442671508327e+00
6.092283311045203043e+00
3.780282967360403812e-01
4.240586394581052354e-01
1.413462986364111273e-01
2.116682719709042093e+00
3.461869837364447200e+00
4.139521311509049561e-01
-1.810938623453244578e-01
-3.245034717106592970e-01
4.724746747054358598e-01
2.248350135420306373e+00
2.724388212063272308e-01
-4.685303727950124175e-01
2.089515610178495908e-01
2.064255819575826489e+00
2.355993607716312166e+00
3.369157059704938062e-01
3.050342166080969308e-01
-2.472462818419768615e-01
8.491169782871376137e-01
3.573988791980815094e+00
-4.747781925218028110e-01
1.942706947947357987e-01
8.594263231090290556e-04
2.171157590454301900e+00
6.088735665526783691e+00
1.890050313191138087e-01
-4.331220922744417057e-01
2.142541399436596328e-01
2.018776561914733758e+00
2.249123687243538949e+00
-6.130793092327015657e-03
-3.084972567068528515e-01
-3.255332979804033688e-01
5.730777321282291004e-01
1.604369482855494189e+00
3.150540851871070358e-01
-2.271128578090807759e-01
3.780134903417784464e-01
3.063476652240143761e+00
2.576016803756544071e+00
1.717875905097211719e-01
2.682426636937665365e-01
-3.136204032628645000e-01
3.205668470721073637e-01
4.088989840244398266e+00
2.859416010946617126e-01
3.584461486292620513e-01
1.460292457287488410e-01
2.141585541954869498e+00
3.788482683304881693e+00
1.501699006495792466e-01
-3.434385277993031171e-01
-2.911061783863450603e-01
6.604778719566756218e-01
2.118944816355261995e+00
1.744318574931411903e-01
-3.632106402701126141e-02
-4.864594276692321695e-01
2.594028869360245904e-01
7.966178502216085811e-01
1.282664844484338318e-01
-4.125120057796143880e-01
3.389268503046864445e-01
2.284715338177415234e+00
2.042986029271658843e+00
2.751589292199600745e-02
-9.727792554212071063e-02
5.392929248873066239e-01
3.474843957861925237e+00
3.332139956405736569e+00
1.890541191693218340e-02
5.072458777252765172e-01
-7.876547581390504205e-02
1.392397011487591874e+00
4.157507911566574066e+00
-1.402979713962699826e-01
-1.618458322070303046e-01
-4.121356622512697410e-01
6.528906227795533423e-01
5.547328239096350755e-01
-3.404791450117696794e-01
4.414004585296640304e-01
-2.304964931547710469e-02
1.358012466430396969e+00
4.779726449977401259e+00
-1.114688600158709048e-01
4.305420735382195496e-01
-1.884671770340524133e-01
1.151883442267410462e+00
4.645829888299212840e+00
2.969399863250161697e-01
-4.246158231481705347e-01
1.633893497571365094e-01
2.070539549311837035e+00
2.564738209147589654e+00
5.592931162293559577e-01
-3.727047165314512772e-02
-2.452670048837660849e-02
1.694426923594780643e+00
3.556327629522101574e+00
-3.670146658639173998e-01
2.243090869698778980e-02
-4.098559200980014250e-01
9.656594892929851737e-01
5.863011590026299125e+00
-4.913770590184496356e-01
1.840290606771347037e-01
1.185533673858275155e-01
1.579395183537481762e+00
5.140708937934086009e+00
-8.155612571760131324e-01
6.157993662624589026e-02
1.019204133840884430e-01
1.917597077356648194e+00
5.537702275725667533e+00
-2.083908823187005654e-02
-3.207287884597899708e-01
4.047947678163812957e-01
2.430429218348683307e+00
1.676751155108163971e+00
-6.068402389551936782e-01
-1.161242104228136646e-01
6.615792727968493325e-02
1.573401460200764435e+00
5.740003203779441954e+00
1.462741258778925968e-01
4.315463005095993565e-01
2.379493112782761211e-01
1.773805905770932778e+00
3.860333334449154385e+00
-4.083026044783800157e-01
-4.096297946219435576e-02
-2.300098182026320826e-01
1.164355049783629248e+00
5.632232874334818007e+00
4.052968274158232909e-01
2.610917605005613762e-01
2.995373611019245264e-01
2.232306383833292163e+00
3.923654232939635556e+00
1.478664048942966366e-02
6.639933605581177511e-02
-4.781173705370235782e-01
3.890411645303539778e-01
6.114347495584253167e+00
8.923563047089481948e-02
-1.244644312395843944e-01
-4.843749240858590821e-01
4.138418695650377677e-01
8.937270251021248724e-01
3.827930069734828966e-01
-7.093597016895876461e-02
3.851020659458743722e-01
2.628877224031950011e+00
3.164253321122551643e+00
-4.732669136920823472e-01
4.786123854983898723e-02
4.310986025785687459e-01
1.792697782881030877e+00
5.165977604041491755e-01
-2.330460048243255256e-01
2.383898803076315853e-01
-4.133506964588699040e-01
1.075513326965053196e+00
5.717538539952827570e+00
2.952990577617630730e-01
3.525277074622634177e-01
2.163980441624035744e-01
2.686547951409690160e+00
4.037787174148909308e+00
2.015745486307676526e-01
-4.603637620218739013e-01
-2.144908707063718778e-01
1.519699133682142600e+00
2.651152074492408861e+00
4.502899620022627891e-01
4.034490006171410903e-02
4.344559725934493688e-01
1.735228530467773700e+00
3.733691185793513334e+00
-1.863992539621048827e-01
-1.697963617055278929e-01
-5.048892419554578126e-01
9.090700362882757624e-01
6.750242423688487259e-01
3.790768433834542095e-01
1.649136541508236242e-01
-1.346713554675887381e-01
7.558631505109042470e-01
3.491211219476452854e+00
-7.444986029775880392e-05
4.666031289373502311e-01
2.014217326647177175e-01
1.747268523966878373e+00
4.307785307296574828e+00
4.295397151300474059e-01
4.654103821976072752e-01
5.426819506514120317e-02
1.256455088861510028e+00
3.380802534931149239e+00
1.887839106880933870e-01
-3.051141777315715120e-01
4.076925993091324862e-01
2.480430213311930032e+00
2.125160090258089163e+00
-6.112478836949325478e-01
5.921976258411004723e-02
9.046779177820832296e-02
1.750417732022958139e+00
5.287068843796836504e+00
4.191152900732039166e-01
-3.515354494537127339e-01
3.763354843699649038e-02
1.206664897677550474e+00
2.795551336293156108e+00
-3.460382588897623068e-01
-1.311704989704112201e-01
-3.648603066710577880e-01
9.768888683892082980e-01
5.506339211167335934e-01
4.283753981827990165e-01
2.898465221889637844e-01
1.734805660496201857e-02
1.988070486541909432e+00
3.446220351348364908e+00
-2.806128306968739827e-01
5.785482830464783871e-02
5.017033276270637110e-01
2.236791158453655282e+00
5.660659887010340618e+00
2.910234542263052115e-01
4.195231518219977307e-01
1.765098302396720109e-01
1.597597347713346050e+00
3.600858717531361997e+00
-5.079736796530904402e-02
1.806670715999566523e-01
4.349257612763073877e-01
2.536090505655283600e+00
4.878427242896925087e+00
5.294357403019808034e-02
5.476448736299941444e-01
-1.601682940477832662e-01
1.142197309641364900e+00
4.193622510426747496e+00
5.906236754228805924e-02
-5.112344057142079734e-01
-9.890980199145324447e-02
1.281855343589636043e+00
2.393074613249445370e+00
-2.506182913078593422e-01
3.479411826730882673e-01
2.450541417269986866e-01
1.914495735289297285e+00
4.895082672318538108e+00
-4.967605647159317739e-01
-2.424189105816542678e-01
1.246137009599698753e-01
1.827913473816662027e+00
1.013809984748225368e+00
2.096293586303758782e-02
1.746969212166906982e-01
-4.149036150970427106e-01
-3.866715887769465176e-01
1.667348344616277789e+00
1.385720009322715107e-01
3.819345620867778401e-01
3.591451338455773912e-01
2.334603565569560057e+00
4.336603649489263468e+00
-3.419341175719037840e-01
-4.674601827789508501e-01
-5.634468093102899117e-02
1.200397716591127706e+00
1.419939631820065218e+00
2.195664475617111477e-01
2.861425518818336289e-01
3.400437761442344775e-01
2.540759289170335222e+00
4.143104435284243436e+00
-2.203904817226012280e-01
1.431506439072922354e-01
6.022308495266508466e-01
1.971784963846469285e+00
5.999448220336791593e+00
1.634843441588775537e-01
4.673350363965757537e-01
1.489093183559889177e-01
1.592703007035027651e+00
3.785812782095928863e+00
5.758664660072344565e-01
1.249621698496116429e-01
1.525533389783910627e-02
2.016249366039253310e+00
3.628705620303453117e+00
-3.909474728526851628e-01
-3.673723522891409465e-01
-2.028064743712396645e-01
1.309948851017902705e+00
1.289407756504148683e-01
-3.130319946128768405e-01
4.000200768026950238e-01
1.082915202876644223e-01
1.788352852697598916e+00
4.970971332409019894e+00
-4.211456950368872021e-02
-6.499962396754192795e-02
6.526358773720265516e-01
2.693685313679365922e+00
6.671430519480400223e-01
2.223327486999122915e-01
-4.583393293964526105e-01
1.869007136386387213e-01
2.110219562239891822e+00
2.248056675955206973e+00
-7.961777971912570306e-02
7.534550793221614362e-02
-4.907265014920038082e-01
7.548616463149435685e-01
6.095657570403984593e+00
3.806448417796338135e-01
-1.652190724022114532e-01
2.234114439475219094e-01
2.337811001602407845e+00
2.908513616111484179e+00
-2.073406594943387471e-01
6.178233608254463105e-01
1.080165840421498796e-01
1.488923007772358975e+00
4.241890081446900496e+00
-3.748682128378187373e-01
-6.684677184954440632e-02
4.197863946386463097e-01
2.152517877970185012e+00
5.751192461539496037e-01
1.517279665798267618e-01
-2.738006691237446222e-01
-2.929059946688662985e-01
5.386311202411806498e-01
1.884981331123978254e+00
1.543285210253843576e-01
5.381454043297322354e-01
1.468131367813750587e-01
2.073804742118757538e+00
4.113236451511095737e+00
2.795654292394922358e-01
-4.451447878001849046e-01
1.541062318177508217e-01
1.913517320046662196e+00
2.397509790371987304e+00
1.199100025966170213e-01
-4.926775688616182314e-01
-1.789193653526112704e-01
8.753483294627872890e-01
2.056887643182996772e+00
2.944864266368716343e-01
4.705723595550864169e-01
-9.833024162117842693e-02
1.093105426662861701e+00
3.794083175991721735e+00
-3.247097081521586603e-01
-1.040712215882902414e-01
3.910921123163346724e-01
2.237739374124165348e+00
6.682811884021757631e-01
-1.392250579064526483e-01
-3.742599280153441899e-01
2.937065681634509762e-01
2.120455918712525367e+00
1.515854529404878859e+00
-1.822884958028845592e-01
-1.108956747737815662e-01
-4.915851400181565078e-01
6.862609309001820312e-01
6.231655062413669066e-01
-2.991271310775842629e-01
4.512184285983981136e-01
2.745485753855248512e-01
1.781508932744676921e+00
4.559741467231486212e+00
-2.049252417828383577e-01
-1.930095011921878767e-01
5.135211873923259951e-01
2.389989548397887908e+00
6.316765103823396288e-01
2.391710331265611278e-01
-1.769307542538860190e-01
3.935827476482494647e-01
2.563445150071514078e+00
2.437547975623063579e+00
7.243175863362807812e-04
-3.529889255768544620e-01
3.011052758724094280e-01
2.286621270484719748e+00
1.747611909528456353e+00
1.574266427295707704e-01
3.114281840637712073e-01
-2.811257368538565560e-01
6.862454732360083742e-01
4.068177313129878847e+00
6.293138038071147133e-02
-3.945186775807616453e-01
3.399711336328080091e-01
2.296235445349630311e+00
1.888446438650061010e+00
1.404506895514815168e-01
7.210810931244385430e-04
5.321633227165635249e-01
2.808322036054218707e+00
1.857456939549071651e+00
1.528228290171276260e-01
2.334702353775900130e-01
-3.513167830134900083e-01
4.684743086461073402e-01
4.159841091489387743e+00
3.231790954435954655e-01
4.315717276194402929e-01
1.037959682594532668e-01
1.958751190409499632e+00
3.631596835224344844e+00
-4.122737901541122241e-02
-3.394018528647219646e-01
-3.108586494718627025e-01
7.014200223848114923e-01
1.487021705711641273e+00
4.022648395381418773e-02
3.917228809629044739e-01
-1.687783498660439530e-01
1.414413531444826955e+00
4.458619475152882927e+00
-4.038798939369068752e-01
-3.070925700648477474e-01
-1.036022323859815408e-01
1.176774605918197603e+00
9.419016242526072613e-01
-1.530055341302606620e-01
-7.276922830361969019e-02
5.847364714582383716e-01
2.423364471713977508e+00
1.755102784337571054e-01
5.246145319003869822e-01
-2.654406659204616159e-01
1.135403737889184445e-01
2.294905438622555582e+00
2.494682485264505978e+00
1.966733279338356011e-01
-2.806173513813322029e-01
-2.744021538689257467e-01
5.392380883974561279e-01
2.048708893225609007e+00
1.375800171299153829e-01
-4.735307056746261845e-01
1.258826382273562083e-01
1.865778420326872800e+00
2.093921296336415327e+00
1.826254592119018472e-01
2.992158690795924669e-01
-2.445807660448045540e-01
7.552397773001985337e-01
4.035351350579764684e+00
2.585610776928192744e-01
-4.444511305730562412e-01
2.050635995491709163e-02
1.728511419278299988e+00
2.423548877130002666e+00
-2.187858100414089013e-01
-4.935476711830207863e-01
1.473902865425086306e-01
1.694313697151290432e+00
1.754078339977114487e+00
-3.556027806544971581e-02
7.466871197527273629e-02
-5.524992063918289231e-01
7.147319141429051559e-01
5.924507792381753291e+00
5.778174722961901821e-01
-1.505537008191187506e-02
6.162870576223547503e-02
8.482131359711794216e-01
3.122714856040510245e+00
2.555735736316992468e-01
-5.214219566938852607e-02
6.559091336023697982e-01
2.819808760006963677e+00
7.283473063546602733e-01
4.149181437945528156e-02
-4.992930931245579962e-01
-1.109425249981841888e-01
9.045184394879772771e-01
1.871178354811673827e+00
2.603643779452738949e-01
-3.340386274680511858e-01
-1.751867806062566146e-01
7.484046320863642077e-01
2.455657264032899079e+00
-4.315615430711840506e-01
-3.037243773005892100e-01
1.951734189865699520e-01
1.784394416667855365e+00
1.387193093027169422e+00
-4.644674260523526388e-01
1.535034789892513463e-01
-1.142996390207951657e-01
1.523771245522073992e+00
5.606913866679665404e+00
-2.856715010559972012e-01
2.825567340230060176e-01
-1.811186226744140315e-01
1.172587075839974569e+00
5.241201291140948015e+00
1.201266201021937291e-01
2.439365441732065445e-02
6.647699440884943245e-01
2.750486468441605048e+00
5.672988531765748021e-01
-1.258411989927398777e-01
1.869722108033338576e-02
5.264316213893294183e-01
2.564914723283000519e+00
7.579851200815891990e-03
5.117232339283722675e-01
2.598156791430745183e-01
-2.076134226309265043e-02
1.221892404473027716e+00
3.035245094096330032e+00
