-4.700739285108783139e-01
1.818518172834763733e-02
-2.843254541505491756e-02
1.691599265554010634e+00
6.602164844811157174e+00
-1.373116374989609770e-02
1.166234744985358007e-01
4.514140501105296521e-01
2.746735903919311106e+00
5.187840355285382898e+00
5.512884622893335917e-01
3.877577909851304128e-02
-1.866316470564121088e-01
1.246700286233232813e+00
2.784406087482311332e+00
-2.410498161533181360e-01
3.860761287693660615e-02
4.032345053000606638e-01
2.512222557975066994e+00
1.727205245815143508e-01
-8.554537997547308203e-02
4.777502452610541545e-02
-4.906672996892937899e-01
4.539439960028293086e-01
5.920945737768144035e+00
8.717171696489312005e-02
-5.178944230016031547e-01
-5.415069008736179100e-03
1.258291914211106199e+00
1.908138514794365026e+00
3.177988803933162743e-01
-1.786935251587342191e-02
3.803080804506444035e-01
2.638180964372394133e+00
2.818862403761499991e+00
3.234668327943867605e-01
3.675542533029733938e-02
3.951857639451559767e-01
2.516915290254800652e+00
2.932641301109277787e+00
5.575146866235152210e-01
2.492059999837556994e-01
1.357023422072637861e-02
1.812467047441238543e+00
3.052542590416714052e+00
4.198529254820053680e-01
5.592742913127470850e-01
-3.462467472878499875e-02
1.651890939615109799e+00
3.514302526386052339e+00
4.483724846090528238e-01
9.279910487140693998e-02
-3.026875834087104922e-01
9.565925572835142221e-01
3.026477133244331874e+00
-4.235213357446123705e-01
-7.112771953076894860e-02
1.074704528539713322e-01
1.598331325756742638e+00
7.782004489884145615e-01
4.452565308874298355e-01
3.717346345931634571e-02
2.619597680274461937e-01
1.803344073374719914e+00
2.788144101536035535e+00
-3.921349566663422936e-01
-1.396972722666008915e-01
-2.309649745867293213e-01
1.016148376022537381e+00
5.797613910054481012e-01
4.411880294926191493e-01
8.085961175784850408e-02
-3.392754599790251402e-01
8.837858349572746963e-01
3.009713347626323809e+00
1.985046213340989074e-01
4.378057704845858544e-01
1.453157337291157980e-01
1.804017377154699009e+00
3.809300170282237552e+00
-2.250345534892058547e-02
4.142532894081258354e-01
3.690452040944407486e-01
1.971556060065005056e+00
4.963327143168341671e+00
-4.243339866308499797e-01
1.941283443402834208e-01
4.391342099340254240e-02
1.636702755531169728e+00
6.349051527368269277e+00
3.589055493305232103e-01
-2.985533484376959312e-01
9.114900840710890573e-02
1.605844632656006521e+00
1.867209663291694799e+00
1.767321411689031507e-01
3.111432600623342815e-01
3.830913615441658981e-01
2.315862354526688094e+00
4.258680073424688572e+00
9.749982389527895102e-03
-3.080315211710907830e-01
-4.333562744906484521e-01
2.129713357436701371e-01
1.050281965379880944e+00
2.476093942156356864e-01
1.462305484041544756e-01
3.772274824240279267e-01
2.584628495552768523e+00
3.827696692740966800e+00
-4.859246277269236858e-01
-7.802726861367922928e-02
-7.275995881694591327e-02
1.764930910121388363e+00
4.776413650596046945e-01
-8.437596983839439069e-02
-1.584767745551308449e-01
-4.273706907023681612e-01
-4.680264664263608654e-01
3.993526319617208831e+00
-3.890826868198230537e-01
8.137289141612710774e-02
1.372190415097833960e-01
1.942782146054545578e+00
1.268014401854931639e-01
-3.159763148106067843e-02
4.590757159038094115e-01
2.953338228255752429e-01
1.894520180800388198e+00
4.663925266887873455e+00
2.262971177960749480e-01
-1.863180531624390388e-02
4.878133230179513280e-01
3.253709964197589954e+00
2.845804950870204575e+00
3.110686678340153222e-01
-1.178348483725006612e-01
3.568489929793476900e-01
2.660294537138310655e+00
2.796989114982205926e+00
-2.611448089829112584e-01
-5.752853153532219710e-02
3.110422120017235503e-01
2.420862950949659975e+00
4.942785646140019917e-01
-7.588909564490008142e-02
-2.088891249545642148e-01
-4.557916157313637306e-01
4.102626848535932402e-01
5.589641084722035691e-01
-3.244491826413114510e-01
3.725084296783207627e-01
1.612101374712478913e-02
1.601949034415396822e+00
5.964937249220110260e+00
4.463143970484741846e-02
-2.568267983767297813e-01
-4.610359519294586206e-01
-1.986517584016018745e-01
4.506704047819458658e+00
-5.908780738954489964e-01
-5.719963080025413510e-02
1.092303814741825592e-02
1.791467187646087034e+00
5.569632139009760285e-01
-3.531039198147989944e-01
2.034961637689752800e-02
2.381652052681744181e-01
2.213993484592261751e+00
6.282480294638570051e+00
-2.072992536830259303e-01
7.170610631097644461e-02
4.133664775033014105e-01
2.963746058269888461e+00
5.850178017328390823e+00
2.206996434783254496e-02
5.222313834956989753e-01
-1.052085711151665021e-01
1.399577243984327035e+00
5.133398492681579661e+00
-2.556220186002417308e-02
-5.381090336841833910e-01
-1.133028837459729848e-02
1.229454695781538653e+00
1.647631270751328536e+00
2.074722270481217934e-01
2.892807097996772867e-02
-4.968140504038661698e-01
3.933895694590751058e-01
3.693060072002994243e+00
-1.684468131083436959e-01
3.856766235150337896e-01
-3.281297554014143136e-01
7.530534364964016625e-01
5.001717319097107151e+00
4.077317554074808004e-01
-1.167001609104851151e-01
1.747865516380506801e-01
1.862209353948125923e+00
2.140019592670797888e+00
2.487052068456297501e-03
2.631168377664552249e-01
4.140292602497558927e-01
2.432986786650662037e+00
4.818628527152243990e+00
-6.837473267022754764e-02
-2.125010519248469176e-01
-4.781200887943868882e-01
3.907987568062027961e-01
6.409787193972305008e-01
-1.807921863193821532e-01
-4.225435665496544702e-01
4.139891543307198246e-02
1.493981194951840008e+00
1.572058261809212931e+00
-4.221515975010015076e-02
5.048562278420212213e-01
-2.382377553539944959e-01
1.364163232008944515e+00
4.306437608063221845e+00
5.429225048474427273e-02
-3.344477269900902328e-01
1.925049179640712926e-01
2.136048509389554706e+00
1.827294309745803647e+00
5.060837269139227546e-02
-4.377429255919246809e-01
9.122537500048522041e-02
1.964415564036737782e+00
1.410453427682265337e+00
2.358571085108948362e-01
-2.312410270496981224e-01
-3.889408485127239801e-01
-2.490191654172265179e-01
5.546476625809185101e+00
-4.328889925998471305e-02
-4.515540082529429511e-01
-1.232278791392462242e-01
1.126071513127408386e+00
1.193553310174469084e+00
1.697391984536904541e-01
2.873738470780901610e-01
3.494170619967695846e-01
2.273730388835420335e+00
3.862406425348571037e+00
-2.043739126620074120e-01
4.778703643626868169e-01
1.167611155607184703e-01
1.594254311450343131e+00
5.643928655592335808e+00
-3.440069035617238646e-01
-1.534842613319196232e-03
-4.175327507153797080e-01
3.152467649335158884e-01
6.068672813094905472e+00
-1.303709792655759758e-01
-2.447622685911123031e-01
-3.927304210127144368e-01
6.326876123661798745e-01
9.390880831306626098e-01
1.810393980850890649e-01
-5.553291427372774036e-01
6.153769296618420009e-02
1.411848671429754010e+00
1.487526718378209045e+00
5.569614335184523979e-01
1.223398816782848009e-01
4.388711560474987949e-02
1.819902317199508124e+00
2.953090951215003646e+00
-4.857312159833440668e-02
2.549867535414971353e-01
4.033616093590425278e-01
2.550523329343689749e+00
5.295604420606901286e+00
-3.247634689740672154e-01
1.040326534835984834e-01
-3.381816572967822343e-01
1.000449361031566786e+00
1.707289617030400830e-01
-3.238421259561638510e-01
-1.866837409086511135e-01
1.121100044094202747e-01
2.054133717938807724e+00
7.488520050450373500e-01
-1.953587136539723101e-01
-1.166893087585420402e-01
3.515530946208163532e-01
2.742319644436191250e+00
6.462902291704014646e-01
-1.096973496983120674e-03
4.165364236840323753e-01
-3.865721838204693173e-01
9.227533171935311529e-01
5.112515137886279426e+00
1.243513313637517603e-01
4.299145094546599211e-01
-4.053341690752468862e-01
1.074156295249348192e+00
4.819827303407310026e+00
3.142367161669982756e-01
-2.089020455810555732e-01
-3.714345372655748490e-01
6.659291840052412592e-01
2.298364283356231219e+00
5.747034644080273313e-02
1.110712721357401400e-02
-5.709130105039263992e-01
4.002011751060864930e-01
5.014860188230624516e+00
2.001021771350196959e-02
-2.534442707989181809e-01
-4.408865225960529877e-01
9.674918603770912839e-02
1.220686829100670057e+00
-3.854090439020663172e-01
7.749917173625561762e-02
-1.928232074873433011e-01
1.260695928951023781e+00
6.663232275190227760e+00
4.390145496933653413e-01
5.555973946472740621e-02
-2.727269878991270824e-01
1.001324490610240092e+00
3.009836603427527457e+00
-4.373855969500727303e-01
5.632232667553655620e-02
-1.032141211869386926e-02
1.642085255286837908e+00
2.652918231755412859e-01
1.782656359110340594e-01
-2.961744375868861079e-01
2.307058330010200442e-01
3.847205429898088003e+00
5.067717038941545127e+00
4.341107279168179844e-01
2.791336807346925242e-01
6.586878368100838876e-02
1.615745971338048870e+00
3.288225504104646646e+00
4.740667356103872576e-01
3.273586256741247702e-01
-3.108964300262382144e-02
1.602923376804399558e+00
3.343418132325390868e+00
3.300285454604495183e-01
2.465891387724758188e-01
2.851661396438060492e-01
2.156681322291391645e+00
3.539262072197158826e+00
-7.908815715011301151e-02
3.739486695752904377e-01
-3.512145340428169948e-01
1.240041186592940381e+00
4.808556870439405273e+00
3.776595261100633705e-01
-2.964584253546108661e-01
-2.309986412565707137e-01
1.161449872999670951e+00
1.870112433148566566e+00
-4.313045862923197901e-03
4.216548443117610345e-01
-4.351997780445583941e-01
1.030100524656070382e+00
4.437160389339052990e+00
6.824792111214900148e-01
4.575889331142494326e-02
-1.032437994030899198e-01
1.782018140984976018e+00
2.891018694479867257e+00
2.177533914725164610e-01
-4.228560797678063143e-01
-1.000802548415839072e-01
1.075355701460317226e+00
1.642636872126296277e+00
4.126529288551163827e-02
1.147137472988301460e-01
4.729832918456969848e-01
2.673811631711934034e+00
4.822277143562745394e+00
1.301536511618413550e-01
3.875572122418294851e-01
2.926945700311649468e-01
2.147238105966776889e+00
4.844890779549014148e+00
1.906332529044116320e-01
5.712248288908727822e-01
-4.731292745546226974e-02
1.635353482801558789e+00
3.921621690204534882e+00
-4.071659480675588472e-01
8.119227665729845944e-02
-1.946592946619570552e-01
1.218274268538350968e+00
6.454207542247255347e+00
2.201285652984097674e-01
2.890579332961411563e-01
3.671140238788682120e-01
2.282292255039474416e+00
4.151035050119429748e+00
4.420383244804153566e-01
2.915844143077152006e-01
-2.236633263107147551e-01
1.136459645307773103e+00
3.513593163665404528e+00
-2.243267937286254066e-01
-1.019590229301529510e-01
3.532193398345389035e-01
2.638841345547202621e+00
4.830406323372268829e-01
-4.173088725445887603e-01
1.299689785254541097e-01
1.607128496988216304e-01
2.029568241139864337e+00
6.478847596752805416e+00
-4.932039053370249615e-01
2.080079166760478646e-02
7.685796191669801158e-02
1.917985068741531629e+00
3.876114453855932229e-01
-7.272229066021544674e-02
2.342207414076592220e-01
3.868196909412717210e-01
2.408938511762930723e+00
6.055521855859731239e+00
-2.386268346374843113e-02
4.524476530483299841e-02
-5.254484968168940950e-01
-3.086482040222940926e-01
2.187996529388418043e+00
1.221451966874930323e-01
-2.774623961719480114e-01
1.858843485013527697e-01
2.158204800799091938e+00
1.734217977543850209e+00
1.729733435530774466e-01
3.572795938031703145e-01
3.174364412886212516e-01
2.219288277346513905e+00
4.211225477788460125e+00
5.615157951439633810e-02
4.884127029899926198e-01
1.948518056287140421e-01
1.738727356173711547e+00
4.320446784211330105e+00
4.845931691608515446e-01
-2.447860920393220840e-01
-2.151921518231288480e-02
1.431453426076208624e+00
2.304335282861322831e+00
-1.864948731568225326e-01
5.084985558780616977e-01
-6.334312999149108170e-02
1.113335751010180674e+00
5.457658689574572897e+00
-1.452325623302065105e-01
2.213433316402108608e-01
-4.788471832445918563e-01
6.772984007201263701e-01
5.768038335164935582e+00
-7.937391945766666956e-02
2.845786762659532898e-01
4.171345768771705931e-01
2.098614958689393628e+00
5.039496944222043417e+00
-3.900498766954864638e-01
2.119434219466464209e-01
-2.038826426378511636e-01
1.271776092102727906e+00
6.287138068602379448e+00
1.177447357584758825e-01
5.498836498105770243e-01
1.269964718382564084e-01
1.877254590932928124e+00
5.037078692772738009e+00
1.593947526185291244e-02
5.137780250739580890e-01
1.237313580143657998e-01
1.692445661721473815e+00
5.068153514889205624e+00
8.572172335828441569e-02
-2.673154075301234153e-02
5.632950175766622269e-01
2.911843784002596802e+00
5.341149399520614516e+00
3.581022510213460741e-02
1.686239083375461190e-01
-5.272545231067452542e-01
4.608890793179472589e-01
4.211063917382880994e+00
3.946379539625059496e-01
-1.857257999680026750e-01
-2.811570856861817513e-01
8.848759178679077575e-01
2.290640709141318343e+00
-4.014694635923815591e-01
1.585961435589698099e-01
9.719483699381181729e-02
1.824844788105302706e+00
6.512346327115752231e+00
3.896650085670970154e-01
-7.311981773403250506e-02
3.508107979189407089e-01
2.492093017234467300e+00
2.694079260988533342e+00
-1.451697328454558678e-01
1.591917444348379118e-01
3.887658650688233242e-01
2.562058863543392739e+00
5.669810687681613892e+00
2.997218461079773771e-02
-4.031328882143815351e-01
-2.861324413786477949e-01
7.159152417062907281e-01
1.522234229153812457e+00
7.711471430294267182e-02
-3.775913569115225271e-02
4.928023949437644879e-01
2.877976380290852898e+00
4.178902268081027493e+00
-4.275934938319767009e-02
3.064385004926695188e-01
-4.702528176881912159e-01
8.309534337840815965e-01
5.101730408674567840e+00
-3.086968220977583284e-03
-3.672273292608679296e-01
-3.215039978379107821e-01
7.006625057711824978e-01
1.494924754215734231e+00
9.013235935446184399e-02
-7.856157710080001466e-02
4.620807438912938880e-01
2.915855596279699924e+00
6.216686975907550483e+00
1.470565635867971954e-01
-4.541038047732596228e-01
6.234051250355423374e-02
2.026432682084143178e+00
1.500568853174224060e+00
-2.655669845354505787e-01
2.591166681786192250e-01
2.262359207505529046e-01
2.143867314643139288e+00
5.910825140697142821e+00
2.803139129296498000e-01
1.537088761010840521e-01
3.785623986871703983e-01
3.815393470365916251e+00
6.896896992087226952e-01
4.317006189025758833e-01
2.536816775789558776e-01
-2.014254412040006048e-01
1.254694830134795547e+00
3.345554576962521232e+00
1.249507479495986506e-01
-2.898523904370489124e-01
-3.828909225581584308e-01
4.631090904176682344e-01
1.850256962452447862e+00
2.228589784881834512e-01
-2.766211451461813020e-01
4.099553239367307866e-01
2.774605810609461987e+00
2.771781143776457679e+00
-5.097926150075107049e-02
6.404400608154023899e-01
5.375223960959225195e-02
1.515712152071193364e+00
4.417386734782870583e+00
4.099539348615415801e-01
-2.007842614774464907e-01
-2.354680557563741117e-01
1.041735135902363885e+00
2.321485848685130637e+00
4.717137147710782075e-01
-5.013407917547104548e-02
2.137275007515560266e-01
2.240377926137472553e+00
2.903730540038627073e+00
-3.212960613034647195e-01
-6.935500436106420419e-02
-2.529934818847275335e-01
1.126253919260180369e+00
5.487525230796400644e-01
-2.103517165898580732e-01
1.344687972847542212e-01
4.021718777356852459e-01
2.541781197968993489e+00
5.872974452253997057e+00
-2.736539269238150163e-01
2.921934715588418441e-01
1.400489023471004624e-01
1.893226572688819997e+00
5.908732970791454875e+00
2.580581302671301480e-01
-4.297701690934031538e-01
-1.431870212082852478e-01
1.883393240305562655e+00
1.637581201669169539e+00
1.621033947710885104e-01
-3.639335283418138611e-01
-2.719211383482518229e-01
7.231739833335493195e-01
1.847610208525837683e+00
-2.077822091841509053e-02
1.991473113646662629e-01
4.950536196292116831e-01
2.488987674626482516e+00
5.136877517036109175e+00
-4.712566754233941113e-01
2.211293092872952393e-01
-3.396646839010430963e-02
1.398224584082335298e+00
2.154879934158339394e-01
6.267443746965022100e-02
3.874353559057173713e-01
-3.954377884079564587e-01
9.068749749509916747e-01
4.703969992286696211e+00
4.309642644629884875e-03
-1.461138845624893601e-01
-4.941667318326184444e-01
2.923373267176630486e-01
7.077403713971799348e-01
-2.517722381064347315e-01
-1.787563376379537328e-01
2.977587663893370706e-01
2.471667613265867036e+00
6.857208431951814509e-01
-3.190402968910547310e-01
-3.613925336568993285e-01
2.688224251927749317e-02
1.315799696454100332e+00
1.165528942109407495e+00
2.476840499705622312e-01
-1.700336412343636250e-01
-4.404143492078284039e-01
5.563354625997319891e-01
2.274504037259089007e+00
-3.306260678458186608e-01
8.944818372271156823e-03
-3.191741656431392737e-01
9.341709617726010606e-01
1.473300967192054944e-01
-1.691227279070671718e-01
2.655891833899974852e-01
3.189886197187198347e-01
2.331736717779818946e+00
5.506660124624568553e+00
4.601286659899287423e-01
3.498581975557394919e-01
9.704488225260772538e-03
1.747334031526176945e+00
3.394135268929000748e+00
5.568055704751110335e-01
-8.405340368280898866e-02
1.300871855005383826e-01
1.987353906284620386e+00
2.455803178587417257e+00
4.821555190397848190e-01
-7.574240231600205819e-02
2.145141500473763951e-01
2.290887381719277194e+00
3.122546606514838174e+00
2.911217228502964716e-01
5.236777126706775309e-01
-6.805166860175848598e-02
1.535580163832862111e+00
4.805775722359493685e+00
-2.728189325974591517e-01
-2.164804102769128935e-01
2.289979052775812929e-01
2.390888599959648531e+00
8.583763687346348537e-01
2.070499446368636587e-01
8.776444574770031481e-02
-4.818609824412825038e-01
-4.435458600126084283e-01
3.729868623912375170e-01
1.060688634840638855e-01
-1.192861053314785008e-01
-6.191918851672950641e-01
1.889531813421097273e-01
5.371231432176724496e+00
4.921691628568878318e-01
-1.183163704698399904e-01
1.398889410771576580e-01
1.661928678095886847e+00
2.163824543857845839e+00
1.136268414153452366e-01
3.688305025933724668e-01
-4.403927112724526638e-01
9.078283495784487123e-01
4.961354276231291216e+00
2.392425193225368105e-02
5.652807283432478291e-01
-1.294808093403872575e-04
1.534549603650292138e+00
5.263719854814676857e+00
2.377179183459007250e-01
1.850183330431841647e-02
-4.973877432163597012e-01
3.923316966149266172e-01
3.170726471914539601e+00
1.377639467298451548e-01
-1.762414485161336586e-01
-4.468874425377508675e-01
3.276299845834027558e-01
2.083919261482378715e+00
7.913738652590915357e-02
-5.086923550708475350e-01
-3.493739382680648153e-02
1.136294251152516477e+00
1.740151446464502261e+00
4.246223386348244588e-01
-5.900053747976158162e-03
-2.066068914223992137e-01
1.068287803744926157e+00
2.814227567854248768e+00
-3.503499203765304132e-02
-3.780880173958180990e-01
1.823637053876930869e-01
2.297242877650437887e+00
1.344663461190012566e+00
4.734729738242298702e-01
-2.385928402131649861e-01
-6.294390624507262277e-02
1.478981674282201064e+00
2.150459009139150890e+00
4.458584420012867700e-01
-3.892299041410516441e-02
-2.643670904814600653e-01
1.021732684619734099e+00
2.732590640432093654e+00
-2.399488928265575416e-01
-1.350952910021420150e-01
2.786612893198054386e-01
2.499286559753048920e+00
5.401580321809973384e-01
-2.444353196525137217e-01
-1.239186092215643215e-02
3.782319238841346798e-01
2.537782835224490885e+00
1.255404773027359588e-01
-4.280133348747666155e-01
4.499053078538868371e-03
1.191939360959487493e-01
1.898123816733232161e+00
4.485578971025979689e-01
-4.351995211906742878e-01
1.340041496185419845e-01
3.301120971825921568e-02
1.739452924257177013e+00
2.028879585994439738e-01
-1.594087604776962264e-01
-3.794334123966333072e-01
2.259808141599933540e-01
2.014112021890675841e+00
1.684668684281496409e+00
-1.614141388814457068e-01
3.651635462892183770e-01
-3.535068537171353054e-01
1.224201533779900597e+00
5.044759123834226422e+00
-9.138808875546096389e-02
3.411947302313980135e-01
3.809753174819021093e-01
2.324486102420971978e+00
5.306266660929545687e+00
8.127073672900937684e-02
1.417068814450218595e-01
4.662558888011190672e-01
2.666921935673120636e+00
4.583728663508975565e+00
-2.722437475318243982e-01
-1.583070666692213413e-01
2.183999181851364879e-01
2.274955959871089561e+00
6.551399918289504409e-01
4.015068767465473365e-01
4.151480948294182238e-01
-1.034902920842034890e-01
1.522276853293516474e+00
3.487558510485041285e+00
-7.891256463217334594e-02
8.662851174470355409e-02
-4.960412851696796022e-01
4.877634096862831226e-01
5.730179032026402552e+00
3.715561343878513445e-01
-2.884487890515269881e-01
-4.490207005603311097e-02
2.092018283488394470e+00
2.367072892375748694e+00
4.620645934562315205e-01
-2.890234045879747082e-01
-8.173588368189324549e-02
1.398078742510883599e+00
2.017834905258977241e+00
1.575578381353989199e-01
5.840573202186312152e-01
-1.180731256640486504e-01
1.550134491883077503e+00
3.803803988306635908e+00
3.623304179165473538e-01
-1.621939026238565229e-01
-3.753725959498808162e-01
6.969256159228932601e-01
2.537418010433278415e+00
5.204796263954744040e-01
-2.395406235776474657e-02
-2.586944482552032687e-01
7.426822944821527273e-01
3.392056306375498043e+00
3.649998828362749359e-01
3.782871607256034219e-01
2.134370786553950183e-01
2.140484680645773352e+00
3.699995276172923564e+00
7.677818524630089514e-02
3.151566424034876190e-01
-4.784204388885299197e-01
8.229811409345825224e-01
4.614248766589745365e+00
3.566272328905546046e-02
-4.252899947959891680e-01
1.513539123620352145e-01
1.581912886544808661e+00
1.165816197054752035e+00
-3.085714852105766459e-01
5.119479744037337410e-01
-6.558893017250731761e-02
1.442109713734641252e+00
4.616635181783485642e+00
8.605134030194998285e-02
-3.991281052760843329e-01
-2.483511326279586873e-01
8.933074285895331590e-01
1.476978364523501508e+00
-1.583674174485976971e-01
-2.132420231805251531e-01
-3.472554697794331124e-01
6.747781739766344211e-01
6.967623574629424610e-01
-4.516184011533790343e-01
-5.905628684770977688e-02
5.990502112401360074e-02
1.726326766680074565e+00
6.996669065830177781e-01
2.869522601344285384e-01
1.226631404394916275e-01
-4.641720758471422070e-01
6.272390454147119820e-01
3.555185353419685335e+00
3.726663898303529954e-01
1.089592431558852742e-01
4.268562394783206870e-01
2.831012399563034521e+00
3.833113302331281336e+00
-3.314763622523188014e-01
2.171443114208931602e-01
2.190474999866256489e-01
2.095490209331084763e+00
6.078613513995784423e+00
-3.588533059927466184e-01
-4.462854728650100106e-02
2.047411058055856881e-01
2.149490772135884686e+00
6.499063046387821840e-01
2.443544275737524751e-01
3.184519352209813636e-01
4.201683612200401985e-01
2.266025677075330425e+00
4.064514267877879838e+00
1.114531905946094525e-01
-1.884310835373800884e-03
-5.150209577024209562e-01
2.309215260096583455e-01
3.291491997538805059e+00
1.638933793592473320e-01
5.511232381347093146e-01
4.220018548998282631e-02
1.750047681545321199e+00
4.949422684613383971e+00
-1.049749490025965459e-01
5.558874233687605138e-01
-1.387299897775705337e-01
1.283236812125150950e+00
4.458574623933357906e+00
-1.065375715672109286e-01
2.077988858292695307e-01
4.301061458745522592e-01
2.476357596206183231e+00
5.791895357749908158e+00
3.348783897438249446e-01
3.128563679046935109e-01
-2.149326660642570663e-01
1.120206272133409398e+00
3.617180948516666383e+00
2.998172575961411401e-01
-3.977867359936582137e-01
2.223923982259486468e-02
2.155204117250116180e+00
2.272724338013821566e+00
2.253345347444240532e-01
3.992886862676482407e-01
-3.920436942876480702e-01
1.025072537777647064e+00
4.768958640613137234e+00
9.570104697285977680e-02
6.648682221340007636e-01
-1.254715924918310410e-01
1.390150342109116588e+00
4.039520330059649389e+00
4.260423169952323175e-01
4.679714799824105098e-01
9.987917072474589153e-02
1.903989064190585223e+00
3.585300372612830966e+00
1.095548003570864654e-01
-1.907863584299915316e-01
3.981275126240785833e-01
3.487160847140291509e+00
4.809274869984186296e+00
-1.767590135779305849e-01
-1.710622120744524077e-01
3.209965226049063536e-01
2.645926949927138061e+00
8.901910167391120510e-01
-3.368569746324145964e-01
1.165855638637305070e-01
2.104175114653913936e-01
2.125690170589825900e+00
-2.203717997847600557e-02
-2.267634747361123027e-01
-3.962748487851816548e-01
-4.689032204176444424e-02
1.555991070340512206e+00
1.463602366730372362e+00
4.975294997241914152e-01
1.820380562073905736e-02
1.069233057404885140e-01
1.934280389730682614e+00
2.770378549142393787e+00
-3.827674464888398131e-01
2.802773706979435064e-01
-1.603719376333452296e-01
1.443306746912806027e+00
6.248382281287892859e+00
-4.009960874000880193e-01
-1.585239952938330421e-01
-1.204149683665334258e-01
1.146857446532908886e+00
6.435941351278499090e-01
-1.734848264636469073e-01
4.307247140164476851e-01
1.692056781559344580e-01
1.878281170365465380e+00
5.498643590509791679e+00
-4.332497194741440349e-01
-9.567024088740573584e-02
2.194048733444906724e-02
1.554211985869792034e+00
6.742548176014228067e-01
-3.512933101843423445e-01
-2.706370549754351651e-01
1.019093427849011718e-01
2.028995581147530647e+00
1.005961602823527867e+00
-2.331883528172944697e-01
3.082368691726955490e-01
-2.652671831202699781e-01
1.260293865067562580e+00
5.894402950243629924e+00
4.369861746958825927e-02
-1.290371528304364024e-01
-5.974282071764774882e-01
2.600771054943541993e-01
4.074608387315887370e+00
-2.142413232222357689e-01
4.142649959376962232e-01
1.622135960860132120e-01
1.814766003442459086e+00
5.591442325104437394e+00
3.522137320441742769e-01
3.764328535419180777e-01
-3.136395093704433812e-01
1.272504285991465256e+00
3.805241592164986475e+00
-2.694688875064661371e-01
2.765598144547285267e-02
3.567655108039450851e-01
2.239935348227660938e+00
6.178752347186693861e+00
-3.622210509271441281e-01
-2.680947544942388627e-01
1.655656288182083824e-01
1.957048004023615340e+00
1.188558436278294606e+00
-3.592776191974759170e-01
3.403776863337995007e-01
3.436131534605184334e-02
1.672104083932065333e+00
6.072799438762027435e+00
9.830485340494655999e-02
4.810103491083082550e-01
2.024236872215679772e-01
1.880550490441200706e+00
4.406588532734437180e+00
-4.269377652161876480e-01
2.437595886154148850e-01
-3.600257653573458311e-03
1.603574341688404736e+00
6.444679570356254494e+00
-3.211642664051217455e-01
5.140358864330148991e-01
-9.575930529801041091e-02
1.249893142433508686e+00
5.808435303489762447e+00
1.671333229432696577e-01
3.052976077717943215e-01
-4.835634723895119169e-01
9.270429675645539547e-01
4.324102755895121497e+00
4.821513405927375651e-01
2.509153220734533507e-01
1.975840332946957323e-01
2.137519577843777885e+00
3.251635793200674307e+00
-3.199533273814263445e-01
2.315103753822412569e-01
1.879771722585163451e-01
1.980632223577147633e+00
6.030756369692045205e+00
2.138418112435812313e-01
-4.461535848464282528e-01
-5.864164483524568483e-02
1.961692221226503552e+00
2.118847500632152325e+00
-1.121298412546765412e-02
-3.427839268630367697e-01
2.715140571431798322e-01
2.431503725402084815e+00
1.520446359709114459e+00
4.662355705098953917e-01
1.481635112354092731e-01
-2.819464901957446923e-01
1.068624302722018582e+00
3.206111327491584451e+00
-3.674342375847752806e-01
-5.655620216228100100e-02
2.142410329682921943e-01
2.216062298110886175e+00
4.767033920073436293e-01
4.881858079740051259e-01
-5.738226411084151185e-02
-2.280793723892515501e-01
1.105693827643214000e+00
2.695717408288602179e+00
5.239848365504674865e-02
-2.514246771424359372e-01
-4.343923981781931398e-01
3.089307541652812628e-01
1.438587883933443612e+00
-7.049726318298585488e-03
6.313200991529196449e-01
-5.123399845807401903e-02
1.589301803272175295e+00
4.279382921549014007e+00
-2.467134017057077133e-01
-3.514501893041893088e-01
1.557009885214308831e-01
2.196129039937857019e+00
1.153398416515961866e+00
-2.188745714788074281e-01
3.750614643832437256e-01
-2.085167945329608752e-01
1.303911817256931727e+00
4.943643523108668170e+00
-1.490108859189300528e-01
5.130332907699413081e-01
-1.367275493528039287e-01
1.501668779332879566e+00
5.603268371187364316e+00
-2.859351800559103429e-01
-1.996651920393539489e-02
3.307881708940476062e-01
2.421249985442778474e+00
3.441156496213575999e-01
3.425865656073712184e-01
2.593325184290850571e-01
-4.099675498436889387e-01
8.430125821300159528e-01
3.632360849204483877e+00
-3.880311118630629386e-01
5.193433022709807723e-02
2.321464642292966341e-01
2.139987677701743252e+00
6.464348292065565715e+00
4.465186155421807523e-01
-3.005952157315476825e-01
-1.491015779643073136e-01
1.204155298190656254e+00
2.066270248641717711e+00
3.644173689196862354e-01
-2.993336303944210686e-01
1.650541807848703024e-01
2.224392442986055762e+00
2.115475874158248448e+00
-5.096508700130006342e-02
4.556603598633040923e-03
4.640864892722980639e-01
2.720262858873946143e+00
5.346925276267471716e+00
1.527636705417171892e-01
-3.161148029955920258e-01
-3.393008127283352882e-01
5.872332390721389794e-01
1.706272815883755012e+00
-1.698166075373696293e-01
1.366250348838869699e-01
4.021344117531124307e-01
2.602357022378524398e+00
5.864974192038991951e+00
3.070539099496460977e-01
-2.307529216992726950e-01
-2.400010154222236847e-01
9.715348416774644003e-01
2.191125482718660145e+00
-1.377110531828018014e-01
-4.424120268831024938e-01
-1.294539176401657754e-03
1.872399739833207510e+00
1.647670871180170415e+00
-7.107327324387859024e-02
1.384006091153072715e-01
4.622116111190384125e-01
2.631031924826357837e+00
5.342749446955897596e+00
8.007600782549964546e-02
5.791355282699368195e-02
-5.420384882758858547e-01
4.293063059647384549e-01
4.341704406032732777e+00
6.017732854923212304e-01
-7.626946843088111549e-02
1.059685895540937312e-01
1.995255858174579400e+00
2.654703758041813799e+00
4.006312560946581058e-01
3.020076095375873737e-01
-2.488260801425408175e-01
1.131246716471691949e+00
3.350640494864391083e+00
3.635656765428147974e-01
-2.644416876971266150e-01
1.399849654277852407e-01
2.179231719404715495e+00
2.206541002407411689e+00
4.603994940799210900e-01
3.879509860284343498e-02
2.444229818079043937e-01
2.300644394115095359e+00
3.223606031748754042e+00
-7.758480405017301185e-02
2.650275349561735938e-01
4.004060453766395411e-01
2.448735430197793050e+00
5.375762560906919063e+00
1.132118506220683718e-01
4.969640748087759685e-01
2.362176908028605637e-01
1.831328107914359959e+00
4.147002383395005154e+00
-2.267321511169294312e-01
4.011098482974939650e-01
1.333057612813940973e-01
1.957835782522361789e+00
5.710203534520540636e+00
-2.432619585711290333e-02
4.714986977426360859e-01
2.765216561012112106e-01
1.898888615400815771e+00
5.122822399075333877e+00
3.597019766200520996e-02
4.881379933224690992e-01
2.145798463846817217e-01
2.032828713194674286e+00
5.172935228111230188e+00
4.211533183275976144e-01
2.274587053946347526e-01
-2.634599603527565947e-01
1.047322468413371066e+00
3.391263554502702782e+00
-8.140937121555055778e-02
2.743998526619914613e-01
-4.691128830565665098e-01
7.442138584236331900e-01
5.592403994192650885e+00
3.092522685079682754e-01
-2.510714721830014096e-01
1.799767651956320214e-01
2.416203097270514633e+00
2.285283220843494334e+00
-1.897982280409792610e-01
2.456789655172758602e-01
-4.366829968753811464e-01
9.314311118443112658e-01
5.837860561086034572e+00
2.891415624054139433e-01
-2.600686676768461103e-01
2.201846645059169771e-01
3.718800139202065758e+00
5.341074483004820017e+00
-1.921466744987719855e-01
3.249045825242820578e-03
4.145553376497562170e-01
2.935692015401785149e+00
5.899443871769205927e+00
1.229862301612937858e-01
4.187915176068969236e-01
-3.731178768581956406e-01
1.123771971662541613e+00
4.248411798382576876e+00
-5.500390701468644422e-02
3.545482088704061258e-02
5.756964330449788614e-01
2.812195708333255606e+00
3.634869637542371468e+00
2.771781521263672610e-01
-3.269621217863994400e-01
-1.881425730200239343e-01
1.479110790580989265e+00
1.825074577542995957e+00
2.989204886514776338e-01
2.364457973870203178e-01
3.707897180411875437e-01
2.036345824715555697e+00
4.319818404525301858e+00
-4.700086597397465926e-01
4.794718314548188087e-02
5.007184833864279649e-02
1.782754486045709630e+00
4.121723225148378744e-01
4.995974285033252249e-01
1.357684674728646679e-01
-1.965293912581823621e-01
1.197853623857928262e+00
3.004112096296374101e+00
-2.580527056888913262e-01
-2.119561367642196492e-01
-3.045269596056709438e-01
8.768519489779714737e-01
5.549979441959279614e-01
-4.351082110847672157e-01
-7.084832721969651359e-02
-1.464460749492344505e-01
1.140201875962414402e+00
4.028950592727905122e-01
4.897904116773077465e-01
-1.424859663984804903e-01
6.776003409869948979e-02
1.591322662308921831e+00
2.409726078852098219e+00
3.568732748668897170e-02
3.050157559181676525e-02
5.387145473621066660e-01
2.777541829309617238e+00
3.413515823701692042e+00
2.927449223278893453e-01
-1.104435876165433122e-01
-4.270084894415800969e-01
5.158735568705126173e-01
2.582578881015470174e+00
1.383944899701747555e-01
-9.117105310819649533e-02
-5.177112694821637273e-01
-4.211296746899480248e-02
2.845474791659688751e+00
2.423583342585112210e-01
1.927812699818351738e-01
4.288891039005988670e-01
3.813636606064339407e+00
8.012144629185063982e-01
1.840588021944968011e-01
-2.420953476121414094e-01
3.499383740636781148e-01
3.542467765196071205e+00
5.039083032791736194e+00
-1.041417505840526864e-01
-4.143097430883629362e-01
1.002787194150697447e-01
2.087739413639508435e+00
1.441838617979205983e+00
1.860909067316482979e-01
3.925314102341877498e-01
3.805113932250215880e-01
2.266391213687915407e+00
4.882494582872486610e+00
4.985932398661734322e-01
-2.462953274103305557e-01
-7.332703830298364922e-02
1.327279888341315717e+00
2.294249761564174150e+00
1.786739294091386210e-01
3.561182461580273406e-01
2.995117536322617346e-01
1.979807184958922495e+00
4.230233117294176282e+00
-3.617589155789364130e-01
1.698928693759655939e-01
-2.848687858029004261e-01
1.180925780564841210e+00
6.371728671042329317e+00
-4.028892493345048731e-01
-4.423171805736467177e-03
1.517772817557625775e-01
2.022932197224055262e+00
2.834176303504205019e-01
-4.288464060468142325e-01
2.462295054426462231e-03
-1.589557731588192302e-01
1.358477980182582145e+00
5.199159807479557527e-01
2.000362534622799060e-01
7.629756505335766326e-02
-4.980606302297528321e-01
3.901326389106401504e-01
3.349169032313119132e+00
-3.099711962401398568e-01
7.840626046598084264e-02
-2.900204487200164771e-01
9.745826861227319116e-01
-2.142854517172894380e-02
-4.129448590638967742e-01
1.771550520541475271e-01
1.222091257776836554e-01
1.876450089691227952e+00
8.526200883093711103e-02
-2.130250519115020891e-01
9.745653832128293309e-03
-3.963383027266682013e-01
6.478297889073824090e-01
1.666193271986095015e-01
-1.334595379237001229e-03
4.018890483181146167e-01
2.785936611578316291e-01
2.165537275229742153e+00
5.084453323867635710e+00
1.469413952745559915e-01
3.267799051018400736e-01
-5.329456247700912197e-01
8.112578686337328371e-01
4.280198123290296586e+00
3.952522093042819540e-01
-2.846656908940112252e-01
-5.983503257072628201e-02
1.471551286472652986e+00
1.955696350711367826e+00
2.277046713609074680e-01
3.554164342014822231e-01
2.296559193021970868e-01
2.097369762748462207e+00
3.921961418839543967e+00
-4.232223710956102281e-01
-1.635797065315394427e-01
-3.433418658544488966e-02
1.455343891409445423e+00
7.234607327649393849e-01
2.867734644780200459e-01
7.739154450769133997e-02
-4.674668216342772187e-01
5.266330099883683724e-01
3.329620287158039815e+00
1.353820351258717691e-01
5.210799386595166283e-01
1.580713942168176234e-01
1.664765680829645822e+00
4.847617556809411532e+00
-3.936278318311517976e-01
4.263713727987613472e-02
-1.709904213700060016e-01
1.247121372532466799e+00
2.619114618825161278e-01
-6.463294530669858040e-02
3.521508813441951435e-01
3.784304921869137139e-01
2.025185651512108276e+00
4.767625060537000081e+00
2.173772370445683499e-01
-2.430989608478655029e-01
2.824171779901897272e-01
3.489497343814746078e+00
5.218093706458476255e+00
6.135734568388937632e-02
4.828666798473968957e-01
2.163271824665657650e-01
1.816678593959963450e+00
4.322346750935634141e+00
-2.184952673895671216e-01
3.591719871742590775e-01
-2.114591048524625816e-01
1.339531949111224307e+00
5.827333695747682896e+00
-1.245929678968522580e-01
1.175464565685722523e-01
-4.322799480867854371e-01
5.321174579253264980e-01
6.067741260526333669e+00
-3.363432649593716128e-01
3.747756786372038462e-01
9.210514189286622688e-02
1.814690012482108594e+00
6.035195886516589781e+00
-3.291118622627877133e-01
1.970728606340710620e-01
-3.187471797892898473e-01
1.163092236827552917e+00
-1.289275555328575074e-01
2.218295590755559876e-01
2.462858848886458063e-01
4.021451975768549070e-01
2.431698350232361250e+00
4.074291239271228271e+00
5.685333355908006592e-01
-6.935296295519052800e-02
-1.893936302678437544e-01
1.596850024110832322e+00
2.489030324620087775e+00
1.672748630823075733e-01
4.477445843502835254e-01
-2.232524784775714033e-01
1.261655732932831286e+00
3.938234317585364685e+00
4.935231919489529440e-01
1.702589960603019259e-01
1.587546396288713746e-01
2.057614806310736455e+00
3.151576881225788718e+00
5.198528623992513253e-01
3.311550174041771322e-01
-6.867521675739982762e-03
1.601314225971531835e+00
3.103362693534732042e+00
-1.629303791967911808e-01
-2.841232598596202252e-01
-2.083572169358620108e-01
9.064557640250890946e-01
1.175041085116450112e+00
-2.305238628608069773e-01
8.130184774474467913e-02
3.863037194394291496e-01
2.494598468665652380e+00
1.057837798325291234e-01
5.345497922942400448e-01
1.457535762836602300e-01
-1.550460867583512703e-01
1.276411900139384326e+00
2.899605478170415473e+00
-4.737336419071209170e-01
6.235104970002615377e-02
-7.482392224468854824e-02
1.596552033731313935e+00
4.968237404001303870e-01
4.256425128756704535e-01
-1.634124454361824963e-01
1.723280446896136575e-01
1.828008779622664060e+00
2.233791778002344852e+00
2.859461407713629558e-03
4.969241592782642769e-01
1.466103363645952506e-01
1.755046309789079162e+00
5.095843295428773345e+00
-2.222019037763037913e-02
-3.067922654131421956e-01
2.431732405613533377e-01
3.745155644158843167e+00
4.546123776795880644e+00
3.405519518298820714e-01
2.132000634039437625e-01
-3.929916964433552984e-01
7.374846912888267658e-01
3.509722294884474625e+00
1.466189471167582692e-01
4.984751179745335048e-02
5.021946206270826440e-01
2.734159505362477205e+00
4.225413721073298490e+00
-4.158718895443768160e-01
-8.299673895782398725e-02
1.631014919156637821e-01
2.103860850153676854e+00
4.906961131248472330e-01
1.814989599231443818e-02
-5.561762948559664799e-02
4.760256474337105637e-01
2.750995408076462478e+00
-3.917282559474002251e-02
2.579485518505834074e-01
-4.215025664080922496e-01
-9.823253944713171426e-02
1.372293611395426050e+00
1.492799258933088291e+00
4.741642713362093642e-01
-7.547151805478065356e-02
-3.443924446962091657e-01
9.050430917322811464e-01
2.599251857368998664e+00
4.441670971961754200e-01
-3.157517943584701170e-01
-8.354225379214533231e-02
1.301887018268566454e+00
2.074375280360751805e+00
-1.559971244464266812e-02
3.783800643867251123e-01
-4.744601238104441676e-01
1.045564243608404498e+00
5.267311165339280343e+00
-3.256779703650597990e-01
2.032129583167521514e-01
2.591933661511067744e-01
2.176570201307580277e+00
6.050277259917860029e+00
-2.849920637797155321e-01
-1.617069241129850399e-01
3.016141026057553298e-01
3.920824256199516356e+00
3.839252798012600998e+00
-3.210473712440213845e-01
2.450593473657555754e-01
-2.901702332404682561e-01
1.204606590534388344e+00
6.138583624847750109e+00
-2.966650429642064823e-01
2.177634777155526558e-01
2.355823820854147654e-01
2.122899370481690973e+00
6.033307197777943998e+00
-6.222154887121258277e-02
4.109635696635748903e-01
2.543213244786968752e-01
2.067002884544262731e+00
5.320857813139511450e+00
1.580022018601211220e-01
1.989034671554566758e-01
4.490508625754158212e-01
2.404423250731952511e+00
4.357638641838343929e+00
-2.002984583415667597e-01
3.746565829257782893e-02
3.827168885730983239e-01
2.595193124626666847e+00
-2.443498487690073592e-02
2.701625716311730763e-01
-2.305930504029198580e-01
3.152424315234815255e-01
2.689336113116834515e+00
2.353975694375082472e+00
4.238283236755173156e-01
-1.641972324163590569e-01
1.242720419788193031e-01
1.748109392187920497e+00
2.091245908544300924e+00
-2.180752214944388923e-01
4.034925729889858315e-01
-1.929661930241989842e-01
1.493326029567157764e+00
5.805633257862988117e+00
-3.100456525954105591e-01
-3.915132716997312690e-01
8.271874963917157098e-02
1.876522916725042789e+00
1.419374919676891889e+00
-4.319934834608085139e-01
4.538773504165987890e-03
-2.196098565306673356e-01
7.298831942043831900e-01
6.177942859152363297e+00
-1.396581788215357778e-01
2.081393989230565789e-01
-4.322558535906000921e-01
7.332882213460018006e-01
5.776433254341269752e+00
-4.796288633757170294e-02
-8.122649271234544388e-02
4.753958786342060150e-01
3.622994662919586606e+00
3.028307621196564270e+00
-6.313552764959314001e-02
1.863362305395244445e-01
-5.079954998379108133e-01
6.132384150807405065e-01
5.665312380584806462e+00
4.954022090530938449e-01
-6.869735116090666671e-02
1.340395744881129891e-01
1.704462189359325475e+00
2.372592446977955571e+00
-6.180388493513507692e-02
2.489086020998083904e-01
-4.726659584766174094e-01
6.105820335047882352e-01
4.851025523829672004e+00
-4.124782333127745559e-01
-2.090789130611086510e-01
-9.885377774859758701e-03
1.784699097365671561e+00
8.534841201047093096e-01
-3.178290374312142119e-01
-3.332534701789683917e-01
2.512590398914664111e-02
1.697654812955015080e+00
1.290093096681732998e+00
-1.587663718593481654e-01
3.578444621191065322e-01
2.916200554979230808e-01
2.210013090907484212e+00
5.644935531063047129e+00
1.071661994628488324e-01
-1.931920878229313743e-01
4.353092068142278559e-01
2.810617436883250608e+00
2.782439049258596864e+00
3.709334872194219868e-01
3.195463296763336736e-01
2.877685860669342288e-01
2.031230998357830941e+00
3.884610021644928857e+00
-1.822490092844596676e-01
2.798455084471311305e-01
-4.249111478163709599e-01
9.396139815733166589e-01
5.667719114139321945e+00
4.381478594148540545e-02
-4.919667571006147710e-02
-5.706828096075686751e-01
-2.582569272808556970e-01
2.940905788106119023e-01
-3.259630477418395261e-02
-4.565041547087994034e-01
2.502953502379951650e-02
1.220491156881860384e+00
1.493058612469037261e+00
1.001669477253009227e-01
-5.580683253190886137e-03
4.882870895660479937e-01
2.690954740265488088e+00
3.130280359297289650e+00
5.296830654215155948e-02
-3.810439093613035011e-01
2.325364164775787224e-01
2.047826424300242643e+00
1.921892143666230623e+00
5.881453519128539975e-01
6.606917840384565754e-02
4.224564859986629922e-02
1.895389056512211123e+00
2.943756815118054870e+00
4.754604021803466862e-01
5.736343428072118028e-02
-2.366472254929915531e-01
1.086241955541276338e+00
2.939086135792075005e+00
-4.390780058093615712e-01
-2.429315945708611368e-01
-5.937375672590936015e-02
1.356384972672239231e+00
9.276911400463095925e-01
2.436081474085216858e-01
3.476152515310872992e-01
3.945581517065481769e-01
2.180605755628124864e+00
4.098357631025141501e+00
5.212424541859769778e-02
-2.849180446991134708e-01
2.679511499152113507e-01
2.249659850256246596e+00
1.766519645110509407e+00
-4.169539345229745786e-01
-1.175067989540371644e-01
7.614829040209387945e-03
1.621264561446641439e+00
6.575105316451440585e-01
2.256994250618487574e-01
-1.292825238791274756e-01
3.638569246356010423e-01
2.917248271464499165e+00
2.597708024619475697e+00
4.330876822444726937e-01
7.254525154638363782e-02
3.067276832344182358e-01
2.301055065046215820e+00
3.404389192668142883e+00
2.371228606275162520e-01
-4.369759420182338094e-01
-9.818963050621574984e-02
1.448033645890673737e+00
1.424689970954872376e+00
-2.983243364807928732e-01
2.390169599206057038e-01
-3.149543986943943996e-01
1.097576515007947950e+00
6.123280098527342119e+00
2.943401224388700332e-01
4.487980180706821476e-01
1.542399320380978545e-01
1.853311986364071684e+00
3.773796300007881577e+00
-3.089122136957816456e-01
-1.386137799267122550e-01
1.248850877386069314e-01
1.753714065522018029e+00
1.211296312118512297e+00
-2.742184841313711208e-01
3.447509049957426241e-01
1.232232109642475010e-01
1.744084960257167305e+00
5.882959794257822672e+00
9.300919085591657920e-02
1.595701374606303680e-01
-5.358143610508746546e-01
4.721022392141718260e-01
4.016099066354262170e+00
-1.429140884882196538e-01
-4.613239555170385309e-01
-1.568348578718181119e-01
1.006140109722352571e+00
1.020493752846754365e+00
-3.457816443781533966e-01
-3.019237176692166069e-01
3.623649393319437056e-02
1.495919290792012024e+00
1.214000826186276472e+00
3.602881032435352182e-01
-6.232282422603315636e-02
3.474396563475239397e-01
2.578107109261860597e+00
2.720821983502408781e+00
-1.867219344978143514e-01
3.631043280378383753e-01
1.846682146051774887e-01
1.966022951973166455e+00
5.637458701475146050e+00
1.750147028751419254e-01
5.476249313284591025e-02
4.465274618309934551e-01
3.639593469406468440e+00
1.072715279782915587e+00
-6.307437635569140832e-02
1.726072789588876111e-01
-5.841758399956455960e-01
6.060823753951395387e-01
5.415066554513133568e+00
-4.331293564268517970e-01
6.769766994005399496e-02
7.568488946057638778e-02
1.866912106786544845e+00
4.855008791072317753e-01
-2.623158719813573625e-01
-9.927545106223825688e-02
2.750149206444293948e-01
2.379361667212749332e+00
6.233585681791844468e-01
-7.607405577996566304e-02
-3.866752097829684320e-01
-1.723880655288714814e-01
9.643140416751081467e-01
1.456557192265554468e+00
-1.293795964897126727e-01
-1.980087511292770441e-01
-3.854328933455105632e-01
3.880137157651601387e-01
9.399243773475249863e-01
-2.753833729202247449e-01
4.208608634176379537e-01
-2.072170807920223901e-01
1.204485109732992054e+00
4.894267735011659681e+00
-1.164051267986587757e-01
-3.777361487596054834e-01
1.078419381421653334e-01
2.071864388964423931e+00
1.309903866742892831e+00
-1.440490678464698138e-02
-1.353611075074516445e-01
4.020633886903685061e-01
2.929084410182920983e+00
9.765572875277693798e-01
2.016383036931861661e-01
-2.361572071906872794e-01
3.910897988500596778e-01
2.893097203507236870e+00
2.400130046102614934e+00
1.746988115404728148e-01
-1.558978394886907093e-01
-4.753900956202156691e-01
7.405053418754438399e-02
2.572023367575900110e+00
3.484639106750699322e-01
3.682891586455693811e-01
1.354264392179082566e-01
1.941937623417461678e+00
3.675388959973403757e+00
2.203826876525432910e-01
4.946312377005610550e-01
-1.591042081764272031e-01
1.492012783396850839e+00
3.905174794159227858e+00
-3.788221828825132781e-02
-4.775416221404299999e-01
-4.773051236164158051e-02
2.027495978010571243e+00
1.282288547686688318e+00
1.827332126255321043e-01
-8.178820426476816896e-02
-4.762895537586568362e-01
3.679267739040006369e-01
2.629868098951144706e+00
-4.638801961018411690e-01
3.898296796165338224e-02
-1.482201863453056065e-03
1.772559126784332806e+00
2.877464487641103741e-01
4.828582402831275988e-02
3.881391556742571081e-01
-4.380641684981612105e-01
9.099779928208391322e-01
5.015700088537045076e+00
4.276688334840333949e-01
-6.108187561793287923e-02
2.744567541017278178e-01
2.295983064007435459e+00
2.743008947940839715e+00
-2.909488902685061773e-01
-2.412921761455696090e-01
-1.693224417718671992e-01
1.226774348226413736e+00
7.310150423010668419e+00
-1.655595677488961026e-01
-3.834505999195326337e-02
-4.546170309971863666e-01
-5.455268805424251521e-01
3.184957098929902308e+00
3.526141723329113131e-01
1.317690838280734245e-01
3.984728233685456700e-01
2.521826837075940020e+00
3.609224789894881713e+00
1.429987699020690284e-01
-3.208812576260568483e-01
3.255355631339296729e-01
2.771513236635601007e+00
1.853887189410493574e+00
-5.080516866434069134e-02
-3.522665548280728975e-01
2.136498311123995464e-01
2.451271932044215340e+00
1.473251093656581245e+00
4.722328153116528981e-01
9.827636991813920586e-02
-3.051214806565522020e-01
9.693436594507930382e-01
3.077175536417790180e+00
-1.845708282211453582e-02
1.511328054490317097e-01
-5.833017000954416886e-01
4.747827969475898469e-01
5.311049772945400704e+00
-4.212205351959800725e-01
2.598100592685307908e-01
-7.227522046931425526e-02
1.471797774222383781e+00
8.874309135956612304e-02
1.167597302122262981e-01
-6.652444298493610519e-01
-1.237584442078306923e-01
1.743118414540158589e+00
1.405231253253331314e+00
3.788908790857641318e-01
1.952561793942764190e-01
3.017824353225040390e-01
2.200521154142868863e+00
3.415464522692043481e+00
5.632400625379229142e-01
1.780519759934444668e-01
-1.965500792692586873e-01
1.612533025904252293e+00
2.915339337338597847e+00
1.232813951525881940e-01
5.012358583556276725e-01
2.093858438496896957e-01
1.789467975927722332e+00
4.915659793262069144e+00
-5.029081490473119587e-02
-4.216731360804857887e-01
-2.232320664151835887e-01
6.813013424428748799e-01
1.286535692362451355e+00
1.104510564042113785e-01
1.787673739931132932e-01
-5.350650543457203812e-01
6.339103101586355260e-01
3.878994118518697576e+00
-7.090998440908662104e-02
-2.616224871909676453e-01
3.233594020634828481e-01
2.852287084592312283e+00
1.088935525625230438e+00
2.824143337536861309e-01
3.399512733364573047e-01
3.419268358050385759e-01
2.067887485895199440e+00
4.036722544258132039e+00
3.514148071280398522e-01
-2.127931368487300801e-01
2.019636214128390506e-01
2.334224353544374519e+00
2.243627830864351136e+00
2.202240591146708767e-02
-1.776713106964944444e-02
5.072826489415730444e-01
2.742739947994199845e+00
4.948606951143737831e+00
1.636678512864490065e-01
-2.637627815327253308e-02
-5.232993322998674701e-01
3.714377834961340441e-01
3.596782382171825887e+00
2.706426360679819454e-01
3.992524910147045580e-01
-2.708867179072055320e-01
1.186207304921326422e+00
3.835014011033660353e+00
4.819602637943447287e-03
-4.955085955973305700e-01
-1.303928507739335885e-01
1.028084665271876252e+00
1.291692758675480501e+00
2.276610046320318159e-01
4.702230687850062485e-01
-2.111150341552397725e-01
1.172033580329926217e+00
3.907554985409701143e+00
1.252640986781300148e-01
3.879759128480161356e-01
-4.447314007155283022e-01
9.740659972410991019e-01
4.169311505562784070e+00
3.404095865404316301e-01
-1.673883832968570962e-01
3.288072196148414950e-01
2.557572509127711502e+00
2.356817587841056660e+00
5.630116551301572736e-01
1.482885633947099158e-01
1.476254406615883433e-02
1.606329485109139421e+00
2.727541915151054486e+00
-1.038710052710009046e-01
3.236971455679928389e-01
3.164545098113190624e-01
2.314578922912591707e+00
5.615205630633355760e+00
-3.882162462683718673e-01
4.523043224191242856e-02
-1.026688702604768161e-01
1.324598133737867611e+00
2.797375302980257827e-01
5.290967340833974131e-01
2.961271335364022428e-01
6.608641841147465390e-02
1.894334293775967737e+00
3.098251058026468829e+00
3.136489900095360550e-01
2.691767653037022701e-01
3.635087466191941896e-01
2.359058850518790607e+00
3.769136326299584727e+00
4.380209262357362965e-01
-3.637554482435834680e-01
1.062850395345903663e-02
1.556421788872811351e+00
1.703765294664672858e+00
2.101910696579616655e-01
4.380520541035404225e-01
1.973943462660968651e-01
1.881539170993942856e+00
4.019195426837311125e+00
-2.260836795167632529e-01
2.608418354483452162e-01
3.080755141618937154e-01
2.270704717236578851e+00
5.828188463825576981e+00
2.438158725814171257e-01
-1.883813279636123161e-01
-3.504760234448080491e-01
6.332459510183513496e-01
2.129715517410212033e+00
3.212223359680350110e-01
3.519353046829282183e-01
2.608262728887207338e-01
1.998568145317763056e+00
3.759804584514936376e+00
3.525209792295166955e-02
-5.164616357301654581e-01
4.165998644601454082e-02
1.420674042474830090e+00
1.166968557663222716e+00
1.113076758965197977e-01
3.288388362793461805e-01
-4.364164653942319561e-01
7.952407488109389799e-01
4.192664843177311695e+00
-8.486269109745832318e-02
4.150622057714584145e-01
3.349499964275948205e-01
2.023403844988176381e+00
5.257277058819521898e+00
2.602262410241802937e-01
-1.422597633401719297e-01
3.802719043687923239e-01
2.882757004751889340e+00
2.812593705339691663e+00
-1.067203250725880515e-01
-2.958456709464259982e-01
-3.016443855647555350e-01
6.912885530930701350e-01
1.114747369801237120e+00
-1.809576703318893920e-01
-2.505278776235513316e-01
-2.896684827401790896e-01
7.700079991241103317e-01
7.906948792181545116e-01
1.266419260191707641e-01
-3.481230663508078638e-01
-3.516387158980486816e-01
5.083876565498895994e-01
1.546795497460895286e+00
2.769319375906629799e-01
5.754307768580280841e-02
-4.833396785665307616e-01
5.684740606622448178e-01
3.242641228873484049e+00
-7.434957306888742568e-02
1.181263290909807528e-01
-5.282235696970603023e-01
5.413764596463049861e-01
5.592870696545634956e+00
4.794915646750215199e-01
1.590358148919479298e-01
1.810754047366846253e-01
2.068769333364203877e+00
3.087181643671720987e+00
-3.152611796798754917e-01
1.417414605771747660e-01
-3.212651054327558819e-01
9.944549966874742797e-01
6.303205969267633435e+00
7.949787656259660329e-02
4.427529729802149872e-01
2.972038328148567388e-01
1.917796083663971141e+00
4.512760853008312090e+00
1.129876866417315051e-01
-4.160111050274074018e-01
-2.281871822764889590e-01
8.021303576873116681e-01
1.566870258154823059e+00
-1.023146539028357699e-01
4.294688521940959736e-01
2.030878557000066198e-01
2.014894178561812854e+00
5.479168196996488049e+00
-4.168650048379740625e-01
1.824832661074870521e-01
5.282946640076024297e-02
1.710216722312486670e+00
6.381903844902397260e+00
-3.600842831746844941e-01
3.504302655971929803e-01
2.512398924661370103e-02
1.601791976419936869e+00
-1.795461397802905756e-01
9.382853387008949220e-02
2.669637027734089729e-01
4.425558204164577458e-01
2.398564310212325967e+00
4.549140840223812710e+00
1.485552224825443801e-01
5.591029590322917908e-01
-1.041397224030142649e-01
1.341722290188765765e+00
3.998856895090040275e+00
5.103055815595646666e-02
3.794762746522037933e-01
4.126812581373636712e-01
2.277135000584441737e+00
4.371020943685485882e+00
-4.124280697350325986e-01
2.880863576690143035e-01
2.355940867670204206e-02
1.760425889616825224e+00
6.265889782936302943e+00
1.337230990701498701e-01
-2.933013575403441431e-01
-3.986177921310525285e-01
4.019886839784905241e-01
1.895384496622459336e+00
5.716379962812592197e-01
-2.699759685739916600e-03
-6.352030757257880363e-03
1.720987326838845144e+00
2.720824512426803121e+00
-1.215590413204903769e-01
-1.911686852135013326e-01
-4.029726486634040983e-01
5.443296978735079339e-01
7.499142291014428974e-01
-9.908271859278598714e-02
5.048791040668330066e-01
-1.972136196804004094e-01
1.441956396998723466e+00
4.645739580259144574e+00
1.118207491197208969e-01
1.832606625116920962e-01
4.576445360261880979e-01
2.627831647113084479e+00
4.491841105225980790e+00
5.192451101105319822e-01
-2.574359792259834495e-02
-1.719098608987434662e-01
1.407397768629534696e+00
2.558124480141300783e+00
6.310530987178467055e-02
-3.789260937532412110e-01
-3.010224245527599041e-01
7.500053230504267754e-01
1.638004023954459987e+00
-2.063401823166422996e-02
5.080418291378152595e-01
-1.996488792807820656e-01
1.002108696076122962e+00
4.579148304452013818e+00
3.159402497688301170e-01
-6.976700685136859315e-02
-4.472562496040527469e-01
3.174107056398822735e-01
3.024085691104466012e+00
-3.749426321670107365e-01
-3.299165204336855506e-02
-2.494985721196299744e-01
1.017405460887476076e+00
3.154743380050767931e-01
-1.093827341382957452e-01
-2.303536944615320881e-01
3.792140912781089002e-01
2.812919122336392075e+00
7.327479096772807621e-01
-9.658619907769085133e-02
5.214475036943428954e-01
1.042886474428634663e-01
1.866620027967397455e+00
5.411846308514764559e+00
-5.885347515151081454e-01
-6.579004573896034269e-02
-1.132781782462958658e-01
1.707005006518567347e+00
6.020763596657781047e-01
4.604411637602605634e-01
-1.908654371519959148e-01
-2.451154805403343850e-01
1.086025037204521926e+00
2.435599055948406200e+00
-3.904231186436886714e-01
-4.693447890835512198e-02
-1.836839395972192923e-01
1.083749589222064103e+00
6.625226470923556654e+00
3.019413259449100356e-02
-4.982380707796398300e-01
1.090020431062887207e-01
2.067623498617438660e+00
1.764007283038669271e+00
-8.519802595800958500e-02
-5.053405036874114575e-01
-5.123037577327837350e-02
1.935026182494378855e+00
1.583049995269645072e+00
4.823830418997299835e-02
-2.291393851118774250e-01
-4.537309560776351391e-01
3.682886231206755623e-01
1.340375875589581600e+00
-4.210866311548667751e-01
1.019872821694472048e-01
-2.023629021970889119e-01
1.464796982648112422e+00
2.813738036366912332e-01
3.077127655105368204e-02
-2.033457360528674318e-01
-4.659793134242705692e-01
-3.141730066405215571e-01
4.417961199894159918e+00
1.038623897281021197e-01
-2.597550052917128593e-01
-4.428561989921561137e-01
1.866035553665499891e-01
1.945409494310224252e+00
-1.620804643963494052e-01
5.455408295062696977e-01
2.982086721801274071e-02
1.503282260224227507e+00
5.454939270223990277e+00
5.991279794151576493e-02
-4.583019713001593165e-01
1.619383020513305294e-01
1.988448636065913711e+00
2.213524943324693073e+00
5.638354192621772981e-02
3.952724979844860487e-01
3.773757055218694978e-01
2.103655983977163579e+00
4.451293575267125213e+00
1.242096606261966218e-01
3.017655094535139360e-01
-4.842516296085474514e-01
7.576427558052365452e-01
4.320985019635521063e+00
5.303085287673084958e-01
-1.867701266259722825e-01
-2.321358158324019275e-02
1.394926105429100671e+00
2.417009620797469172e+00
2.700011120455294567e-01
-4.181949995490248373e-01
1.351223563130155847e-01
2.059080328394545578e+00
1.706684846561584257e+00
-3.422848416862603882e-01
-1.937754845054435737e-01
1.485395858222235688e-01
2.116773140906929473e+00
6.873550796938561191e-01
-4.220733032623463776e-01
1.480727241531102634e-01
-1.169458893263556065e-01
1.520768272532837528e+00
3.697318623901222900e-01
4.229504922449062870e-02
-2.630155816370977062e-01
3.664916500527948262e-01
2.821402709883099380e+00
1.489565923398225911e+00
3.518989679921102343e-01
4.297556455078531124e-01
8.899347673963120542e-02
1.721066027567447865e+00
3.757562362489494934e+00
4.192645035931295006e-01
3.774805349587968539e-01
9.670897909266017167e-02
1.811362821260294798e+00
3.638786242117260095e+00
-1.722012831007088129e-01
-2.644370826126452023e-01
2.061850914447828642e-01
2.461284374895551963e+00
9.928142164208669795e-01
3.814413176022161261e-02
-4.795774096862591152e-01
1.821251611783807067e-01
2.412867402009512663e+00
1.699535085368937271e+00
1.648370134630173511e-01
-1.652378714627431577e-01
-4.211505453390976261e-01
3.463177122502183458e-01
2.293915946841979636e+00
-3.876406550107719395e-01
2.203002832125581234e-01
1.514100705311338391e-01
1.971293214816147721e+00
6.317202696155415076e+00
-4.019945952796128430e-01
-8.321613073099637381e-02
1.091874324849689132e-01
1.815533362238967552e+00
7.259021659369858659e-01
1.118737242684250954e-01
1.677226898232559715e-01
4.425409598832322211e-01
2.590217653016051003e+00
4.545290604377931309e+00
7.435183353842586551e-02
-4.390806956881153078e-01
-1.753130615655699998e-01
1.048149781759765364e+00
1.410818441454094962e+00
-2.473596696603084372e-02
1.733723828339737982e-01
-4.949491806054217569e-01
6.079371744511835596e-01
4.889453076587535918e+00
9.938030096268755942e-02
2.437004196260965927e-01
5.116312821583119952e-01
2.423847477421099406e+00
4.520559357026065150e+00
-2.987081644073100173e-01
-2.770930891078415836e-01
1.583276706103046716e-01
2.112062265279151863e+00
9.731141224149677527e-01
-2.784724992174830160e-01
1.125622792945202288e-01
4.058966841908688838e-01
2.833764374582586676e+00
5.644338182797966397e+00
-1.218279283958506772e-02
-1.969381338411220206e-01
3.948763015199042159e-01
2.684360066500401487e+00
1.552983319541324958e+00
3.337965465578021651e-01
-3.527572084111865736e-01
1.497696312539872343e-01
2.177283532180500192e+00
1.864274880208194540e+00
-2.572975819663765873e-01
7.288151043976692778e-02
3.885545944297097432e-01
2.740249731606617889e+00
5.812212176809920194e+00
-1.974097548034391136e-01
1.012349694310417797e-01
-5.174318706774029275e-01
1.515670261652317385e-01
4.816525602367977221e+00
2.354190556570236459e-01
-9.918791682786373687e-02
-4.508933361414019791e-01
4.379401792224167922e-01
2.418492318590669043e+00
-3.031755296484847650e-01
2.959874602671986876e-01
1.326110046148910038e-01
1.808015952800846149e+00
5.865851453039175212e+00
1.490553510607781906e-01
-6.372727953821075708e-01
3.543862123662556377e-03
1.984420331535281301e+00
2.123994906999671972e+00
3.498434373161821709e-01
-4.154790266521102282e-01
-1.419815092834332548e-01
1.653776912829752588e+00
1.604923092465905032e+00
1.051955555930058966e-03
-1.075633582988231030e-01
4.749819647096277797e-01
3.349221246651763906e+00
6.201439859108308639e+00
2.874101060512452080e-02
2.239110206219082494e-02
-5.619374174509530473e-01
-3.287818352366813635e-01
1.848375020480276243e+00
-4.654542699006752327e-01
-3.228328208255571569e-02
1.256842890205921437e-01
1.867123004671638276e+00
6.064323696204000358e-01
3.046317251765394141e-01
-7.330616437985953970e-02
3.739505042099790511e-01
2.904872445692216587e+00
2.682814955049537708e+00
-2.802367592263186880e-01
-2.312140537653136485e-01
2.059162585221193942e-01
2.237100759625223922e+00
8.218829790395834056e-01
1.794898646250435159e-01
1.788546368155798927e-01
4.316816710593234796e-01
2.616366378679862770e+00
4.123323272746874046e+00
5.167553488479851298e-01
1.420312058388494281e-01
-1.576641315864180937e-01
1.331270777401420524e+00
2.955429645414851869e+00
4.702969433431961610e-01
-2.374249129909464240e-01
9.314621826033321617e-02
1.527489769041478151e+00
2.231933500874798249e+00
4.971552916468391370e-01
3.858355714066691311e-02
1.564844453377734756e-01
1.743143104875414018e+00
2.790861893935925764e+00
-3.027199162232959151e-01
-3.329355050774272518e-01
-3.533201623915938061e-02
1.868296614409272971e+00
1.150419026809543332e+00
3.205824081839009909e-01
2.372543028784228347e-01
3.801438441424401793e-01
2.236891863215888510e+00
3.777485192339535391e+00
-1.807939669130766425e-01
-4.237880390988081614e-02
-4.659912048670898921e-01
-4.592558836522406818e-01
3.319748822373947750e+00
1.749087008191819448e-01
-5.170404026425877708e-01
1.038674195639045922e-01
2.067317238286361381e+00
2.081861756684510567e+00
-1.129678352134075026e-01
2.217324522408153642e-01
-3.975649386381421291e-01
1.002070584260766672e+00
-2.583734157467360015e-01
3.976067555016309374e-01
-5.497881169943690666e-02
3.037657195774244867e-01
2.484694323175747233e+00
2.747590165067985257e+00
-3.689576082502715043e-02
4.704414672786841334e-02
-5.552030615738593466e-01
-4.172321477078287377e-01
2.456827271803170731e+00
-2.704157440446993202e-02
3.363575894765765129e-01
3.727754011990942473e-01
2.348127897050674040e+00
5.166430338400028965e+00
1.114381758719377169e-01
5.873001565488422671e-01
1.667310703835754027e-01
1.536107143340151859e+00
5.098261845255254165e+00
1.207822349371379805e-02
-4.867631482465711867e-01
-1.340276480935508052e-01
1.104082889037310444e+00
1.273563393303552616e+00
5.854632384738303053e-01
1.504563234075765032e-01
-4.457344388695992643e-02
1.640032381679539686e+00
2.973252256915674074e+00
-3.850049157306035807e-01
6.250447690390215083e-02
-2.849527568836384139e-01
1.114655581085078451e+00
2.079845907098865632e-01
1.917735343714402074e-01
-2.885919955304157569e-01
-3.209756793277537823e-01
5.546624487155605854e-01
1.947260607004573041e+00
4.794846978120594905e-01
2.766098193865719757e-01
1.677506871692755197e-01
1.954501977094279308e+00
3.386111071865195221e+00
1.298614004501851271e-01
1.762442136296798745e-01
4.577928718838815692e-01
2.606085161984056597e+00
4.432465935642360577e+00
-8.571966824937980733e-02
-1.421443247851909564e-01
3.964143154835727545e-01
2.838793199969826375e+00
5.915768143709901894e-01
-7.800605496878122713e-02
5.359727290500940766e-01
-1.163252940094696708e-01
1.336534024313014379e+00
5.247637579207783176e+00
5.835103602549265300e-01
3.438895418518734398e-02
-2.086106049159654752e-01
1.547263853920555876e+00
2.548117700944306119e+00
6.427330953749500753e-02
-1.740076741395132562e-02
-6.101716950284926666e-01
2.858141735691845930e-01
5.372789050412161593e+00
