# rod_radius=0.05
# rod_length=1.0
-1.596515079633187978e-02 -8.018173023893558626e-02 -5.638262114560601557e-01 -5.627796061102788849e-01 -2.736883285969834434e-01 2.507590497975477062e-01
2.209532238777814350e-01 -1.431391557837071171e-01 4.421540363536746177e-01 3.947004437168499802e-02 9.603062852502400326e-02 -5.117126575978823144e-01
2.591586428644108708e-01 -8.781914484934466580e-01 2.740125946982346905e-01 5.828991193427798256e-01 -2.303155677272168411e-01 9.635406557740263667e-01
-1.381158872493599976e-01 -4.251887131067434433e-01 -9.573049783137641544e-01 -8.123250713107792453e-01 1.149070698369210053e-01 -4.535803299455257731e-01
5.388866052857737010e-01 2.809362988900571678e-01 1.963715302412828989e-01 -2.873687529240994687e-01 4.540444265134683244e-01 -3.396654639859729152e-01
6.149515117588117974e-01 -7.125418138000605417e-01 2.623911363846270772e-01 7.377574219704253755e-01 -1.200985255810015362e-01 1.058588133779923890e+00
-5.900008931840188264e-01 -1.262456578538039553e-01 1.166568236123076141e-01 -1.882952333483289831e-02 4.941364278627734530e-01 6.541410875554984905e-01
7.915205750302979348e-01 3.973452384161036410e-01 -3.618548891985204907e-01 1.704195856710285506e-01 1.178102100860883406e+00 -2.936472447419069542e-01
7.676134125200673175e-01 7.634751912465880253e-01 2.060422275703265305e-01 1.428131341353898076e+00 4.444881842873071864e-02 4.221837110515461733e-01
1.980864842606567533e-01 7.418188579803650651e-01 -3.069943701634598315e-02 -7.509436103033896304e-01 5.742165601723145940e-01 -2.976289209277691028e-01
-2.738543537080764256e-01 -1.188315338497054063e-01 5.216191797513379802e-01 -1.909729641943127554e-01 -1.083649484473064417e+00 2.721056582195190421e-01
-2.351197906222220746e-01 -8.563548363248096873e-01 -7.207892719460208264e-01 -9.083987015817589494e-01 -8.757718180982162481e-01 1.834433497220844256e-02
-1.125273800644750466e+00 2.307824501437816533e-01 -4.183346009782225039e-01 -1.125302581321415918e+00 2.306276073234287127e-01 5.816653866194642086e-01
3.582484271029791056e-01 -1.398658173933792881e+00 1.590287901975482865e-01 -5.932729536678941207e-01 -1.500463333964431545e+00 -1.312172628798828899e-01
-5.717206038059279294e-01 -3.211028776702877785e-01 6.833543863356493775e-01 2.232007326949375647e-01 -6.127312438678091944e-01 1.215381608199946672e+00
-2.063765729443871877e-01 -6.792007308739458349e-01 1.824782843272056421e-01 -1.896841631263658789e-01 -6.101982467603925819e-01 -8.149985427924153480e-01
1.027839717282769960e-01 -6.720921595008452765e-02 5.887380443636683891e-01 -4.946474247942177493e-01 -7.262591520324386263e-01 1.318694547243425275e-01
-6.148400003866861807e-01 -1.017195938986471315e+00 2.083792441377617932e-01 2.034115679053428716e-01 -1.179349073795751712e+00 7.598959998752082834e-01
2.515437443348003677e-01 3.039013226443678661e-01 4.195741760682459298e-01 -7.416013882013365865e-01 4.125575545338253103e-01 3.764862544269835243e-01
5.532048174168472388e-01 -9.535127912736038880e-01 2.848403465209006780e-01 5.424323195032628719e-01 -9.929275888856228249e-01 -7.143245182626372092e-01
3.921113060418671692e-01 3.581725676444132977e-01 5.710607972557228962e-01 9.758005860342717774e-01 -1.967880076268576639e-01 -2.166644550989227369e-02
-3.757773091756623773e-01 3.931130470130613785e-01 1.949986901168151987e-01 -3.862847960955427817e-01 -1.882715667492788070e-01 -6.185623239436195409e-01
-8.609202938111747416e-01 -9.549330313075886645e-01 -1.296766236015043927e-01 -1.486930097130299444e+00 -1.854869068747241334e-01 -2.564219893692347152e-01
4.140975787737585789e-01 -5.921204956624792626e-01 -6.294153822592274405e-01 3.204999331187282641e-01 -1.113572161679798889e+00 2.187164711312681309e-01
9.402494088451923693e-02 2.005148229235793611e-01 7.749135874384790457e-01 -3.315352921567171762e-01 2.955045094240092429e-01 -1.250172140748587735e-01
-1.470145880724258725e-01 -7.535478703348377216e-01 4.812738067940507403e-01 7.908678641923618802e-01 -5.567257371531447729e-01 1.955509452243190394e-01
-4.206406353102018492e-01 7.674635808658994973e-01 -2.759491327591179211e-01 4.821590328262650993e-01 1.102847953945677251e+00 -6.746455382815153001e-03
7.941985837853478003e-01 -6.037251822628617592e-01 -7.916902915933413665e-01 3.740707188417982110e-01 1.626495864145860448e-02 -1.454340125426728525e+00
-1.002442371852196451e-01 -7.740925333201285063e-01 7.320046376285790357e-01 -9.840072712213824291e-01 -3.209402819950371577e-01 6.153172913128899246e-01
-2.294911114838285582e-01 -1.127253335417672808e+00 3.561231192260840284e-01 5.713617576985723367e-01 -6.512699688831726785e-01 7.195436974887907677e-01
1.824589318522598314e+00 8.499709001577494538e-01 3.812188417919272210e-01 2.035580444145177470e+00 1.821902274836224800e+00 4.852964466074022876e-01
8.853749450578809466e-01 -9.395604180974440056e-02 -6.758151690706526438e-01 4.968356802117329107e-01 -9.949588254862994363e-01 -8.687691104139526610e-01
1.327336515638834202e-01 1.348106445481067062e-01 -5.012015918236619738e-01 5.024303742455469290e-01 -3.389083821375555305e-01 2.981197559423200971e-01
-5.495597991698848439e-01 -4.386306134929046641e-01 2.698192250707538431e-01 -2.535591469538585607e-01 -1.184831980246968119e-01 -6.301192429684303598e-01
-6.211362132050450222e-03 6.042209589772448153e-01 -3.925929775299135671e-01 -2.766208964922565496e-03 6.047315276309391807e-01 6.074009575713474884e-01
-1.477132959604649798e-01 -1.046180576884201630e+00 -5.915250380607967734e-02 -8.477431970688644736e-01 -5.464004974970135819e-01 -5.692289782703509049e-01
4.065923094086888456e-01 1.489811698124106354e-01 -7.503851730710238144e-01 -1.636711481175044947e-01 6.023383898407708159e-01 -6.535464816105429620e-02
9.127934445126250074e-01 1.662291254642475624e-01 7.003904234731851419e-01 8.900161341830082895e-01 -8.195659314757355318e-01 8.667914446444615617e-01
2.022329051004547740e-01 -3.057199927327495237e-01 -1.012720819021216467e+00 8.133992622608706702e-01 1.530225888367550136e-01 -3.677162238978843867e-01
-3.147862779846624104e-01 -1.265915541653254289e-02 -6.089930078578292827e-01 -3.799198250301560886e-01 6.591370173489665696e-01 1.288738658442635243e-01
7.823189572769833067e-01 3.243574501143002553e-02 -2.686265748692150956e-01 2.188826198221831554e-01 -7.370720718132621752e-01 -5.692878684891564678e-01
-1.440582695424056647e-01 1.220073463320303087e-01 9.686740607422857918e-01 8.096582523357392924e-01 1.559596723035093779e-01 6.698897983425062819e-01
-9.468828951511422121e-01 3.243902519622708647e-02 4.016975861091741651e-01 -7.668993801889798512e-01 -9.494359047913780714e-01 4.610908197616728765e-01
-1.081247274634408617e+00 -1.233416402161925829e+00 -4.705896084023226261e-02 -1.968837158794073394e+00 -8.686099106254019375e-01 2.341890102995522471e-01
3.709961425393282219e-01 1.152652383588411267e+00 2.898528834712852942e-01 -4.030954889966902321e-01 1.191196198464833156e+00 -3.420462543036267289e-01
-2.285486677311789616e-01 1.809671125928481450e-01 -3.716858720527644877e-01 -2.290389567989564445e-01 9.826942390236269309e-02 6.248886870755937517e-01
-6.633675869960938831e-01 -7.811698915435900670e-01 4.007545009905237876e-01 -9.282905493425830379e-01 1.721090806868448286e-01 5.459268989346455214e-01
1.784585075382758568e-01 1.633286018395142258e-01 4.895280041681231431e-01 -5.087850253467999240e-01 -9.126737344114890793e-02 -1.908227993726147043e-01
4.222859776055841174e-01 -1.608400352207815798e-02 -8.024287840695857321e-01 -3.572343052604602387e-01 -5.940132340718367043e-01 -5.608797557614463303e-01
7.524617705873629658e-01 -9.638256813852658089e-01 -3.401756406458231186e-01 -5.776239791696580195e-02 -1.548927682359577229e+00 -3.747074408787324784e-01
-8.756394268772983436e-01 2.658120938951079038e-01 -1.673943629438276459e-01 -4.879127812036090917e-01 9.836207429905796662e-01 4.108951765762673403e-01
3.338514413092069089e-01 -9.326897447317402667e-01 1.772353962768676017e-01 1.007949141586387265e+00 -3.507475599328846450e-01 -2.776663338061815534e-01
-1.195619205612884928e+00 1.101867936407722876e-01 -4.173716106232640555e-01 -1.415609008329741458e+00 -8.489506551159314851e-01 -2.394394856624245116e-01
3.268622295151819845e-02 -4.965439443653747731e-02 -8.255076424691804027e-01 -5.099792784579750826e-01 -1.880110557875184774e-01 2.967817541430384232e-03
2.968523186087701493e-01 4.827982242342716002e-01 6.853973500805654595e-01 5.304799769126367082e-01 5.966234651702283509e-01 -2.802433345435462186e-01
5.339081946811380375e-01 -7.109583510377528448e-01 -3.011526699716489675e-01 1.263065058216295000e-02 -8.582850632707759164e-01 5.394212779239238031e-01
6.334069831224422575e-01 6.421248925059394597e-02 -7.625971476251293402e-02 2.060183452995415498e-01 -8.384549374898362384e-01 -2.595594788869281383e-02
-5.229249368498970624e-02 -1.919538811105881149e-01 -3.998674468918274050e-01 6.514763519446518103e-01 -3.872959062248136908e-01 2.831778701592412295e-01
6.358467700093618502e-01 -4.427005631442709199e-01 -6.667687572787729389e-01 1.173740580788154242e+00 -7.695003600588330439e-01 1.103233486279012743e-01
-6.274559755156079444e-01 -1.218144427508794259e+00 3.494948859011143272e-01 -7.173067311337406604e-01 -1.233929987478020740e+00 1.345325020919787340e+00
-5.186323856474268634e-01 -9.507623343433920793e-01 -1.574076160950674819e-01 3.609094234507649324e-01 -1.266314142166666379e+00 -5.135441947102712401e-01
1.933424099174372579e-01 -8.650606753797872583e-01 -6.666707217570648769e-01 4.614630293626309498e-01 -1.367087036955682233e+00 1.555706453068856909e-01
-8.213297906094486622e-01 2.417270999307880863e-01 -6.386573396050808371e-02 -6.373229515446116045e-01 -3.263795161142591938e-01 -8.659856476786579327e-01
6.018304089971204807e-01 -7.827900152840661097e-01 -6.350490358387275158e-01 1.077272551549357527e+00 -1.015183978717723035e+00 2.134483506303967992e-01
-6.933881045006590194e-01 -1.999169968937294373e-01 -4.953452419445457666e-01 -6.657160330301847839e-02 -9.099442132822562757e-01 -8.162228289055368791e-01
-5.657774219021797224e-01 -1.007865814840765428e-01 2.036304278999475859e+00 -7.494406039058332247e-02 -3.669366587981007788e-01 2.865910660106182117e+00
1.465397322186448859e-01 -7.193404565010094176e-01 1.338010135410338530e-01 5.950874965678101813e-02 -3.728433242422749538e-01 -8.002039893421357686e-01
8.012257891881878480e-02 5.092392252719735168e-01 3.907618878525246364e-01 -3.087006054821537226e-01 -1.192440443723148391e-01 1.064427465902577641e+00
-1.103962754896305465e-01 -4.456944324713735250e-01 8.274148491140407291e-01 -9.001196505411674931e-01 -1.299071091928593602e-01 3.014724973740418035e-01
6.902201979211323524e-04 -9.786913635689000746e-01 -4.676000930461043925e-01 9.168584324335445901e-01 -8.017127502281886642e-01 -1.079970100379349929e-01
8.747703887717158677e-01 3.021402107450332775e-01 -3.332204228108252009e-01 1.292942183877111795e+00 -6.018596645011359270e-01 -2.442452839615855686e-01
1.337318410689233850e-01 -4.825069349698502541e-01 -7.454003011521624922e-01 6.513717602443391819e-01 3.310721153199370215e-01 -4.805644217746941060e-01
6.463913418040030390e-01 -1.170512799568579787e+00 3.520588309441343711e-01 1.457855231504649574e+00 -1.745308988309188791e+00 2.465330183617754078e-01
3.724799626475189251e-01 4.121870686307627096e-01 -3.092426704958567973e-01 -4.399513738033468124e-01 5.986879093176721289e-01 2.431817677540601408e-01
3.515798098540853789e-01 -4.655354925225003715e-01 1.781607855780852900e-01 -1.993195424503018676e-01 6.047369751193665266e-02 -4.697776649169615459e-01
-1.035554481310311914e+00 -1.145588559566045328e-01 1.626749667653160092e-01 -1.367635655879448464e+00 -9.817485127385686683e-01 5.337601223120744809e-01
3.106727723895056914e-01 4.162933615175446467e-01 4.418607389790217832e-01 3.524989188461516432e-01 6.784505296241083450e-01 -5.222576109567804714e-01
-9.243372303826752345e-01 6.278282529925087452e-02 7.102416579140493624e-01 -1.374467988739816793e+00 6.622059235060953619e-02 -1.827143780353835956e-01
-9.436971739695894368e-02 9.018909683955601553e-01 6.556848712693570391e-01 -1.992606355855137679e-01 1.443539917217181223e+00 -1.783500869440231007e-01
-2.581826528853707337e-01 -4.678468627577715977e-01 -1.481603632325982078e-01 -3.358986395947811121e-01 1.527679168684110134e-01 6.320944161307374687e-01
-5.303378953910864446e-01 -4.667368074257258748e-01 -7.268257656834729019e-01 -6.166128643227893891e-01 5.212476631186095943e-01 -8.550572583015613182e-01
1.051676059158979798e-01 8.150995280509129581e-02 5.943468349539766660e-01 7.837469364499121127e-01 -5.660346567998550404e-02 -1.270786815107345369e-01
3.634994709364770815e-02 -6.589752683306365766e-01 -5.063693874534427319e-01 -4.583482581739035666e-01 -4.131439669342052978e-01 3.272016394895531644e-01
1.747589526021651463e-01 -2.649161789252290622e-01 7.757170632468926019e-01 -7.318542278344792873e-01 -3.771020680666461455e-01 3.689408749859495185e-01
-1.261682835801917868e+00 -1.561519173366498148e+00 1.078421654333154622e+00 -1.184073825221107157e+00 -2.530291450246072493e+00 8.429283061760706186e-01
-3.377412239604130062e-01 -6.174034227960946142e-01 -1.645923374169843967e-01 -4.337200032267491401e-01 1.166291037474658232e-01 5.077054566494703103e-01
-2.510211859356387687e-01 3.574994746739821316e-01 -2.317798698206680608e-01 1.466543004087945135e-01 1.713951724242789854e-01 6.666740222878082545e-01
8.430896283539648373e-01 2.510155272967780626e-01 -4.422298032055475003e-01 6.056958186191974125e-02 2.409071207533930725e-01 -1.064773132585311366e+00
-2.075333788615372210e+00 5.539517416817841822e-01 2.320328939248058608e-01 -3.035403678589982057e+00 3.025385043693522569e-01 1.093251497998988658e-01
2.215086164741174313e-02 3.890986205936733944e-01 2.462846564558004991e-01 7.384269567345490559e-01 -1.951570324715667937e-01 6.278523273452928377e-01
-2.149963747896692368e-02 -5.514530819179208621e-01 -7.295355722720507918e-01 5.170739432545062852e-01 -6.757794906341751950e-01 1.038199594379414226e-01
-6.389762324439438590e-01 -3.515461730952518932e-02 6.883688285774668403e-01 -6.167207548924558136e-01 6.340312700115586786e-01 -5.439287071056786438e-02
-3.405289962239322898e-01 9.876677496536699283e-03 8.694143878025961669e-01 -8.033429280758945801e-01 1.640315413817186319e-01 -3.534374968889975044e-03
-5.156165891452235694e-02 3.260767209516298726e-01 -4.138944680180407093e-02 4.888227177667625600e-02 -4.878656315642652119e-01 5.308070785006412384e-01
4.564199590456547995e-01 -9.923091051104376836e-01 6.150074403047759430e-01 -3.976903821473709577e-02 -1.432563137027093703e+00 -1.333059074171891734e-01
-1.493831708773566136e-01 2.210230122343039838e+00 6.892650609496746295e-02 6.592037847170614251e-01 2.497014732949115690e+00 -4.448260825720600775e-01
4.527914147688946733e-01 -7.637484705289141473e-01 -7.029684010539771766e-01 8.676204997073935221e-01 -1.101063579287582916e+00 1.420968909159482374e-01
5.968800473183432098e-01 -4.881802881680591399e-01 5.841973821721555687e-03 -7.223958118625017910e-02 -2.123841277331094957e-01 -6.842416447631672893e-01
-2.428785924634522392e-02 -6.961800434468123910e-01 -1.771567397207191585e-01 1.148553845055891587e-01 1.683730837497122712e-01 -6.600511877866495070e-01
-5.587501631789750789e-01 6.652886711620463744e-01 4.078019198367191511e-02 -6.765037111131064762e-01 2.507686715200753702e-01 9.431699480457321760e-01
-3.270210874158949177e-01 -3.537225184738154171e-01 2.743600767090702552e-01 4.175424604645293081e-01 -5.546314551070113952e-01 -3.622408362251114955e-01
-7.034481192207056033e-01 -1.583163015750969627e-01 -2.728575205763592026e-01 -1.094105526854513011e-01 1.003992509781742593e-02 -1.059480397490914383e+00
1.054773103057303540e+00 -3.667332088255431111e-01 5.776951346319373348e-01 1.441404944467689742e+00 -2.755844899449463870e-01 -3.400236296166967431e-01
-3.367787696679944709e-01 8.724109598233270590e-01 -6.369352761828192544e-02 6.466916137695071232e-01 9.862722716964562597e-01 7.709569980989766647e-02
3.528037950714107973e-01 -6.656381054047457724e-01 9.371714763879733789e-01 6.644748576780346028e-01 -1.196598704928567791e+00 1.491727514607299465e-01
-9.929372035452178613e-01 -6.648569346880544018e-01 -8.390267992526231899e-02 -1.333872644608186775e+00 7.731235670688518802e-02 -6.609189430734790927e-01
-8.158030834804832487e-01 5.812948005542706298e-01 -1.730334668660011288e-01 -1.280229534581218021e+00 -2.534546878369988709e-01 1.227728264214992815e-01
-7.562167643984142318e-01 -5.089359117475139582e-01 3.405640777624837634e-01 -9.171080760327093850e-01 2.564238106406878659e-01 -2.826040225013621843e-01
-1.807236744761621383e-01 -2.669736053420642130e-01 -8.513014503769844588e-01 2.319564284763083462e-01 6.432016633719703780e-01 -8.155787286375439926e-01
7.068138532914737260e-01 -6.361259932715072063e-01 -5.545246244438328809e-01 6.891822588651438375e-01 -9.012688792432863583e-01 4.095232876935989141e-01
-8.792796617030514961e-01 -7.271592436514047464e-02 6.087483958317566612e-01 -6.047533253153015709e-01 8.429771206196142730e-01 9.022471828753624301e-01
1.099352794745814599e+00 -1.176803350395000614e+00 1.964058121901496867e-01 7.881615648875983648e-01 -2.086415758833009448e+00 -7.884913304233015507e-02
-5.890878801456583824e-01 -4.863957006529619487e-01 1.412078336500807441e-01 -4.454072833207266546e-01 1.117362778195804540e-01 -6.472045092419833612e-01
-8.442033880261399226e-01 -2.464718325096225682e-01 7.895244024754526357e-01 -8.265926549636932741e-01 -1.200409686142452914e+00 4.900374520295405212e-01
-1.831430019437875478e-01 6.840897253336574169e-01 -4.382124373300686632e-03 -1.819198721967739962e-01 3.341611644055673680e-01 9.323934657230777967e-01
-3.562435848982949960e-01 2.800347796033281211e-01 4.457854995901926465e-01 -8.309124507080298816e-01 -2.614857775334710199e-01 -2.480768455685214979e-01
9.063659030802621031e-01 -3.948162103303913262e-01 -5.186538069669066608e-01 9.247399695252905838e-01 5.863083707098000197e-01 -7.111556255582707209e-01
3.576037620170522957e-01 -6.451384472539274384e-01 1.045441401090708294e-01 6.743341334074254290e-02 -5.055946897833840659e-02 8.543954636004851277e-01
8.428417182631480209e-01 -4.768551115393431794e-01 -3.506360424941410564e-02 7.467343917493325378e-01 3.308196055654863410e-01 5.466794087210903319e-01
-3.009355473218454646e-01 -1.232010888586823442e-02 2.306095173557638212e-01 2.402192681973015498e-01 -4.807669945784768806e-01 -4.677521231467296481e-01
-5.139774433377804902e-02 8.063874310916423482e-01 2.038276454937208992e-01 -5.793326999294576979e-02 7.817636141836100672e-01 -7.958477791043023775e-01
3.565140849187876659e-01 -2.770213359843881618e-01 -7.761052490008428784e-01 7.965024900587338585e-01 1.526988457492175488e-01 1.240649393850201676e-02
-1.702953807113984086e-01 7.968854016282822528e-01 -1.120357434377739769e-01 -3.050845236513569647e-01 6.920217341706870195e-01 8.732741053878907422e-01
-4.453657243100827556e-01 -6.756644568154192010e-01 -6.755634249429307570e-01 -1.001009574012124093e+00 1.352927564858710241e-01 -4.922377298456507844e-01
-4.964427806411942368e-01 5.186923070377524869e-01 2.980943885423762429e-01 -5.070115639576818767e-01 4.784486990421700781e-01 -7.010396128982248065e-01
5.994782036913448575e-01 -7.901256017986671987e-01 -6.447171057347139689e-02 -3.182811877981476245e-01 -1.074855352236008255e+00 2.123796368112326194e-01
2.933521332525643177e-01 -5.872906565545966684e-01 5.052080002478709364e-01 7.083932286841299053e-01 2.337541376779624924e-01 1.132560453266323042e-01
-5.355930306144488506e-01 -6.381921682383703276e-01 -4.824793612535219212e-01 -5.950540193371308684e-01 -6.786562169586447535e-01 5.149308109330688055e-01
1.042619661221666494e+00 -3.187211338951367878e-01 -3.673724609647752715e-01 7.424242216021417207e-01 5.837812848306738189e-01 -6.761961683217426744e-01
3.747648453881768926e-01 3.243469914927885056e-01 1.498437368178783258e+00 9.849115725755385187e-01 -4.110545436770471350e-01 1.793234846750769051e+00
-6.759135606709970601e-01 -4.395845636466811368e-01 1.720934006496183388e-01 -4.663576531461681718e-01 3.431311519915408170e-01 -4.139462141499201664e-01
9.399432188794021314e-01 1.329720670919593527e-02 -2.122853557623517740e-01 4.499363497279080804e-01 -4.129869804789070009e-02 -1.082292571461225039e+00
1.007408963343645381e+00 -9.766770599674132747e-01 -1.050140868964388879e-01 4.305090219472311741e-01 -1.790723823011430849e+00 -1.722028150758808940e-01
-9.029424487077009065e-01 4.060593531122320687e-01 1.763420071319344029e-01 -1.046132168673547191e+00 -4.075175442401667292e-01 -3.872086438219501936e-01
-9.280396754146563731e-01 -6.997266029655142550e-01 3.292330719444148124e-01 -1.306727033890721978e+00 1.763145942647503794e-01 6.278092017434737659e-01
2.186413525306206140e-01 -5.757816841869981550e-01 5.116555257471234325e-02 6.610551296998409820e-02 -3.040710594597012539e-01 1.001379293824455452e+00
1.464725209366068148e-01 -5.601947003949516724e-01 5.778213758722593463e-01 -2.212617807742743581e-01 -7.873409271657737518e-01 -3.239413839537321760e-01
-3.047099402110265420e-01 3.894551388409869808e-02 -4.074223471677048680e-01 3.301650020933705743e-01 2.675459270587813299e-01 3.305991015249145626e-01
8.399416053075932087e-01 5.976019997923233129e-01 -1.588706564150393019e+00 3.302980379340526573e-01 1.399281463960907246e+00 -1.901074089615419238e+00
-5.117812564266844833e-01 4.656653054569059869e-01 4.489905501771682683e-01 3.322366292606475646e-01 9.664448310870170644e-01 2.570174391705310479e-01
8.659717514554520212e-01 3.991498157692717763e-01 -2.361249291473248857e-01 9.837105032055114551e-01 -1.915444119590420380e-02 6.645188044905381286e-01
7.109616608439323082e-01 2.021721080775789881e-01 8.604936966084074657e-01 1.101659066096210005e+00 4.835839116128139992e-01 -1.595535174533668776e-02
4.868569780832516236e-01 9.190851698607066522e-01 -5.279628415171223194e-02 1.057556817606932986e+00 3.934695678016958409e-01 -6.836924182655518267e-01
1.075704574061013830e+00 -1.142307606418012933e-01 5.004976545982363356e-02 6.705916147779740211e-01 -1.540971117051136430e-01 -8.633472808863066339e-01
9.931962775205999128e-01 -3.143309699015242598e-01 4.973601967346718555e-01 1.166426960117262546e+00 6.669105239484856007e-01 4.127655080474051941e-01
-6.784956804019842691e-01 -1.931733334422111592e-02 -1.037133800515740861e-01 -2.015021305803919027e-01 8.267208952992974869e-01 -3.418235837437582081e-01
4.267554741211133235e-02 -2.041253858031622515e-01 8.761576386869477373e-01 -4.490939870147543922e-01 -8.833050913198148280e-01 3.312928365351689441e-01
7.103881327883905250e-01 -2.704571222666838914e-01 -4.329256211002545651e-01 6.840201903421703200e-01 3.109012077109657435e-02 5.201609394111538220e-01
5.110454221396837360e-01 4.299940080076343207e-01 7.142562101752336634e-02 1.903348641066647251e-01 -2.273130727465035861e-01 -6.105510204861448464e-01
1.003417147173718327e+00 -6.347291039660958312e-01 1.979765655429298887e-01 1.258899966607035292e+00 2.421094870165152457e-01 -2.093103288423821817e-01
-9.040356588761869761e-01 -6.646290688941125513e-01 -3.290396484577764458e-01 -1.730994109353307664e-01 -1.026664779590979126e+00 -9.075397311080367624e-01
-2.953980662019892733e-01 1.056317286541721412e+00 1.207930047081514913e-01 5.287322888395850073e-01 1.037528788308048178e+00 6.868814697321015128e-01
-6.056701444748954083e-02 9.287958151578127319e-01 8.445877917530672518e-02 -8.945937407282753551e-01 6.153414248555691968e-01 5.384915588835608169e-01
1.603925769745071783e-01 4.348026777999934589e-02 -7.342745083421586827e-01 7.560660581778735345e-01 -3.429679622675734785e-01 -3.012191885309001282e-02
8.546811686235862571e-02 4.247281955605008985e-01 8.914437457770603146e-01 8.275210526215379114e-02 1.104637307410236025e+00 1.581523828764108686e-01
-3.318442263053270058e-02 -6.136024372279325068e-01 4.206575880032356052e-01 -7.372200364631370517e-01 -5.325117671545631648e-01 -2.848621903746635375e-01
2.514006644960952164e-01 -6.392228907659346093e-02 9.423125350582487458e-01 1.050313261711132817e+00 -9.528238505609951114e-03 3.433301068739115225e-01
-3.037971210161993230e-01 -4.980217407082522529e-02 6.263257208893439065e-01 -8.828211730147823566e-01 -2.926076368120267279e-01 -1.519908306950183974e-01
5.312478400632888453e-01 9.335270393935491962e-01 3.376070186478703494e-01 -3.685864900771786967e-01 1.369694451988296091e+00 3.451014493173487629e-01
-6.421944664864793761e-01 -6.922375282355232029e-01 6.020705042717681144e-01 -1.241281589891871651e+00 8.670414679452742579e-02 4.167478519293430494e-01
5.881707435105508752e-01 -2.244049629998629281e-01 7.536076323219300654e-01 4.591446855038477382e-01 -1.095995497697268783e+00 2.806570892615153356e-01
-7.869188267527332803e-02 -8.567035102828143289e-01 7.178952833752370866e-02 -3.169733256935138715e-02 -6.213647242540986104e-01 -8.989870515462682343e-01
9.535678521625882142e-01 4.155126887619907672e-01 1.580893946628498387e-02 7.771412576349709944e-01 -7.170611051104652800e-02 8.710817020270528177e-01
-2.529730927336542590e-01 -3.015000641180048402e-01 3.340119251500787145e-01 4.835575985588094761e-01 -5.838410525280195440e-01 -2.806474171265204154e-01
1.522446194896190028e-02 -8.169670286195106490e-01 -5.789948438458426550e-01 -3.828158603167340912e-01 -9.635414300722867642e-01 3.265877568534979458e-01
-5.402861751691834247e-01 -4.578076854550428565e-01 -4.080275474874325847e-01 -2.994526020106522690e-01 -9.335028875149886662e-01 4.379708359488727054e-01
3.873181226438849323e-01 4.314206165332337140e-01 8.754003208276238401e-02 2.806536445020835768e-01 3.190759369670698176e-02 -8.229609474261879720e-01
-1.668351444714163134e-01 -4.205254990019919870e-01 -3.525558583474895369e-01 3.946895933610928831e-01 -2.383859585046463614e-01 4.546090297575044459e-01
-4.137964216832332731e-01 1.129248566649872082e-01 -3.463956724570658313e-02 4.954404934874975241e-01 -2.769370738946984600e-01 -1.805707400330455181e-01
2.257371952268573678e-01 -4.059185480398574963e-01 7.198429576712667144e-01 1.014918594812918240e+00 -8.623953090467018079e-02 1.954403980370990057e-01
7.812322890532015507e-02 9.029536290237994978e-01 -4.596616370038766330e-01 -9.119314020924690345e-01 8.134865290246775515e-01 -3.510915414085485908e-01
2.221624362495503435e-01 5.881080884306562062e-01 -1.184209842761423243e-01 -1.770055343959880956e-02 4.384291945976455107e-01 -1.077619595054071455e+00
-6.921335037739728691e-01 3.225950087045416081e-01 9.058177759257404760e-02 -4.718020563487624885e-01 1.964709550730782961e-01 -8.766548927064172769e-01
8.977512998830013483e-03 4.822328401782349783e-01 -5.671598633233964071e-01 2.413820442149653134e-01 6.959112650534626798e-01 3.816971673261372322e-01
2.019228399071440472e-01 -8.230144359607506621e-02 6.014596640386014048e-01 2.156474510170321435e-01 1.711321400337230680e-01 -3.657957591761978877e-01
1.338365228924595973e+00 -4.493596587387670149e-02 -2.461645497302179797e-01 1.546487424967190494e+00 -7.816442245931243260e-02 7.313736956532338462e-01
3.660611194466734108e-01 -4.033094262264693697e-01 -3.888221660358242571e-01 6.376198132645877203e-01 4.049478113632479781e-01 1.336489945996191531e-01
6.793716654097844421e-01 3.557249228268867247e-01 1.545469581784557171e-02 6.666136409496630222e-01 -2.803807962121491748e-01 -7.560417377563519725e-01
-2.174332133784678267e-01 2.565327030989362211e-01 -9.630372324787690452e-01 -1.416511865423231153e-01 1.091380968283261810e+00 -4.177983320623296359e-01
-8.202866292172119600e-01 -1.860720052219081710e-01 2.225610315612967516e-01 -7.907600055017817153e-01 8.102573591478445802e-01 1.422119420422988390e-01
-1.693914166535863963e-01 2.608373620882627475e-01 -3.266554910752066387e-01 -8.499759205234894144e-02 8.716993224765887116e-02 6.545260956770797556e-01
-6.523536543352297379e-01 -2.158653033907163565e-01 -9.010278101494063607e-01 -1.295032123650858402e+00 -3.361138412372227657e-02 -1.568854218997242089e-01
4.630254881297181102e-01 -8.462268473552173598e-01 3.063456490900462459e-01 1.111167408928221523e+00 -4.375939065482022938e-01 -3.362515577129688849e-01
-2.173606162256496999e-01 4.478056698707747474e-01 4.911610624859700375e-02 6.993832065936228526e-01 4.881974853929793579e-02 6.888977313106374456e-02
6.409886875026135078e-01 1.221380178207968903e-01 -5.871295796910315223e-01 8.480512693224574461e-01 5.287124102398050862e-01 3.027144238507211149e-01
4.449747116697915228e-01 -1.188386744584484456e+00 3.161967763497980366e-01 -4.439723377614618327e-01 -1.636318612586919574e+00 4.117487775602282629e-01
2.649133277336465087e-01 4.674200432250439907e-01 -1.136115917801655273e-01 1.601649265340178152e-01 3.602825042732429317e-01 8.750993468634163941e-01
3.172471821254431168e-01 6.275101278603386623e-01 2.893646245241466297e-01 -2.439645122950250267e-01 1.634472519567490845e-01 9.747018271140810430e-01
-2.482979945864726146e-01 -8.324937898498445676e-01 -1.969269595072758450e-01 -3.901551741582304222e-01 -4.968048667499597171e-01 7.343031342461345812e-01
9.734356594811070795e-02 -5.286666628353918762e-01 -9.098788166680344958e-01 8.008595849229399599e-01 -8.357551426201992317e-02 -3.558399367079325692e-01
-1.410048244596908695e-01 3.504911955493827946e-01 -1.261413179957551645e+00 8.084473851782315590e-01 1.009245697382741280e-01 -1.071000467947757384e+00
-3.984512856981626827e-01 -1.901236880508935023e+00 -4.356166528778976921e-01 2.818708668077918311e-01 -2.630678079317195550e+00 -3.643614334842807390e-01
-6.921133874858121926e-01 -1.222949619745939409e-01 4.890638660358903600e-01 -6.975189202830576196e-01 2.873164531124788867e-01 -4.231802179929092800e-01
-5.257364473866050769e-01 -3.558707976830654401e-02 5.932805612109581794e-01 1.766455189853457508e-01 -5.694480584752570351e-01 1.064079912027767083e+00
7.954978901223811460e-01 -8.063599724139359770e-01 6.508932772390271793e-02 1.182009250549096002e+00 3.324432238098118386e-02 4.467614336250548268e-01
-4.353455503170040597e-01 5.612247689100950954e-01 -5.731907158346082332e-01 -6.280313323576691698e-01 9.908087815215189664e-01 3.090392799760337539e-01
-1.284760897176856209e-01 -2.045193568564422082e-01 1.797943435503198129e-01 3.004054463383503126e-01 4.436551172519552777e-01 -4.494357249814673883e-01
-3.880023316950790835e-01 -2.638862080348475803e-01 -4.827974550530313436e-01 1.476610824002020927e-01 -6.823903523574483820e-01 2.506321516472947430e-01
7.043992021335494513e-01 5.319840354490948942e-01 4.358990317939584469e-02 -1.637862183076227440e-01 9.692179082388213684e-01 2.782825025912268879e-01
-4.104799869116220606e-02 -4.030884146852924399e-01 3.663790134621943695e-01 5.180383337472036498e-01 1.694139399605366636e-01 -2.333405266610190099e-01
