# rod_radius=0.006666666666666667
# rod_length=1.0
2.214584591964642926e-02 5.774661451530516132e-01 3.717303883012195581e-02 5.053895672245354298e-01 -2.979192159588488487e-01 5.043860969572724895e-02
-4.690712876129872755e-01 -2.389729994739595020e-02 -2.873092360776978785e-02 4.729878912059736762e-01 3.027043023153753731e-01 4.779290929633507601e-02
3.969275856474910325e-01 -1.874797326326232971e-01 -2.017746883832274574e-01 -5.099878284707515252e-01 -2.988411628278305754e-01 2.045540744426581348e-01
-2.015771594824954105e-01 3.427522756069696364e-01 4.722208100216281346e-01 -7.058742832372549847e-02 1.943385975018319667e-01 -5.079909377565026141e-01
2.267251003038259216e-01 1.022696728177764219e-01 -3.040562023108309697e-01 -2.314498907856452070e-01 -1.163325730525752305e-01 5.575055979337024681e-01
3.472139830707681174e-01 2.558444002918890958e-01 2.864423593660828660e-01 -4.611623264162070246e-01 -2.859939858049129202e-01 5.635779749321176424e-02
3.798915760133657060e-01 -1.165791439817467218e-01 -1.826700235812312445e-01 -1.410898059281026629e-01 3.122925419685501636e-01 5.553323318760585714e-01
2.353574433442016389e-01 3.184521694494161781e-01 -1.819601102652061153e-01 8.953063129386487629e-02 -5.333074322199065076e-01 3.212695806825283107e-01
3.959761831450859249e-01 -2.239600331153455137e-01 1.091019449391955193e-01 -1.091328727375978080e-01 6.356640600402776453e-01 3.221722518503110366e-02
1.037459247290778153e-01 4.717186569527889728e-01 -9.521160057065287952e-02 -2.416686004045288938e-01 -3.168148908788403495e-01 4.136141552346015993e-01
-4.932100931347722927e-03 2.761582987825282887e-01 4.791410331034571812e-01 3.639038371271856309e-02 -4.744800587340033404e-01 -1.802787940838396774e-01
-5.248211121194660267e-01 2.029373605985641815e-01 7.068616290666543400e-02 3.159384965268881018e-01 -2.891276182341087075e-01 2.965076345944362979e-01
-4.263310814352397893e-01 -5.593957270449535085e-02 -1.822956673608446265e-01 4.662702528952934466e-01 -7.316945762730554803e-02 2.682218006877298833e-01
-1.657786846348752452e-01 -2.420958288238798939e-01 4.756228467604745047e-01 -7.108303214429155525e-02 -1.571544933011396750e-01 -5.162530037969407237e-01
2.463372041117587452e-01 3.632343236733582836e-01 1.034877117557861381e-01 -6.809497421971025810e-01 -8.884136372068973664e-03 6.266160615402087408e-02
-6.202658213993260394e-02 -4.145388807054722902e-01 2.168003703889222200e-01 1.218292941888738518e-01 4.774516897366996027e-01 -1.961764316007481301e-01
6.559215563434302176e-02 1.309218751737084574e-01 5.995432596532663805e-01 -8.601965169584581405e-02 4.553577717674578973e-01 -3.341350622967955708e-01
1.451820562398961900e-01 -2.822958771178700754e-01 4.339413153393079092e-01 2.341035228989318817e-04 3.992715389802353743e-01 -2.833145304483044580e-01
3.706906887725711086e-01 -9.448117939503142618e-03 3.806580551841669546e-01 -3.735610165417940221e-01 -4.591080466134389027e-01 -1.131995636510702563e-01
8.319801633341576685e-02 5.201869606933793300e-01 1.946753367214069386e-01 3.931532055914463419e-01 -3.779657144224797261e-01 -1.171732689099870550e-01
-2.304720320496969899e-01 -4.974664242047446838e-01 -9.078596356506953013e-02 5.848944141286940290e-01 2.947068407990027783e-03 2.003564326219944847e-01
2.312945884109638972e-01 -1.826398564746256337e-01 -3.824175853788390755e-01 3.357615886372450342e-01 -2.178408729594784043e-01 6.114876084410519885e-01
1.171259439948385134e-01 -6.065340996136200369e-01 7.234335414176330803e-02 5.053744748013130339e-01 3.117199129592803652e-01 -5.583834440794355203e-03
-8.068634940352294171e-02 -5.666040925719596499e-01 1.498508192082392554e-01 4.000943887575743041e-01 1.902432828912747897e-01 -2.929041153409808196e-01
4.089505071656133750e-01 6.928954660519104358e-02 -2.643900016206500725e-01 8.361167891132875729e-02 -1.579038108623213865e-02 6.773722044240346740e-01
-3.872257537343661293e-01 -2.609767702980858584e-01 2.091129825897808034e-02 2.221572142336802336e-01 5.317557881150137833e-01 5.828553738278459406e-03
1.858854840616578907e-01 3.442826035836993870e-01 3.599838898046420765e-01 7.581457099735713911e-02 -3.392710108553666504e-01 -3.615691922929121227e-01
-2.505376172508076357e-02 -4.982202082139277066e-01 3.960234095270994126e-01 -5.588994487331364613e-01 3.431958331182689004e-01 3.121912686039884366e-01
4.954989632051861048e-01 -4.037328966261941043e-02 7.906700854446457177e-03 -4.167092809848926271e-01 2.361277454372814610e-01 -2.944561553636030893e-01
-2.823691982874687589e-01 1.627651679357998982e-01 5.109801808821307079e-01 -1.908824004808158947e-01 3.877584590085958460e-02 -4.770769094969629087e-01
1.775965628491144310e-01 1.963490555895726908e-01 -2.952403699066845633e-01 -1.584520772714814452e-01 2.788639206128501469e-02 6.314157920379999123e-01
3.573661150440325951e-01 3.844085742459325550e-01 -5.668490988332686165e-02 -6.027328658002766293e-01 1.444584329631779795e-01 8.696005758892630388e-02
4.117392463500291200e-03 -2.812227008985405674e-01 4.386424257935231941e-01 -3.288783045982771047e-01 1.390543898576476756e-01 -4.054434896936714994e-01
2.005304008050709796e-01 -4.218321472334931599e-01 2.185289595486713254e-01 -4.011149179877995241e-01 3.268183675087669160e-01 -5.994063870358687374e-02
-4.963894660508132856e-02 2.157848906962354651e-01 4.271533307097298282e-01 -9.058247589862858384e-03 -3.936796744840105888e-01 -3.646207220711692454e-01
-3.162646444356987940e-01 -1.434861522924354704e-01 3.893250989699303943e-01 2.251853969854294979e-01 6.390431762210878608e-01 8.194959138802648813e-02
-2.748636696326700601e-01 1.450027924987869199e-01 -2.868750423310492126e-01 2.087871951192342701e-01 -2.926926255703263813e-01 4.710857495480816892e-01
3.089726744573818573e-01 4.832798973053234470e-01 -8.063199739467258320e-02 -6.300940201182374523e-01 2.594133882258670143e-01 1.802080479423079917e-01
-3.527191337087437657e-03 5.871817828856973343e-01 3.446660427149823014e-01 -1.232144972738336425e-01 3.752401875811373078e-02 -4.821055648840386065e-01
-2.778797901066830112e-01 4.518952623139662617e-01 4.415175135842643039e-02 4.427432004578874536e-01 -1.405875039680321015e-01 -3.159408438564794142e-01
1.649887725329175769e-01 5.893035127489157365e-02 -3.709492965593944591e-01 -2.623761619313381699e-01 6.721526783117187653e-02 5.330919485992641205e-01
3.871117695633551903e-01 1.025983760116884885e-01 -1.387924394317320842e-01 -4.087450938024121405e-01 -7.136278563703787881e-03 4.566655008283853623e-01
-4.720996230560966511e-01 -1.271974755313330652e-01 1.862108790593740293e-02 2.633226110793379648e-01 5.458013220730868476e-01 9.753088427021149032e-02
1.828907859287981497e-01 -4.617295562394804209e-01 -8.807456044517569804e-02 1.715641220470449091e-01 2.921796633416112732e-01 5.688063993305959576e-01
-3.629857880067697273e-01 5.442722877516448232e-01 3.646478136972071127e-01 1.701666991181395305e-01 9.959054843107589816e-02 -3.550789234658338067e-01
-4.018485733911681540e-02 4.002303853146771950e-01 5.578889767282149137e-01 -2.722645174510975319e-01 -4.882555359635443737e-01 1.619953053305813184e-01
-9.360760250161937260e-03 6.335241296118867549e-01 -5.626846253335297809e-02 -9.231739693855852205e-03 -1.656437296131419989e-01 5.448394446974376137e-01
5.379929810997002154e-02 -4.880296633388991889e-01 3.358345288528905622e-03 -3.500217491353027621e-03 5.082892526536143540e-01 -6.040201188861071824e-02
3.690076326408767149e-01 1.118916671663529455e-01 3.489780936218032648e-01 -5.417619367786983275e-01 -1.004450522415567398e-01 -5.157345172972671588e-03
2.103271336972630801e-01 -2.448084605576306416e-01 5.501573700448789683e-01 2.048831292285335504e-01 -2.435731855365977916e-01 -4.498270482892102740e-01
7.780170085553118897e-02 -3.554450356933744892e-01 -2.081210534172925619e-01 -1.350245428970102135e-01 5.264240845543646241e-01 2.126067026479122879e-01
4.517935497333347983e-01 2.103997240170982774e-01 -2.314828617217303264e-01 -5.245702568337156091e-01 1.600749458488180399e-01 -2.128977447047716853e-02
-4.618629067228783858e-01 -2.004552228407081860e-01 5.612280188655358742e-02 3.300798986165467963e-01 1.536651933284462201e-01 5.535414624968147956e-01
-4.738129200784848560e-01 -4.259927717880138687e-01 2.067339974769944189e-01 -3.810989764305608984e-01 5.295513435295414739e-01 -7.315806803262289715e-02
1.158753712385088147e-01 -2.768393816564884702e-01 5.184128534778462694e-01 -1.717729731275782767e-01 5.307603041515287501e-01 3.591352891244126155e-03
6.583092369866679061e-02 -4.810060910626234865e-01 -1.613635259935065625e-01 -6.307055547953922536e-01 1.250775557923601289e-01 2.226931718286492279e-01
-5.864226892462616192e-01 -4.862339248924735929e-02 -9.418098024968066251e-02 2.584661726199256604e-01 -2.944481605278177483e-01 3.809326845856318977e-01
-5.023787484199586650e-01 -3.589992867422830969e-02 2.735140481246122190e-01 3.930064210142049097e-01 -4.166923865212933120e-01 4.268401887333495015e-02
1.775958764244800758e-01 -3.117377812037072093e-01 4.222395117617674942e-01 -1.534553265832364344e-01 -8.345431053639121299e-02 -4.933432305434969911e-01
1.299278758152886959e-01 -1.865297032280801848e-01 5.342366100675346452e-01 1.771875576761977600e-01 2.448470998559693079e-02 -4.421032077656279480e-01
1.025614762233690302e-01 -2.690052236951308573e-01 4.847699109142881158e-01 -3.075555720203763110e-01 3.092494138139804671e-01 -2.205141318224265179e-01
-3.890998063421410302e-01 -2.003577768140615001e-01 2.510095072753390846e-02 3.921023420624893951e-01 2.984577396787471137e-01 -3.502739070266877586e-01
-3.287905721302677997e-01 -4.574375285198860053e-01 2.381825793148378001e-01 5.619671887323809401e-01 -1.443573391388975891e-01 -9.125847228639302755e-02
-6.071146143086925129e-02 -2.888443731606696874e-01 -3.687659250361186580e-01 2.231831015780884331e-02 4.783722653438893246e-02 5.691847972604784367e-01
2.275013905813129123e-01 4.718623806468814075e-01 2.332973575171314040e-01 1.174583616833993482e-02 -2.821992505056830081e-01 -3.870578610177694001e-01
2.417834319120131803e-01 3.426899156483662612e-01 2.705838760623726080e-01 -1.084667313767123109e-01 -2.946721036324134735e-01 -4.157793510226366895e-01
6.256709540944586090e-01 -2.764527406890789907e-01 1.090859406016172622e-01 -4.149650104472435430e-04 4.933564893867945500e-01 2.332236511836805748e-01
-3.091877455628676552e-01 1.543586350728181622e-01 4.296009426855681990e-01 1.141522769590989639e-01 -1.506970062756894935e-01 -4.234666285024071830e-01
-2.037981853852141936e-02 -3.801083731615900185e-01 -2.020322980531410462e-01 -2.677559093340854401e-01 3.488816345428714105e-01 4.362299038433475884e-01
-4.107463301315754656e-01 6.506246386173408780e-02 3.413271112449731224e-03 4.964238447119618813e-01 -3.389473606742797185e-01 1.209646877467268206e-01
-4.774537672292116230e-01 1.204400474416391781e-01 -8.053554349637693024e-03 4.557327280501390909e-01 1.934950253141698440e-02 3.368285512429787798e-01
-3.516507016749058634e-01 -1.492856647749571386e-01 -2.189478620856307733e-01 3.901098165587679745e-01 -7.000885524819591699e-02 4.470149905277632785e-01
-1.018311005613225656e-01 4.729638080135231126e-01 2.731867821701838284e-01 7.799011015107125411e-02 -1.825938811901913761e-01 -4.602356392922465900e-01
4.201490323799889071e-01 -4.002912934962961355e-02 -2.591845769215123663e-01 -3.880931445405881863e-01 4.765470999449584188e-01 2.346995209663660376e-02
4.226641101115747451e-02 2.289841553389683482e-01 -4.422422453084789984e-01 9.292016280727967426e-02 2.891888391036516737e-01 5.546577464067237173e-01
-1.451633158478701502e-01 -1.081019957477517696e-01 -3.210732503358290635e-01 1.452654156186446721e-01 6.757890485068436537e-02 6.195581190664853910e-01
9.229922388694215829e-02 2.678192884497840875e-01 -4.034096177103121961e-01 8.783835225535556457e-02 1.854818777623233883e-01 5.931849093796026651e-01
7.466676679583898746e-02 4.572040668064438762e-01 7.901266166852316530e-02 -1.680246417039098217e-02 -5.159726403536626371e-01 2.901061869777064040e-01
-3.128093105267814450e-02 2.750529238609783489e-01 -3.433111420784820678e-01 -1.566028485906544865e-01 -2.893368674979385213e-01 4.726291623522054786e-01
2.399377888743280396e-01 -4.678758287777071700e-01 2.038053001780547879e-01 -2.500317982215026769e-01 1.837254996177708488e-01 -3.752849454265397844e-01
4.757415385223273119e-01 -2.242083512290147379e-02 -2.526294712333956305e-01 -3.819413311560976299e-02 -6.113778768697873678e-02 6.043250917407526623e-01
-2.222655473933373149e-01 4.637711640284274406e-01 4.146320409883635927e-01 -1.377455880738672478e-01 1.169239355189681251e-01 -5.194736150013333775e-01
3.957836433622289873e-01 1.512207494160439925e-01 5.822957237252390783e-02 -3.507302438665906297e-01 -5.094123007385050750e-01 1.374822645540154653e-01
-1.261473396599222807e-01 3.351989066445843490e-01 -2.064276964050016927e-01 2.412537077031755850e-01 -3.299598511682361734e-01 4.436340678154485628e-01
-1.912025295077641185e-01 -1.806968891038616132e-01 -3.070917604143556523e-01 -8.679699163553891705e-02 -3.510615409670561626e-02 6.767287626190314764e-01
8.178019320203408493e-02 3.433729184103715415e-01 3.995674425645575623e-01 -1.907797277394210622e-01 -2.254376463580578527e-01 -3.764258762882584097e-01
4.842813427270887261e-01 2.432929842083186162e-02 2.614653482764867642e-01 -3.940356430526449905e-01 -1.592228386205442325e-01 -1.799730794553396351e-01
1.746108239385133487e-01 -4.423686062600402091e-01 -1.236155034835977468e-01 3.889442173285814208e-01 4.794258196243699754e-01 1.994266499365537904e-01
-4.766819724045209261e-01 1.578231840710860728e-02 1.620902404043484402e-01 4.663105446322585168e-01 -4.413787088673853248e-02 -1.652852072511358794e-01
1.098454678794476280e-01 3.252447966250871653e-02 -5.260998946939894338e-01 -2.749099830525246757e-01 -3.278193006628724593e-01 3.236739593159748685e-01
-3.489522697415593511e-01 4.880074401040088161e-02 -2.255659651695540724e-01 4.275189923405322556e-01 1.710356061251049886e-01 3.926176787781349153e-01
7.632981325759101432e-02 7.389017082736848430e-02 5.517648135714768864e-01 -1.728411884551414590e-02 -2.521784170374769540e-01 -3.889347706338212030e-01
-4.395409746643077487e-01 3.926460285214419255e-01 -1.301675638932470874e-02 3.759790438252598177e-01 6.389948431508779558e-02 4.632739207345877852e-01
-1.782752020295635606e-02 8.788480990582608898e-02 6.795569929535740794e-01 -3.090448333225896405e-01 -2.779506847836726857e-01 -2.043869347729934116e-01
4.464441354455129796e-01 -8.678188697267592844e-02 -1.688280086702041716e-01 -5.498148317301079224e-01 -9.423878231161558761e-03 -2.073482475805840108e-01
-4.947643796549559547e-01 7.242208867675070660e-02 -1.535254468230384250e-01 2.143787970686226729e-01 6.185041302417371156e-01 2.924682289018621373e-01
1.724087623099717081e-01 2.458714444739984739e-01 -2.799497571089345493e-01 -3.671963041334844746e-01 -4.085815482596454329e-01 2.496894149417459019e-01
-1.553034820705871399e-01 2.417079046761064498e-01 -3.724549542265171986e-01 -1.415185230758481127e-01 2.068820868931074142e-01 6.268433682584445554e-01
4.981172921108480423e-01 5.254699386535906236e-02 4.989930980092212309e-02 -4.109168353679634733e-01 -4.402254629798528496e-02 -3.554786360613018115e-01
-1.903327920449294219e-01 -4.202135014553050052e-01 -2.839608453194056303e-01 1.859587825640841019e-01 -1.214647032743537691e-02 5.478359742133187549e-01
-1.323316821220081041e-01 4.008266476680873991e-01 -2.326923375981766462e-01 5.636833004083843246e-01 -2.293612993319718019e-01 1.114388809058527441e-01
1.860297900354118406e-01 -5.536008322261787296e-01 2.325692187120154478e-02 2.927657985304148447e-01 3.768510124077800727e-01 3.737805149542035021e-01
-2.238184332165093441e-03 -2.254443373448304644e-02 -5.082285245276466634e-01 3.339511032471954022e-01 -2.429476117906809729e-01 4.074128911038275014e-01
-4.264210396985350648e-01 -2.107966177685707543e-01 -1.464713698037220513e-01 7.274939419666592855e-02 5.113325554281678009e-01 3.324423334279474340e-01
1.151161218636265748e-01 5.060672444031536488e-01 1.648883119730889801e-01 -4.370038992286309765e-01 -3.267278751053538377e-01 1.246916549989596779e-01
-1.381699838460612728e-01 2.344068658736034316e-01 -3.853031052662563849e-01 1.127632012327406397e-02 -6.019425923120831357e-01 1.421297208096465314e-01
-3.201399343077075410e-01 2.167148574769861280e-01 -2.327008448480891445e-01 3.271314122207357733e-01 -1.679365165149511452e-01 4.253896690247143120e-01
2.074591671675165283e-01 -5.681979455511567551e-02 5.656084956164901811e-01 2.347280071554393166e-01 -5.265454938088007936e-02 -4.340109625266331816e-01
-4.545654782170860386e-01 -2.333828653024317690e-01 3.709793165502803802e-01 -1.460418557036774478e-02 2.318806496684760743e-01 -3.971117734966909119e-01
2.733388342129381421e-01 4.034374762147228677e-01 -4.221430691129040430e-02 -4.282122602638430697e-01 -1.883464071277674567e-01 3.547968985407879972e-01
-5.575367007271871123e-02 -4.576005217550346837e-01 -1.009232129055694371e-01 3.662940934482564748e-01 4.101939791507876465e-01 1.613903199221475293e-01
2.830421912416747898e-01 -3.249944190374031705e-01 3.120417694987905333e-01 -4.494126981361530881e-01 1.257454171263495679e-01 -1.981968365685938260e-01
1.745280952998728985e-01 -1.505611991415600481e-01 4.772595098547898207e-01 4.074299318353458155e-03 2.580633415489842486e-01 -4.193850619689246662e-01
-2.407041857205060031e-01 -9.179727512953349267e-02 -3.724448322370220166e-01 -1.923840363788080488e-01 -5.457319646202908603e-02 6.256931998682331297e-01
-7.213837491368650656e-02 -4.241059716393694723e-01 -1.310071806848765452e-01 4.824671279168904481e-01 3.708387909000411264e-01 1.149106119638109991e-01
-3.321492770191995514e-01 4.040066789122472718e-02 4.541486093423918735e-01 3.861619891414034833e-01 -3.185960487725479351e-01 -1.417962558350692737e-01
-1.616050370282820781e-01 -3.351056495021746962e-01 -2.265992386068302611e-01 -8.875155707843418451e-02 5.079623937218881169e-01 3.062503132870855183e-01
2.433324346346628017e-02 3.804201765102604438e-01 -2.812215142509185695e-01 2.505061429736259518e-02 -9.195991582020768274e-02 6.001731384154934679e-01
1.997879399146932355e-01 1.302605793685829016e-01 -3.306465714921680288e-01 1.183338624014958207e-01 -5.037393973137990200e-01 4.383848081167612820e-01
2.254744468529654433e-01 -3.351836026892222598e-01 -1.202585158614208338e-01 -5.334572250862454901e-01 7.123197252898977316e-02 3.885136311234584361e-01
-4.263937188293519254e-02 -3.726528459607618693e-01 3.523728404384082746e-01 -1.399684158993336480e-01 4.613928211324216377e-01 -1.906694068996239166e-01
3.138539604365100932e-01 3.410912895796233135e-01 -1.386582735558777035e-01 -9.796546272222778073e-02 -3.260367189634384433e-01 4.821033416609242783e-01
1.193612310441342639e-01 3.070536747401556577e-01 4.579438676315016887e-01 6.621892172360831219e-02 -1.046894099350251794e-01 -4.518052885551079867e-01
6.866557082633037434e-02 3.062264832018821714e-01 5.689991143892355607e-01 -2.713263858754756397e-01 -6.147025394728594661e-02 -2.965669309637073425e-01
2.845139603808322093e-01 3.439542250290590630e-02 4.196673789026235668e-01 -3.456205471441502475e-01 3.603992325471011560e-03 -3.562078625208129901e-01
-1.863996354148252099e-01 -5.481214568960686151e-01 9.954939701853442180e-02 5.191294154706752595e-01 1.289756001800317353e-01 3.087582248807664298e-01
-2.721146373874965829e-01 -2.710648730846658694e-01 3.720186274787442016e-01 3.781632355714305560e-01 2.461974154943817883e-01 -1.843790834744726825e-01
-3.133455160117417648e-01 2.946678104767466166e-01 -2.723918962396190691e-01 -1.433255885273781172e-01 5.163442318426211819e-02 6.826096728268160607e-01
-5.322896563983295914e-01 -2.548782702709576631e-01 -8.661185568896483111e-02 4.959856804410367470e-02 -1.443003107309859256e-02 6.902991678664238684e-01
-2.000786383487019593e-01 -1.186466685107588487e-01 -3.165758188928713412e-01 2.837541663576681472e-01 3.992276372868320267e-01 3.889112614173430016e-01
-1.184698844041033872e-01 -5.529032398560126405e-01 -1.525521722844118411e-01 4.515057767081637752e-01 3.231199282480134993e-02 4.242067697164683127e-01
7.037766333278633324e-02 -8.708388010187774475e-02 -5.343049150874727982e-01 -2.354546572867838305e-01 -3.865783978755927275e-01 3.694481626322870804e-01
2.805110314551725881e-01 -1.137416894476478285e-01 -2.333407833024172817e-01 -4.695398094834306035e-01 -4.133359293217748753e-01 3.562921766324375072e-01
8.740878103818953970e-02 -4.604382814280272296e-01 -3.709284500904359572e-01 -1.694858692771958886e-01 -2.439805626760122026e-01 5.709585891196857776e-01
-4.350970670071368507e-01 -7.729258760895046931e-02 3.512859537097828833e-01 5.002170420745606361e-01 1.793810879578076611e-01 1.077574304855800635e-01
3.154091907803056594e-01 -5.537740391720935573e-02 -2.561623398464116241e-01 -3.085845497401564219e-01 2.138009500686227082e-01 4.774416579185680187e-01
-1.226310823952959789e-01 -2.183582788391680643e-02 6.127241799019275126e-01 -3.478430892657644602e-01 -1.071267810072788207e-01 -3.578452433114170939e-01
2.454576684990550095e-01 -5.214963329786376223e-01 3.995804353072333892e-02 -3.054732778822872863e-01 2.157832152073567711e-01 4.309746162562468896e-01
3.502462876960296678e-01 3.036401665695917518e-01 -1.519878848941915994e-01 -4.753375595800024001e-01 1.299703647989085553e-01 3.849014063659684792e-01
-1.896817927179395846e-01 2.478668204461198163e-02 5.233412246488809982e-01 3.001121619125153295e-01 -1.082179352490154622e-01 -3.382919071340347861e-01
7.547987760827772064e-02 1.468372110126671404e-01 -3.692634136366423903e-01 -5.768759965149511393e-01 -2.123526352317745003e-03 3.738667985204183752e-01
5.050103940020018722e-01 -7.367648277291630188e-02 7.287726508949392279e-02 -3.646214068435325029e-01 1.333264648034521438e-01 5.210851528523576803e-01
-1.050399939770710056e-01 4.611002740114211740e-01 1.427946072564235114e-01 -2.305355650991357530e-01 -5.184363681720957073e-01 -1.455477548334954685e-02
-2.835406741500731131e-01 2.063284732132022459e-01 3.378309888762121571e-01 -1.298958419370208894e-01 1.649144239575378590e-03 -6.288642256692664745e-01
-2.418725405010325735e-01 -1.868967707389158558e-02 -3.034563828438669453e-01 2.977560880114896724e-01 2.151079235138071699e-01 5.053326040056878021e-01
-2.974707712734487308e-01 4.026698950829571966e-01 -1.386661748611809630e-01 -1.247563263236382003e-01 -5.644893305992217947e-01 4.780836142602021277e-02
1.944932526269814096e-02 9.955913327292080853e-03 -4.481756230809437747e-01 5.455305650824565644e-02 3.870708423818151611e-01 4.773253538698330467e-01
1.428459164532018370e-02 1.691865701061025518e-01 -3.201114568366423274e-01 -1.203745352931355622e-01 -2.767730206729094866e-01 5.647540487202128423e-01
-4.044125767056231391e-01 1.836904862538028538e-01 -2.498293472656862024e-01 4.003474951739566245e-01 1.089290640292722850e-01 3.390441166086330949e-01
1.334663543207266767e-01 2.811745700815070359e-01 -3.193461791852626463e-01 -1.687699889924282326e-02 6.553726227291248319e-02 6.454840792662626114e-01
-2.828052402403985477e-01 -3.150733730716740455e-01 -7.974950457376195345e-02 4.381361247666798464e-01 3.518073088774414936e-01 1.087012960740813827e-01
-1.191446644814926348e-01 5.199490793753669404e-01 2.369458207851065645e-01 -5.251639242448984390e-01 -3.838873673164033828e-01 1.019345681697383654e-01
6.758505285520191586e-02 1.838338443653785570e-01 5.892392645280871699e-01 -3.932263656997931900e-01 -1.440659909998112387e-01 -2.354634300818034820e-01
-4.253419943582143481e-01 2.079236062239571414e-01 -6.954043843048332563e-02 1.660796151882719118e-01 -3.776936613253926156e-01 4.847815760245414163e-01
-3.152255937350114667e-01 -7.884070829316976170e-02 3.949439597468784036e-01 3.307831617050486228e-01 2.107808930750511012e-01 -3.113081311637908022e-01
2.059615264322922287e-02 -7.144047487342182479e-02 -4.660100669441365473e-01 3.876253717937535037e-01 -1.525043312069468415e-01 4.606604265356623595e-01
-1.768723644749062573e-01 2.213174087884280106e-01 5.553920532176263025e-01 -1.770634787710206326e-01 2.219164528311511619e-01 -4.446077490931344967e-01
-8.218011322743908054e-02 -4.849950669850759954e-01 8.028353897692722119e-02 3.950025977894398577e-01 3.901274320811690677e-01 -7.361337824206282132e-05
1.341415835464548900e-01 -1.456010374067375213e-01 -4.592323136788238336e-01 -1.306114727572785239e-01 4.825436829585860177e-01 2.724370306666951680e-01
-4.276244121565838663e-01 7.929353020352178372e-02 -2.164443958081134767e-01 5.326829742625553976e-01 2.624023265430072138e-01 -6.014140635652698297e-03
4.294625919920216361e-01 1.715055501279322270e-01 1.744652008513975991e-02 -3.717825039825964906e-01 -2.248358749498310938e-01 4.656872711820839172e-01
3.095318067438432297e-01 -3.135018246651641860e-01 -2.056359191580407197e-01 -5.628409891775603135e-01 1.473513051354329306e-01 -4.260188072045797969e-02
4.057490695214513443e-01 -2.831720756892563973e-01 -1.945322175118479879e-01 -5.007728367191977004e-01 -2.287750088028117079e-01 2.241072366966289364e-01
5.653536024965218898e-01 2.357514651773424397e-01 2.494256625040947375e-02 -9.730447572323619454e-02 -4.558770165111744044e-01 3.122304265705662663e-01
-4.329170822581931422e-01 -2.217744518303906565e-01 7.695389125798932084e-02 5.519667058804930138e-01 -7.927824571520750152e-02 -2.152836655716626468e-02
-6.386548502622785978e-03 -1.435758774302418883e-01 -3.396032493673290520e-01 2.758455694156228266e-01 1.270715387892643322e-01 5.807743947055192812e-01
1.325832812936683473e-02 -5.362232769151934475e-01 8.806368685200811203e-03 -6.490224312598192880e-01 2.096935950040592633e-01 -6.184924630101440446e-02
-4.418817187896705023e-02 -7.248484705568038200e-02 -4.465197831008952400e-01 -5.427205587344925419e-01 1.766071207297006951e-03 4.171654954544574689e-01
-1.689039706920311412e-01 -4.215590433047294860e-01 2.713263756179012387e-01 2.740545022269150199e-02 3.728691579452466653e-01 -3.034313510103307521e-01
1.747161120826338787e-01 -2.764091121573089005e-01 -3.909508581550916184e-01 -1.981357436034182351e-01 4.596419247651537532e-01 1.740361901538362566e-01
1.199835714628886135e-01 2.377391532647596117e-01 5.018052535215985488e-01 -4.451335285579995915e-01 -1.147281240299723171e-01 -2.441233500996997652e-01
2.620339155570070577e-01 -5.906304939256767222e-02 -3.107387800987789217e-01 -2.563237063175337616e-01 -1.922442605541728466e-01 5.339908457804716235e-01
3.083518189148708455e-01 3.211553993068875790e-01 3.647889299107737182e-01 -1.710745870045959904e-02 -3.203586546811180713e-01 -3.298591659982134106e-01
-2.016641830246857781e-01 2.142040222057145227e-01 4.308995643579917600e-01 2.496635197657619820e-01 -2.615396856500061817e-01 -3.240648249542379955e-01
-5.616258738843236120e-01 -1.490515154147375454e-01 8.227133127054736539e-02 3.950311091462131996e-01 -2.494005821605612683e-01 3.556528990876800522e-01
2.987218861189195884e-01 9.739435282482429221e-03 5.672763043511412917e-01 2.013515524855494787e-01 -1.491308774831315853e-01 -4.152099509470599248e-01
3.929727259186637234e-01 5.625865452833429814e-02 4.371921934188843784e-01 2.544631412093151246e-02 2.832153448200112542e-02 -4.924011875572285035e-01
-3.198007398695644210e-01 -5.002670301912314210e-01 1.950494443954259860e-01 6.240719364478324316e-01 -1.726291396863099958e-01 1.531235143888113326e-01
2.621673935922972931e-01 3.852136956244994193e-01 -2.001319686398919662e-01 -2.884753697103978332e-01 7.401874127968860462e-02 5.744325849079081614e-01
-5.199766142607192831e-01 2.373959626526190858e-01 2.225321368726858040e-01 4.762050128297048435e-01 1.524113445177683324e-01 2.425266493185745942e-01
3.317013629195472157e-01 -2.965426185136367798e-01 1.177484638094029867e-01 -4.379203687009800561e-01 3.412535355379647251e-01 8.777420661415444303e-02
1.086143201943586684e-01 -2.698605131277776459e-01 -2.550010362660032337e-01 1.111875453109700818e-02 2.306195301877815296e-01 6.052398258876476866e-01
4.427536023398937481e-01 2.415511542042676763e-01 1.432004758138635814e-01 -1.417543005414867996e-01 -2.322773913088755082e-01 -5.154625798725092078e-01
1.290637460756745569e-01 -7.875155314589052380e-02 5.008735610503195490e-01 -2.950488305923567589e-01 2.545464998594389183e-02 -3.987205638420400211e-01
5.050348876883793414e-01 -3.982141901311461729e-02 2.471922710406728452e-01 -3.602064913670164348e-01 -4.985765710184070221e-01 4.495215019686535363e-02
4.136816270495266012e-01 1.546312500750917918e-01 -6.415672164353476703e-02 -5.409386441674868262e-01 3.468699287935659292e-01 1.633172948641333222e-01
3.138174904093628537e-01 -1.103205453547270731e-01 4.479313207066274449e-01 -2.130935587093961137e-01 9.545016915052451090e-02 -3.767038467271699442e-01
-1.655134581165136898e-01 -5.182887320995424041e-01 -3.873346865341377454e-02 -2.770206378302072503e-01 3.274779535557433841e-01 4.830374219757693766e-01
-4.703575043022945046e-01 2.455627129680314491e-01 3.034916171717558231e-01 1.183220173351597904e-01 -2.553701086220453442e-01 -3.309551726053714948e-01
-7.115196599464744531e-02 2.154631014932151811e-01 -4.243000356940069828e-01 -4.611005576978077780e-02 3.246075180514378378e-01 5.694103844317230934e-01
-5.614892121849397733e-02 6.483107183536969409e-02 6.107103550932183600e-01 2.244773863092381361e-01 1.090321542018760637e-01 -3.480884454071682121e-01
4.254443702707700892e-01 -9.183991217746403923e-02 9.806978300081102551e-02 -4.744505784933904513e-01 3.027838385369006069e-01 2.837070006078301065e-01
-9.062197274694476501e-02 -4.291123696532622017e-02 -4.770637570964237906e-01 -1.122036117481301776e-01 -3.686598043441103867e-01 4.681463273338536402e-01
4.945026999025806114e-02 2.457244433448962095e-01 5.237383580249344028e-01 -3.580678287425695938e-01 -3.288026281056614097e-01 -1.860839037953239128e-01
-5.569708733472855666e-01 4.111825013853984828e-02 3.044057929226058890e-01 1.255416094580374953e-01 -6.619228887985857401e-01 1.046312505582126517e-01
-2.760972437370141641e-01 1.706204461680748130e-01 6.125428774074931360e-01 -2.787825298150430342e-01 4.299019019624250038e-01 -3.532551946136937016e-01
6.178188850861397741e-02 -3.654437197561316575e-01 2.415314629521959910e-01 -3.727175440264120510e-01 4.547866402630358351e-01 -1.305335846262712651e-01
-1.314099951854515447e-01 2.573800877273065835e-01 -2.999850176991292194e-01 1.982494695618569613e-02 -2.767862531930723735e-01 5.317567165568530818e-01
1.925647101856328702e-01 7.443941642808286907e-02 4.400614208114955184e-01 -3.629550526239733732e-01 -4.816214270006879405e-01 -1.781570935774239861e-01
-9.049991369270220243e-02 -1.466700864782393421e-01 5.932016988165913496e-01 1.316319466883384415e-01 3.660082955696981610e-01 -2.361464266315626004e-01
