2.933286323853695476e-01 -4.640264868731152487e-02 -3.351785093090231538e-01 -3.118026170311698486e-01 -2.521778611550770655e-01 4.338941354479100010e-01
2.282520445012808374e-01 -3.014518179570931378e-01 4.119182220337543887e-01 -1.865555548102453276e-01 5.716028482786533749e-02 -4.243425120017249030e-01
-7.179288074844107637e-02 -5.947336444688891000e-01 -1.672761685365085349e-01 1.709188163588976628e-01 2.492075810202568631e-01 3.111109550434997262e-01
2.733050678608172634e-01 -3.741584954102135097e-01 -3.758510504552460829e-01 -2.783113262689743128e-01 1.240029590130086734e-01 2.931441057710051923e-01
4.029005464537411263e-01 -1.961474781099073195e-01 3.310990073807139056e-01 -3.487570738226877798e-01 -2.120084116809206609e-02 -3.048290515246346311e-01
1.137522958125205125e-01 -5.451905968213159870e-01 -2.605468269531603376e-01 3.746857688956381494e-02 2.374480894446653334e-01 3.572375051459486528e-01
-3.125357470823892925e-01 -3.697860239068216925e-01 -1.689643472933181068e-01 3.826712749999504615e-01 2.026851288457022227e-01 2.657355212523274668e-01
4.082448506595112159e-01 -3.712589031336765988e-01 -1.046433184966438223e-01 -3.857369598937087085e-01 2.135627301791362953e-01 6.141854262735019221e-02
-5.220095918137668961e-02 4.104558073431948118e-01 -2.261006983981357979e-02 2.617001314208901031e-01 -5.346546667084766113e-01 6.812193750341982712e-02
4.394250887458696075e-01 8.443394697109370128e-02 9.177903326552482033e-02 -4.539085304952232836e-01 -3.058564476704382362e-01 -1.309954100267147759e-01
-9.465548107877172490e-02 2.800602429735346566e-01 1.920211174565854551e-01 1.532044310044111679e-01 -6.313581332246283040e-01 -1.364328481313197838e-01
2.036488793937382968e-01 -1.946779820025924534e-01 -4.220598110935556702e-01 -3.342956156656098354e-01 -1.189222971491837172e-01 4.175096002404530826e-01
-1.109774782768815221e-02 -2.085030235550603891e-02 -4.430420925332202442e-01 -3.097576688788381341e-02 -1.898262633716490677e-01 5.423776093993691871e-01
4.729729063523913646e-01 -3.270774578105810626e-01 1.633477606414304173e-01 -4.404498656177368576e-01 -8.611093108829723231e-02 -1.646674412102608343e-01
-4.129031104903048699e-01 -7.881929980987066597e-02 -8.600445966747373439e-02 5.352560014581573267e-01 -2.385270263205733210e-01 1.887458643030108796e-01
-3.954867840227981046e-02 -3.287427893438641391e-01 4.025246047434054564e-01 9.706005153056022905e-02 3.152080061029766123e-02 -5.202690887003003084e-01
2.858962420025727980e-01 1.312481042560010303e-01 2.850240159937238449e-01 -2.792590226492054351e-01 -4.700595533143461791e-01 -2.798021765501778058e-01
-4.328288484072387865e-01 -3.267458836908583297e-01 -2.059957475325157883e-01 4.308891020013494444e-01 -1.114181790265102445e-01 2.496634252556229894e-01
4.113383992657886346e-01 -6.641435313351516830e-03 1.314826444937185757e-01 -5.337949785443478756e-01 -2.590297659053702461e-01 -7.593728880627945155e-02
2.312468393860428462e-02 -4.073659054562432380e-01 4.542664986050672371e-01 1.143025918932955992e-01 6.196895290898335462e-02 -4.240337802428325031e-01
-2.072372321606669177e-01 1.804719132549708893e-01 3.454173010497968987e-01 3.553043624979318471e-01 -4.205234522579817114e-01 -2.223427934539584094e-01
1.598434190770700938e-02 2.077284926726063741e-01 3.821054872037555894e-01 -1.035885738241420009e-02 -4.464408696384625230e-01 -3.737837118622784338e-01
9.685284124979597065e-02 -5.408476124693027964e-01 2.684274482577042511e-03 -2.784007725808808620e-01 3.858487580899431224e-01 -1.777451578806309163e-02
6.449790281341201414e-02 -6.790891245146193911e-02 -4.555796870700662970e-01 8.513660223394836635e-03 -2.928360736910279871e-01 5.171862337548422950e-01
2.268806886708476522e-01 -1.677861907848535450e-01 4.325905564852245422e-01 -2.237114018288263728e-01 -4.442502780709409183e-02 -4.515750340281748376e-01
-3.532532876993004223e-01 -2.897516369612221365e-01 2.183858268791824542e-01 5.243235933260421699e-01 -8.384763386350357894e-03 -1.698042043484803698e-01
-4.414994387607055204e-01 -6.277706218839028407e-02 -1.941971624457745349e-01 4.999774689608448286e-01 -8.700075125861084224e-02 1.420087939483629935e-01
3.546787375073399140e-01 -5.127602125723073057e-01 9.713700898490472413e-02 -2.285245441961849533e-01 2.305089878465383935e-01 -2.306202608337353244e-01
3.153778575856129862e-01 -4.427363480301932941e-01 2.107652193376217675e-01 -3.896877713284444544e-01 1.787090933182574060e-01 -1.308310662851203676e-01
-3.491434938073773586e-01 -4.112500192726358805e-01 -9.246760742471499261e-02 4.569083195869276248e-01 8.894546422916776995e-02 2.238944516281200503e-01
4.393297517418184306e-01 -4.360809066551107338e-01 7.516600519336787134e-02 -2.393243238057878308e-01 2.966983479205517749e-01 2.553527070192158910e-02
3.472452547470111228e-01 2.442202960115000543e-01 -1.373837369651885291e-02 -2.179631622125008383e-01 -5.801548719818353517e-01 -4.447967806185972039e-02
-1.185060126556661958e-01 1.515553774811602139e-01 -3.824277361953361543e-01 1.970066635193024052e-01 -4.053790222665256682e-01 3.858663647520773066e-01
-2.156257583456635540e-01 -3.167520571407842489e-01 4.389259848958022014e-01 1.251684194241283188e-01 6.583754802491736946e-03 -4.438612381161724518e-01
2.012627574321795842e-01 -6.025662976183483038e-02 -4.056846144641517160e-01 -1.684612815295402632e-01 -1.381016714095977538e-01 5.201902607240082022e-01
2.929658867080054963e-01 -5.448594661985579624e-01 2.051495114336641945e-01 -3.090786846008304334e-01 1.414803097841859092e-01 -2.028701523835554632e-01
2.747469834717314319e-01 -2.976123609408146131e-01 -4.069526725357758834e-01 -2.034421500493687751e-01 8.866146933703894506e-02 3.817980362593512145e-01
1.982433072264953577e-01 2.740577450642809332e-01 4.608899458936180360e-02 -6.946658800926164279e-02 -6.890007477790119905e-01 1.693849964905214459e-02
-1.808188444281385587e-01 -3.231099658934082353e-01 -4.161052616207508437e-01 2.934788518072114494e-01 5.421473890850109223e-02 3.792988887908444462e-01
8.883499981448985880e-03 -3.299666411585781556e-01 -3.943323523766288918e-01 5.942724028961303764e-03 1.490139900715785060e-01 4.834881912102467760e-01
3.948173163203373970e-01 1.944530440359475421e-01 6.964668129966876398e-02 -3.069802329028878396e-01 -5.014466910348801543e-01 -8.268111863398201755e-02
-4.129913697976067555e-01 -1.378059943251769559e-01 2.269316155545579028e-01 5.129423505641723668e-01 -6.148152572063238230e-02 -1.429620461770651774e-01
-2.763692586924356154e-01 2.767413073179844640e-01 4.470834479708426373e-02 1.678395954275525570e-01 -6.191801803019836292e-01 4.649214473838104295e-02
3.147148756791507407e-01 -5.211900381877603294e-01 -1.128734066748571518e-01 -3.921686573173742141e-01 1.250880100823951180e-01 1.745989486960018156e-01
4.686355784296672988e-01 6.967147232365657195e-02 3.296417574724120891e-01 -3.055548663229832318e-01 -1.463212802655495803e-01 -2.653173050542724232e-01
4.192522969685379824e-02 5.152013084003641274e-02 -3.885379489263347530e-01 -4.589551244638799543e-03 -3.330593455972945538e-01 5.333812457198953139e-01
8.234041187415307161e-02 -5.684541454250618964e-01 7.383487542897891609e-02 -1.121129303073576805e-01 4.116789470775972237e-01 1.129119620094063831e-01
3.568075631875690656e-01 3.452891783147335469e-02 3.690895117942167292e-01 -3.014900532869446148e-01 -3.180195017960925075e-01 -2.960073683383544485e-01
4.560125210842197463e-01 8.256808604963679354e-02 -2.084168123758243785e-01 -3.613703742958566112e-01 -3.733663926179149883e-01 1.437322377467491474e-01
5.100436103483921846e-01 -9.631252134744330839e-02 -3.939656824084933340e-02 -4.610632810877084431e-01 -3.242165523074306832e-01 3.139296543117456317e-02
-3.716135450263380324e-01 -2.698556010044255715e-01 -2.564530299142818159e-01 3.493445042320630911e-01 1.441680154052759066e-01 2.992482713839544339e-01
-2.401140685536304886e-01 -4.723178379915889957e-01 1.391376300996044757e-01 4.324338495119183223e-01 2.038722245328412619e-01 -1.616052787925305878e-01
-1.212782392660777114e-01 2.999529931413710271e-01 -1.680479429775610101e-01 6.507362140750942714e-02 -6.251475723785223648e-01 1.628023671299941577e-01
2.317981603669846125e-01 -1.152985135077911755e-01 -4.451012631479539516e-01 -2.160894554353118557e-01 -1.529503111015357852e-01 4.481954544934432239e-01
-2.561061637075275760e-02 -1.241051203115005053e-01 5.132438987503435968e-01 1.215798249736124159e-01 -5.650415307381859154e-02 -4.735514615981841757e-01
2.812550675967680491e-01 -1.510490071206718465e-01 -3.495277829923124080e-01 -2.579634494694908464e-01 -2.667275506925769202e-01 4.846555694008814474e-01
2.437725846727185341e-01 2.818980997045515413e-01 1.534474638436877231e-02 -1.850617543238104734e-01 -6.212421651471431439e-01 -5.602131689009342413e-03
-2.508578251533338799e-01 -1.135465918762210979e-01 -3.261428184442636269e-01 3.905940474785800642e-01 -2.216028418848281500e-01 4.333723834648807172e-01
3.079014829509645577e-03 -8.888178545969485644e-02 -4.419637355917783172e-01 2.669228417270035347e-01 -2.548131249871896098e-01 5.082221544164329252e-01
-3.028113989330535882e-01 -3.122848471721836883e-01 -4.067618930027127599e-01 2.332185853087773153e-01 -8.156129640135470482e-02 4.052962940217166854e-01
-4.296600294152069233e-01 -1.976459847314198937e-01 1.302193005372567214e-01 5.358484548805277914e-01 -2.079615016475563072e-01 -1.299478704580590560e-01
-4.935412843181032072e-02 -2.464244652473924699e-02 -3.954257794093845590e-01 1.641808721202538957e-01 -4.060800771367545359e-01 5.039674257530304402e-01
-1.360203218097639777e-01 1.919169943309767812e-01 3.026005188978688198e-01 1.707459385509662586e-01 -4.860028683307633379e-01 -3.654706758957550483e-01
9.662600525644580302e-03 -1.992511609684181062e-01 -4.641219683235058846e-01 1.343111696749019479e-01 -2.506919543850201215e-01 5.267446114851550565e-01
-3.937806156613861130e-01 1.633486717295353774e-01 -4.872860135051990116e-02 3.872503211570880177e-01 -4.610397122543727910e-01 -3.733466970159637910e-02
-4.246524845115463020e-01 3.614884695061108821e-02 3.921513675737538229e-02 4.893876374511786920e-01 -3.662643684833215008e-01 9.014901042206110993e-02
1.076318382646566929e-01 -4.142019493884973591e-01 4.242899205708930421e-01 -2.039625295681288253e-02 8.011398816193060490e-02 -4.355127089562726428e-01
2.667895197463631685e-01 2.861113226505855311e-01 -1.111241683500381605e-01 -2.208841175786206423e-01 -5.178213518588590247e-01 2.292677797249882132e-01
4.237159288239161770e-01 -3.134316865766656468e-01 3.573837116460084062e-01 -3.531283336579349452e-01 3.655632481273657364e-02 -1.660868068483195015e-01
-3.432715170576882691e-01 -3.400306137716798682e-01 -1.894739527906576793e-01 5.104855774280785408e-01 -2.165151841101031760e-02 2.225133956225470444e-01
2.782185168270644160e-02 2.411270499389495114e-01 -9.677983328064981849e-02 1.970529021456120522e-01 -7.228830983729677140e-01 1.082696376059062160e-01
-1.970721304686111064e-01 -4.824760255384834551e-01 -1.934709540710869147e-01 3.102145091517338193e-01 2.897294931614937674e-01 1.890978660802651035e-01
-3.741491752439474738e-01 -4.493119345212912563e-01 1.588125704880303524e-01 4.766722597702866548e-01 2.888517506195686924e-02 -5.897266800748046656e-02
4.322961394875678987e-01 -9.438482101497160104e-02 -2.099093498739419417e-01 -4.481258675789112078e-01 -3.385610492946302535e-02 2.604026359419338577e-01
2.690284429468042804e-01 -4.526120317033529572e-01 2.696351292638784480e-01 -2.159352483250306376e-01 2.211605797916298410e-01 -2.878957543176748901e-01
-2.789725776801553203e-01 2.517625698211672369e-01 -8.655843424317447021e-02 2.103317308601923008e-01 -5.783384531617692392e-01 1.808618067381968231e-01
9.684527772946351087e-02 -3.347020224484064527e-02 4.608189952706603365e-01 8.337316507680855859e-02 -1.591080679941965503e-01 -5.311656965823041698e-01
9.139642581151390111e-02 -1.175719604567357635e-01 5.038948252754050783e-01 -1.691605848198853290e-01 -1.250654638692595688e-01 -4.615345567186563969e-01
3.239063448172482818e-02 -8.877400901463672334e-02 4.982939616940071370e-01 1.625033642473350595e-02 -1.374594172721385621e-03 -4.977486242750477907e-01
1.159573770826295702e-01 -4.344742546258982263e-01 -3.120570159079246730e-01 -5.990287007134523223e-02 1.843262365579691475e-01 4.535532802490348514e-01
-8.665384026882237689e-02 -5.771961037377097981e-01 -9.154743315264865511e-02 6.027944588758142597e-02 4.030079449675434411e-01 4.115762447934173673e-02
-2.167995410617346574e-01 -4.830589995180888108e-02 3.881985350749305175e-01 3.778039616329711969e-01 -2.145706052768003302e-01 -3.984416128620920095e-01
1.939632467224385037e-01 -3.220834850704067387e-01 -4.152230133717906835e-01 -1.858304399390330597e-01 -2.102423579813927912e-02 4.594884156147674981e-01
4.536955698725511077e-01 -1.472247146578266053e-01 3.021118804718778139e-01 -4.210807841373765958e-01 -1.433849453096629756e-01 -1.823998187020952622e-01
-3.988097449991888643e-01 3.237396787798687420e-02 1.910858039633024641e-01 3.587811174753405830e-01 -5.392101464270345756e-01 -1.241088745597382081e-01
6.128548581490781549e-02 -4.806461393054309861e-01 -3.264041505291535028e-01 -4.444733559596601019e-02 2.255839501502269195e-01 3.736384419064422424e-01
-2.048506697987789449e-01 -3.422354532673642369e-02 -3.509296940783694363e-01 3.054656049887644054e-01 -1.950442317897846944e-01 4.938862660528999249e-01
4.975396023351214558e-01 -5.392102737800368029e-02 1.441069469014010507e-01 -4.254315408781552121e-01 -1.875247321356323105e-01 -2.168283920038017454e-01
9.287530409001638898e-02 2.831152381728279099e-01 1.110048720577584414e-01 -2.250335348611375297e-01 -6.406515281649486360e-01 -1.025107749720956807e-01
-2.641076112146581445e-01 1.705869693016273947e-01 -4.769921783804541987e-02 4.522905173239514798e-01 -5.042436927036799688e-01 1.294371675937924238e-01
-1.636861505539347339e-01 -3.230449483413792844e-02 -3.615531996203430465e-01 3.265557923516838601e-01 -3.176041607397787625e-01 4.620164319532440445e-01
2.331062585580616006e-02 -3.657719537627116546e-01 3.753917719426583255e-01 -5.251284053047713951e-02 2.316333644592118990e-01 -4.229550748008673033e-01
1.617277291766848757e-01 -1.479552340815347700e-01 5.073790212549174061e-01 -2.192357237958760252e-01 -9.018721939189468240e-02 -4.154046500234819250e-01
-3.812589964612566468e-02 2.473374365825636856e-01 -2.402576171493618906e-01 1.067008953625982193e-01 -5.705322840658999528e-01 3.166214716068105339e-01
2.857552871601076183e-01 -1.335645542642819456e-02 3.496483667417795704e-01 -2.676671233347187040e-01 -3.961973584354278599e-01 -3.900518958952899906e-01
-3.398459536595088704e-01 2.670914812052990750e-01 2.421691801063192984e-01 3.814496894059914434e-01 -2.714219022746681698e-01 -1.934177011328705176e-01
-1.311580906267414103e-02 -1.526358356851791886e-01 -4.823345873795553684e-01 1.569879842386949220e-01 -2.806734626892638529e-01 4.947381149183074367e-01
4.604215882425588546e-01 -2.104897587739871234e-01 2.578569214519043085e-01 -3.826519448056390216e-01 -8.197516385544661999e-02 -2.643604822858038883e-01
-3.451998735725703843e-02 -5.068397026830864238e-01 2.038847257284826242e-01 1.303242508047424697e-01 3.572270945916591334e-01 -2.717358657014444789e-01
5.513541164625526680e-02 1.365420526132857804e-01 -3.766311684121708692e-01 -8.428607563735962538e-02 -3.639916807534241405e-01 4.777853755788780687e-01
-3.338315208754934482e-01 -1.765868994639108180e-01 2.756333219461428174e-01 4.684048671210144232e-01 -1.862323827573892643e-01 -3.212952687800441631e-01
-3.841692907555333547e-01 -2.187087533486418989e-01 1.861760909414654774e-01 4.774010452255393333e-01 -1.013657484376073725e-02 -2.766351043760089112e-01
7.021255531688731788e-02 -1.629033156442729890e-01 5.010793521911952597e-01 1.690142853508581067e-01 -1.365205781249961559e-01 -4.936779897285732410e-01
-4.105573449764753358e-01 8.463693593832443286e-04 -5.189974234071569742e-02 5.714949931526730476e-01 -1.649884887902996200e-01 3.794459525240882064e-02
-4.659812333860294253e-02 -4.881241618292550544e-02 5.491812008428843539e-01 1.353215458275668914e-01 -3.668073415828746464e-01 -3.812941945278648381e-01
-2.207416916313697727e-02 -4.958421746240361250e-01 1.059273095875759713e-01 -8.186467955390745732e-02 4.460020334842258460e-01 -2.247607345267100820e-01
7.652261150854577920e-02 2.948202316888012819e-01 -1.375593092963482422e-01 -1.168096270165414896e-01 -6.268249187434844494e-01 1.988821599542900387e-01
-4.965415123367965082e-03 -5.341206515312453273e-01 2.826245782035124443e-01 -4.097713024183785406e-03 2.604693832344001647e-01 -3.245211405034527652e-01
-1.316991116365711090e-01 -5.094134269004211291e-01 -1.824403831988494207e-01 2.243096738147717373e-01 3.614263989154892220e-01 1.565223617368951547e-01
8.556111053593555560e-02 -9.906482841857887356e-02 -4.688644779545387831e-01 7.545761423560622128e-02 -2.356296332820971839e-01 5.217151369351975543e-01
-2.776769253915286617e-01 -4.578899717440867989e-01 1.574443218375762635e-02 3.591504104751582771e-01 3.075610654657244258e-01 1.081330349838984933e-01
4.134308682395381740e-01 1.626297539658671243e-01 1.507798497447714881e-01 -1.995717061390204772e-01 -5.777989409403345711e-01 -1.248887766252935183e-01
-1.878008328535701599e-01 -4.182921159432814728e-01 3.729431142971417756e-01 2.042948876036754513e-01 1.410948285849283335e-01 -3.573631175607734356e-01
-2.474373971835186758e-01 2.143034614778833447e-01 2.890518362914750727e-01 1.752129685848066443e-01 -5.665803016293700090e-01 -1.709342687501401170e-01
-5.719853390742640070e-03 1.626980952895989707e-01 -3.657629102961116319e-01 5.871076988913342953e-02 -3.400668625657929933e-01 4.962557043152160396e-01
1.689902189732488402e-01 1.228306578562197993e-01 3.565348967354953769e-01 -2.109245238271790779e-01 -4.568384934751655857e-01 -3.643315702316095028e-01
2.395238381134257022e-01 -5.948621517248580126e-01 -6.044110553070448227e-02 -6.333960703733365616e-02 3.574346894781651462e-01 -2.296498211649673077e-02
2.164220723310214256e-01 -4.120156051087863758e-01 -2.954309477120761751e-01 -1.547660759914473994e-01 1.543659333834073721e-01 4.403892146918583772e-01
1.809017738871147585e-01 -4.859446875405637467e-01 -2.344487674125147192e-01 -5.470150754774372182e-02 2.991703029037927619e-01 3.383387547601359735e-01
-2.551191371962702181e-01 3.179620429156441302e-02 3.218888020327501098e-01 3.510851916838877429e-01 -3.354252664998456090e-01 -3.835647421760453590e-01
7.845927178123840440e-02 1.231304231311495107e-01 4.268417213093785856e-01 4.101510056346166500e-03 -1.688527928718668303e-01 -5.266868439910008526e-01
-1.224467978483373687e-01 -2.624567171789019548e-01 -4.425198402836529876e-01 2.541112135188277055e-01 1.755073002212470534e-02 4.405429511344716165e-01
1.452882265578721854e-01 1.072511620326869197e-01 -3.978488476494237425e-01 -1.006815186443712762e-01 -2.724156172457827818e-01 4.939762591722317575e-01
1.328314331651755942e-01 -5.260549657180489946e-01 -1.592537444307209338e-01 -2.304421722846117793e-01 3.462732398818377799e-01 1.679706270613696151e-01
-7.771215589240714101e-03 8.273464831861195024e-02 4.751574180305957462e-01 -2.023319828596516906e-02 -2.914088757280474118e-01 -4.521296585542197155e-01
4.981935476985256961e-01 -1.555233144034097181e-01 -1.677283703961592043e-02 -4.967739660577847327e-01 -2.370629913688692691e-01 4.145883518396799305e-02
-1.042918077858342035e-01 -4.735529396064971364e-01 2.694880948764155626e-01 2.541919985863878018e-01 3.075978281429950778e-01 -2.416800170136573778e-01
-5.370092940346720550e-02 -2.023786083450395956e-01 -4.585121570768082577e-01 5.952125487994529979e-02 -1.221477784447611431e-01 5.318129162802210930e-01
3.062402704395972841e-01 -4.696849994577051435e-01 4.930168883576362820e-02 -1.694188657170836443e-01 3.972416830057319270e-01 -9.964969055905428807e-02
-1.370990802705556455e-01 3.025107407170858353e-01 2.598978709269074705e-01 2.647301772569619072e-01 -5.281240576609631532e-01 -1.255616983126455755e-01
-1.905052058184455166e-01 -4.876135882153727619e-01 3.248921664315355118e-01 1.665701674246713171e-01 2.001397670511034232e-01 -3.071620243962708274e-01
4.193453149873039854e-01 -6.297743432368281546e-02 3.577910040598237251e-01 -2.807831962944772330e-01 -1.566455895830192735e-01 -3.500552676550661713e-01
4.872409143671411202e-01 1.088704682451523999e-02 6.599028774149309383e-04 -4.147418973105293505e-01 -4.208780179815211353e-01 -1.776539422982301251e-03
1.021207527857899075e-02 2.701057279840362590e-01 2.168215802759965449e-01 -5.423022761689115512e-02 -6.052201605373999094e-01 -2.623983885083676082e-01
-7.069762654149981673e-02 -6.103218418284724889e-01 -3.045704252830749512e-02 -6.622038731931266520e-02 3.746804035713793279e-01 1.420263795336323687e-01
1.987659350750672071e-01 -3.293427751397404180e-01 -3.451437566611688657e-01 -1.491133073869740089e-01 7.081327785560020960e-02 5.027095124339184817e-01
1.938128526664580076e-01 -9.800936278765258469e-02 4.843857145395358832e-01 -1.595952080768202885e-01 -2.384105599373100293e-01 -4.404873829395822837e-01
-2.028186177173108840e-01 -2.490290757813635458e-01 -4.151418942428586889e-01 2.720475430797214544e-01 3.973466099229358561e-02 4.161929562562654561e-01
3.195912485287437099e-01 -4.551741167771897190e-01 -2.240451742793477252e-01 -2.453897823248210597e-01 2.729067197558083246e-01 1.641490171365632689e-01
-3.885433644921924556e-01 -2.161910399062885457e-01 1.597094575798490290e-01 5.467489119592729985e-01 6.415282348991743766e-02 -5.624349068973391597e-02
5.614283883453004276e-02 2.094668228345097361e-01 -3.464113740195678970e-01 7.968531439824640128e-02 -4.496302868711533063e-01 4.052778914498632590e-01
1.747484375595298456e-02 -1.791782388671479542e-01 4.975524626706567255e-01 2.159756016505305631e-01 -2.780626712886991037e-02 -4.707883736505966144e-01
-9.491062594336475977e-02 2.852503517528340859e-01 2.568753405249076249e-01 2.784714547677327734e-01 -4.575074280876296751e-01 -2.989094220318906925e-01
3.051953295341065520e-01 -1.013972269017851396e-01 3.990368983994232455e-01 -1.702968941140098336e-01 -1.750538404828825279e-01 -4.775940664460666119e-01
1.902583357224854332e-01 -5.896980797189873558e-01 1.469775209888599388e-01 -3.069472764641245632e-02 3.614233088857466969e-01 -6.877198173710727391e-02
-3.577060389150718556e-01 -4.087369384787693516e-01 3.332954709125016818e-02 4.346886142489881366e-01 1.972793110290086416e-01 -3.634841907837663838e-02
1.658082620991364609e-01 5.580338907721147518e-02 4.428372026974967124e-01 -1.454118008942185125e-01 -3.839237955038238836e-01 -3.996484503143800104e-01
7.402641402228800349e-02 -2.842153262635388478e-01 -4.458764420048985655e-01 4.692690025522318342e-02 2.237080323829271356e-02 5.055806308841912511e-01
2.271607934431424669e-01 2.098620759116545942e-01 2.506012290101935491e-01 -1.267917353272659253e-01 -5.210769834028290415e-01 -3.328760189999502295e-01
1.096921499633705666e-01 -5.457691576976827497e-01 2.186374283116807871e-01 1.179851421592314487e-01 3.596877181221893593e-01 -2.057198177805193706e-01
-5.584257856438868961e-01 -9.680348047095749253e-02 1.907537120827044186e-01 3.594202771174378475e-01 -2.574406319455028735e-01 -1.722260540746923252e-01
-3.512680206941483085e-01 3.214662250561393930e-02 -1.542584278618593097e-01 5.293354136229933005e-01 -2.232227811987247956e-01 2.448957517737122835e-01
3.126211792674001289e-01 2.444595852102098288e-01 -1.832691063383760921e-01 -3.243175202598936324e-01 -3.816845513192433925e-01 2.664559355864259960e-01
-1.364930132296055809e-01 -2.676273370724141509e-02 -3.993816566525359990e-01 2.909038827720025200e-01 -2.582966463935841839e-01 4.745313484940538729e-01
3.357128337571285009e-02 -2.838428102662349239e-01 4.627070343858589729e-01 2.255519228195788928e-02 1.957125242812820520e-01 -4.147354576579405649e-01
3.043133089214562492e-01 -2.612998257750155373e-01 3.578991436894568556e-01 -3.183922638540551686e-01 -5.751806225569777720e-02 -3.975548671485815699e-01
-2.720634489234972087e-01 -1.682407626423756686e-01 4.292107058189081337e-01 3.906558229815138006e-01 -1.122265763577949410e-01 -3.175593910519884377e-01
2.217898694126047843e-01 -5.657135661195832749e-02 4.381009236441312238e-01 -2.953824209274220625e-01 -2.197693990177992940e-01 -4.020771652509269600e-01
5.032513412978913969e-01 -4.666702250231712784e-02 8.304567505739074429e-02 -4.933422856597903250e-01 -9.404586079597383741e-02 1.554464995942186900e-02
1.118344457274560999e-01 -5.523497326053549150e-01 2.133029481413873663e-01 -2.258489805939016271e-01 3.230044476446518598e-01 -1.327100035045111481e-01
1.889392177224508973e-01 1.873985105338218660e-01 3.291052342598548841e-01 -7.339839043032661547e-02 -5.620527391361163083e-01 -2.787613660044199748e-01
-3.516940512776667305e-02 -4.639422489930171700e-01 3.749206232156815366e-01 1.156660213361987155e-01 1.631803444208740350e-01 -3.892560101311312026e-01
2.036956727731251138e-01 1.871325940999723492e-01 -3.480913458245837866e-01 -4.985032706233993860e-02 -4.074777545415691482e-01 4.148981424751037039e-01
-2.874698002678797160e-01 -3.089951702333349967e-02 3.108538783192602017e-01 4.236926146992403552e-01 -3.046396042710537988e-01 -3.366910113770019142e-01
1.458464854913944508e-01 -1.543736860269275812e-01 -4.577104210315263155e-01 -1.370453158567901397e-01 -2.265930179130190292e-01 4.987186651175231078e-01
-1.031014520874777990e-01 -6.030339969923804305e-02 -4.086902906511134526e-01 1.526436720945960057e-01 -3.373475424892573571e-01 5.175067587950823444e-01
6.401444437771078300e-02 1.536979222485335972e-01 4.223876951373617405e-01 4.176855649237840723e-02 -4.093374261630102762e-01 -4.037456578458503698e-01
-2.593237831719573672e-01 -2.478276866133678757e-01 -3.013945074662899293e-01 4.038760996670747172e-01 -1.293918939075736074e-02 4.092343051178873869e-01
-3.724935837415960793e-01 5.600199127469615568e-02 1.397234577733031669e-01 4.936540185664448077e-01 -3.533073132691858520e-01 -1.470765147333824296e-01
-1.406745520471088529e-01 -2.157332623716318731e-01 4.862780175525574511e-01 3.216874128725909499e-01 -4.315696600116494808e-02 -3.834569048960280724e-01
4.394319575962236657e-01 8.340910665199467722e-02 -1.736704945610424988e-01 -4.552186053111122455e-01 -2.994991936196046978e-01 5.650683680045734403e-02
2.232758589534106497e-01 9.878712633447012115e-02 4.233869836645249296e-01 -1.641346273072678275e-01 -2.458397357212862011e-01 -4.316834468175888007e-01
-2.165046923458296135e-01 1.691738613881462600e-02 4.055644117367774304e-01 2.632733492254348828e-01 -2.557930045463452928e-01 -4.283672842901750655e-01
-7.640542672557798509e-02 -1.624835620664444868e-01 -4.304864808394900377e-01 1.630920029641514946e-01 -2.990758259855225143e-02 5.313163008367443041e-01
4.587244010175930281e-02 -2.505844583004931403e-01 4.885427451556488276e-01 2.874010901935476411e-02 1.354158154774975920e-02 -4.757932535013375541e-01
2.553703278603241533e-01 -1.599430600769735367e-01 -4.341534251814800904e-01 -4.382050974356471729e-02 -1.236781481731591970e-01 5.193504808716058463e-01
5.053813406010229659e-02 -5.730161823073097738e-01 -1.717992691438772479e-01 6.768126095608192894e-02 3.646342949166513359e-01 1.753573176608474726e-01
9.038944829032311001e-02 2.841065017979211293e-01 2.890462854008268856e-01 1.196681484124481609e-02 -5.273597020885252284e-01 -2.900672531328803982e-01
-5.265458394002772019e-02 -3.989798967325031143e-01 -3.141328774719377992e-01 9.077969782915196184e-02 2.868684762036164404e-01 3.993365445457384699e-01
-1.465817846674558889e-01 -5.393902712653128040e-01 7.598981115546703247e-02 1.553309880187754566e-01 4.003487294761934878e-01 -8.444487391689266265e-02
-1.301750888130596140e-01 5.265853773719932768e-02 -3.962035541917396375e-01 1.921163067578895434e-01 -2.896038956171188561e-01 4.863975352338914537e-01
1.569873454919624434e-01 -2.221174115409110528e-01 -4.596613523485845731e-01 -2.379298990786351820e-01 -8.616163294288026187e-02 4.489399882879841486e-01
-1.097116269567702529e-01 -3.949995152236105422e-01 3.666072477739614754e-01 2.587518317382352384e-01 1.022153396208473342e-01 -4.188939092770760375e-01
-3.623932723698033986e-01 1.211370101487257850e-01 4.475224074718895523e-02 5.042936405573714698e-01 -3.740280437264876801e-01 -1.579001211410243494e-02
4.493932133976739907e-02 -1.574635488858977250e-01 -4.656044605212949494e-01 9.857432708370579555e-02 -4.955608293890767513e-02 5.271086223741341392e-01
5.073547165570874151e-01 -3.186672514300590286e-01 -5.940532127233657904e-05 -4.638975740662141245e-01 -8.708355624027305786e-02 5.505846910467217248e-02
1.279675950587975397e-01 1.720628327284146053e-02 -3.887103632044703883e-01 -7.508607759452787245e-02 -1.832028505836958421e-01 5.697286724617887099e-01
3.202973656507931421e-01 1.373481487103616339e-01 -2.522993876100979027e-01 -2.842379005033172090e-01 -4.084642884360750736e-01 3.278953171505076258e-01
8.010413551656410391e-02 -3.566172848928357286e-01 -3.630109585692319896e-01 -5.671684192240571132e-02 5.541485694285758212e-02 5.378272811980060464e-01
-3.014268906677936566e-01 -3.914198977104577093e-01 -2.598430350382264775e-01 4.196216875247779643e-01 9.081169063484006987e-02 2.376925346333721989e-01
-3.384562965236143639e-01 1.186236837685002710e-01 -2.541205929422978294e-01 4.571771640573050743e-01 -2.872035446025134053e-01 1.956256211793239164e-01
-4.361787355197839222e-01 -2.169345101158115796e-01 -1.284318591204453852e-01 5.346746296617399530e-01 -2.739639382318809213e-01 1.043585780638704164e-01
-5.478659728631206371e-02 -2.711143426947993373e-01 4.536155779599170823e-01 -2.222946252733507683e-02 7.208010913379897522e-02 -4.850843747461400235e-01
-3.694564229656936982e-01 6.193145355568017985e-02 -7.032148057051523793e-02 4.458811334997164755e-01 -4.255730567147788523e-01 2.420309189447981124e-01
2.918770985458431569e-02 -5.561754229887807544e-01 -9.789950911370036424e-02 1.852655831206576620e-01 3.790699239044859059e-01 2.198359761428774761e-01
4.946325027972539763e-03 -1.034632323480935145e-01 -4.490415423492795655e-01 -5.395631160798482727e-03 -8.034558293749055613e-02 5.506377153268602331e-01
-2.792208358743815677e-01 -2.987266305384111420e-01 2.905170432475899789e-01 4.076118549260249746e-01 9.805336149022630954e-02 -3.184382036906621138e-01
-2.973153164879596133e-01 2.394382110745633604e-02 -2.594380342233157943e-01 3.973725518085605701e-01 -3.740534537050758113e-01 3.397338400193211649e-01
5.178708786564960587e-01 -2.371705275579356897e-01 -5.378901460039308552e-02 -4.215829121098705334e-01 6.301445697546284586e-02 1.114851517880273146e-01
-1.587535438296795165e-01 -3.246464057253227176e-01 3.601017099889881612e-01 3.290115222874002709e-01 7.911182411593548069e-02 -4.138908817786943750e-01
